1.086571670015651077e+90
2.708928157774852373e+89
5.765424197069991587e+88
5.218581319062662468e+88
7.304494907652978526e+87
4.434544071230680109e+87
4.348619824389118464e+87
4.258105810781069208e+87
3.959463904174725351e+86
3.662362154779407689e+86
2.932123912425821601e+86
2.931061382049105043e+86
2.925749241204592842e+86
6.720230628562809945e+85
2.912214196373624820e+85
2.896290677088079521e+85
2.709468950527057219e+85
3.030587240556792649e+84
1.904489503407677782e+84
1.863742881340400691e+84
1.863711854742220519e+84
1.850194066188471145e+84
1.850092214452574400e+84
2.628033664212193074e+83
2.149337808508862799e+83
1.803973124855136805e+83
1.802011137297603156e+83
1.802009206876160370e+83
2.934249042733972728e+82
2.933617827583102483e+82
1.299794698654548245e+82
1.291628915735236005e+82
1.260543385588401414e+82
1.260543370814709545e+82
2.012147882191487494e+81
2.012147874167852674e+81
1.836665491560286042e+81
1.836663677239641160e+81
1.249960117325571444e+81
1.249950242847217491e+81
1.242741616664186990e+81
1.242517323693158159e+81
1.250970343220181965e+80
9.897855322205985107e+79
9.244247115470122173e+79
9.244247114856512208e+79
9.230978069055335556e+79
9.230975747887508615e+79
9.230975739867963124e+79
1.941999138815687027e+79
1.941803485550105740e+79
9.291732004303493128e+78
9.121221353346942297e+78
9.121220747328556172e+78
8.936984103550272369e+78
9.693686240501532370e+77
9.693661568422712861e+77
9.693661556450712814e+77
8.697228695559906342e+77
7.381464612592556771e+77
7.381448833464788833e+77
7.379410349232992052e+77
7.361573131478326844e+77
9.280827879620496718e+76
7.256328085000834113e+76
6.836815531244226608e+76
6.836815531211029839e+76
6.806883297586516418e+76
6.806883297456543412e+76
6.806882486033345085e+76
6.806882451870235643e+76
9.594296580345170035e+75
6.700672282739892048e+75
6.700565540531066344e+75
6.483031527486693837e+75
6.483030032936177773e+75
6.416508120203400273e+75
7.350103456549749100e+74
7.350103456549573341e+74
7.350066911766403226e+74
6.540362148593793557e+74
6.540362146464680995e+74
5.644660170505422086e+74
5.644654238334829065e+74
5.639726405192346618e+74
5.634944993979485911e+74
5.634944993978219443e+74
1.072219479558873793e+74
6.271039429968378358e+73
6.271039429749566124e+73
6.044255428054083319e+73
5.986329087522807139e+73
5.986329087522805884e+73
5.986329087496133223e+73
5.986328958505952202e+73
5.986328713331126274e+73
7.463483041918365611e+72
5.339951107566423433e+72
5.339907524577196751e+72
5.143880263625015730e+72
5.143877839541148996e+72
5.124562207732186248e+72
8.611325853793798880e+71
8.611118368768099094e+71
6.526564148645245188e+71
6.526564148645196148e+71
6.526564148645196148e+71
5.869013052259969729e+71
5.869013051805063263e+71
5.869013051805057378e+71
5.869010546432445605e+71
5.855768803213231219e+71
5.855768803202525818e+71
5.852453906867947474e+71
9.634156313041935891e+70
5.176149052349273041e+70
5.176149051621523397e+70
5.115734470233007391e+70
5.044977238137104460e+70
5.044977238137104460e+70
5.044977238130422779e+70
5.044977002101294092e+70
5.044976955898336134e+70
8.781305527672874648e+69
6.597271897868590627e+69
6.597245909625110701e+69
5.977505309043597052e+69
5.977491768951029218e+69
5.960706901883116064e+69
5.960706901883116064e+69
5.958233423074368522e+69
7.624814035797314034e+68
5.563761698495311948e+68
5.563761698495311948e+68
5.563761698495304286e+68
5.563761698495304286e+68
5.330476116480441748e+68
5.330476116348077235e+68
5.330476116348040838e+68
5.330475567981446598e+68
5.314919018832234285e+68
5.314919018789180738e+68
5.313851788873087867e+68
1.131752557043935671e+68
6.595835388912969557e+67
6.595835385868444475e+67
6.384270536253073340e+67
6.313230009405598475e+67
6.313228480548648602e+67
6.313228480548648602e+67
6.313228480546349858e+67
6.313228480546349858e+67
7.862770247467084679e+66
7.862770243508398768e+66
6.922509027326688554e+66
6.059092013680253993e+66
6.059057385391814489e+66
6.059051568965146889e+66
6.059051568965146889e+66
6.052302710564702884e+66
6.052302710564702884e+66
6.048669189403164125e+66
6.048669189403163377e+66
1.026137034975835427e+66
7.330522843536886833e+65
7.330522843536546361e+65
7.330522843536544491e+65
7.068490642872674878e+65
7.068490642872674878e+65
7.068490642821532142e+65
7.008588367582520448e+65
7.008588033196101537e+65
7.008588033003220735e+65
1.035328359531134166e+65
1.035317612208528018e+65
7.963549549043801176e+64
7.963549530686459034e+64
7.566984711791855157e+64
7.527762155185438107e+64
7.527756744766004806e+64
7.527756744766004806e+64
7.527756744765497373e+64
7.527756744765497373e+64
1.086202182028909343e+64
1.086202181862907164e+64
9.210433086692508635e+63
8.355733154382453444e+63
8.355639303801522314e+63
8.355635402098411885e+63
8.355635402098411885e+63
8.355635402098411885e+63
8.355635402098411885e+63
8.352227528364495836e+63
8.337008210551052368e+63
8.337008210551037753e+63
2.037740047914662815e+63
1.050448059674066222e+63
1.050448059673885910e+63
1.029091780376794611e+63
1.029091780376794429e+63
1.029091780376794429e+63
1.029091780375109317e+63
1.012587560806604948e+63
1.012587560640068115e+63
1.012587560640068115e+63
1.012587545302897476e+63
1.467982833353461205e+62
1.467982817826941200e+62
1.467975196391500816e+62
1.152680273151084543e+62
1.086578045902456211e+62
1.086576439423707513e+62
1.084423642393172886e+62
1.084423642393172886e+62
1.084423642393152333e+62
2.206536583506810474e+61
2.206536583506810474e+61
2.206536583400320954e+61
2.206392470771974856e+61
1.541654645986591942e+61
1.445003100134723280e+61
1.445003100134723280e+61
1.445003100134723280e+61
1.445003100134723280e+61
1.445002843730561892e+61
1.445002843730561892e+61
1.445002843730551330e+61
1.439049659248237144e+61
1.438693048740689933e+61
3.247933943054211191e+60
1.576705339870740727e+60
1.576705339869060678e+60
1.563780655515522350e+60
1.563780654526894991e+60
1.563780654526894991e+60
1.533324169646778857e+60
1.533324169646778857e+60
1.533324169646047571e+60
1.533324169646047571e+60
1.533324164179159042e+60
1.533323922769648961e+60
3.011071182722929130e+59
2.469737457489057440e+59
2.469732717357847634e+59
2.139593662167919820e+59
2.139579945487596645e+59
2.136633821949753176e+59
3.585807513810273519e+58
3.585807513810273519e+58
3.585807513810270731e+58
3.585309038185031718e+58
3.585309038185031718e+58
3.585309038185031718e+58
2.396996994114726166e+58
2.396996994114726166e+58
2.396996994114726166e+58
2.396996994114726166e+58
2.396996994090162732e+58
2.332630040537688880e+58
2.332630040537688880e+58
2.332630040537688880e+58
2.332629936672148475e+58
2.332629936672035299e+58
2.320203732379962289e+58
2.320000001505081880e+58
2.320000001414539182e+58
7.340514483455473201e+57
3.499338753058060935e+57
3.499338746002895437e+57
3.476842343881150200e+57
3.304108061049780014e+57
3.304108061049780014e+57
3.304108061049780014e+57
3.304108061049354210e+57
3.304108061049354210e+57
3.304105592566785313e+57
3.304105587604820723e+57
4.954237149447090376e+56
4.521568115340915840e+56
4.521565645552642145e+56
3.768361170435466621e+56
3.768305437742156022e+56
3.766295672276330969e+56
3.766295672276330969e+56
3.766295672276330969e+56
3.766295672276330969e+56
8.531361336827822938e+55
8.529098707042846066e+55
8.529098707042846066e+55
5.536947591955237456e+55
5.536947591955237456e+55
5.536947591955237456e+55
5.536947591955236367e+55
5.536947591955235279e+55
5.415193790728710957e+55
5.415193790728710957e+55
5.415193790712971945e+55
5.415193790712971945e+55
5.415193790711454013e+55
5.415193681295322774e+55
5.336648694267245065e+55
5.336648693584484013e+55
5.336481138147975806e+55
8.705030046002800555e+54
7.164040804858103435e+54
7.164040739742244098e+54
6.656686454003752451e+54
6.638731766939958324e+54
6.638731766939958324e+54
6.638731766939800433e+54
6.638731766939800433e+54
6.638718713844413572e+54
6.638718711329575795e+54
6.638718711329575795e+54
1.218113587103270734e+54
1.124768911976471494e+54
1.124768911976471494e+54
9.160633982743409282e+53
9.160632001187395533e+53
9.160367875019133804e+53
9.158521094339293517e+53
9.158521094339293517e+53
9.158521094339293517e+53
9.158521094339293517e+53
9.158521094339293517e+53
9.158521094339293517e+53
9.127749469817478608e+53
2.856174392749775851e+53
1.320216195161827205e+53
1.320216195161825078e+53
1.320216195161825078e+53
1.320216195161825078e+53
1.304845455006233660e+53
1.304845455005392950e+53
1.304845455004136883e+53
1.304845455004136883e+53
1.304845447028467333e+53
1.304845447028467333e+53
1.272904582078617999e+53
1.272904581223238941e+53
1.272885947748417962e+53
2.201986606439571186e+52
1.847418440607673609e+52
1.847418383889345420e+52
1.694785296120344100e+52
1.692973156886319474e+52
1.692966349127128871e+52
1.692966349127128871e+52
1.692966349127117706e+52
1.692966349127117706e+52
4.220735999381333517e+51
4.220735999287818340e+51
4.220735999287818340e+51
3.969895174874039518e+51
2.616993119084072373e+51
2.616737963407413641e+51
2.616737760418900907e+51
2.616737760418900907e+51
2.616737760418900907e+51
2.616737760418900907e+51
2.616737760418900907e+51
2.616737760418900907e+51
2.616737760418900907e+51
2.616443167608398303e+51
2.598734314538352752e+51
2.598734314538352752e+51
2.598734314538239435e+51
8.107990153877117514e+50
3.540253458280684654e+50
3.540253458260324620e+50
3.522954330625178012e+50
3.522954330625178012e+50
3.522954330625178012e+50
3.522954330624507998e+50
3.522954330624507998e+50
3.416881955588172319e+50
3.416881947514908364e+50
3.416881942483689015e+50
3.416881942483689015e+50
7.756760737915188746e+49
7.756752051022553447e+49
6.753477704381184542e+49
6.753477096512943326e+49
5.573746070125558880e+49
5.569913447946527080e+49
5.569826218077762850e+49
5.569826218077762850e+49
5.569826218077754542e+49
1.239303722366367998e+49
1.239303722366367998e+49
1.239303722357551738e+49
7.600885531809824027e+48
7.599362743019045549e+48
7.467304888554239033e+48
7.467304888554239033e+48
7.467304888554239033e+48
7.467304736484389164e+48
7.467304736484389164e+48
7.467304736484389164e+48
7.467304736484389164e+48
7.467304736484389164e+48
7.467304736484389164e+48
7.467304736484389164e+48
7.467003535415740188e+48
7.467003535413685336e+48
7.401051141152685483e+48
7.401051141152685483e+48
3.109753615180108756e+48
1.344447556336239432e+48
1.344447556297778628e+48
1.339564811680775518e+48
1.339564811680775518e+48
1.339564811680775518e+48
1.339564801729509966e+48
1.245079194746150549e+48
1.245079194746089702e+48
1.245079194746089702e+48
1.245079194015569231e+48
1.245079194015569231e+48
1.245076748237814092e+48
2.315733984684679096e+47
2.166376458692667027e+47
2.166375835336572758e+47
2.166375835336572758e+47
1.712219393017967167e+47
1.712161070664303272e+47
1.711706846715261190e+47
5.094935619800587127e+46
5.094935619800587127e+46
5.094935619800587127e+46
5.091801742086282377e+46
5.091801742086282377e+46
3.017692149077729755e+46
3.017692149073930353e+46
3.017692149073930353e+46
3.017692149073930353e+46
2.976829580491082290e+46
2.976829580491082290e+46
2.976829580491082290e+46
2.976829580491082290e+46
2.976829580491076206e+46
2.976829554064038103e+46
2.976829554064038103e+46
2.976829554064038103e+46
2.976829554059759529e+46
2.976829554059759529e+46
2.910358747587645199e+46
2.910316655799351676e+46
2.910316654354003336e+46
1.578663306648042816e+46
4.710750869130911546e+45
4.710750869130911546e+45
4.703209737244454553e+45
4.703209592030323973e+45
4.259811756882419357e+45
4.259811756882419357e+45
4.259811756882419357e+45
4.259811756882380694e+45
4.259811756882380694e+45
4.259811756260821815e+45
4.259791500035126966e+45
9.929138980082195945e+44
9.929138980082195945e+44
9.386756992965536985e+44
9.386755713216626793e+44
7.193208058525721465e+44
7.192736406900175058e+44
7.192736406900175058e+44
7.191998835435612509e+44
2.830173427051470514e+44
2.830173427051470514e+44
2.830173427051470514e+44
2.823966393649972062e+44
2.823966393649972062e+44
2.823966393649972062e+44
1.204455176277406360e+44
1.204455176277406360e+44
1.204455176277406360e+44
1.204455176277406360e+44
1.204455176277406360e+44
1.196227130725971814e+44
1.196227130725643809e+44
1.196227130725632321e+44
1.196227130725632321e+44
1.196227130725632321e+44
1.196227127623710911e+44
1.196227127618170090e+44
1.154821181259443377e+44
1.154821181259443377e+44
1.154821181259443377e+44
1.154821178565485206e+44
1.154813931493767056e+44
2.416318397270546006e+43
2.125365437536957174e+43
2.125365227718702690e+43
2.125365227718702690e+43
1.889537635716801606e+43
1.888420333660952501e+43
1.888420333660952501e+43
1.888420333660947797e+43
1.888420333660947797e+43
1.888402092752050117e+43
1.888402092684978278e+43
1.888402092684978278e+43
5.779604264581460529e+42
5.545446607339101604e+42
5.545446607339101604e+42
5.545446282678448523e+42
3.390738900269983985e+42
3.390065231179575562e+42
3.390065231179575562e+42
3.389886055646026013e+42
3.389886055646026013e+42
3.389886055646026013e+42
3.389886055646026013e+42
3.389886055646025394e+42
3.355376313197015995e+42
1.394896417765154405e+42
1.394896417765154405e+42
5.671740899958708120e+41
5.671740899958499992e+41
5.671740899958499992e+41
5.671740899958499992e+41
5.671740899958499992e+41
5.654890999170159635e+41
5.654890999169707013e+41
5.654890999169707013e+41
5.654890999023133365e+41
5.654890999023133365e+41
5.654890995216847637e+41
5.654890995216847637e+41
5.411516950690248435e+41
5.411516908834485239e+41
5.411505341431504953e+41
5.411505341431504953e+41
1.441926061242082525e+41
1.441926061242082525e+41
1.307799496344088062e+41
1.307799132318550240e+41
1.029040904803583357e+41
1.029040904803583357e+41
1.028678449998492601e+41
1.028678449998492601e+41
1.028643653337261043e+41
1.028643653337261043e+41
1.028643653337260463e+41
1.028643653337260463e+41
3.012886558116246023e+40
3.012886558105707091e+40
3.012886558105707091e+40
2.953087120063201259e+40
1.693694208323468817e+40
1.693037685665219031e+40
1.693037669048727552e+40
1.693037669048727552e+40
1.693037669048727552e+40
1.693037669048727552e+40
1.693037669048727552e+40
1.693005184756427631e+40
1.693005184756427631e+40
1.693005184756427631e+40
1.693005184756425214e+40
1.670241135421643113e+40
8.892195685792109324e+39
8.892195685786062277e+39
8.892195685786062277e+39
3.635109861853316317e+39
3.635109861424767830e+39
3.635109861424767830e+39
3.627534366675187019e+39
3.627534366675187019e+39
3.627534366675187019e+39
3.627534366675107834e+39
3.627534366675107834e+39
3.292480763665996706e+39
3.292480692669443343e+39
3.292480691872949820e+39
3.292480691872949820e+39
3.292480691872949820e+39
7.703490312240123762e+38
7.703489025107726263e+38
7.333820301666905680e+38
7.333812942148706008e+38
7.333812942148706008e+38
7.333812942148706008e+38
5.498466806245187281e+38
5.497714441708048357e+38
5.497714441708048357e+38
5.497326174654095964e+38
5.497326174654095964e+38
5.497326174654095208e+38
2.098422739881337232e+38
2.098422739881337232e+38
2.098422739879161543e+38
1.152116684758282037e+38
1.151310872564553849e+38
1.141650606690635971e+38
1.141650606690635971e+38
1.141650602026667783e+38
1.141650602026667783e+38
1.141650602026667783e+38
1.141650602026667783e+38
1.141650602026667783e+38
1.141650602026667783e+38
1.141650602026655505e+38
1.141650602026655505e+38
1.141642491271462015e+38
1.105794476687033627e+38
1.105794476680417780e+38
1.105794476680417780e+38
7.204105193980021189e+37
2.189568982349113588e+37
2.189568982349113588e+37
2.189568981636661491e+37
2.187568819363761192e+37
2.187568819363761192e+37
2.187568819363761192e+37
2.187568819363761192e+37
2.187568617873603633e+37
1.927637066659094714e+37
1.927637066659087395e+37
1.927637066659087395e+37
1.927637066542900179e+37
1.927637066542900179e+37
1.927637066542900179e+37
5.658776138491645130e+36
5.658759021127960519e+36
5.438555169215453878e+36
5.438554773212576910e+36
5.438554773212576910e+36
3.927353696815098177e+36
3.926827999907665703e+36
3.926617275694415102e+36
3.926617275694415102e+36
3.926617275694415102e+36
1.902124618050980684e+36
1.902124618050980684e+36
1.902124618050980684e+36
1.894403065540546982e+36
1.894403065540546982e+36
7.734152763745916698e+35
7.734152763744933855e+35
7.734152763744933855e+35
7.734152763744933855e+35
7.702328308126587902e+35
7.702328308126586426e+35
7.702328308126586426e+35
7.702328308126586426e+35
7.702328299092063301e+35
7.702328299091670754e+35
7.702328299091670754e+35
7.702328299091670754e+35
7.702328298944588223e+35
7.349135855857164208e+35
7.349135855857164208e+35
7.349115108997613803e+35
5.291793095727541660e+35
5.291793068973842824e+35
1.700456484669453731e+35
1.700456484669453731e+35
1.700456484669453731e+35
1.699793724993065786e+35
1.699793249738143155e+35
1.461713437551813948e+35
1.461713437551813948e+35
1.461713437551813948e+35
1.461713437551812472e+35
1.461713437551812472e+35
1.461713437551812472e+35
1.461713437529585252e+35
1.461683133156024850e+35
5.456711343107697120e+34
5.456711343107697120e+34
5.306122979239942683e+34
5.306122818820173738e+34
3.060365252566074550e+34
3.060365252566074550e+34
3.059239536704722761e+34
3.059239536704722761e+34
3.059160586578207824e+34
3.059160586578207824e+34
1.604387233473042364e+34
1.604387233473042364e+34
1.604387233473042364e+34
1.604387233473042364e+34
1.592358061382542684e+34
1.592358061382542684e+34
6.295126363999843783e+33
6.295126363999841478e+33
6.295126363999841478e+33
6.295126363999841478e+33
6.283523015618601772e+33
6.283523015618601772e+33
6.283523015618374646e+33
6.283523015618374646e+33
6.283523015617177914e+33
6.283523015617177914e+33
6.283523015617177914e+33
6.283523013616771481e+33
6.283523012987463113e+33
5.922563710461194831e+33
5.922563710461194831e+33
5.922563579542556129e+33
5.922563579542556129e+33
5.922557845352755994e+33
1.865660578411054541e+33
1.740777601558047797e+33
1.740777601558047797e+33
1.740776278992444246e+33
1.740776278992444246e+33
1.312755675300767716e+33
1.312511801842291700e+33
1.312511801842291700e+33
1.312511801842291412e+33
1.312511801842291412e+33
1.312425619902531638e+33
1.312425619902531638e+33
1.312425619896284532e+33
1.312425619896284532e+33
1.312425619896284532e+33
4.955866540620736774e+32
4.886704427315026360e+32
2.643683060362589854e+32
2.643683047113905154e+32
2.643683047113905154e+32
2.641837818785620689e+32
2.641837818785620689e+32
2.641837818785620689e+32
2.641812762468423347e+32
2.641812762468423347e+32
2.641812762468423347e+32
2.641812762468423347e+32
2.641812762468404252e+32
2.591698141830097514e+32
1.663070109243602612e+32
1.663070109243602612e+32
6.734286646745111690e+31
6.734286646736271124e+31
6.734286646736271124e+31
6.734286646736271124e+31
6.734286646736271124e+31
6.734286646736271124e+31
6.726084780399167896e+31
6.726084780399102143e+31
6.726084777582109583e+31
6.726084777582109583e+31
6.726084777582109583e+31
6.726084777582109583e+31
6.726084776782989064e+31
5.965375069189806101e+31
5.965375069189806101e+31
5.965374716774987347e+31
5.965372781337914489e+31
1.757078747751108591e+31
1.757078747751108591e+31
1.694223896270500467e+31
1.694223896270500467e+31
1.694219477311635732e+31
1.211554270536055082e+31
1.211554270536055082e+31
1.211465860117211859e+31
1.211465860117211859e+31
1.211304537445223525e+31
1.211304537445223525e+31
1.211304537445223525e+31
1.211304537445223525e+31
5.752355953001631592e+30
5.752355952998613054e+30
5.752355952998613054e+30
5.752355952998613054e+30
5.694609493325086303e+30
2.982141980255955930e+30
2.978494005641888595e+30
2.978494005641888595e+30
2.978493999778839702e+30
2.978493999778839702e+30
2.978493999778839702e+30
2.978493999778839702e+30
2.978493999778839702e+30
2.978483403541375187e+30
2.978483403541375187e+30
2.978483403541220376e+30
2.978483403541220376e+30
2.856747518291434618e+30
2.856747518229290572e+30
2.135148148278132061e+30
2.135148148278132061e+30
6.970453137341459518e+29
6.970453137341459518e+29
6.970453129313970511e+29
6.970453129313970511e+29
6.966710993566065634e+29
6.966710993566065634e+29
6.966710993566065634e+29
6.966710993566065634e+29
6.966710993566051560e+29
6.966710993566051560e+29
5.975792741993603419e+29
5.975791494557954736e+29
5.975791494399328809e+29
5.975791494399328809e+29
5.975791494399328809e+29
2.177801105106834602e+29
2.177801015174435699e+29
2.117691833429215266e+29
2.117676663120010403e+29
2.117676663120010403e+29
2.117676663120010403e+29
1.452356522142558093e+29
1.452314251976802869e+29
1.451953892047233727e+29
1.451953892047233727e+29
1.451953892047233727e+29
1.451953892047233727e+29
8.403521668279873579e+28
8.403521668279873579e+28
8.403521668279873579e+28
8.403521668278555924e+28
3.405306207497296318e+28
3.396022380189420373e+28
3.387392124543744619e+28
3.387392124543744619e+28
3.387392124543744619e+28
3.387392124543744619e+28
3.387392122636727463e+28
3.387392122636727463e+28
3.387392122636726144e+28
3.387392122636726144e+28
3.387392122635945490e+28
3.387392122635945490e+28
3.387392122635945490e+28
3.387392122635945490e+28
3.193112644724737401e+28
3.193108398883993445e+28
3.193108398677986307e+28
2.589326788103835042e+28
2.589326788103835042e+28
2.589326788103835042e+28
9.186385751454906001e+27
9.186385702274107132e+27
9.184222642465536450e+27
9.184222642465536450e+27
9.184216167995518624e+27
9.184216167995518624e+27
7.646478049557143264e+27
7.646478049557143264e+27
7.646478049557143264e+27
7.646478049557143264e+27
7.646478049557139965e+27
7.646478049557139965e+27
7.646478049504033553e+27
7.646478049504033553e+27
7.646170602945135608e+27
3.436056134435728490e+27
3.436056134435728490e+27
3.371794293961492776e+27
3.371794239749471085e+27
1.875722093885804484e+27
1.875722093885804484e+27
1.874547570663406206e+27
1.874547570663406206e+27
1.874523019991260483e+27
1.874523019991260483e+27
1.186406553933785781e+27
1.172388074497397376e+27
1.172388074497397376e+27
1.172388074497397376e+27
4.711334353604758952e+26
4.711334353604758952e+26
4.711334353604758952e+26
4.711334353604758952e+26
4.711334353604677863e+26
4.705800651040388161e+26
4.705800651040378541e+26
4.705800651040378541e+26
4.705800651040378541e+26
4.705800651036380442e+26
4.705800651036380442e+26
4.705800651036380442e+26
4.705800651036380442e+26
4.705800650283837575e+26
4.705800648705608892e+26
4.366286919242636599e+26
4.366286919242636599e+26
4.366286919242636599e+26
4.366284922813780048e+26
4.366284678682805242e+26
3.844593164774301697e+26
1.548531052581664585e+26
1.548531052581664585e+26
1.548531052581664585e+26
1.548531052581664585e+26
1.548528191363689384e+26
1.548313884735387235e+26
1.129550504196282750e+26
1.129550504196282750e+26
1.129550504196282750e+26
1.129550504196282579e+26
1.129550504196282579e+26
1.129550504196282579e+26
1.129419375219255707e+26
1.129419375216975767e+26
1.129419375216975767e+26
5.334514503316346471e+25
5.282512747344837897e+25
5.282512747344837897e+25
5.282512747344837897e+25
5.282512720136946785e+25
5.282512720136946785e+25
2.768185887185937210e+25
2.764976080209346055e+25
2.764976080209346055e+25
2.764962647906131065e+25
2.764962647906131065e+25
2.764962647906131065e+25
2.764962647906131065e+25
2.026977263522072260e+25
1.989585851065012683e+25
1.989585851065012683e+25
1.989585851064966298e+25
1.989585851064966298e+25
8.335132831573399419e+24
8.335132831573399419e+24
8.335132831573399419e+24
8.335132831573399419e+24
8.335132831529152666e+24
8.329091612872668388e+24
8.329091612872629734e+24
8.329091612872629734e+24
8.329091612872629734e+24
8.329091602008605521e+24
8.329091601544682481e+24
8.329091601544682481e+24
7.239545341967773863e+24
7.239545341967773863e+24
7.239545341967773863e+24
7.239545341967773863e+24
7.239544298657525101e+24
7.239543176400850037e+24
7.239543176400850037e+24
2.658190711221989801e+24
2.587085892175631636e+24
2.587070282115935615e+24
2.587070282115935615e+24
1.783851430693211694e+24
1.783851430693211694e+24
1.783779906803555361e+24
1.783779906803555361e+24
1.783369404116170866e+24
1.783369404116170866e+24
1.783369404116170866e+24
1.783369404116170866e+24
1.783369404116170866e+24
1.018641025267601141e+24
1.018641025267601141e+24
1.018641025267323445e+24
1.018641025267323445e+24
1.012008727651773311e+24
5.175255973570251273e+23
5.175255968431412158e+23
5.164943703895505749e+23
5.164943703895505749e+23
5.164943703895505749e+23
5.164934120034045411e+23
5.164934120034045411e+23
5.164934120034045411e+23
5.164934120034044068e+23
5.164934120034044068e+23
5.164934120032937443e+23
4.907925181564922794e+23
4.907925181564922794e+23
4.039411996111100466e+23
1.475182541563482824e+23
1.475182541533028653e+23
1.475182541533028653e+23
1.475182541533028653e+23
1.474706484000425666e+23
1.474706484000425666e+23
1.474706478706244295e+23
1.474706478706244295e+23
1.474706478706244295e+23
1.474706478706242617e+23
1.474706478706242617e+23
1.474706478706242617e+23
1.235419192212977573e+23
1.235419192197696717e+23
1.235418598325478480e+23
1.235418598325478480e+23
1.235418598325478480e+23
1.235418598325478480e+23
5.486728410654681176e+22
5.486728283806499655e+22
5.380314184724971625e+22
5.380229424995595872e+22
5.380229424995595872e+22
5.380229424995595872e+22
3.553224033616303804e+22
3.553166006688938354e+22
3.553166006688938354e+22
3.553166006688938354e+22
3.551667890133874717e+22
3.551667890133874717e+22
3.551667890133874717e+22
2.371849925826686484e+22
2.371849925826686484e+22
2.371849925826498999e+22
9.956089720011482989e+21
9.940078261748136673e+21
9.940078261748136673e+21
9.940078261748136673e+21
9.898569092766283858e+21
9.898569092766283858e+21
9.898569092766283858e+21
9.898569089951708742e+21
9.898569089951708742e+21
9.898569089951708742e+21
9.898569089951708742e+21
9.898569089951689867e+21
9.898569089951689867e+21
9.898569089942764388e+21
9.898562162990317044e+21
9.225564549440802390e+21
9.225564549440802390e+21
9.225564547589258346e+21
9.225564547589258346e+21
9.225564547589258346e+21
8.086174496989487563e+21
3.259450576957967696e+21
3.259450526404608262e+21
3.259450526404608262e+21
3.258975219800742035e+21
3.258975219800742035e+21
3.258975219800742035e+21
3.258975219800742035e+21
3.258975219800740987e+21
2.638774243486663705e+21
2.638770842036728758e+21
2.638770842036728758e+21
2.638770842036728758e+21
2.638770842028041306e+21
2.638770842028041306e+21
2.638770842028041306e+21
1.396582610946833777e+21
1.396530074296159568e+21
1.379071496837573116e+21
1.379071484839882129e+21
1.379071484839882129e+21
1.379071484839882129e+21
7.604248894665039544e+20
7.604248894665039544e+20
7.596749829940873789e+20
7.596697634607612559e+20
7.596697634607612559e+20
7.596697634607612559e+20
7.596697634607612559e+20
5.541258120841434235e+20
5.541258120841434235e+20
5.541258120841434235e+20
5.448672435367572275e+20
2.317212034791115653e+20
2.317212034791115653e+20
2.317212034791095665e+20
2.315437063440962355e+20
2.315437063440962355e+20
2.315437063440962355e+20
2.315437063440939418e+20
2.315437063440939418e+20
2.315437063440939418e+20
2.315437063440939418e+20
2.315437063249026089e+20
2.315437063241434399e+20
2.315437063241434399e+20
2.315437063241434399e+20
2.315437063241434399e+20
2.315437060961681080e+20
2.117071438621594419e+20
2.117070964231752581e+20
2.117070964231752581e+20
1.957868768449682473e+20
8.928270892875979162e+19
8.928270416673595392e+19
8.928270416673595392e+19
8.928270416673595392e+19
8.927568579364125082e+19
8.927568579364125082e+19
8.927532762368976486e+19
6.388523927937183744e+19
6.388523927937183744e+19
6.388523927937183744e+19
6.388523927937183744e+19
6.388523927937183744e+19
6.388523927937183744e+19
6.388523927937183744e+19
6.388523927931412480e+19
6.387321967996893594e+19
3.648627915583888179e+19
3.624117877858646016e+19
3.624117877858646016e+19
3.624117867533398835e+19
1.897584568586167910e+19
1.897584568586167910e+19
1.897584568586167910e+19
1.894192916847220326e+19
1.894192916847220326e+19
1.894192916847220326e+19
1.894188058449200333e+19
1.536756209649207706e+19
1.497993934891857920e+19
1.497993934891857920e+19
1.497993934891857510e+19
1.497993934891857510e+19
6.699156939916002304e+18
6.699156939915701248e+18
6.699156939915701248e+18
6.699156939915701248e+18
6.699156939915701248e+18
6.699156939915701248e+18
6.696236615772807168e+18
6.696236615772791808e+18
6.696236615772791808e+18
6.696236615648679936e+18
6.696236615648679936e+18
6.696236615466773504e+18
6.696236615466773504e+18
6.696236615466773504e+18
6.696236591529255936e+18
6.696236591529255936e+18
6.696236591529255936e+18
5.736676555084213248e+18
5.736674746487268352e+18
5.736674746487268352e+18
5.736674312420452352e+18
2.585748518055040000e+18
2.585748518055040000e+18
2.585748518055040000e+18
2.534283532638589952e+18
2.534251971352413696e+18
2.534251971352413696e+18
1.712188203936756480e+18
1.712149558706513920e+18
1.712149558706513920e+18
1.712149558706513920e+18
1.712149558706513920e+18
1.711522139475008000e+18
1.711522139475008000e+18
1.711522139475008000e+18
1.711522139474636800e+18
1.136626399183212032e+18
1.136626399183212032e+18
1.136626399183212032e+18
1.136626399183212032e+18
1.131933531855574656e+18
5.818333697019601920e+17
5.818333694003544320e+17
5.818333694003544320e+17
5.800846289950457600e+17
5.800846289950457600e+17
5.800840611892892160e+17
5.800840611892892160e+17
5.800840611892892160e+17
5.800840611892892160e+17
5.800840611892884480e+17
5.800840611892884480e+17
5.470977918209169280e+17
5.470977918205253760e+17
4.810229349249824640e+17
4.810229349249824640e+17
2.017856900463599360e+17
2.017856900463599360e+17
2.017856900322108480e+17
2.017856900322108480e+17
2.017460127223392960e+17
2.017460127223392960e+17
2.017460127223392960e+17
2.017460127223392960e+17
2.017460127223392000e+17
2.017460107234358720e+17
2.017460107234358720e+17
2.017460107234358720e+17
2.017460107219555200e+17
1.661191447178641600e+17
1.661191447178641600e+17
1.661191447178641600e+17
1.661189788793726400e+17
1.661189788793726400e+17
8.801612618847166400e+16
8.801612503047536000e+16
8.683494882555924800e+16
8.683494882555924800e+16
8.683494882555924800e+16
8.683225550353206400e+16
8.683225550353206400e+16
5.611808206895237600e+16
5.611756472896452800e+16
5.611756472896452800e+16
5.611756472896452800e+16
5.608056536449108800e+16
5.608056536449108800e+16
5.608056536449108800e+16
5.608056536449108800e+16
4.188628531205875200e+16
4.188628531205875200e+16
4.188628531205707200e+16
4.179069413199864000e+16
4.179069413199864000e+16
1.885041369508482400e+16
1.885041369508482400e+16
1.873744717476904400e+16
1.873744717196470800e+16
1.873744717196470800e+16
1.873744717196470800e+16
1.873744717196470800e+16
1.873744717196470800e+16
1.873744717196454800e+16
1.873744717196454800e+16
1.873744045791243600e+16
1.873744045785478400e+16
1.873744045785478400e+16
1.730330975204293000e+16
1.730330975204293000e+16
1.730330974247166000e+16
1.594053208267819000e+16
1.594053208267819000e+16
7.403099443619352000e+15
7.403099443619352000e+15
7.403099149289562000e+15
7.402433559438660000e+15
7.402433559438660000e+15
7.402433559438660000e+15
7.402433559438660000e+15
7.402433559438660000e+15
7.402433559438658000e+15
5.866542438386471000e+15
5.866527404451428000e+15
5.866527404451428000e+15
5.866527404441972000e+15
5.866527404441972000e+15
5.866527404441972000e+15
5.866527404441972000e+15
3.575457223447481500e+15
3.575206500073174000e+15
3.545873998557161000e+15
3.545873981707288500e+15
3.545873981707288500e+15
3.545873981707288500e+15
3.545873981707288500e+15
1.992949067895273000e+15
1.992949067895273000e+15
1.992941673345766750e+15
1.990063429034150500e+15
1.990063429034150500e+15
1.609253654774396500e+15
1.609253654774396500e+15
1.609253654774396500e+15
1.609253654774396500e+15
1.609253654774396500e+15
1.609253654774396500e+15
7.387101130945367500e+14
7.313566203926796250e+14
7.313566203926762500e+14
7.309928055579880000e+14
7.309928055579880000e+14
7.309928055579878750e+14
7.309928055579878750e+14
7.309928055579878750e+14
7.309928055257461250e+14
7.309928055257161250e+14
7.309928055257161250e+14
7.309928055176438750e+14
7.309928055176438750e+14
7.309928055176438750e+14
7.309928055176438750e+14
6.599936972534135000e+14
6.599936957307078750e+14
6.599936210495773750e+14
6.292724176847251250e+14
3.259006634151213750e+14
3.259006634151213750e+14
3.259006219540564375e+14
3.259006219540564375e+14
3.259006219540564375e+14
3.258860030093343125e+14
3.258860030093343125e+14
3.258834556698475000e+14
2.324700743478650000e+14
2.324700743478650000e+14
2.324700743478650000e+14
2.324700743478650000e+14
2.324700743478650000e+14
2.324700743478650000e+14
2.324700743478650000e+14
2.324700743477667500e+14
2.324046624002194375e+14
1.549854211102789688e+14
1.549854211102789688e+14
1.542959094038591875e+14
1.542959094038591875e+14
1.542959091628460000e+14
8.328316543704451562e+13
8.306949868884759375e+13
8.306949868884759375e+13
8.306949868884759375e+13
8.306938351049907812e+13
8.306938351049907812e+13
8.306938351049907812e+13
7.236733295969659375e+13
7.236733295969659375e+13
7.007106571396175781e+13
3.419383986715332031e+13
3.419383986715332031e+13
3.419383986715330469e+13
3.419383986715330469e+13
3.419383986715330469e+13
3.418482486454853125e+13
3.418482486454250000e+13
3.418482486454246484e+13
3.418482486454246484e+13
3.418482486454246484e+13
3.418482486454246484e+13
3.418482486261199609e+13
3.418482486261199609e+13
3.418482486214544531e+13
3.418482486214544531e+13
3.418482456520727734e+13
2.908376878693121094e+13
2.908376878693121094e+13
2.908376878693121094e+13
2.908376769142543359e+13
2.908376769142543359e+13
2.908374956047624219e+13
1.574971091484062695e+13
1.552433009378652539e+13
1.552433009378652539e+13
1.552433009378652539e+13
1.552397326683921484e+13
1.552397326683921484e+13
1.552367587440391992e+13
1.047935628039294531e+13
1.047935628039294531e+13
1.047935628039294531e+13
1.047935628039294531e+13
1.047935628039294531e+13
1.047370102858346680e+13
1.047370102858239844e+13
1.047370102858239844e+13
7.833504406732483398e+12
7.833504406732483398e+12
7.833504406732483398e+12
7.813503724070029297e+12
7.813503724070029297e+12
4.149721097942681641e+12
4.149721096789190430e+12
4.149721096789190430e+12
4.149721096789190430e+12
4.132102196121826660e+12
4.132100043280041992e+12
4.132100043280041992e+12
4.132100043280041992e+12
4.132100043280020508e+12
4.132100043280020508e+12
3.879046192593812012e+12
3.571682247341196777e+12
3.571682247341196777e+12
3.571682247333991699e+12
1.740222501743049805e+12
1.740222501743049805e+12
1.740222501379412842e+12
1.740222501379412842e+12
1.740013133879167969e+12
1.740013133879167969e+12
1.740013133879167969e+12
1.740013133879167969e+12
1.740013133879167480e+12
1.740013133879167480e+12
1.740013133879167480e+12
1.740013091636258545e+12
1.740013091629791504e+12
1.420995309874748779e+12
1.420995309874748779e+12
1.420995309874748779e+12
1.420992638178795166e+12
1.420992638178795166e+12
1.420992620874996826e+12
8.775380197658170166e+11
8.695663974946968994e+11
8.695663974946968994e+11
8.695187548817255859e+11
8.695187548817255859e+11
5.605075845844001465e+11
5.605046558826621094e+11
5.605046558826621094e+11
5.605046558826621094e+11
5.599666224646751709e+11
5.599666224646751709e+11
5.599666224646751709e+11
5.599666224646751709e+11
5.599666224646751709e+11
4.572834374109278564e+11
4.572834374109278564e+11
4.572834374109188843e+11
4.566716510849913330e+11
4.566716510849913330e+11
2.265859787856488647e+11
2.247615791309816284e+11
2.247615791128771667e+11
2.247615791128771667e+11
2.247615791128771667e+11
2.247615791128771667e+11
2.247615791128701477e+11
2.247615791128701477e+11
2.247615369666355896e+11
2.247615369666355896e+11
2.247615369645616150e+11
2.063481593083887634e+11
2.063481593083887634e+11
2.063481593083887634e+11
2.063481593083887634e+11
1.961707659056786804e+11
1.961707656519459229e+11
1.051623974652718658e+11
1.051623974652718658e+11
1.051623879405396423e+11
1.051566118904925385e+11
1.051566118904925385e+11
1.051566118904925385e+11
1.051566118904925385e+11
1.051566118904925385e+11
1.051566118904925385e+11
8.231916374205274963e+10
8.231916374205274963e+10
8.231878217187289429e+10
8.231878217180931091e+10
8.231878217180931091e+10
8.231878217180931091e+10
5.688649855711168671e+10
5.688649855711168671e+10
5.658502027080034637e+10
5.658502012400050354e+10
5.657830867921070099e+10
5.657830867921070099e+10
5.657830867921070099e+10
3.316599774938666153e+10
3.316599774938666153e+10
3.316592990027716064e+10
3.310032016448804092e+10
2.877216367303462219e+10
2.877216367303462219e+10
2.877216367303462219e+10
2.877216367303462219e+10
2.877216367303462219e+10
1.469589028190110016e+10
1.469589028190106964e+10
1.450387381031060982e+10
1.449921986954136276e+10
1.449921986954136276e+10
1.449921986954136276e+10
1.449921986954136276e+10
1.449921986921037102e+10
1.449921986921036530e+10
1.449921986921036530e+10
1.449921986920823860e+10
1.449921986920823860e+10
1.449921986873431969e+10
1.449921986873431969e+10
1.297231085158599281e+10
1.297231010045752335e+10
1.297231010045752335e+10
1.297231003196775436e+10
1.297231003196775436e+10
1.260376824143445969e+10
7.445158803188749313e+09
7.445156771525854111e+09
7.445156771525854111e+09
7.445156771525854111e+09
7.444965207073255539e+09
7.444965207073255539e+09
5.369573669838591576e+09
5.369519656565090179e+09
5.369519656565090179e+09
5.369519656565090179e+09
5.369519656565090179e+09
5.369519656565090179e+09
5.369519656565090179e+09
5.369519656564195633e+09
5.369519656564195633e+09
5.367413255392383575e+09
4.034553970330406189e+09
4.023070306443298817e+09
4.023070306443298817e+09
4.023070306443298817e+09
4.023070303183254719e+09
2.296936072672616005e+09
2.289034040886203289e+09
2.289034040886203289e+09
2.289032311755100727e+09
2.289032311755100727e+09
2.289032311755100727e+09
2.289032311755100727e+09
2.093758465889699221e+09
2.016005463900587797e+09
1.097839096831403971e+09
1.097839096831403971e+09
1.097839096831403971e+09
1.097839096831401825e+09
1.097839096831401825e+09
1.097662637650777578e+09
1.097662637650777340e+09
1.097662637650107861e+09
1.097662637650107861e+09
1.097662637650107861e+09
1.097662637482445955e+09
1.097662637482445955e+09
1.097662637476177931e+09
1.097662637476177931e+09
1.097662637476177931e+09
1.097662616607218742e+09
9.339021874978015423e+08
9.339021874978015423e+08
9.339021703949760199e+08
9.339021703949760199e+08
9.339021703949760199e+08
9.339011068476299047e+08
5.903880533505921364e+08
5.845120504003024101e+08
5.845120504003024101e+08
5.845120504003024101e+08
5.845120504003024101e+08
5.844897366974233389e+08
5.844834199671784639e+08
4.019019635132250190e+08
4.019019635132250190e+08
4.019019635132250190e+08
4.019019635132250190e+08
4.019019635132250190e+08
4.016053070021008849e+08
4.016053070020918250e+08
3.287506745593851805e+08
3.287506745593851805e+08
3.282455049207963943e+08
3.282455049207963943e+08
1.860718347830347121e+08
1.860718347599916160e+08
1.860718347599916160e+08
1.860718347599916160e+08
1.860718347599916160e+08
1.850138902313123047e+08
1.850138406043336987e+08
1.750459378252212405e+08
1.750459378252212405e+08
1.646017903338305950e+08
1.646017903338279128e+08
1.646017903338279128e+08
1.646017903338279128e+08
1.646017903328985572e+08
9.279209940114156902e+07
9.279209940114156902e+07
9.279209935015095770e+07
9.278535419481767714e+07
9.278535419481767714e+07
9.278535419481767714e+07
9.278535419481767714e+07
9.278535419481767714e+07
9.278535419481767714e+07
9.278534923377926648e+07
9.278534923377926648e+07
9.278534923369799554e+07
9.278534923369799554e+07
7.593442912000189722e+07
7.593442912000189722e+07
7.593418398425540328e+07
7.593418398425540328e+07
7.593418398425540328e+07
7.593418361065149307e+07
5.331931674668309838e+07
5.300092377688963711e+07
5.299631034558741003e+07
5.299631034558741003e+07
3.502007454407757521e+07
3.501997492060510814e+07
3.501997492060510814e+07
3.497394554507218301e+07
3.497394554507218301e+07
3.497394554507218301e+07
3.497394554507218301e+07
3.497394554507218301e+07
3.052396051176873222e+07
3.052396051176873222e+07
3.052396051176870614e+07
3.050064276844415814e+07
3.050064276844415814e+07
1.690134426273028180e+07
1.690134426273028180e+07
1.673034603173919395e+07
1.673034603140115924e+07
1.673034603140115924e+07
1.673034603140115552e+07
1.673034603139945492e+07
1.673034469051682949e+07
1.673034469051682949e+07
1.673034469010823034e+07
1.533776472008308396e+07
1.533776472008308396e+07
1.533776472008308396e+07
1.487318725995907746e+07
1.487318725995907746e+07
9.141955353383962065e+06
9.141955336917620152e+06
9.141955336917620152e+06
9.141953657851133496e+06
9.141666016430858523e+06
9.141666016430858523e+06
9.141666016430858523e+06
9.141666016430858523e+06
9.141666016430858523e+06
9.141666016430858523e+06
7.184247014904230833e+06
7.184247014904230833e+06
7.184191834680463187e+06
7.184191834680229425e+06
5.513018598399339244e+06
5.513018598399339244e+06
5.494758699035958387e+06
5.494758695486124605e+06
5.493744895205651410e+06
5.493744895205651410e+06
3.427064432626225986e+06
3.427064432626225986e+06
3.427064432626225986e+06
3.427061280202501453e+06
3.427061280202501453e+06
3.418397516842851881e+06
3.123865563567548525e+06
3.123865563567548525e+06
3.123865563567548525e+06
1.796530556298011914e+06
1.796530556298011914e+06
1.796530556298011914e+06
1.767776821099439403e+06
1.767433031623153249e+06
1.767433031623153249e+06
1.767433031623153249e+06
1.767433031621349277e+06
1.767433031621349277e+06
1.767433031621346949e+06
1.767433031621346949e+06
1.767433031620539725e+06
1.767433031468825880e+06
1.767433031468825880e+06
1.578731223175370600e+06
1.578731201509739505e+06
1.578731184389440576e+06
1.578731184389440576e+06
1.552033950610937318e+06
1.552033950610937318e+06
1.038717274406108656e+06
1.038716729303876986e+06
1.038716729303876986e+06
1.038704459211013746e+06
7.689292257559411228e+05
7.689163007715999847e+05
7.689163007715999847e+05
7.689163007715999847e+05
7.689163007715999847e+05
7.689163007715999847e+05
7.689163007715999847e+05
7.689163007715999847e+05
7.689163007715998683e+05
7.689163007715998683e+05
7.689163007715998683e+05
6.330232360359011218e+05
6.327585198659343878e+05
6.317000104741076939e+05
6.317000104516739957e+05
6.317000104516739957e+05
3.895364135929683689e+05
3.878635675418305327e+05
3.878634942707924056e+05
3.878634942707924056e+05
3.878634942707924056e+05
3.878634942707924056e+05
3.668659424621649086e+05
3.522843587550208904e+05
2.162045370974941470e+05
2.162045370974941470e+05
2.162045370974941470e+05
2.162045370974926045e+05
2.161875433439817280e+05
2.161875433439817280e+05
2.161875433439817280e+05
2.161875433439817280e+05
2.161875433435798041e+05
2.161875433435798041e+05
2.161875432644433749e+05
2.161875432644425309e+05
2.161875432644425309e+05
2.161875432644425309e+05
2.161875432644425309e+05
2.161875351911632752e+05
1.854585070156006259e+05
1.854585070156006259e+05
1.854585068726397003e+05
1.854581515552406781e+05
1.333530573093603307e+05
1.325072237256046210e+05
1.325072237256046210e+05
1.325072237256046210e+05
1.325072237256046210e+05
1.324996709519728611e+05
1.324996709519728611e+05
1.324993086579714436e+05
9.455858390712186520e+04
9.455858390712186520e+04
9.455858390712186520e+04
9.455858390712186520e+04
9.455858390712186520e+04
9.447019752045955101e+04
9.447019752045955101e+04
8.278797442877381400e+04
8.272804536141718563e+04
5.122436817484025960e+04
5.122436817483568302e+04
5.122436817483568302e+04
5.086487123461544979e+04
5.086487123461544979e+04
5.086487123461544979e+04
5.086487063208478503e+04
5.086487063208478503e+04
4.924114017375612457e+04
4.632445928000644199e+04
4.632445928000409913e+04
4.632445928000409185e+04
2.993243829784218178e+04
2.993243829757354615e+04
2.993243829757354615e+04
2.993243829757354615e+04
2.993243825942368494e+04
2.993243825942368494e+04
2.993184718323603011e+04
2.993184718323603011e+04
2.993184718323603011e+04
2.993184718323603011e+04
2.993184401880261794e+04
2.993184401880261794e+04
2.993184401880261794e+04
2.993184401880261794e+04
2.482588849149322778e+04
2.482588849149322778e+04
2.482576320082610982e+04
2.482576320082610982e+04
2.482576320082610982e+04
1.939766020485539411e+04
1.939766020480687439e+04
1.933832911081647399e+04
1.933592085454468179e+04
1.340611179567918589e+04
1.340611179567918589e+04
1.340611002227733843e+04
1.338398673871097344e+04
1.338398673871097344e+04
1.338398673871097344e+04
1.338398673871097344e+04
1.338398673871097344e+04
1.230340009930441374e+04
1.230340009930441374e+04
1.230340009930441374e+04
1.230099708162610114e+04
7.663764881669084389e+03
7.573012505516313468e+03
7.573012505516313468e+03
7.573012505516313468e+03
7.573012505516313468e+03
7.573012505516307101e+03
7.573012505514127952e+03
7.573012505099764894e+03
7.573012505099764894e+03
7.573012504667349276e+03
6.968089386121608186e+03
6.968089386121608186e+03
6.865610955754383212e+03
6.865610955754383212e+03
4.786952298514357608e+03
4.786952278563237087e+03
4.786952278563237087e+03
4.786952278563237087e+03
4.786950685861166676e+03
4.786943457265887446e+03
4.786943457265887446e+03
4.786943457265887446e+03
4.786943457265887446e+03
4.786943457265887446e+03
3.834239005226756035e+03
3.834194261579158592e+03
3.834194261579158592e+03
3.222364694829328982e+03
3.222364694829328982e+03
3.219387303059663282e+03
3.219387303059662827e+03
3.218555683185653379e+03
3.218555683185653379e+03
2.164218333817130770e+03
2.164218333817130770e+03
2.164218332383279630e+03
2.164218332383279630e+03
2.157693061197851875e+03
2.157693061197851875e+03
2.061256371668228439e+03
2.061256371668228439e+03
1.336337545827809436e+03
1.311762969813684776e+03
1.311762969813684776e+03
1.311749906097955090e+03
1.311749906097955090e+03
1.311749906097955090e+03
1.311749906097955090e+03
1.311749906097948951e+03
1.311749906096304812e+03
1.311749906096304812e+03
1.311749906096304812e+03
1.311749905831023852e+03
1.311749905831023852e+03
1.177943955450814883e+03
1.177943955450812837e+03
1.177943931677709770e+03
1.177943931677709770e+03
1.172575111517104915e+03
8.844183381465917364e+02
8.844183381465917364e+02
8.844175241954236526e+02
8.844175241954236526e+02
8.844175241954236526e+02
8.844175165403072469e+02
6.783620737292525291e+02
6.783446210643925269e+02
6.783446210643925269e+02
6.783446210643925269e+02
6.783446210643925269e+02
6.783446210643925269e+02
6.783446210643925269e+02
6.779263382532819833e+02
6.102350216486703403e+02
6.102350216486703403e+02
6.101839223706163011e+02
6.101839223706163011e+02
6.101839223706163011e+02
4.083868553677903037e+02
4.063081046741858131e+02
4.063081046741750129e+02
4.063081046741750129e+02
4.063081046741750129e+02
4.063081046741750129e+02
3.999149132724976994e+02
3.836662494045226026e+02
2.657725774136688415e+02
2.657725774136627592e+02
2.657725607764302822e+02
2.657725607764302254e+02
2.657725607764302254e+02
2.657725607750501808e+02
2.657725607750501808e+02
2.657725605607553234e+02
2.657725605607553234e+02
2.657725605607553234e+02
2.657725605607553234e+02
2.657725605607553234e+02
2.657725424421963112e+02
2.306484656431660767e+02
2.306484656431660767e+02
2.306484656431660767e+02
2.306477757929167183e+02
1.903405673752629070e+02
1.902732555319450682e+02
1.902732555319450682e+02
1.902732555319450682e+02
1.902576952914626247e+02
1.902576952914626247e+02
1.409733249598512259e+02
1.409733249598512259e+02
1.409733249598096734e+02
1.409733249598096734e+02
1.408114501105022782e+02
1.408114501105022782e+02
1.351605797148109787e+02
1.351605019367375178e+02
9.127169471579523474e+01
9.127169471579523474e+01
9.049007734499731725e+01
9.049007734499731725e+01
9.049007734499731725e+01
9.049007734499731725e+01
9.049007734499731725e+01
8.509443614222770691e+01
8.495842607530192936e+01
8.495842607528919643e+01
8.495842607528919643e+01
8.495842607528915380e+01
8.495842607251417178e+01
6.414050955092091044e+01
6.414050955092091044e+01
6.414050955092091044e+01
6.414050936405799064e+01
6.414050936405799064e+01
6.414050936385089585e+01
6.414049621342446983e+01
6.414049621342446983e+01
6.414049621342446983e+01
6.414049621342446983e+01
5.360111287218493459e+01
5.360111287218493459e+01
5.360069064548103768e+01
5.360069064548103768e+01
5.360069064548103768e+01
4.920659232388077697e+01
4.920659232388077697e+01
4.920645271013235345e+01
4.919712391760698011e+01
3.521246879518902517e+01
3.521246879518902517e+01
3.521246879518902517e+01
3.513625416261184853e+01
3.513625416261184853e+01
3.513625416261184853e+01
3.513625416261184853e+01
3.496185433207971016e+01
3.496185433207971016e+01
3.496185433096750472e+01
2.477819833658633542e+01
2.439962116956249716e+01
2.439962116956249716e+01
2.439962116956249716e+01
2.439962116956249716e+01
2.439962116956243321e+01
2.439962116954175642e+01
2.439962116954175642e+01
2.439962116954175642e+01
2.439962116611500420e+01
2.235478136380786296e+01
2.235478136380786296e+01
2.235448968889132715e+01
2.235448968889132715e+01
2.235448940603912860e+01
1.935510165080775735e+01
1.935510165080775735e+01
1.935510165080775735e+01
1.935508807979545409e+01
1.935508807979545409e+01
1.935508807979545409e+01
1.935508807979545409e+01
1.535302652204173235e+01
1.535271596022561091e+01
1.516721930384153616e+01
1.516721930384153616e+01
1.516721930384153616e+01
1.516721930384153616e+01
1.516721930100667670e+01
1.516052560710358321e+01
1.516052560710358321e+01
1.079508871808649317e+01
1.079508871808649317e+01
1.079508871808649317e+01
1.074779792327015748e+01
1.074779792327015748e+01
1.074779792327015748e+01
1.074728916084362318e+01
8.742952788021550958e+00
8.494155973837614226e+00
8.494155973837614226e+00
8.494155973837614226e+00
8.494155973837454354e+00
8.494155973837454354e+00
8.494155973799935921e+00
8.494155973799935921e+00
8.494155973799935921e+00
8.494155968624715669e+00
8.494155968624715669e+00
7.451680655678972087e+00
7.451680655678972087e+00
7.451680299486276304e+00
7.451680299486276304e+00
7.451680292559852425e+00
7.272061016993985660e+00
7.272061016993985660e+00
7.272043841747588999e+00
7.272043841747588999e+00
7.272043841747588999e+00
7.272043841747588999e+00
5.494096009169281203e+00
5.493795595599646475e+00
5.493795595599646475e+00
5.493795595599646475e+00
5.493795595599646475e+00
5.487988275358873125e+00
5.487244035683668031e+00
5.487244035683668031e+00
5.487244035683668031e+00
5.487244035683668031e+00
4.335712165572763510e+00
4.295102471355375151e+00
4.295102471355375151e+00
4.295102471355375151e+00
4.295102471355375151e+00
4.295102471355375151e+00
4.295102453990153002e+00
4.039727897765431841e+00
3.879863798919105822e+00
3.879863798919105822e+00
3.879863798918603557e+00
3.879863798918601780e+00
3.879863798821058030e+00
3.879863798821058030e+00
3.879863798821058030e+00
3.879863786584258900e+00
3.879863786584258900e+00
3.879863786584258900e+00
3.879862920865638110e+00
3.879862920865638110e+00
3.203468750762681783e+00
3.203468750762681783e+00
3.203443573500291297e+00
3.202388621282951320e+00
3.202388621282951320e+00
3.202388621282951320e+00
3.202388621282951320e+00
3.201713391218732330e+00
3.201713391218732330e+00
2.543996197021727745e+00
2.543996197021727745e+00
2.543996197021727745e+00
2.543996197021727745e+00
2.537344219216491226e+00
2.537344185211643399e+00
2.537344185211643399e+00
2.396607796219977438e+00
2.342815953668602624e+00
2.342815953668602624e+00
2.342815953668602624e+00
2.342815953668602624e+00
2.342815953668602624e+00
2.103186790748536872e+00
2.103186790746697898e+00
2.103186790746691681e+00
2.103186790746691681e+00
2.103186790746691681e+00
2.103186790421853303e+00
2.103186790421853303e+00
2.101788009919719702e+00
2.101788009919719702e+00
2.101787977725342760e+00
2.101787977725342760e+00
2.101787977725342760e+00
2.101786058600308316e+00
2.101786058600308316e+00
2.101786058600308316e+00
1.740535602367088819e+00
1.740535602367088819e+00
1.740486424581771052e+00
1.740486424581771052e+00
1.740486424581771052e+00
1.740486358005473466e+00
1.740486358005473466e+00
1.739419675608832705e+00
1.739419675608832705e+00
1.629951435050025488e+00
1.618011642371150138e+00
1.618011642371150138e+00
1.618011642371150138e+00
1.618011642371150138e+00
1.618011642371150138e+00
1.618011642371150138e+00
1.618011642371150138e+00
1.616134100832558262e+00
1.537476821565310514e+00
1.537476821565310514e+00
1.537476821565310514e+00
1.537476821565265883e+00
1.537476821554131234e+00
1.537476821554131234e+00
1.537476819997821043e+00
1.353797619832501464e+00
1.353797619832501464e+00
1.353797619832501464e+00
1.353797518932393418e+00
1.353797518932393418e+00
1.353797394987996228e+00
1.353797394987996228e+00
1.353797394987996228e+00
1.353792126621270686e+00
1.353792126621270686e+00
1.353792126621270686e+00
1.272452995610984239e+00
1.272452995610984239e+00
1.272312385755921538e+00
1.272312385755921538e+00
1.272312385755921538e+00
1.272312385755921538e+00
1.269811587256006735e+00
1.269811587256006735e+00
1.269811587256006735e+00
1.267883049966332942e+00
1.267883049966332942e+00
1.267883049966332942e+00
1.244283128588368870e+00
1.244283128588368870e+00
1.244283128588368870e+00
1.161282024547038105e+00
1.161281817607943356e+00
1.161281817607943356e+00
1.161281817607655142e+00
1.161281817607655142e+00
1.161281817550703144e+00
1.161281817550702478e+00
1.161281817550702478e+00
1.161281810843580287e+00
1.161281810843580287e+00
1.107036044197782676e+00
1.107035597769193691e+00
1.107035597769193691e+00
1.107035597769193691e+00
1.107035597769193691e+00
1.107035597769193691e+00
1.107035597769193691e+00
1.107035597769193691e+00
1.107016750390345416e+00
1.107016750390345416e+00
1.107016750390345416e+00
1.106549348171844693e+00
1.104758559157350106e+00
1.104758559157350106e+00
1.104758559157350106e+00
1.104758559157350106e+00
1.098551226554311588e+00
1.098551226554311588e+00
1.098551226554311588e+00
1.098551226554311588e+00
1.098550917605334742e+00
1.066740801825549534e+00
1.066740801825549534e+00
1.066740801825549534e+00
1.066740801825549534e+00
1.066740801825549534e+00
1.066740801825549534e+00
1.036375893651650726e+00
1.036375893651650726e+00
1.036375893651650504e+00
1.036375893649593039e+00
1.036375893649585933e+00
1.036375893306936247e+00
1.036375893306936247e+00
1.036375857960955216e+00
1.036375857960955216e+00
1.036375857960955216e+00
1.036373764681596255e+00
1.036373764681596255e+00
1.034969622959457158e+00
1.034969622959457158e+00
1.034897255128934379e+00
1.034897255128934379e+00
1.034897255128934379e+00
1.034897255128934379e+00
1.033548709507165819e+00
1.033548709507165819e+00
1.033548709507165819e+00
1.033548375077561365e+00
1.033548375077561365e+00
1.023728478234204431e+00
1.023728478234204431e+00
1.023728478234204431e+00
1.023728478234203987e+00
1.023728478234203987e+00
1.023728478234203987e+00
1.010304170719188432e+00
1.010304170719188432e+00
1.010304170719188432e+00
1.010304170719126038e+00
1.010304170704356963e+00
1.010304170704356963e+00
1.009435156652619181e+00
1.009435156652618959e+00
1.009435154501735710e+00
1.009435154501735710e+00
1.009435154501735710e+00
1.009434975099824383e+00
1.009434975099824383e+00
1.009426250772143874e+00
1.009426250772143874e+00
1.009426250772143874e+00
1.009425965701369998e+00
1.009425965701369998e+00
1.009198537944140384e+00
1.009198537944140384e+00
1.009198537944140384e+00
1.009198537944140384e+00
1.009198537944140384e+00
1.006873858147207645e+00
1.006873858147207645e+00
1.006873858147207645e+00
1.006873858147207201e+00
1.006873858147207201e+00
1.002394930274164153e+00
1.002394930274164153e+00
1.002394930274164153e+00
1.002394930274164153e+00
1.002394930274164153e+00
1.001990486750598208e+00
1.001990486750598208e+00
1.001990486750598208e+00
1.001990486750134357e+00
1.001990486654012802e+00
1.001990486654011470e+00
1.001990475315605256e+00
1.001990292480312350e+00
1.001990292480312350e+00
1.001990292480312350e+00
1.001989515906900552e+00
1.001989515906900552e+00
1.001989515906900552e+00
1.001989515906900552e+00
1.001989515906900552e+00
1.001961112872559401e+00
1.001961112872559401e+00
1.001961112872559401e+00
1.001961112872559401e+00
1.001961112872558957e+00
1.001554583549028044e+00
1.001554583549028044e+00
1.001554583549028044e+00
1.000458473995565312e+00
1.000458473995565312e+00
1.000458473995565312e+00
1.000458473995565312e+00
1.000458473995565312e+00
1.000320689952352460e+00
1.000320689952352460e+00
1.000320603838981803e+00
1.000320603838981803e+00
1.000320603838981803e+00
1.000320603838981803e+00
1.000320603838981803e+00
1.000320603835922473e+00
1.000320603835912259e+00
1.000320603323362034e+00
1.000320603323362034e+00
1.000320603323362034e+00
1.000320553676847135e+00
1.000317996240878582e+00
1.000317996240878360e+00
1.000317996240878360e+00
1.000317996240878360e+00
1.000317996240878360e+00
1.000266629908021843e+00
1.000266629908021843e+00
1.000266629908021843e+00
1.000072861656465584e+00
1.000072861656465584e+00
1.000072861656465584e+00
1.000072861656465584e+00
1.000072861656465584e+00
1.000038920293194522e+00
1.000038920293194522e+00
1.000038920293194522e+00
1.000038920293194522e+00
1.000038920293194522e+00
1.000038890867203545e+00
1.000038890867203545e+00
1.000038890867203545e+00
1.000038890867203545e+00
1.000038890867203545e+00
1.000038890867203545e+00
1.000038890850844853e+00
1.000038890850776463e+00
1.000038888600285336e+00
1.000038888600285336e+00
1.000038724648656618e+00
1.000038724648656618e+00
1.000038724648656618e+00
1.000038724648656618e+00
1.000034086623289964e+00
1.000034086623289964e+00
1.000034086623289964e+00
1.000009538830151312e+00
1.000009538830151312e+00
1.000009538830151312e+00
1.000009538830151312e+00
1.000003529288670423e+00
1.000003529288670423e+00
1.000003529288670423e+00
1.000003529288670423e+00
1.000003529288670423e+00
1.000003522035623371e+00
1.000003522035623371e+00
1.000003522035623371e+00
1.000003522035623371e+00
1.000003522035623371e+00
1.000003522035623371e+00
1.000003522035623371e+00
1.000003522035623371e+00
1.000003522035257220e+00
1.000003521963395370e+00
1.000003521963395370e+00
1.000003521963394260e+00
1.000003514527755932e+00
1.000003514527755932e+00
1.000003514527755932e+00
1.000003217046945059e+00
1.000003217046945059e+00
1.000003217046945059e+00
1.000000999503487531e+00
1.000000999503487531e+00
1.000000999503487531e+00
1.000000999503487531e+00
1.000000237960347649e+00
1.000000237960347649e+00
1.000000237960347649e+00
1.000000236676029441e+00
1.000000236676029441e+00
1.000000236676029441e+00
1.000000236676029441e+00
1.000000236676029441e+00
1.000000236676029441e+00
1.000000236676029441e+00
1.000000236676029441e+00
1.000000236676029441e+00
1.000000236676029441e+00
1.000000236676029441e+00
1.000000236674420950e+00
1.000000236436973777e+00
1.000000236436968004e+00
1.000000222944562145e+00
1.000000222944562145e+00
1.000000222944562145e+00
1.000000222944562145e+00
1.000000222944562145e+00
1.000000080703503880e+00
1.000000080703503880e+00
1.000000080703503880e+00
1.000000011906295949e+00
1.000000011906295949e+00
1.000000011906295949e+00
1.000000011906295949e+00
1.000000011743542361e+00
1.000000011743542361e+00
1.000000011743542361e+00
1.000000011743542361e+00
1.000000011743542361e+00
1.000000011743542361e+00
1.000000011743542361e+00
1.000000011743542361e+00
1.000000011743542361e+00
1.000000011743542361e+00
1.000000011743542361e+00
1.000000011743542361e+00
1.000000011743542361e+00
1.000000011738227279e+00
1.000000011738227279e+00
1.000000011738202188e+00
1.000000011307337511e+00
1.000000011307337511e+00
1.000000004855877256e+00
1.000000004855877256e+00
1.000000004855877256e+00
1.000000000442964998e+00
1.000000000442964998e+00
1.000000000442964998e+00
1.000000000428261870e+00
1.000000000428261870e+00
1.000000000428261870e+00
1.000000000428261870e+00
1.000000000428261870e+00
1.000000000428261870e+00
1.000000000428261870e+00
1.000000000428261870e+00
1.000000000428261870e+00
1.000000000428261870e+00
1.000000000428261870e+00
1.000000000428261870e+00
1.000000000428261870e+00
1.000000000428261870e+00
1.000000000428261870e+00
1.000000000428261870e+00
1.000000000418617363e+00
1.000000000418534318e+00
1.000000000212514006e+00
1.000000000212513784e+00
1.000000000012362555e+00
1.000000000012362555e+00
1.000000000012362555e+00
1.000000000012362555e+00
1.000000000011419310e+00
1.000000000011419310e+00
1.000000000011419310e+00
1.000000000011419310e+00
1.000000000011419310e+00
1.000000000011419310e+00
1.000000000011419310e+00
1.000000000011419310e+00
1.000000000011419310e+00
1.000000000011419310e+00
1.000000000011419310e+00
1.000000000011419310e+00
1.000000000011419310e+00
1.000000000011419310e+00
1.000000000011419310e+00
1.000000000011419310e+00
1.000000000011419310e+00
1.000000000011268764e+00
1.000000000006657119e+00
1.000000000006657119e+00
1.000000000006656231e+00
1.000000000000264677e+00
1.000000000000264677e+00
1.000000000000221823e+00
1.000000000000221823e+00
1.000000000000221823e+00
1.000000000000221823e+00
1.000000000000221823e+00
1.000000000000221823e+00
1.000000000000221823e+00
1.000000000000221823e+00
1.000000000000221823e+00
1.000000000000221823e+00
1.000000000000221823e+00
1.000000000000221823e+00
1.000000000000221823e+00
1.000000000000221823e+00
1.000000000000221823e+00
1.000000000000221823e+00
1.000000000000221823e+00
1.000000000000149880e+00
1.000000000000006661e+00
1.000000000000005107e+00
1.000000000000003775e+00
1.000000000000003775e+00
1.000000000000003775e+00
1.000000000000003775e+00
1.000000000000003775e+00
1.000000000000003775e+00
1.000000000000003775e+00
1.000000000000003775e+00
1.000000000000003775e+00
1.000000000000003775e+00
1.000000000000003775e+00
1.000000000000003775e+00
1.000000000000003775e+00
1.000000000000003775e+00
1.000000000000003775e+00
1.000000000000003775e+00
1.000000000000003775e+00
1.000000000000003775e+00
1.000000000000003775e+00
1.000000000000003775e+00
1.000000000000001554e+00
1.000000000000001554e+00
1.000000000000000666e+00
1.000000000000000666e+00
1.000000000000000666e+00
1.000000000000000666e+00
1.000000000000000666e+00
1.000000000000000666e+00
1.000000000000000666e+00
1.000000000000000666e+00
1.000000000000000666e+00
1.000000000000000666e+00
1.000000000000000666e+00
1.000000000000000666e+00
1.000000000000000666e+00
1.000000000000000666e+00
1.000000000000000666e+00
1.000000000000000666e+00
1.000000000000000666e+00
1.000000000000000666e+00
1.000000000000000666e+00
1.000000000000000666e+00
1.000000000000000666e+00
1.000000000000000666e+00
1.000000000000000666e+00
1.000000000000000666e+00
1.000000000000000666e+00
1.000000000000000666e+00
1.000000000000000666e+00
1.000000000000000666e+00
1.000000000000000666e+00
1.000000000000000666e+00
1.000000000000000666e+00
1.000000000000000666e+00
1.000000000000000666e+00
1.000000000000000666e+00
1.000000000000000666e+00
1.000000000000000666e+00
1.000000000000000666e+00
1.000000000000000666e+00
1.000000000000000666e+00
1.000000000000000666e+00
1.000000000000000666e+00
1.000000000000000666e+00
1.000000000000000666e+00
1.000000000000000666e+00
1.000000000000000666e+00
1.000000000000000666e+00
1.000000000000000666e+00
1.000000000000000666e+00
1.000000000000000666e+00
1.000000000000000666e+00
1.000000000000000666e+00
1.000000000000000666e+00
1.000000000000000666e+00
1.000000000000000666e+00
1.000000000000000666e+00
1.000000000000000666e+00
1.000000000000000666e+00
1.000000000000000666e+00
1.000000000000000666e+00
1.000000000000000666e+00
1.000000000000000666e+00
1.000000000000000666e+00
1.000000000000000666e+00
1.000000000000000666e+00
1.000000000000000666e+00
1.000000000000000666e+00
1.000000000000000666e+00
1.000000000000000666e+00
1.000000000000000666e+00
1.000000000000000666e+00
1.000000000000000666e+00
1.000000000000000666e+00
1.000000000000000666e+00
1.000000000000000666e+00
1.000000000000000666e+00
1.000000000000000666e+00
1.000000000000000666e+00
1.000000000000000666e+00
1.000000000000000666e+00
1.000000000000000666e+00
1.000000000000000666e+00
1.000000000000000666e+00
1.000000000000000666e+00
1.000000000000000666e+00
1.000000000000000666e+00
1.000000000000000666e+00
1.000000000000000666e+00
1.000000000000000666e+00
1.000000000000000666e+00
1.000000000000000666e+00
1.000000000000000666e+00
1.000000000000000666e+00
1.000000000000000666e+00
1.000000000000000666e+00
1.000000000000000666e+00
1.000000000000000666e+00
1.000000000000000666e+00
1.000000000000000666e+00
1.000000000000000666e+00
1.000000000000000666e+00
1.000000000000000666e+00
1.000000000000000666e+00
1.000000000000000666e+00
1.000000000000000666e+00
1.000000000000000666e+00
1.000000000000000666e+00
1.000000000000000666e+00
1.000000000000000666e+00
1.000000000000000666e+00
1.000000000000000666e+00
1.000000000000000666e+00
1.000000000000000666e+00
1.000000000000000666e+00
1.000000000000000666e+00
1.000000000000000666e+00
1.000000000000000666e+00
1.000000000000000666e+00
1.000000000000000666e+00
1.000000000000000666e+00
1.000000000000000666e+00
1.000000000000000666e+00
1.000000000000000666e+00
1.000000000000000666e+00
1.000000000000000666e+00
1.000000000000000666e+00
1.000000000000000666e+00
1.000000000000000666e+00
1.000000000000000666e+00
1.000000000000000666e+00
1.000000000000000666e+00
1.000000000000000666e+00
1.000000000000000666e+00
1.000000000000000666e+00
1.000000000000000666e+00
1.000000000000000666e+00
1.000000000000000666e+00
1.000000000000000666e+00
1.000000000000000666e+00
1.000000000000000666e+00
1.000000000000000666e+00
1.000000000000000666e+00
1.000000000000000666e+00
1.000000000000000666e+00
1.000000000000000666e+00
1.000000000000000666e+00
1.000000000000000666e+00
1.000000000000000666e+00
1.000000000000000666e+00
1.000000000000000666e+00
1.000000000000000666e+00
1.000000000000000666e+00
1.000000000000000666e+00
1.000000000000000666e+00
1.000000000000000666e+00
1.000000000000000666e+00
1.000000000000000666e+00
1.000000000000000666e+00
1.000000000000000666e+00
1.000000000000000666e+00
1.000000000000000666e+00
1.000000000000000666e+00
1.000000000000000666e+00
1.000000000000000666e+00
1.000000000000000666e+00
1.000000000000000666e+00
1.000000000000000666e+00
1.000000000000000666e+00
1.000000000000000666e+00
1.000000000000000666e+00
1.000000000000000666e+00
1.000000000000000666e+00
1.000000000000000666e+00
1.000000000000000666e+00
1.000000000000000666e+00
1.000000000000000666e+00
1.000000000000000666e+00
1.000000000000000666e+00
1.000000000000000666e+00
1.000000000000000666e+00
1.000000000000000666e+00
1.000000000000000666e+00
1.000000000000000666e+00
1.000000000000000666e+00
1.000000000000000666e+00
1.000000000000000666e+00
1.000000000000000666e+00
1.000000000000000666e+00
1.000000000000000666e+00
1.000000000000000666e+00
1.000000000000000666e+00
1.000000000000000666e+00
1.000000000000000666e+00
1.000000000000000666e+00
1.000000000000000666e+00
1.000000000000000666e+00
1.000000000000000666e+00
1.000000000000000666e+00
1.000000000000000666e+00
1.000000000000000666e+00
1.000000000000000666e+00
1.000000000000000666e+00
1.000000000000000666e+00
1.000000000000000666e+00
1.000000000000000666e+00
1.000000000000000666e+00
1.000000000000000666e+00
1.000000000000000666e+00
1.000000000000000666e+00
1.000000000000000666e+00
1.000000000000000666e+00
1.000000000000000666e+00
1.000000000000000666e+00
1.000000000000000666e+00
1.000000000000000666e+00
1.000000000000000666e+00
1.000000000000000666e+00
1.000000000000000666e+00
1.000000000000000666e+00
1.000000000000000666e+00
1.000000000000000666e+00
1.000000000000000666e+00
1.000000000000000666e+00
1.000000000000000666e+00
1.000000000000000666e+00
1.000000000000000666e+00
1.000000000000000666e+00
1.000000000000000666e+00
1.000000000000000666e+00
1.000000000000000666e+00
1.000000000000000666e+00
1.000000000000000666e+00
1.000000000000000666e+00
1.000000000000000666e+00
1.000000000000000666e+00
1.000000000000000666e+00
1.000000000000000666e+00
1.000000000000000666e+00
1.000000000000000666e+00
1.000000000000000666e+00
1.000000000000000666e+00
1.000000000000000666e+00
1.000000000000000666e+00
1.000000000000000666e+00
1.000000000000000666e+00
1.000000000000000666e+00
1.000000000000000666e+00
1.000000000000000666e+00
1.000000000000000666e+00
1.000000000000000666e+00
1.000000000000000666e+00
1.000000000000000666e+00
1.000000000000000666e+00
1.000000000000000666e+00
1.000000000000000666e+00
1.000000000000000666e+00
1.000000000000000666e+00
1.000000000000000666e+00
1.000000000000000666e+00
1.000000000000000666e+00
1.000000000000000666e+00
1.000000000000000666e+00
1.000000000000000666e+00
1.000000000000000666e+00
1.000000000000000666e+00
1.000000000000000666e+00
1.000000000000000666e+00
1.000000000000000666e+00
1.000000000000000666e+00
1.000000000000000666e+00
1.000000000000000666e+00
1.000000000000000666e+00
1.000000000000000666e+00
1.000000000000000666e+00
1.000000000000000666e+00
1.000000000000000666e+00
1.000000000000000666e+00
1.000000000000000666e+00
1.000000000000000666e+00
1.000000000000000666e+00
1.000000000000000666e+00
1.000000000000000666e+00
1.000000000000000666e+00
1.000000000000000666e+00
1.000000000000000666e+00
1.000000000000000666e+00
1.000000000000000666e+00
1.000000000000000666e+00
1.000000000000000666e+00
1.000000000000000666e+00
1.000000000000000666e+00
1.000000000000000666e+00
1.000000000000000666e+00
1.000000000000000666e+00
1.000000000000000666e+00
1.000000000000000666e+00
1.000000000000000666e+00
1.000000000000000666e+00
1.000000000000000666e+00
1.000000000000000666e+00
1.000000000000000666e+00
1.000000000000000666e+00
1.000000000000000666e+00
1.000000000000000666e+00
1.000000000000000666e+00
1.000000000000000666e+00
1.000000000000000666e+00
1.000000000000000666e+00
1.000000000000000666e+00
1.000000000000000666e+00
1.000000000000000666e+00
1.000000000000000666e+00
1.000000000000000666e+00
1.000000000000000666e+00
1.000000000000000666e+00
