5.502007289724279972e+89
1.491267098257597013e+89
7.751802460448897926e+88
4.580295837849674467e+88
3.600041640681837362e+88
3.360303366316025676e+88
2.303484101586494274e+88
2.255664996764108810e+88
7.522578391788085780e+87
1.230084899526215918e+87
1.228999382458469120e+87
3.130527101738446735e+86
1.405567778864144862e+86
6.921621380193590933e+85
4.815192589984829405e+85
4.256835832353565922e+85
4.037844223206021722e+85
3.695977926009153881e+85
2.149884323424671131e+85
2.144456131205699579e+85
4.136711546043093242e+84
4.136664125247371493e+84
8.830296996361321412e+83
3.287619640782460137e+83
3.287316477318029992e+83
1.301634841752442736e+83
7.769380937593588965e+82
7.769361291582066663e+82
6.342331358661154703e+82
6.342329789551985906e+82
5.708304192936019375e+82
4.811636391910686400e+82
1.571571550441162958e+82
1.564366593542954184e+82
1.552280012028187493e+82
3.125181685237152807e+81
3.125069737619871820e+81
9.668069453940405007e+80
9.668067538860185805e+80
3.035402694049337735e+80
3.035334117872622469e+80
3.035334113767479307e+80
1.520215765839319170e+80
1.116640217333382382e+80
1.116638785880202838e+80
9.244475898188073144e+79
9.244475165679857339e+79
8.694573209203036091e+79
5.350339143526264108e+79
5.233395170930876409e+79
1.329219859118298445e+79
1.328715958861467691e+79
3.568703883111664372e+78
3.567022727370457721e+78
3.567022726922175383e+78
3.567011944048802984e+78
8.881273620034122387e+77
8.881273529486400094e+77
3.669576612930234999e+77
3.669541259895794817e+77
3.669541259641582361e+77
2.364238145733133402e+77
2.364238145732340475e+77
1.736676763540596143e+77
1.736676763540223590e+77
1.736676002720951807e+77
1.541907197903987052e+77
1.541907166226071572e+77
1.499923652052066075e+77
6.217551558265814464e+76
5.881243715986556744e+76
1.612555398468331173e+76
1.611498788896928363e+76
3.282212375231384561e+75
3.282189650950315689e+75
3.281687885197620445e+75
1.107374961740182023e+75
1.107374961731736961e+75
1.107374903503594120e+75
6.113231293544505478e+74
6.113231291726786375e+74
6.113209732577500892e+74
3.841613983544504157e+74
3.841613983535597200e+74
3.841613983535334064e+74
3.124827721001137801e+74
3.124827338098817265e+74
3.124827338098788139e+74
2.947097802710613214e+74
2.947097802710611206e+74
2.947097780090079805e+74
2.892513219658746003e+74
2.145058186817788041e+74
8.187536029169868913e+73
8.127950662369499927e+73
1.524735250895041952e+73
1.524665366037501085e+73
4.214920541349430765e+72
4.214918441646444155e+72
1.955369766248487465e+72
1.955330629773686912e+72
1.955330629770381234e+72
1.955330622078328965e+72
1.017801867022438552e+72
1.017801867006330332e+72
7.350845363074407454e+71
7.350840517358264725e+71
7.350840517358176454e+71
6.584050111164646699e+71
6.584050111164017027e+71
6.584049778890516131e+71
6.301606073547276913e+71
6.301606073547274952e+71
6.301606073547273971e+71
3.916930093368266985e+71
8.701201629388224646e+70
8.613304120574142181e+70
8.602878401460235636e+70
8.602878399040338131e+70
2.027429539847191605e+70
2.027157468514074402e+70
7.813106956678757389e+69
7.813106956678757389e+69
7.813096674608371395e+69
3.286814296170090543e+69
3.286814242071256652e+69
3.286797052191447196e+69
3.286797052191447196e+69
2.047986307697575814e+69
2.047986307697242496e+69
2.047986307427473858e+69
1.699092910892270064e+69
1.699092404844648272e+69
1.699092404843567863e+69
1.551748124423883329e+69
1.551748124423878923e+69
1.551748124423872793e+69
1.551748101252724115e+69
1.516546926751119895e+69
5.546111354471867402e+68
5.271143068618540043e+68
1.216197337271833666e+68
1.214916122048105530e+68
1.214916122048105530e+68
3.920695794830196526e+67
3.920695794830196526e+67
3.920359613420582731e+67
3.920302608214012960e+67
3.920302608167783676e+67
1.314436239004323393e+67
1.314436115702104400e+67
6.899639871609352117e+66
6.899625065181841842e+66
6.899625057560636757e+66
6.899625057560636757e+66
5.160834958160152259e+66
5.160834958160152259e+66
5.160834958159920290e+66
5.160834958118691819e+66
4.364258414495460910e+66
4.364257995341305750e+66
4.142266642996613439e+66
4.142266642996497455e+66
4.142266642996495210e+66
4.142266642996495210e+66
4.142266627806923211e+66
4.102749505037959125e+66
4.102749505037959125e+66
2.816259881358517750e+66
8.588970046385229457e+65
8.537974838019645917e+65
2.457255587584957294e+65
6.589629300314157141e+64
6.589418340706962172e+64
6.589232714134427889e+64
2.862690139212436720e+64
2.862690139212436720e+64
2.862688851331264299e+64
2.862688851328568706e+64
2.862688851328568706e+64
1.879613916831605065e+64
1.879613908771061960e+64
1.879612529241563155e+64
1.419908028762528378e+64
1.419908028684846935e+64
1.419908028684834074e+64
1.419908028684834074e+64
1.419908028684834074e+64
1.278799784165893973e+64
1.278799784165436377e+64
1.278799751058245566e+64
1.248327067218334244e+64
1.248327067218332929e+64
1.248327067218332929e+64
1.248327067218332929e+64
6.293783773652931798e+63
6.293783769818347569e+63
6.275831105556550541e+63
1.886315286454302476e+63
1.857472355181614545e+63
4.163727067555247538e+62
4.163051689468173130e+62
1.483521668983263538e+62
1.483517138589134819e+62
1.483517138589134819e+62
8.345367233945867409e+61
8.345329853642742594e+61
8.345329503738329449e+61
8.345329503738329449e+61
8.345329503736664707e+61
5.426732030101455957e+61
5.426732028484391172e+61
4.502051735356011025e+61
4.502051007275790305e+61
4.502051007275790305e+61
4.502051007261674254e+61
4.269829342222925708e+61
4.269829342222919428e+61
4.269829342222919428e+61
4.269829301861776217e+61
4.269829301861707138e+61
4.202870165760446608e+61
4.202870165760446608e+61
1.669681333899717598e+61
1.521695549342795903e+61
3.288427952508947062e+60
3.288427952508947062e+60
3.283447822284150520e+60
9.685285979828501244e+59
9.684750747447181694e+59
9.684750747381183977e+59
9.684750747381183977e+59
9.684750747381183977e+59
9.684595908101984064e+59
4.579248405779544511e+59
2.479675036720243253e+59
2.479674632075307191e+59
2.479671596038334475e+59
1.835245403935852313e+59
1.835245399863227783e+59
1.835245399863227783e+59
1.835245399863227783e+59
1.835245399863183627e+59
1.656393858996842382e+59
1.656393858996842382e+59
1.656393858969610496e+59
1.656393751196421624e+59
1.594046134727442273e+59
1.594046134727442273e+59
1.594046134727441827e+59
1.594046134727202094e+59
1.594046134727202094e+59
1.594046130638296013e+59
1.582231506548388197e+59
3.386656279489287263e+58
3.105922940648334613e+58
7.979360018122349851e+57
7.979360018122349851e+57
7.958635482513122919e+57
3.136786874327317373e+57
3.136594598835443097e+57
3.136594598835443097e+57
3.136542955362093306e+57
3.136542955362093306e+57
1.379520145366183778e+57
1.379520145365448376e+57
1.379519140976133624e+57
1.379519140976133624e+57
8.840335018299027642e+56
8.840335018299027642e+56
8.840334894520379129e+56
8.840330674829709921e+56
7.400235741351055254e+56
7.400235740154112410e+56
7.400235740154067111e+56
7.400235740154067111e+56
6.819835032233901373e+56
6.819835032233901373e+56
6.819835032233901373e+56
6.819835032233901373e+56
6.819834899435080544e+56
6.819834899428828496e+56
6.684688017834088479e+56
6.684688017834088479e+56
6.684688017834088479e+56
6.684688017834044923e+56
6.684688013885681434e+56
6.665486903388805223e+56
3.109369631838785350e+56
8.141720695225908979e+55
8.043787822089013560e+55
8.043787822089013560e+55
2.692379198661287226e+55
2.691377245969220857e+55
9.497965233940757127e+54
9.497908873520821075e+54
5.141066392284464598e+54
5.141051220517792368e+54
5.141051220517792368e+54
5.141051220517792368e+54
5.141051220517162846e+54
5.141050884799807060e+54
3.880924948895021652e+54
3.880924948895021652e+54
3.880924948895021652e+54
3.325590459616252948e+54
3.325590456450023525e+54
3.325590022395975334e+54
3.325590022395975334e+54
3.325590022395971251e+54
3.173228868080119604e+54
3.173228868080119604e+54
3.173228868050312910e+54
3.173228852263344656e+54
3.173228852263344656e+54
3.146003348133885583e+54
3.146003348133750832e+54
3.146003348133750832e+54
3.146003348133750832e+54
3.146003348133750832e+54
1.011967893091786654e+54
2.946549495900814120e+53
2.865381007566780301e+53
2.864994155749728695e+53
2.864994155749728695e+53
2.864994155704959020e+53
8.192383289637027443e+52
8.188133131119191821e+52
3.678754543448928929e+52
3.678694720737723801e+52
3.678694720737723801e+52
2.435830573231453706e+52
2.435830573231453706e+52
2.435829681090870030e+52
2.435827205451639106e+52
2.435827205451639106e+52
1.872691465915478040e+52
1.872691465915478040e+52
1.872691465915442683e+52
1.872691457863531380e+52
1.872691457863531380e+52
1.872691457863531380e+52
1.700652037860956976e+52
1.700651975532452421e+52
1.700651975420312367e+52
1.663085664609355733e+52
1.663085664609355467e+52
1.663085664609355467e+52
1.663085664609355467e+52
1.663085664609355467e+52
1.663085664608526826e+52
1.663085661931774011e+52
1.654877968115864791e+52
1.654877968115864791e+52
4.196655266669651437e+51
3.625258829969622553e+51
8.893703807288271239e+50
8.861600892407411896e+50
8.861600892407410235e+50
3.285522074558844108e+50
3.285522074558844108e+50
3.285485099798842514e+50
3.285266467062558448e+50
3.285266467060053269e+50
1.861837959756441063e+50
1.861837959756441063e+50
1.861837959756441063e+50
1.861834271865358057e+50
1.237284546156172472e+50
1.237284546156172472e+50
1.237284195418453289e+50
1.237284153810650765e+50
1.237284153810650765e+50
1.237284153810650765e+50
1.038196228693316374e+50
1.038196228693316374e+50
1.038196228693312843e+50
1.038196228358153820e+50
9.872605787296668708e+49
9.872605787296668708e+49
9.872605657637728242e+49
9.872605657637728242e+49
9.872605657637728242e+49
9.733041454277916035e+49
9.733041454240737113e+49
9.733041454240737113e+49
9.733041454240737113e+49
9.733041450339087407e+49
9.712549404583881710e+49
9.712549404583669865e+49
4.935519290815566642e+49
1.204850035335635692e+49
3.711252352187600537e+48
3.689463358133564987e+48
3.689463358133564987e+48
3.689463358133564987e+48
1.758211674782960993e+48
1.757809210233840741e+48
1.757809210233840741e+48
1.757803398670628386e+48
9.767802295237969918e+47
9.767755783732692723e+47
9.767755783732692723e+47
9.767755783731956066e+47
9.767755783731956066e+47
9.767755783731956066e+47
7.330587037172962456e+47
7.330586003771205917e+47
7.330585243788265005e+47
6.636897369437220888e+47
6.636897353223168961e+47
6.636897353223168961e+47
6.636897353223168961e+47
6.636897353223163282e+47
6.636897353223163282e+47
6.405861977882658032e+47
6.405861977882658032e+47
6.405861977882658032e+47
6.405861977753498837e+47
6.405861954522599652e+47
6.405861954522599652e+47
6.362830644605554983e+47
6.362830644604355887e+47
6.362830644604355887e+47
6.362830644604355887e+47
6.362830644604355887e+47
6.362830644604355887e+47
1.965891967442280927e+47
1.965432059779929076e+47
1.965432059726997261e+47
5.298532200828468527e+46
5.182587113199702887e+46
2.071268642792040984e+46
2.069088403874205981e+46
9.387516450962092032e+45
9.387240267902968370e+45
9.387240267902968370e+45
9.387240267902968370e+45
6.111162695395955640e+45
6.111158359474595661e+45
6.111155068593838587e+45
6.111155068593838587e+45
6.111155068593738443e+45
5.129583840763607640e+45
5.129583840763607640e+45
5.129583840763607640e+45
5.129583772233485737e+45
4.749713675145686432e+45
4.749713675145686432e+45
4.749713675145686432e+45
4.749713539366460600e+45
4.749713538525884022e+45
4.662243142905947691e+45
4.662243142905947691e+45
4.662243142905947058e+45
4.662243142905947058e+45
4.662243138811913523e+45
4.662243138811913523e+45
4.662243138806751016e+45
4.649676366990331624e+45
4.649676366990331624e+45
4.649676366990331624e+45
1.012707318395258765e+45
8.799812995213525561e+44
3.049425590368724851e+44
3.049425590368724851e+44
3.036924803207661595e+44
3.036924803207661595e+44
1.116287913510386424e+44
1.116278757950097478e+44
1.116278757949502276e+44
1.116278757949502078e+44
1.116278757949502078e+44
1.116126212859624148e+44
6.147996904384156503e+43
6.147996904384156503e+43
6.147975491719212677e+43
4.647031540945569859e+43
4.647031540945569859e+43
4.647030473963470387e+43
4.647030473963470387e+43
4.647030473963470387e+43
4.009111858815605058e+43
4.009111666998589003e+43
4.009111666998589003e+43
4.009111666998589003e+43
4.009111666998578109e+43
3.834871810489300564e+43
3.834871810489300564e+43
3.834871806612263004e+43
3.834871777164595464e+43
3.834871777164595464e+43
3.803237890733920001e+43
3.803237890733920001e+43
3.803237890693248719e+43
3.803237890693248719e+43
3.803237890693248719e+43
3.803237890693248719e+43
3.803237889743421893e+43
3.803237889743421893e+43
3.798068902050578962e+43
6.830761009614682866e+42
5.582773332376537864e+42
5.582773332376537864e+42
5.582773332376497012e+42
1.672262088207694367e+42
1.659052228776167529e+42
7.610248841920212919e+41
7.608367796456016704e+41
7.608367796456016704e+41
7.608349695980357405e+41
7.608349695980357405e+41
5.034101187384853848e+41
5.034101187384853848e+41
5.034101187384549779e+41
5.034045102236494080e+41
5.034045102236494080e+41
3.904780624500988873e+41
3.904780624500988873e+41
3.904780624500988873e+41
3.904779454668704466e+41
3.904779204029097041e+41
3.558905555143721013e+41
3.558905555143721013e+41
3.558905555143721013e+41
3.558905539843250224e+41
3.558905539843248676e+41
3.558905539843248676e+41
3.558905539843248676e+41
3.481794327137217209e+41
3.481794327137217209e+41
3.481794318674078816e+41
3.481794318674078816e+41
3.481794318432901016e+41
3.481794318432901016e+41
3.465638918284616863e+41
3.465638918284616863e+41
3.465638918282721654e+41
3.465638918282721654e+41
3.465638918282721654e+41
3.465638918084387025e+41
3.463810823657679194e+41
1.254036837983594958e+41
3.180310611796922795e+40
3.180310611796922795e+40
3.077898764904777534e+40
3.077898764904777534e+40
1.175415936409377614e+40
1.173834848486435080e+40
6.639066739590837216e+39
6.639066739590837216e+39
6.638807916728022264e+39
4.461788358114540840e+39
4.461786287131841896e+39
4.461786287131841896e+39
4.461786287131841896e+39
4.461780320197276945e+39
4.461780320197227983e+39
4.461780320197227983e+39
3.761034690891345178e+39
3.761034690891345178e+39
3.761034690891345178e+39
3.761034581034739957e+39
3.577168864872875696e+39
3.577168864872875696e+39
3.577168791537821562e+39
3.577168791537821562e+39
3.577168791537821562e+39
3.577168791537821562e+39
3.528680948274349520e+39
3.528680948274348915e+39
3.528680947139261263e+39
3.528680947139261263e+39
3.528680944953293685e+39
3.528680944953293685e+39
3.521600578044678495e+39
3.521600578030834481e+39
3.521600578030834481e+39
3.521600578030834481e+39
3.521600578030834481e+39
7.822569655634453195e+38
7.822569655634453195e+38
2.366992670965013786e+38
2.279250672941094393e+38
2.279224352629109803e+38
1.083992021874162660e+38
1.081041367225820856e+38
1.081041367225426255e+38
1.081041367225426255e+38
1.081041367225426255e+38
1.081041367225426255e+38
6.095511774517031259e+37
6.095511774517028426e+37
6.094742255193945576e+37
4.597730874722218190e+37
4.597714062833618389e+37
4.597714062833618389e+37
4.597713296145707482e+37
4.597713296145707482e+37
4.159233560062784069e+37
4.159233560062784069e+37
4.159233560062776041e+37
4.159233035204625670e+37
4.159233035204625670e+37
4.159233035204625670e+37
4.018243594849282871e+37
4.018243594849282871e+37
4.018243571579145312e+37
4.018243562116409268e+37
4.018243562116409268e+37
3.992020581713095291e+37
3.992020581713095291e+37
3.992020581713095291e+37
3.992020581713095291e+37
3.992020581713095291e+37
3.992020581713095291e+37
3.992020581713095291e+37
3.992020581631579689e+37
3.992020581059515047e+37
3.989001943222798219e+37
3.989001943222798219e+37
3.989001943222798219e+37
6.670731427371053296e+36
5.503616300582486679e+36
2.208702560004374529e+36
2.189771358651696757e+36
2.189771358651674326e+36
1.014528788600060925e+36
1.014528788600060925e+36
1.014060541814122090e+36
1.014058725399934942e+36
6.639084747248464761e+35
6.639084747248171089e+35
6.639084747248171089e+35
6.639084747248171089e+35
6.638961099034380231e+35
6.638961099034380231e+35
5.556781977867612048e+35
5.556781977867612048e+35
5.556781977867612048e+35
5.556779492111161458e+35
5.556779210483847522e+35
5.151603859854832945e+35
5.151603859854832945e+35
5.151603859854830732e+35
5.151603859854830732e+35
5.151603799092699026e+35
5.151603799092699026e+35
5.058055668957565181e+35
5.058055668957565181e+35
5.058055661418214120e+35
5.058055661418214120e+35
5.058055661418214120e+35
5.058055660576896492e+35
5.044179227308391538e+35
5.044179227308391538e+35
5.044179227308391538e+35
5.044179227308391538e+35
5.044179227308391538e+35
5.044179227308391538e+35
5.044179227128658270e+35
5.042498232653510631e+35
5.042498232648098356e+35
1.673864515376284411e+35
5.727761486478156955e+34
5.487292653305643891e+34
2.089239357113463732e+34
2.089239357113463732e+34
2.086155646339902078e+34
2.086155646339902078e+34
1.157570804546723405e+34
1.157570804546723405e+34
1.157488212888214533e+34
8.699261730538732362e+33
8.699258368937308990e+33
8.699258368937308990e+33
8.699258368937308990e+33
8.699258368937306685e+33
8.699258368937231745e+33
7.515415699434116799e+33
7.515399660863704109e+33
7.515399660863704109e+33
7.515399660863704109e+33
7.515399660863704109e+33
7.189918795800205743e+33
7.189918699391392283e+33
7.189918385345799689e+33
7.189918385345799689e+33
7.189918385345799689e+33
7.189918385345799689e+33
7.189918385345799689e+33
7.128698295357658045e+33
7.128698295357658045e+33
7.128698295357658045e+33
7.128698288829099368e+33
7.128698285882135157e+33
7.128698285882135157e+33
7.119075217234427996e+33
7.119075217165079767e+33
7.119075217165079767e+33
7.119075217165079767e+33
7.119075217165079767e+33
7.119075217165079767e+33
1.969958544071257823e+33
1.969958544071257823e+33
5.670581583185043760e+32
5.377672179035106252e+32
5.377624116299501200e+32
5.377624116296443076e+32
5.377624116296443076e+32
2.491244003973362128e+32
2.482690360674859039e+32
2.482690360674859039e+32
1.628845168061424377e+32
1.628590979466546262e+32
1.628590979466544460e+32
1.628590979466544460e+32
1.265321717994955266e+32
1.265321717994955266e+32
1.265311728314483323e+32
1.265311582896901432e+32
1.152897926613811714e+32
1.152897926613811714e+32
1.152897926613811714e+32
1.152897926613810092e+32
1.152897641790923351e+32
1.152897641790923351e+32
1.152897641790923351e+32
1.152897641790923351e+32
1.126862392044065919e+32
1.126862387383935400e+32
1.126862387383935400e+32
1.126862383055456803e+32
1.121599249506122018e+32
1.121599249506122018e+32
1.121599249506122018e+32
1.121599249506122018e+32
1.121599249506122018e+32
1.121599249506122018e+32
1.121599249506122018e+32
1.121599249438875710e+32
1.121599249329657114e+32
1.121599249329657114e+32
1.120999711383245371e+32
1.120999711383245371e+32
2.037911564654869972e+31
1.726929307112311201e+31
1.726929307112311201e+31
6.702752381957356398e+30
6.625646170301810650e+30
3.714271279464217040e+30
3.714271279464217040e+30
3.714271279464159056e+30
3.714266591214612973e+30
3.711684438471345666e+30
3.711684438471345666e+30
3.711684438471164396e+30
2.501537846216911947e+30
2.501537846216911947e+30
2.501537846216911947e+30
2.501477151777323783e+30
2.501477151777323783e+30
2.106213731963732133e+30
2.106213731963732133e+30
2.106213652674485809e+30
2.106211563906386853e+30
2.106211563906386853e+30
1.998305623945671507e+30
1.998305623945671507e+30
1.998305623945670944e+30
1.998305623945670944e+30
1.998305623945670944e+30
1.998305575931896004e+30
1.970790013424555167e+30
1.970790013424555167e+30
1.970790013424555167e+30
1.970790011290509284e+30
1.970790011290509284e+30
1.970790011290509284e+30
1.966731050813367844e+30
1.966731050264737649e+30
1.966731050264737649e+30
1.966731050264737649e+30
1.966731050264737649e+30
1.966731050264737649e+30
1.966731050264737649e+30
1.966731050222888794e+30
1.966353981551623595e+30
1.966353981545263668e+30
2.918068382443679380e+29
2.276245171455844766e+29
1.063184886624043232e+29
1.045431683040685172e+29
1.045431683040685172e+29
5.928364881810411975e+28
5.920112139021971230e+28
5.920112139021971230e+28
5.920112139021971230e+28
5.920109795272177147e+28
4.456677061869683232e+28
4.456300527604642620e+28
4.456300527604642620e+28
4.456300527604642620e+28
4.456300527604612713e+28
4.456300527604612713e+28
4.456300527604610954e+28
4.010249794883067815e+28
4.010249794883067815e+28
4.010249794883067815e+28
4.010238023714698466e+28
4.010238023714698466e+28
4.010238023714698466e+28
3.871465642983556517e+28
3.871465602875924082e+28
3.871465206884901707e+28
3.871465206884901707e+28
3.871465206884901707e+28
3.871465206884901707e+28
3.871465206884901707e+28
3.845308899460800452e+28
3.845308899460800452e+28
3.845308899460800452e+28
3.845308892063031133e+28
3.845308891050619298e+28
3.845308891050619298e+28
3.842145340153618963e+28
3.842145340089189780e+28
3.842145340089189780e+28
3.842145340089189780e+28
3.842145340089189780e+28
3.842145340089189780e+28
3.842145340089189780e+28
1.038812225238529562e+28
3.898472845251888667e+27
3.898443685281605936e+27
3.898443685281605936e+27
3.898443685279742814e+27
3.649917693589619989e+27
1.714115896563812053e+27
1.714115896563812053e+27
1.714115896563812053e+27
1.707783461183175369e+27
1.115656676255851078e+27
1.115360493116117539e+27
1.115360493116112866e+27
9.249771979780828369e+26
9.249771979780828369e+26
9.249771979780828369e+26
9.249771123176339930e+26
9.249648715740372485e+26
9.249648715740372485e+26
8.560608946594546856e+26
8.560608946594537236e+26
8.560608946594537236e+26
8.560605936806406075e+26
8.560605936806406075e+26
8.560605936806406075e+26
8.398990524972200254e+26
8.398990524972200254e+26
8.398990524972200254e+26
8.398990501448691862e+26
8.398990501448691862e+26
8.398990423898110904e+26
8.373723298218130912e+26
8.373723298218130912e+26
8.373723298218130912e+26
8.373723298218130912e+26
8.373723298218130912e+26
8.373723298218130912e+26
8.373723297674030711e+26
8.373723297674030711e+26
8.373723296594545313e+26
8.370769766966519604e+26
8.370769766966519604e+26
8.370769766966519604e+26
8.370769766966519604e+26
1.979684179042518216e+26
1.582055239740338335e+26
6.168029520542366180e+25
6.079329221213477721e+25
6.079329221213477721e+25
6.079329221213477721e+25
3.376453591493919652e+25
3.376450316660405325e+25
3.376450316660405325e+25
3.376450316660291938e+25
3.376450316660166525e+25
3.373955844880549266e+25
2.501353287276708480e+25
2.501353287276708480e+25
2.501353287276708480e+25
2.501240910188899982e+25
2.154530587153575333e+25
2.154530587153575333e+25
2.154530529238002072e+25
2.154530529238002072e+25
2.057523001006994594e+25
2.057523001006994594e+25
2.057519602493332980e+25
2.057519602493332551e+25
2.057519602493332551e+25
2.057519602493332121e+25
2.057519602493332121e+25
2.038244717654343646e+25
2.038244717654343646e+25
2.038244646658045476e+25
2.038244646658045476e+25
2.038244645088018463e+25
2.038244645088018463e+25
2.038244645088018463e+25
2.035311828261798900e+25
2.035311828261798900e+25
2.035311828261798900e+25
2.035311826860490228e+25
2.035311826860490228e+25
2.035311826860490228e+25
2.035311826860490228e+25
2.035311826860490228e+25
2.035311826831671856e+25
2.035050532335453214e+25
3.481842041596225744e+24
2.801774395515235899e+24
2.801774395512493563e+24
1.285544574192806137e+24
1.257743276218968290e+24
1.257743276218968290e+24
8.109236091603802527e+23
8.093520835294512640e+23
8.093520835294512640e+23
8.093518490446800072e+23
6.265530644866310037e+23
6.265530644866310037e+23
6.265530644866310037e+23
6.264882036865484540e+23
6.264882036865450985e+23
6.264882036865450985e+23
6.264882036865450985e+23
5.688316194779439510e+23
5.688316194779439510e+23
5.688316194779439510e+23
5.688316194779434813e+23
5.688316194779434813e+23
5.688283584017305038e+23
5.688283584017305038e+23
5.688283538266468500e+23
5.547096333260802753e+23
5.547096333260802753e+23
5.547095305414960354e+23
5.547095305414960354e+23
5.547095305414960354e+23
5.547095305414960354e+23
5.547095305414960354e+23
5.519404419282697464e+23
5.519404419282697464e+23
5.519404418250539648e+23
5.519404402231051844e+23
5.519404402231051844e+23
5.519404402231051844e+23
5.516181885020901401e+23
5.516181885020901401e+23
5.516181885020901401e+23
5.516181884787343093e+23
5.516181884787343093e+23
5.515942688660367323e+23
5.515942688644377965e+23
1.635017899710572030e+23
6.154787022046443969e+22
6.154787022046443969e+22
5.816776078321510672e+22
5.816776078321510672e+22
5.816776078321510672e+22
5.816776078321510672e+22
3.205431126822323277e+22
3.205431126822323277e+22
3.187647362047156840e+22
2.143874515355765309e+22
2.143874515355765309e+22
2.143044344920681533e+22
2.143044344920681533e+22
1.794440616601538318e+22
1.794440616601519443e+22
1.794440485971058229e+22
1.794410631374775412e+22
1.794410631374775412e+22
1.794410631374775412e+22
1.693858440531810871e+22
1.693858440531809193e+22
1.693858440531809193e+22
1.693858440531809193e+22
1.693857237308588792e+22
1.668965224684785657e+22
1.668965221153779587e+22
1.668965221153779587e+22
1.668965221153779587e+22
1.668965221153779587e+22
1.668965192523054055e+22
1.665201969270218765e+22
1.665201969270218765e+22
1.665201969270218765e+22
1.665201969270218765e+22
1.665201969199248415e+22
1.665201969199248415e+22
1.665201969199248415e+22
1.664836311586291109e+22
1.664836311255575272e+22
1.664836311255575272e+22
1.664836311255575272e+22
1.664836311255575272e+22
1.664836311255575272e+22
4.111871438586326286e+21
3.316990290481639326e+21
1.566054584964272357e+21
1.566054584964272357e+21
1.542961684713517875e+21
8.799818353193396470e+20
8.799811454141451469e+20
8.799811454141181460e+20
8.799811454141181460e+20
8.799811454141181460e+20
8.799811454140190556e+20
6.576890433049707151e+20
6.571214125491081708e+20
6.571214125491081708e+20
5.857725984095190385e+20
5.857378113419942953e+20
5.857378113419942953e+20
5.857377988635581481e+20
5.857377988635581481e+20
5.642231497553203692e+20
5.642231497553203692e+20
5.642219215881765519e+20
5.642219215881765519e+20
5.642219215881764209e+20
5.642219215881762243e+20
5.600562568947267011e+20
5.600562568947267011e+20
5.600562568947267011e+20
5.600562164188093481e+20
5.600562161184444252e+20
5.600562161184444252e+20
5.600562161184444252e+20
5.595274416057100534e+20
5.595274416057100534e+20
5.595274416057100534e+20
5.595274416057100534e+20
5.595274416057100534e+20
5.595274416057100534e+20
5.595274408755328451e+20
5.595274408755328451e+20
5.595274408755328451e+20
5.595274408702309827e+20
5.594806469809527849e+20
5.594806469809527849e+20
1.269010683903501435e+20
9.652159627231154995e+19
4.522446561668135322e+19
4.522446561668135322e+19
4.404926598933152563e+19
4.404926598929290035e+19
2.858701630831955558e+19
2.852820073131034624e+19
2.852819423063701914e+19
2.852819423063701914e+19
2.330639909217624883e+19
2.330639909217624883e+19
2.330639909217614643e+19
2.330239665773429555e+19
2.330239665773429555e+19
2.330239665773429555e+19
2.147693581260460032e+19
2.147693581260460032e+19
2.147693581260453069e+19
2.147674122170768998e+19
2.147674122170768998e+19
2.147674122170768998e+19
2.147674122170768998e+19
2.147674109497974784e+19
2.103640250402446131e+19
2.103640250402446131e+19
2.103639725062299238e+19
2.103639725062299238e+19
2.103639725062299238e+19
2.103639725062299238e+19
2.096395050162774426e+19
2.096395050162774426e+19
2.096395050162774426e+19
2.096395049884305818e+19
2.096395049884305818e+19
2.096395037015821926e+19
2.096395037015821926e+19
2.095554926942309581e+19
2.095554926942309581e+19
2.095554926771440845e+19
2.095554926771440845e+19
2.095554926767461990e+19
2.095496078196254310e+19
7.678252553821633536e+18
2.918377478632056320e+18
2.918377478632056320e+18
2.719151326146828288e+18
2.719151326146828288e+18
1.507651784173959424e+18
1.507651784173959424e+18
1.497600322880305664e+18
1.497600322880305664e+18
1.088363037901452928e+18
1.088363037901452928e+18
1.088363037901452928e+18
1.087883906922056576e+18
1.087883906922056576e+18
9.313052709426758400e+17
9.313052709426758400e+17
9.313052186096631040e+17
9.313052186096419840e+17
9.313052186096419840e+17
9.312786226027828480e+17
9.312786226027822080e+17
8.862091718059351040e+17
8.862091718059351040e+17
8.862091718059351040e+17
8.862091718059351040e+17
8.862081522878475520e+17
8.767710094315481600e+17
8.767710080340460800e+17
8.767710080340459520e+17
8.767710080340459520e+17
8.753421635547824640e+17
8.753421429151887360e+17
8.753421429151887360e+17
8.753421429151887360e+17
8.753421429151887360e+17
8.753421428892140800e+17
8.752107953737632000e+17
8.752107953737632000e+17
8.752107953737632000e+17
8.752107953737632000e+17
8.752107949995790080e+17
8.752107949995790080e+17
8.752107949995790080e+17
8.752107949995790080e+17
8.752107949995790080e+17
2.487913876397561920e+17
1.068238623012435840e+17
9.807320148161472000e+16
9.807320148161472000e+16
6.157961948620100800e+16
6.157958109729682400e+16
6.086944710687763200e+16
6.086944710687616000e+16
6.086944710687616000e+16
4.679598470906624000e+16
4.674134720970124000e+16
4.674134720970124000e+16
4.674134720969084000e+16
4.217962711755223200e+16
4.217663162080368000e+16
4.217663091060494400e+16
4.217663091060494400e+16
4.217663091060494400e+16
4.099985884482491200e+16
4.099970022811169600e+16
4.099970022811169600e+16
4.099970022811169600e+16
4.099970022811169600e+16
4.099970022811165600e+16
4.076961832864052800e+16
4.076961832864052800e+16
4.076961831247394400e+16
4.076961341644590400e+16
4.076961341644590400e+16
4.076961341644590400e+16
4.076961341644590400e+16
4.074188876963391200e+16
4.074188876963391200e+16
4.074188876963391200e+16
4.074188876963391200e+16
4.074188876963391200e+16
4.074188869503940800e+16
4.074188869503940800e+16
4.074188869503940800e+16
4.074188869503940800e+16
4.074188869479220800e+16
4.073973902021177600e+16
4.073973902021177600e+16
1.032082775643428800e+16
7.935757524605155000e+15
7.935757524605155000e+15
4.251016894662116000e+15
4.140084853634995000e+15
4.140084853624756000e+15
2.774306246202692500e+15
2.766148262528646000e+15
2.766147749989204000e+15
2.766147749989204000e+15
2.296294039204932500e+15
2.296294039204932500e+15
2.296294039204925500e+15
2.295746104685921500e+15
2.295746104685921500e+15
2.295746104685921500e+15
2.153215620131563250e+15
2.153191598330844250e+15
2.153191598330824750e+15
2.153191598330824750e+15
2.153191588427835500e+15
2.118019572004087000e+15
2.118019572004087000e+15
2.118019572004087000e+15
2.118019572004087000e+15
2.118018611512980750e+15
2.118018611512980750e+15
2.118018611512980750e+15
2.118018611512980750e+15
2.118018611512980750e+15
2.112497095230167750e+15
2.112497095230167750e+15
2.112497095039480000e+15
2.112497095039480000e+15
2.112497095039480000e+15
2.112497073109313000e+15
2.111934541667824750e+15
2.111934541667824750e+15
2.111934541667824750e+15
2.111934541667824750e+15
2.111934541665630000e+15
2.111896319891030250e+15
2.111896319645917250e+15
8.293159823943456250e+14
3.724261918484237500e+14
3.442522289880263750e+14
1.978541938271442500e+14
1.978541938271442500e+14
1.964793107036269375e+14
1.964793107036269375e+14
1.455634917171302812e+14
1.455634917171302812e+14
1.455634917171302812e+14
1.455634917171302812e+14
1.454698272914915312e+14
1.282698102615549219e+14
1.282698102615549219e+14
1.282698043651107500e+14
1.282698043651019844e+14
1.282698043651019844e+14
1.282698043651019844e+14
1.282698043651019219e+14
1.282645423814724062e+14
1.231048400447868281e+14
1.231048400447868281e+14
1.231048400447868281e+14
1.220658265554852812e+14
1.220656513810870469e+14
1.220656512412657188e+14
1.220656512412657188e+14
1.220656512412656719e+14
1.220656512412656719e+14
1.219269093965016406e+14
1.219269093965016406e+14
1.219269040862908594e+14
1.219269040862908594e+14
1.219269040841919219e+14
1.219145027151908438e+14
1.219145027151908438e+14
1.219145026258691094e+14
1.219145026258691094e+14
1.219145026258691094e+14
1.219145026258691094e+14
1.219145026258691094e+14
1.219145026258691094e+14
1.219145026258691094e+14
4.314756755429750781e+13
1.912556233257169531e+13
1.912556233257169531e+13
1.729738118224419727e+13
1.729736746449021680e+13
1.111212127566408398e+13
1.096192351239014844e+13
1.096192351239004102e+13
1.096192351239004102e+13
8.817592020777158203e+12
8.806164900001269531e+12
8.806164899997460938e+12
8.806164899997460938e+12
8.806164899997460938e+12
8.064289539930479492e+12
8.063404475307924805e+12
8.063404372940041016e+12
8.063404372940041016e+12
7.877321144361488281e+12
7.877321144361488281e+12
7.877321144361488281e+12
7.877276112410042969e+12
7.877276112410042969e+12
7.877276112410020508e+12
7.844998392326223633e+12
7.844998392326223633e+12
7.844998390417936523e+12
7.844997183305409180e+12
7.844997183305409180e+12
7.844997183305409180e+12
7.841202859520376953e+12
7.841202859520376953e+12
7.841202859520376953e+12
7.841202859520376953e+12
7.841202859520376953e+12
7.841202859520376953e+12
7.841202832662311523e+12
7.841202832662311523e+12
7.841202832646559570e+12
7.841202832646559570e+12
7.840928403819000977e+12
7.840928403819000977e+12
2.368573951390492676e+12
1.868490203699568604e+12
1.029855719608451904e+12
9.979862834543829346e+11
9.979862834490341797e+11
7.127458967685512695e+11
7.101489669149072266e+11
7.101488653351822510e+11
7.101488653351822510e+11
6.025633539379941406e+11
6.025633539379940186e+11
6.025633539379940186e+11
6.023989818447757568e+11
6.023989818447757568e+11
5.702270315330831299e+11
5.702270315330831299e+11
5.702169893974844971e+11
5.702169893974741211e+11
5.702169877059476318e+11
5.631109690679851074e+11
5.631109690679851074e+11
5.631109690679851074e+11
5.631109690679851074e+11
5.631109690679851074e+11
5.631105851549418945e+11
5.631105851549418945e+11
5.620168267256444092e+11
5.620168267256444092e+11
5.620168267256444092e+11
5.620168267256444092e+11
5.620168267078726807e+11
5.620168267078725586e+11
5.620168191315677490e+11
5.619126013480096436e+11
5.619126013480096436e+11
5.619126013480096436e+11
5.619126013480096436e+11
5.619126013480096436e+11
5.619126013479709473e+11
5.619064098199188232e+11
5.619064096966656494e+11
2.497980118184230347e+11
1.188391235848029327e+11
1.105122210927980194e+11
6.906201041630041504e+10
6.906201041630041504e+10
6.845205869498845673e+10
5.221007502057692719e+10
5.221007502057692719e+10
5.221007502057692719e+10
5.216707506810083771e+10
4.667824235280823517e+10
4.667824235280823517e+10
4.667824090267195129e+10
4.667824090267195129e+10
4.667824090267195129e+10
4.667824090266432953e+10
4.667824090266432953e+10
4.518597751450654602e+10
4.518597751450654602e+10
4.518387965671796417e+10
4.518387965671796417e+10
4.488689109135301971e+10
4.488689107233297729e+10
4.488678725850209045e+10
4.488678725850209045e+10
4.488678725850209045e+10
4.488678725850205994e+10
4.484956352004018402e+10
4.484956352004018402e+10
4.484956352004018402e+10
4.484956352004018402e+10
4.484956054180970764e+10
4.484956054175559235e+10
4.484664447523086548e+10
4.484664443212072754e+10
4.484664443212072754e+10
4.484664443212072754e+10
4.484664443212072754e+10
4.484664443212072754e+10
4.484664443212072754e+10
1.798928960633275986e+10
1.798928960633275986e+10
9.044637507845172882e+09
8.127471640193292618e+09
8.127471640193292618e+09
8.127471640193292618e+09
8.127467360156990051e+09
5.417442468308404922e+09
5.341105396747150421e+09
5.341105396747150421e+09
4.386516296300868034e+09
4.378890333473053932e+09
4.378890333468181610e+09
4.378890333468181610e+09
4.075048332128144741e+09
4.075048332128144741e+09
4.074453537539941788e+09
4.074453517490947723e+09
3.998192108299419880e+09
3.998192108299419880e+09
3.998192108299419880e+09
3.998192108299419880e+09
3.998164705670839787e+09
3.998164705670839787e+09
3.998164705670813084e+09
3.985680391875262260e+09
3.985680391803558350e+09
3.985679390838999748e+09
3.985679390838999748e+09
3.984389381324451447e+09
3.984389381324451447e+09
3.984389381324451447e+09
3.984389381324451447e+09
3.984389381324451447e+09
3.984389381324451447e+09
3.984389381324451447e+09
3.984389360319285870e+09
3.984389360319285870e+09
3.984389360319272518e+09
3.984313310847030640e+09
3.984313310847030640e+09
1.501875457030624628e+09
1.172841169021475315e+09
1.172841169021475315e+09
6.776654503910295963e+08
6.546345031871747971e+08
4.809121461425431371e+08
4.809121461393162608e+08
4.790419357863872051e+08
4.790419088054021001e+08
4.790419088054021001e+08
4.174868379707658291e+08
4.174868379707658291e+08
4.174868379707658291e+08
4.173298809158830643e+08
4.173298809158830643e+08
3.985885777687828541e+08
3.985885777687828541e+08
3.985790830245867372e+08
3.985790829328482151e+08
3.985790829328292012e+08
3.946394869669042826e+08
3.946394869669042826e+08
3.946394869669042826e+08
3.946394869669042826e+08
3.946394869669042826e+08
3.946394869669042826e+08
3.946391604803481102e+08
3.941038596400672197e+08
3.941038596400672197e+08
3.941038596400672197e+08
3.941038596400454640e+08
3.941038596400454640e+08
3.941038596400454044e+08
3.940621750163295269e+08
3.940621662724527121e+08
3.940621662724527121e+08
3.940621662724527121e+08
3.940621662724527121e+08
3.940621662724527121e+08
3.940608164304187894e+08
3.940608162966797352e+08
2.055309341807864904e+08
1.045264211147666425e+08
9.667238561570782959e+07
6.277524910263674706e+07
6.215197074041810632e+07
4.936314281390346587e+07
4.936314281390346587e+07
4.936314281390346587e+07
4.936314281390346587e+07
4.485398105246897787e+07
4.481695203462163359e+07
4.481695203462163359e+07
4.481695192170336843e+07
4.481695192170336843e+07
4.481695192170336843e+07
4.481695192169012129e+07
4.481695192169012129e+07
4.363807570974005014e+07
4.363521390292542428e+07
4.363521390292542428e+07
4.363521390292542428e+07
4.342670903249014914e+07
4.342670903245636076e+07
4.342657119949851930e+07
4.342657119949851930e+07
4.342657119949851930e+07
4.342657119949844480e+07
4.340513462561023235e+07
4.340513462561023235e+07
4.340513462561023235e+07
4.340513109615696222e+07
4.340513109615696222e+07
4.340421350881300867e+07
4.340421350881300867e+07
4.340421343976239115e+07
4.340421343976239115e+07
4.340421343976239115e+07
4.340421343976239115e+07
4.340421343976239115e+07
2.023474940279306471e+07
1.092053089467139915e+07
9.875913866805091500e+06
9.875913461410142481e+06
9.875913461410142481e+06
6.971031854341602884e+06
6.971031854341602884e+06
6.971031854341602884e+06
6.856712830099885352e+06
5.766216046745199710e+06
5.754188932604749687e+06
5.754188932591273449e+06
5.414707535246073268e+06
5.414707535246073268e+06
5.414707535246073268e+06
5.413806678636302240e+06
5.413806678585182875e+06
5.337287696005083621e+06
5.337287696005083621e+06
5.337287696005083621e+06
5.337235339423906058e+06
5.337235339423906058e+06
5.337235339423841797e+06
5.326898574839113280e+06
5.326898574839113280e+06
5.326898574839113280e+06
5.326896721520908177e+06
5.326896721520908177e+06
5.326311212559572421e+06
5.326311212559572421e+06
5.326311212559572421e+06
5.326311212559572421e+06
5.326311212559572421e+06
5.326311177965027280e+06
5.326311177965027280e+06
5.326311177965027280e+06
5.326311177965027280e+06
5.326304571094540879e+06
5.326304571094540879e+06
2.357047085961692501e+06
1.872556126652771607e+06
1.173103831959889736e+06
1.173103831959889736e+06
1.133473737412503920e+06
8.610054623874702957e+05
8.610054623746300349e+05
8.610054622790348949e+05
8.570010347614521161e+05
7.607892889448502101e+05
7.607892889448502101e+05
7.607892889448502101e+05
7.604394288072367199e+05
7.604394288072367199e+05
7.337312641710883472e+05
7.337312641710883472e+05
7.337110322698316304e+05
7.337110322698313976e+05
7.337110322697565425e+05
7.290305749332919950e+05
7.290305749332919950e+05
7.290305749332919950e+05
7.290305749332919950e+05
7.290305749332919950e+05
7.290297019901659805e+05
7.286792331074194517e+05
7.286792331074194517e+05
7.286792331074194517e+05
7.286792331074194517e+05
7.286792331074194517e+05
7.286792331074191025e+05
7.286739938323081005e+05
7.286739712589010596e+05
7.286739712589010596e+05
7.286739712589010596e+05
7.286739712589010596e+05
7.286739674226216739e+05
4.243617457770864130e+05
2.413643478070365381e+05
2.413643477734658809e+05
2.231701489414710959e+05
1.517974789054733410e+05
1.237405560871228081e+05
1.227136520972664584e+05
1.227136520972664584e+05
1.227136520972664584e+05
1.136707177788047265e+05
1.135538532523508911e+05
1.135538532523508911e+05
1.135538532523505419e+05
1.135538532523505419e+05
1.135538532523505419e+05
1.135538532523505419e+05
1.135538532523505419e+05
1.135538532522741734e+05
1.115503643968118558e+05
1.115411626917797403e+05
1.115411626917797403e+05
1.115411626917797403e+05
1.113439688410058152e+05
1.113439688410058152e+05
1.113435524828613125e+05
1.113435524828613125e+05
1.113435524828613125e+05
1.113435524828608904e+05
1.113396418094190594e+05
1.113396418094190594e+05
1.113396285561239492e+05
1.113396285561239492e+05
1.113396247612135485e+05
1.113396247612135485e+05
1.113396245121619722e+05
1.113396245121619722e+05
1.113396245121619722e+05
1.113396245121619722e+05
1.113396245121619722e+05
1.113396245121619722e+05
6.091733745243964222e+04
3.541403668796966667e+04
3.198399646913645847e+04
3.198399646913487595e+04
2.350866317294864712e+04
2.350866317294864712e+04
2.309258785436250764e+04
2.309258785436250764e+04
2.005369153243912297e+04
2.000842146983582643e+04
2.000842146975694777e+04
1.918610460628763394e+04
1.918610460628763394e+04
1.918202976878108893e+04
1.918202976878108893e+04
1.918202976878108893e+04
1.907700473879656420e+04
1.907700473879656420e+04
1.907676422626078784e+04
1.907676422626078784e+04
1.907400169728531182e+04
1.907400169728478068e+04
1.907400169728478068e+04
1.907400169728478068e+04
1.907399374397236534e+04
1.907399018339593022e+04
1.907399018339593022e+04
1.907399018339593022e+04
1.907399018339593022e+04
1.907399018339593022e+04
1.907399018339593022e+04
1.907398999958700733e+04
1.907398999958700733e+04
1.907398999958700369e+04
1.907398999956320404e+04
1.907398999956320404e+04
9.840837968220992479e+03
8.032580795654988833e+03
5.326495194228491528e+03
5.326495194228491528e+03
5.138429034450671679e+03
4.096142596159661480e+03
4.096142596044410311e+03
4.096142596044410311e+03
4.074800753943926338e+03
3.744002558215417139e+03
3.742069483578200106e+03
3.742069483578200106e+03
3.742069483578200106e+03
3.688419971346129387e+03
3.688419971346129387e+03
3.688285368427359117e+03
3.688285368427359117e+03
3.686419477970538537e+03
3.686419477969878699e+03
3.686419477969878699e+03
3.686419477969878699e+03
3.686419477969878699e+03
3.686413631941363747e+03
3.686410431067748505e+03
3.686410431067748505e+03
3.686410431067748505e+03
3.686410431067748505e+03
3.686410431067748505e+03
3.686410431067748505e+03
3.686410431067744867e+03
3.686410431039320883e+03
3.686410290650946990e+03
3.686410290650946990e+03
3.686410290650946990e+03
3.686410290650946990e+03
2.366142440931369492e+03
1.458147357063278605e+03
1.458147356696003499e+03
1.037705493189259869e+03
9.846678068058779445e+02
8.480344982777432961e+02
8.398697415340664065e+02
8.398697415340664065e+02
8.398697415340664065e+02
8.130039756480069855e+02
8.119717355163861612e+02
8.119717355163861612e+02
8.119717355163861612e+02
8.119717355163861612e+02
8.119717355163861612e+02
8.119717355152697564e+02
8.119717355152697564e+02
8.107482205343695796e+02
8.106671823121097304e+02
8.106671823121097304e+02
8.106671823121097304e+02
8.106643843551788677e+02
8.106643843551788677e+02
8.106601518371949169e+02
8.106601518371949169e+02
8.106601518371949169e+02
8.106601518041142072e+02
8.106601518041085228e+02
8.106601518041085228e+02
8.106600182095120317e+02
8.106600182095120317e+02
8.106600158883445602e+02
8.106600158883445602e+02
8.106600158883445602e+02
8.106600158883445602e+02
8.106600158883445602e+02
4.893873279438749933e+02
4.893873279438749933e+02
3.125434963857086927e+02
2.822462069123476454e+02
2.822462069123476454e+02
2.241583742291521730e+02
2.198900220238220697e+02
2.198900220238220697e+02
2.198900220238220697e+02
2.064137002536234320e+02
2.058181250156018223e+02
2.058181250137980385e+02
2.058181250137980385e+02
2.050242497316690446e+02
2.050242497316690446e+02
2.049655286715786531e+02
2.049655286715786531e+02
2.049631063078170428e+02
2.049631063078170428e+02
2.049597347170942214e+02
2.049597346788706886e+02
2.049597346788706886e+02
2.049597346788580694e+02
2.049597346788580694e+02
2.049596068246809182e+02
2.049596068246809182e+02
2.049596068246809182e+02
2.049596068246809182e+02
2.049596068246809182e+02
2.049596039048813338e+02
2.049596039048813338e+02
2.049596039048812770e+02
2.049596039048812770e+02
2.049596039048812770e+02
2.049596039048812770e+02
1.185297810467498607e+02
1.185297810467498607e+02
9.733108753718124717e+01
7.094957138163026400e+01
7.094957138163026400e+01
6.817792516967929828e+01
6.817792516967929828e+01
6.122383374475408147e+01
6.122383374149053026e+01
6.082943929357462309e+01
6.030861728953051681e+01
6.026308642373535918e+01
6.026308642373535918e+01
6.026096683617841165e+01
6.026096683617841165e+01
6.026096683617841165e+01
6.025766401156680274e+01
6.025766396682184478e+01
6.025766396679446757e+01
6.025766396679446757e+01
6.025766396679446757e+01
6.025766396679446757e+01
6.025752625428440012e+01
6.025752625428440012e+01
6.025752625428440012e+01
6.025752625428440012e+01
6.025752625428440012e+01
6.025752625428440012e+01
6.025752625428426512e+01
6.025752625428426512e+01
6.025752247590244792e+01
6.025752247590244792e+01
6.025752247590244792e+01
6.025752247590244792e+01
4.053822094746389126e+01
2.745477568899260490e+01
2.745477567607825975e+01
2.306498782508847256e+01
2.154183000993944219e+01
2.117840011560459246e+01
2.086870835091296073e+01
2.086870835091296073e+01
2.086870835091296073e+01
2.086679035434313079e+01
2.082566481035436468e+01
2.082566481035436468e+01
2.082566481035436468e+01
2.082566481035436468e+01
2.082566481028749905e+01
2.082566475618736490e+01
2.082566475618736490e+01
2.082212862424718836e+01
2.082212862424718836e+01
2.082212862424718836e+01
2.082212862424718836e+01
2.082194226854452168e+01
2.082194226854452168e+01
2.082194226854452168e+01
2.082194226854452168e+01
2.082194226854410957e+01
2.082193664645993181e+01
2.082193664645993181e+01
2.082193664645993181e+01
2.082193653524947052e+01
2.082193653524947052e+01
2.082193653524947052e+01
1.338684198873360742e+01
1.338684198873360742e+01
1.338684198873360742e+01
1.338684198873360742e+01
1.041326813633513204e+01
9.132497852960060669e+00
8.864168133573350872e+00
8.579076606170019659e+00
8.579076606170019659e+00
8.579076606170019659e+00
8.577258017886215669e+00
8.531436208861773451e+00
8.531436208640954533e+00
8.531436140127228285e+00
8.531436140127228285e+00
8.526954855455144866e+00
8.526954855455144866e+00
8.526954855455144866e+00
8.526954855455144866e+00
8.526954855455144866e+00
8.526674675333827835e+00
8.526674675333827835e+00
8.526674675332406750e+00
8.526674675332406750e+00
8.526674675332406750e+00
8.526674675332406750e+00
8.526663990681257133e+00
8.526663990681257133e+00
8.526663990681257133e+00
8.526663990681257133e+00
8.526663758282714056e+00
8.526663758282714056e+00
8.526663758282708727e+00
8.526663758282708727e+00
8.526663758282708727e+00
6.035697492109060036e+00
6.035697492109060036e+00
4.757790930482782343e+00
4.537592994871241459e+00
4.222062384220907738e+00
4.222062384220907738e+00
4.220230059464767258e+00
4.220230058655801031e+00
4.161394288394047791e+00
4.161394196928026368e+00
4.154347710731155274e+00
4.154347710731155274e+00
4.154347710731155274e+00
4.154347710731155274e+00
4.154347710731155274e+00
4.153845369537917165e+00
4.153845369537917165e+00
4.153845369531283360e+00
4.153845369531283360e+00
4.153845369531283360e+00
4.153845369531283360e+00
4.153845369531283360e+00
4.153822635988740686e+00
4.153822635988740686e+00
4.153822635988740686e+00
4.153822635988740686e+00
4.153822635988740686e+00
4.153822635988710488e+00
4.153822010934812958e+00
4.153822010934812958e+00
4.153822010934812958e+00
3.110499992008508574e+00
2.901618226838448500e+00
2.901618222072925413e+00
2.898956487282990047e+00
2.503929492949894975e+00
2.503929355158359016e+00
2.414931632134454720e+00
2.414931632134454720e+00
2.414931632134454720e+00
2.414931632134454720e+00
2.414931632134454720e+00
2.402280647460613761e+00
2.402280647460613761e+00
2.402280647460613761e+00
2.402280647460613761e+00
2.402280647427396332e+00
2.402280647427396332e+00
2.402280647427396332e+00
2.401169589554854156e+00
2.401169589554854156e+00
2.401169589554854156e+00
2.401169589554854156e+00
2.401112206178956043e+00
2.401112206178956043e+00
2.401112206178956043e+00
2.401112206178755759e+00
2.401110333714457479e+00
2.401110333714457479e+00
2.401110333714457479e+00
2.401110296731572724e+00
2.401110296731572724e+00
2.401110296731571836e+00
2.197392554762971351e+00
2.197392554762971351e+00
2.197392554762971351e+00
2.193931080179710502e+00
2.193931080179710502e+00
1.803254785449781794e+00
1.803254565545520327e+00
1.657866041181675687e+00
1.657866041181675687e+00
1.657866041181675687e+00
1.657866041181675687e+00
1.631945952247295883e+00
1.631945952056266469e+00
1.631945952056266469e+00
1.631945952056266469e+00
1.629206039338030765e+00
1.629206039338030765e+00
1.629206039338030765e+00
1.629206039338030765e+00
1.629206039338030765e+00
1.629206039338030765e+00
1.629031255724954441e+00
1.629031255723574212e+00
1.629031255723574212e+00
1.629031255723574212e+00
1.629024745018334164e+00
1.629024745018334164e+00
1.629024745018334164e+00
1.629024745018334164e+00
1.629024592402631644e+00
1.629024592402631644e+00
1.629024592402625649e+00
1.629024592402625649e+00
1.629024592402625649e+00
1.625851971351321090e+00
1.625851971351321090e+00
1.509935489718728485e+00
1.509935139867099485e+00
1.332397746793984483e+00
1.332397746793984483e+00
1.332397746793984261e+00
1.332397745350863749e+00
1.278474156166030440e+00
1.278474156166030440e+00
1.278474156166030440e+00
1.278474156166030440e+00
1.271116865512835759e+00
1.271116865512835759e+00
1.271116865512835759e+00
1.271116865512835759e+00
1.270547833595135012e+00
1.270547833584674713e+00
1.270547833584674713e+00
1.270547833584674713e+00
1.270547833584674713e+00
1.270547833584674713e+00
1.270521628323170837e+00
1.270521628323170837e+00
1.270521628323170837e+00
1.270521628323170837e+00
1.270521628323170837e+00
1.270521628323117103e+00
1.270520927045874604e+00
1.270520927045874604e+00
1.270520927045874604e+00
1.268160653400355331e+00
1.268160241687275480e+00
1.268160229966658559e+00
1.203746896343395489e+00
1.203746896343395045e+00
1.203746896343395045e+00
1.125896537801210906e+00
1.125896537801210684e+00
1.125896537801210684e+00
1.125896537801210684e+00
1.125896537801210684e+00
1.125896537801210684e+00
1.107247546008476746e+00
1.107247546008476746e+00
1.107247546008476746e+00
1.107247546008476746e+00
1.107247545918443876e+00
1.107247545918443876e+00
1.105353059903694257e+00
1.105353059903694257e+00
1.105353059903694257e+00
1.105246953742742066e+00
1.105246953742742066e+00
1.105246953742742066e+00
1.105246953742234473e+00
1.105243442283141420e+00
1.105243442283141420e+00
1.105243442283141420e+00
1.105243375031941477e+00
1.105243375031941477e+00
1.105243375031939479e+00
1.105242992596044527e+00
1.105242992596044527e+00
1.105242992596044527e+00
1.105242992596043861e+00
1.105242992596043861e+00
1.103646177741656409e+00
1.103646177741656409e+00
1.103646177741656409e+00
1.103646177741656409e+00
1.071175869823064009e+00
1.071175869823064009e+00
1.071175869823064009e+00
1.040909529084384166e+00
1.040909528371030346e+00
1.040909528371030346e+00
1.035397172000211530e+00
1.035397172000211530e+00
1.035397172000211530e+00
1.035397172000211530e+00
1.034988280392461046e+00
1.034988280387415083e+00
1.034988280387415083e+00
1.034988280387415083e+00
1.034971806384698212e+00
1.034971806384698212e+00
1.034971806384698212e+00
1.034971806384698212e+00
1.034971416186260651e+00
1.034971416186260651e+00
1.034971416186240445e+00
1.034971416186240445e+00
1.034971416186240445e+00
1.034971416186239779e+00
1.034971416186239779e+00
1.034971116504546762e+00
1.034971116504546762e+00
1.034971116504546762e+00
1.034971116504546762e+00
1.034059168984738264e+00
1.034059168984738264e+00
1.034059163666696479e+00
1.020364365613467106e+00
1.010792237258335335e+00
1.010792237258335335e+00
1.010792237258335335e+00
1.010792237258335335e+00
1.009505742115800020e+00
1.009505742072762224e+00
1.009505742072762224e+00
1.009505742072762224e+00
1.009505742072762224e+00
1.009505742072762224e+00
1.009436891321836782e+00
1.009436891321836782e+00
1.009436891321836782e+00
1.009436891321836782e+00
1.009436891321836782e+00
1.009436891321619179e+00
1.009434905450848241e+00
1.009434905450848241e+00
1.009434905450848241e+00
1.009434905450848241e+00
1.009434905450848241e+00
1.009434905450847797e+00
1.009434905450847797e+00
1.009434871918645893e+00
1.009434686356471600e+00
1.009024543284787745e+00
1.009024543284787745e+00
1.009024543284787079e+00
1.009024543284787079e+00
1.004526503712777297e+00
1.004526503712777297e+00
1.004526503712777297e+00
1.004526503712777297e+00
1.004526503390864356e+00
1.004526503390864356e+00
1.002223273189954078e+00
1.002223273189954078e+00
1.002223273189954078e+00
1.001999079084521016e+00
1.001999079084521016e+00
1.001999079084521016e+00
1.001999079082597888e+00
1.001990482814630212e+00
1.001990482814630212e+00
1.001990482814630212e+00
1.001990306049169721e+00
1.001990306049169721e+00
1.001990306049169721e+00
1.001990306049169721e+00
1.001990306049162838e+00
1.001990306049162838e+00
1.001990306049162838e+00
1.001990306049162838e+00
1.001990306049162838e+00
1.001990306049162616e+00
1.001990219648091651e+00
1.001990219648091651e+00
1.001990219648091651e+00
1.001852013404256558e+00
1.001852011285568000e+00
1.001852011285568000e+00
1.000755250977179767e+00
1.000755250977179767e+00
1.000755250977179767e+00
1.000755250977179767e+00
1.000349699384252000e+00
1.000349699369772472e+00
1.000349699369772472e+00
1.000349699369772472e+00
1.000321389224617663e+00
1.000321389224617663e+00
1.000321389224617663e+00
1.000321389224617663e+00
1.000320615235953614e+00
1.000320615235953614e+00
1.000320615235892552e+00
1.000320615235892552e+00
1.000320615235892552e+00
1.000320615235892552e+00
1.000320615235892552e+00
1.000320615235892552e+00
1.000320615235892552e+00
1.000320615235892552e+00
1.000320615235892330e+00
1.000320615235892330e+00
1.000320603935246577e+00
1.000320574492676418e+00
1.000286616313410759e+00
1.000286616313410759e+00
1.000286616313410759e+00
1.000286616313410759e+00
1.000092840319130039e+00
1.000092840223372415e+00
1.000092840223372415e+00
1.000092840223372415e+00
1.000092840223372415e+00
1.000092840223372415e+00
1.000041497010844660e+00
1.000041497010844660e+00
1.000041497010844660e+00
1.000041497010844660e+00
1.000041497010844660e+00
1.000041497010382585e+00
1.000038941001095028e+00
1.000038941001095028e+00
1.000038941001095028e+00
1.000038941001095028e+00
1.000038941001095028e+00
1.000038891382534434e+00
1.000038891382534434e+00
1.000038891382534434e+00
1.000038891382534434e+00
1.000038891382533102e+00
1.000038891382533102e+00
1.000038884128972905e+00
1.000038884128972905e+00
1.000038884128972905e+00
1.000038884128972905e+00
1.000038883616711338e+00
1.000038883616711338e+00
1.000032873722532356e+00
1.000032873722532356e+00
1.000032873722532356e+00
1.000008325988938962e+00
1.000008325988938962e+00
1.000008325988938962e+00
1.000008325985881630e+00
1.000003688242478539e+00
1.000003688242478539e+00
1.000003688242478539e+00
1.000003524302391478e+00
1.000003524302391478e+00
1.000003524302391478e+00
1.000003524302391478e+00
1.000003524302381264e+00
1.000003524302381264e+00
1.000003524302381264e+00
1.000003524302381264e+00
1.000003524302381264e+00
1.000003524302381264e+00
1.000003524302381264e+00
1.000003524302381264e+00
1.000003522052049343e+00
1.000003522052049343e+00
1.000003520767722920e+00
1.000003520767722920e+00
1.000003520767722920e+00
1.000003520767722920e+00
1.000003520767722920e+00
1.000002759220742776e+00
1.000002759204385416e+00
1.000002759204385416e+00
1.000002759204385416e+00
1.000000541662958264e+00
1.000000541662958264e+00
1.000000541662958264e+00
1.000000541662958264e+00
1.000000244183916198e+00
1.000000244183916198e+00
1.000000244183847808e+00
1.000000244183847808e+00
1.000000244183847808e+00
1.000000244183847808e+00
1.000000244183847808e+00
1.000000244183847808e+00
1.000000244183847808e+00
1.000000244183847808e+00
1.000000236748258331e+00
1.000000236748258331e+00
1.000000236748258331e+00
1.000000236748258331e+00
1.000000236748258109e+00
1.000000236748258109e+00
1.000000236585504521e+00
1.000000236513643115e+00
1.000000236513643115e+00
1.000000236513643115e+00
1.000000236513643115e+00
1.000000236513643115e+00
1.000000167716413868e+00
1.000000167716413868e+00
1.000000167716413868e+00
1.000000167716413868e+00
1.000000167716413868e+00
1.000000167716047716e+00
1.000000025475005216e+00
1.000000025475005216e+00
1.000000025475005216e+00
1.000000011982605130e+00
1.000000011982605130e+00
1.000000011982605130e+00
1.000000011982605130e+00
1.000000011982604020e+00
1.000000011982604020e+00
1.000000011982604020e+00
1.000000011982604020e+00
1.000000011982604020e+00
1.000000011982604020e+00
1.000000011745156847e+00
1.000000011745156847e+00
1.000000011745156847e+00
1.000000011745156847e+00
1.000000011745156847e+00
1.000000011730453942e+00
1.000000011730453942e+00
1.000000011730453942e+00
1.000000011728845228e+00
1.000000011728845228e+00
1.000000007315932748e+00
1.000000007315932748e+00
1.000000007315932748e+00
1.000000007315932748e+00
1.000000000864472716e+00
1.000000000864466942e+00
1.000000000864466942e+00
1.000000000864466942e+00
1.000000000864466942e+00
1.000000000864466942e+00
1.000000000864466942e+00
1.000000000864466942e+00
1.000000000864466942e+00
1.000000000433602265e+00
1.000000000433602265e+00
1.000000000433602265e+00
1.000000000433602265e+00
1.000000000433602265e+00
1.000000000433602265e+00
1.000000000433602265e+00
1.000000000433602265e+00
1.000000000433602265e+00
1.000000000428287183e+00
1.000000000428287183e+00
1.000000000427344160e+00
1.000000000427344160e+00
1.000000000427344160e+00
1.000000000427344160e+00
1.000000000227192709e+00
1.000000000227192709e+00
1.000000000227192709e+00
1.000000000227167618e+00
1.000000000227167618e+00
1.000000000227167618e+00
1.000000000227167618e+00
1.000000000227167618e+00
1.000000000021147528e+00
1.000000000021147528e+00
1.000000000021147528e+00
1.000000000021147306e+00
1.000000000021147306e+00
1.000000000021147306e+00
1.000000000011502799e+00
1.000000000011502799e+00
1.000000000011502799e+00
1.000000000011502799e+00
1.000000000011502799e+00
1.000000000011502799e+00
1.000000000011502799e+00
1.000000000011502799e+00
1.000000000011502799e+00
1.000000000011502799e+00
1.000000000011419754e+00
1.000000000011376899e+00
1.000000000011376899e+00
1.000000000011376899e+00
1.000000000004985345e+00
1.000000000004985345e+00
1.000000000004985123e+00
1.000000000004985123e+00
1.000000000004985123e+00
1.000000000004985123e+00
1.000000000004985123e+00
1.000000000000373479e+00
1.000000000000373479e+00
1.000000000000373479e+00
1.000000000000373479e+00
1.000000000000373479e+00
1.000000000000373479e+00
1.000000000000373479e+00
1.000000000000373479e+00
1.000000000000222933e+00
1.000000000000222933e+00
1.000000000000222933e+00
1.000000000000222933e+00
1.000000000000222933e+00
1.000000000000222933e+00
1.000000000000221601e+00
1.000000000000220712e+00
1.000000000000220712e+00
1.000000000000220712e+00
1.000000000000220712e+00
1.000000000000220712e+00
1.000000000000220712e+00
1.000000000000077494e+00
1.000000000000077494e+00
1.000000000000077494e+00
1.000000000000077494e+00
1.000000000000077494e+00
1.000000000000077494e+00
1.000000000000077494e+00
1.000000000000077494e+00
1.000000000000005551e+00
1.000000000000005551e+00
1.000000000000005551e+00
1.000000000000005551e+00
1.000000000000005551e+00
1.000000000000005551e+00
1.000000000000005551e+00
1.000000000000005551e+00
1.000000000000005551e+00
1.000000000000003775e+00
1.000000000000003775e+00
1.000000000000003775e+00
1.000000000000003775e+00
1.000000000000003775e+00
1.000000000000003775e+00
1.000000000000003775e+00
1.000000000000003775e+00
1.000000000000003775e+00
1.000000000000001554e+00
1.000000000000001554e+00
1.000000000000001554e+00
1.000000000000001554e+00
1.000000000000001554e+00
1.000000000000001554e+00
1.000000000000001554e+00
1.000000000000001554e+00
1.000000000000001554e+00
1.000000000000001554e+00
1.000000000000000888e+00
1.000000000000000888e+00
1.000000000000000888e+00
1.000000000000000888e+00
1.000000000000000888e+00
1.000000000000000888e+00
1.000000000000000888e+00
1.000000000000000888e+00
1.000000000000000888e+00
1.000000000000000888e+00
1.000000000000000888e+00
1.000000000000000888e+00
1.000000000000000888e+00
1.000000000000000888e+00
1.000000000000000888e+00
1.000000000000000888e+00
1.000000000000000888e+00
1.000000000000000888e+00
1.000000000000000888e+00
1.000000000000000888e+00
1.000000000000000888e+00
1.000000000000000888e+00
1.000000000000000888e+00
1.000000000000000888e+00
1.000000000000000888e+00
1.000000000000000888e+00
1.000000000000000888e+00
1.000000000000000888e+00
1.000000000000000888e+00
1.000000000000000888e+00
1.000000000000000888e+00
1.000000000000000888e+00
1.000000000000000888e+00
1.000000000000000888e+00
1.000000000000000888e+00
1.000000000000000888e+00
1.000000000000000888e+00
1.000000000000000888e+00
1.000000000000000888e+00
1.000000000000000888e+00
1.000000000000000888e+00
1.000000000000000888e+00
1.000000000000000888e+00
1.000000000000000888e+00
1.000000000000000888e+00
1.000000000000000888e+00
1.000000000000000888e+00
1.000000000000000888e+00
1.000000000000000888e+00
1.000000000000000888e+00
1.000000000000000888e+00
1.000000000000000888e+00
1.000000000000000888e+00
1.000000000000000888e+00
1.000000000000000888e+00
1.000000000000000888e+00
1.000000000000000888e+00
1.000000000000000888e+00
1.000000000000000888e+00
1.000000000000000888e+00
1.000000000000000888e+00
1.000000000000000888e+00
1.000000000000000888e+00
1.000000000000000888e+00
1.000000000000000888e+00
1.000000000000000888e+00
1.000000000000000888e+00
1.000000000000000888e+00
1.000000000000000888e+00
1.000000000000000888e+00
1.000000000000000888e+00
1.000000000000000888e+00
1.000000000000000888e+00
1.000000000000000888e+00
1.000000000000000888e+00
1.000000000000000888e+00
1.000000000000000888e+00
1.000000000000000888e+00
1.000000000000000888e+00
1.000000000000000888e+00
1.000000000000000888e+00
1.000000000000000888e+00
1.000000000000000888e+00
1.000000000000000888e+00
1.000000000000000888e+00
1.000000000000000888e+00
1.000000000000000888e+00
1.000000000000000888e+00
1.000000000000000888e+00
1.000000000000000888e+00
1.000000000000000888e+00
1.000000000000000888e+00
1.000000000000000888e+00
1.000000000000000888e+00
1.000000000000000888e+00
1.000000000000000888e+00
1.000000000000000888e+00
1.000000000000000888e+00
1.000000000000000888e+00
1.000000000000000888e+00
1.000000000000000888e+00
1.000000000000000888e+00
1.000000000000000888e+00
1.000000000000000888e+00
1.000000000000000888e+00
1.000000000000000888e+00
1.000000000000000888e+00
1.000000000000000888e+00
1.000000000000000888e+00
1.000000000000000888e+00
1.000000000000000888e+00
1.000000000000000888e+00
1.000000000000000888e+00
1.000000000000000888e+00
1.000000000000000888e+00
1.000000000000000888e+00
1.000000000000000888e+00
1.000000000000000888e+00
1.000000000000000888e+00
1.000000000000000888e+00
1.000000000000000888e+00
1.000000000000000888e+00
1.000000000000000888e+00
1.000000000000000888e+00
1.000000000000000888e+00
1.000000000000000888e+00
1.000000000000000888e+00
1.000000000000000888e+00
1.000000000000000888e+00
1.000000000000000888e+00
1.000000000000000888e+00
1.000000000000000888e+00
1.000000000000000888e+00
1.000000000000000888e+00
1.000000000000000888e+00
1.000000000000000888e+00
1.000000000000000888e+00
1.000000000000000888e+00
1.000000000000000888e+00
1.000000000000000888e+00
1.000000000000000888e+00
1.000000000000000888e+00
1.000000000000000888e+00
1.000000000000000888e+00
1.000000000000000888e+00
1.000000000000000888e+00
1.000000000000000888e+00
1.000000000000000888e+00
1.000000000000000888e+00
1.000000000000000888e+00
1.000000000000000888e+00
1.000000000000000888e+00
1.000000000000000888e+00
1.000000000000000888e+00
1.000000000000000888e+00
1.000000000000000888e+00
1.000000000000000888e+00
1.000000000000000888e+00
1.000000000000000888e+00
1.000000000000000888e+00
1.000000000000000888e+00
1.000000000000000888e+00
1.000000000000000888e+00
1.000000000000000888e+00
1.000000000000000888e+00
1.000000000000000888e+00
1.000000000000000888e+00
1.000000000000000888e+00
1.000000000000000888e+00
1.000000000000000888e+00
1.000000000000000888e+00
1.000000000000000888e+00
1.000000000000000888e+00
1.000000000000000888e+00
1.000000000000000888e+00
1.000000000000000888e+00
1.000000000000000888e+00
1.000000000000000888e+00
1.000000000000000888e+00
1.000000000000000888e+00
1.000000000000000888e+00
1.000000000000000888e+00
1.000000000000000888e+00
1.000000000000000888e+00
1.000000000000000888e+00
1.000000000000000888e+00
1.000000000000000888e+00
1.000000000000000888e+00
1.000000000000000888e+00
1.000000000000000888e+00
1.000000000000000888e+00
1.000000000000000888e+00
1.000000000000000888e+00
1.000000000000000888e+00
1.000000000000000888e+00
1.000000000000000888e+00
1.000000000000000888e+00
1.000000000000000888e+00
1.000000000000000888e+00
1.000000000000000888e+00
1.000000000000000888e+00
1.000000000000000888e+00
1.000000000000000888e+00
1.000000000000000888e+00
1.000000000000000888e+00
1.000000000000000888e+00
1.000000000000000888e+00
1.000000000000000888e+00
1.000000000000000888e+00
1.000000000000000888e+00
1.000000000000000888e+00
1.000000000000000888e+00
1.000000000000000888e+00
1.000000000000000888e+00
1.000000000000000888e+00
1.000000000000000888e+00
1.000000000000000888e+00
1.000000000000000888e+00
1.000000000000000888e+00
1.000000000000000888e+00
1.000000000000000888e+00
1.000000000000000888e+00
1.000000000000000888e+00
1.000000000000000888e+00
1.000000000000000888e+00
1.000000000000000888e+00
1.000000000000000888e+00
1.000000000000000888e+00
1.000000000000000888e+00
1.000000000000000888e+00
1.000000000000000888e+00
1.000000000000000888e+00
1.000000000000000888e+00
1.000000000000000888e+00
1.000000000000000888e+00
1.000000000000000888e+00
1.000000000000000888e+00
1.000000000000000888e+00
1.000000000000000888e+00
1.000000000000000888e+00
1.000000000000000888e+00
1.000000000000000888e+00
1.000000000000000888e+00
1.000000000000000888e+00
1.000000000000000888e+00
1.000000000000000888e+00
1.000000000000000888e+00
1.000000000000000888e+00
1.000000000000000888e+00
1.000000000000000888e+00
1.000000000000000888e+00
1.000000000000000888e+00
1.000000000000000888e+00
1.000000000000000888e+00
1.000000000000000888e+00
1.000000000000000888e+00
1.000000000000000888e+00
1.000000000000000888e+00
1.000000000000000888e+00
1.000000000000000888e+00
1.000000000000000888e+00
1.000000000000000888e+00
1.000000000000000888e+00
1.000000000000000888e+00
1.000000000000000888e+00
1.000000000000000888e+00
1.000000000000000888e+00
1.000000000000000888e+00
1.000000000000000888e+00
1.000000000000000888e+00
1.000000000000000888e+00
1.000000000000000888e+00
1.000000000000000888e+00
1.000000000000000888e+00
1.000000000000000888e+00
1.000000000000000888e+00
1.000000000000000888e+00
1.000000000000000888e+00
1.000000000000000888e+00
1.000000000000000888e+00
1.000000000000000888e+00
1.000000000000000888e+00
1.000000000000000888e+00
1.000000000000000888e+00
1.000000000000000888e+00
1.000000000000000888e+00
1.000000000000000888e+00
1.000000000000000888e+00
1.000000000000000888e+00
1.000000000000000888e+00
1.000000000000000888e+00
1.000000000000000888e+00
1.000000000000000888e+00
1.000000000000000888e+00
1.000000000000000888e+00
1.000000000000000888e+00
1.000000000000000888e+00
1.000000000000000888e+00
1.000000000000000888e+00
1.000000000000000888e+00
1.000000000000000888e+00
1.000000000000000888e+00
1.000000000000000888e+00
1.000000000000000888e+00
1.000000000000000888e+00
1.000000000000000888e+00
1.000000000000000888e+00
1.000000000000000888e+00
1.000000000000000888e+00
1.000000000000000888e+00
1.000000000000000888e+00
1.000000000000000888e+00
1.000000000000000888e+00
1.000000000000000888e+00
1.000000000000000888e+00
1.000000000000000888e+00
1.000000000000000888e+00
1.000000000000000888e+00
1.000000000000000888e+00
1.000000000000000888e+00
1.000000000000000888e+00
1.000000000000000888e+00
1.000000000000000888e+00
1.000000000000000888e+00
1.000000000000000888e+00
1.000000000000000888e+00
1.000000000000000888e+00
1.000000000000000888e+00
1.000000000000000888e+00
1.000000000000000888e+00
1.000000000000000888e+00
1.000000000000000888e+00
1.000000000000000888e+00
1.000000000000000888e+00
1.000000000000000888e+00
1.000000000000000888e+00
1.000000000000000888e+00
1.000000000000000888e+00
1.000000000000000888e+00
1.000000000000000888e+00
1.000000000000000888e+00
1.000000000000000888e+00
1.000000000000000888e+00
1.000000000000000888e+00
1.000000000000000888e+00
1.000000000000000888e+00
1.000000000000000888e+00
1.000000000000000888e+00
1.000000000000000888e+00
1.000000000000000888e+00
1.000000000000000888e+00
1.000000000000000888e+00
1.000000000000000888e+00
1.000000000000000888e+00
1.000000000000000888e+00
1.000000000000000888e+00
1.000000000000000888e+00
1.000000000000000888e+00
1.000000000000000888e+00
1.000000000000000888e+00
1.000000000000000888e+00
1.000000000000000888e+00
1.000000000000000888e+00
