8.088460674087661472e+89
4.616603287468511309e+89
1.510166066422320113e+89
2.749017024301552046e+88
2.183976197482715947e+88
2.059341324876937104e+88
4.213242780507794413e+87
1.290008967792060887e+87
1.181740485092927729e+87
9.513903848855512415e+86
9.505580865211199652e+86
1.410944602838072730e+86
1.410730731535596546e+86
6.957639305326780877e+85
6.769931573793122093e+85
3.809406944565139675e+85
3.792397342184421430e+85
5.826691837393834857e+84
4.075697089652546451e+84
4.075656590530273142e+84
3.893751166704900718e+84
1.345510189419474224e+84
1.342514902801302253e+84
1.342490295313101500e+84
2.966930678673830626e+83
2.546541307334931774e+83
2.546538669630251977e+83
2.094517877377155923e+83
2.093513406899004821e+83
4.919733964488301536e+82
4.918499303714044282e+82
1.789203062010145635e+82
1.694545516498606629e+82
9.389983031194038272e+81
9.364214192792944766e+81
2.078897267415539929e+81
2.078896884501519688e+81
2.078896863004029336e+81
1.189104757642149358e+81
1.189088387389750346e+81
1.150071329150893151e+81
3.470546944166969637e+80
3.454970049401985819e+80
3.454946823265398201e+80
1.035306267516805873e+80
1.035306267321993536e+80
1.035306266845540455e+80
8.080665791006188041e+79
8.080653178721227146e+79
6.903864392194924252e+79
6.902308719254286093e+79
1.268929867126904834e+79
1.268929856177356650e+79
1.268286524691037542e+79
5.866429260015746565e+78
5.384955200726927312e+78
5.384955200643024680e+78
3.290640822330498332e+78
3.286124577198885091e+78
5.398772323789631343e+77
5.398771755119141623e+77
5.398771686271860350e+77
5.398771686257613366e+77
3.597600207223377577e+77
3.597482815049670062e+77
3.545619441649923756e+77
1.277453548281982447e+77
1.267187594646860821e+77
1.267180714365324968e+77
2.787678362061101509e+76
2.787678361876095374e+76
2.787678361875989317e+76
2.787678360235615070e+76
2.332620464805849010e+76
2.332612231140943143e+76
2.179762120355347141e+76
2.179420599492666170e+76
4.854913700550693880e+75
4.854913679556161621e+75
4.850318460984970274e+75
1.709043258379729359e+75
1.709043258379711482e+75
1.601563683225054529e+75
1.601563683189811164e+75
1.261311961479007898e+75
1.259850491338596781e+75
2.152054999676853808e+74
2.152054881318303192e+74
2.152054795612559885e+74
2.152054795610744296e+74
1.178885149900620378e+74
1.178823614868130310e+74
1.166511204660466407e+74
6.365704805318248775e+73
6.365682062703247833e+73
6.300154931472152917e+73
1.169343072291921327e+73
1.169343072265814861e+73
1.169343072265726197e+73
1.169343070004480016e+73
8.736323371604457966e+72
8.736323371604456396e+72
8.736266990218144133e+72
8.258645092195045457e+72
8.258002888000649520e+72
2.863294163897375437e+72
2.863294158040894050e+72
2.859178177556636335e+72
7.734056099555892814e+71
7.734056099555849659e+71
7.734056099555835928e+71
6.870940950371395098e+71
5.475506243603956315e+71
5.475506243281225014e+71
5.471896861498728282e+71
1.366398375173718635e+71
1.366398336908054308e+71
1.366398168240150367e+71
1.366398168239283832e+71
5.929008495126445048e+70
5.928607491228945289e+70
5.928607491228945289e+70
5.887669767226817331e+70
3.058093148075299915e+70
3.058088938760107543e+70
2.996165170519239710e+70
7.539782841326429390e+69
7.539782841197944964e+69
7.539782841197944964e+69
7.539782841195053145e+69
7.539782795301022994e+69
4.885686767281611188e+69
4.885686767281611188e+69
4.885641337561056566e+69
4.687079559157927657e+69
4.686913661502672034e+69
1.397087424120475556e+69
1.397087422469953338e+69
1.393040081006168446e+69
4.849468240776169176e+68
4.849468240776157682e+68
4.849468240776116496e+68
4.054557255202039642e+68
4.054557255202039642e+68
3.387306368063351742e+68
3.386198216506808483e+68
3.386198215904259013e+68
3.386198215904259013e+68
6.646802218918801040e+67
6.646802111729993990e+67
6.646801083441452757e+67
6.646801083440001675e+67
3.490211182604221127e+67
3.489636454750575449e+67
3.489636454750575449e+67
3.478220126007907987e+67
2.026947336622830627e+67
2.026945147528749765e+67
1.960110776887103362e+67
3.709425247278462885e+66
3.709425247256458704e+66
3.709425247256458704e+66
3.709425247253042017e+66
3.709425247253042017e+66
3.709425218633446842e+66
2.686267881344609566e+66
2.686267881344609566e+66
2.686211074737558935e+66
2.636953166675161391e+66
2.636891006117093685e+66
9.640194225155176890e+65
9.640194219594833346e+65
9.640194219594833346e+65
9.592328102736856366e+65
2.498368713910377761e+65
2.498368713910375890e+65
2.183996775017311103e+65
2.183996775017270415e+65
2.183996775017270415e+65
2.012723712056421537e+65
2.012260510496502502e+65
2.012260509948291368e+65
2.012260509948291368e+65
2.012260509948291368e+65
4.805884173846129642e+64
4.805884134197661462e+64
4.805881910619049656e+64
4.805881910618701819e+64
1.969624271929309260e+64
1.969168725750137134e+64
1.969168725750137134e+64
1.964860749857006196e+64
1.483617280515074984e+64
1.483616450703719478e+64
1.432660321556901428e+64
2.808283965666921348e+63
2.808283965661142205e+63
2.808283965661142205e+63
2.808283965656096370e+63
2.808283965656096370e+63
2.808283897806260655e+63
1.717621436677634326e+63
1.717621436677634326e+63
1.717563629013751815e+63
1.693617739140565434e+63
1.693599596423429374e+63
8.942701790853828809e+62
8.942701788661320590e+62
8.942701788661320590e+62
8.884094100221114363e+62
1.998834410068970875e+62
1.998834410068970419e+62
1.594476748228646323e+62
1.594476748228590603e+62
1.594476748228590603e+62
1.485247423939725350e+62
1.485068938434517957e+62
1.485068937199454532e+62
1.485068937199454532e+62
1.485068937199454532e+62
5.145189182574314675e+61
5.145189161750703473e+61
5.145182818030931623e+61
5.145182818030674718e+61
1.704068047480265281e+61
1.703582121181401827e+61
1.703582121181401827e+61
1.701298846697130678e+61
1.276794501462569611e+61
1.276794219850464948e+61
1.196167344879410948e+61
3.192873416601134738e+60
3.192873416596332049e+60
3.192873416596331336e+60
3.192873416569352786e+60
3.192873416569352786e+60
3.192873416569352786e+60
3.192873198263250062e+60
1.641040143050733871e+60
1.641040143050733871e+60
1.641040143050733871e+60
1.640964943032375702e+60
1.625429413732532129e+60
1.625421756286698724e+60
8.064591349267739267e+59
8.064591348121414954e+59
8.064591348121414954e+59
7.960306723420067016e+59
2.290560606039359569e+59
2.290560606039359569e+59
1.659035781276843171e+59
1.659035781276594072e+59
1.659035781276594072e+59
1.573825785662154594e+59
1.573733948372766350e+59
1.573733944920578434e+59
1.573733944920578434e+59
1.573733944920578434e+59
4.674960293375614806e+58
4.674960282323411760e+58
4.674952818672864037e+58
4.674952818672864037e+58
4.674952818672782082e+58
1.891570553648361776e+58
1.890252605851762833e+58
1.890252605851762833e+58
1.890252605851762833e+58
1.888963669568254633e+58
1.497760480834230100e+58
1.497760231699818797e+58
1.357196223431913738e+58
2.894583813085033138e+57
2.894583813083491251e+57
2.894583813083489508e+57
2.894583813028299345e+57
2.894583813028299345e+57
2.894583813028299345e+57
2.894583557329299216e+57
1.715277919080920556e+57
1.715277919080920556e+57
1.715277919080920556e+57
1.715097010966731396e+57
1.707282061744896969e+57
1.707276630510169626e+57
9.729724795623123671e+56
9.729724795623123671e+56
9.729724794971272889e+56
9.729724794971272889e+56
9.532377079608266897e+56
2.114156626535580459e+56
2.114156626535580459e+56
1.649406587130915207e+56
1.649406587130302372e+56
1.649406587130302372e+56
1.609703408449433629e+56
1.609641642972560269e+56
1.609641637825674807e+56
1.609641637825674807e+56
1.609641637825674807e+56
5.934216179703887004e+55
5.934216172746861379e+55
5.934189690407415899e+55
5.934189690407415899e+55
5.934189690407381054e+55
1.848037250294350028e+55
1.846389800647167936e+55
1.846389800647167936e+55
1.846389800647167936e+55
1.845598961102734547e+55
1.652377014923944315e+55
1.652376896464091316e+55
1.513672011955887949e+55
3.870417956188163783e+54
3.870417956187432176e+54
3.870417956187424009e+54
3.870417956046799599e+54
3.870417956046799599e+54
3.870417956046799599e+54
3.870416949328763079e+54
1.853416699626552013e+54
1.853416699626552013e+54
1.853416699626552013e+54
1.853140044711566066e+54
1.847266373831670341e+54
1.847263889830826647e+54
1.344271832834630183e+54
1.344271832834630183e+54
1.344271832801614797e+54
1.344271832801614797e+54
1.314126758737401998e+54
2.971398268054515382e+53
2.971398268054515382e+53
2.023015033361401958e+53
2.023015033360088468e+53
2.023015033360088468e+53
2.023015033360088468e+53
1.984420642981555117e+53
1.984383971027109445e+53
1.984383953801566008e+53
1.984383953801566008e+53
1.984383953801566008e+53
1.008645976609829102e+53
1.008645976076529856e+53
1.008635954709137483e+53
1.008635954709137483e+53
1.008635954709133655e+53
2.756522633128862655e+52
2.753583633470361917e+52
2.753583633470361917e+52
2.753583633470361917e+52
2.753583633470361917e+52
2.752896375702295123e+52
2.475326704914491207e+52
2.475326634377871919e+52
2.129313679448316594e+52
7.402931333829343675e+51
7.402931333828398594e+51
7.402931333828356059e+51
7.402931332695464343e+51
7.402931332695464343e+51
7.402931332695464343e+51
7.402926508536524503e+51
2.993780808981643714e+51
2.993780808981643714e+51
2.993780808981643714e+51
2.993201947353643644e+51
2.987208492054123860e+51
2.987206768516513994e+51
2.150616241620078599e+51
2.150616241620078599e+51
2.150616241620078599e+51
2.150616241590271990e+51
2.150616241590271990e+51
2.061075999276011234e+51
5.957357555766290513e+50
5.957357555766290513e+50
5.957357555766290513e+50
5.957357555741206319e+50
3.577953703036834473e+50
3.577953703036834473e+50
3.530511207623408903e+50
3.530511207623408903e+50
3.530480408193236445e+50
3.530480336774633707e+50
3.530480336774633707e+50
3.530480336774633707e+50
1.676012224943876970e+50
1.676012224424483623e+50
1.675990034079340411e+50
1.675990034079340411e+50
1.675990034079337919e+50
5.541160972054543124e+49
5.527122852849111664e+49
5.527122852849111664e+49
5.527122852849111664e+49
5.527122852849111664e+49
5.526388053626891637e+49
5.079672963982657983e+49
5.079672859204777257e+49
4.109948673818535592e+49
1.234844423198888934e+49
1.234844423198831300e+49
1.234844423198804819e+49
1.234844422785921421e+49
1.234844422785921421e+49
1.234844422785921421e+49
1.234843346320151448e+49
5.809158063249071754e+48
5.809158063249071754e+48
5.809158063249071754e+48
5.806578646065217191e+48
5.800588123212347650e+48
5.800585830854871660e+48
4.478891540765077208e+48
4.478891540765077208e+48
4.478891540765077208e+48
4.478891540736670800e+48
4.478891540736670800e+48
4.209421677534536534e+48
9.952219979126662152e+47
9.952219979126662152e+47
9.952219979126662152e+47
9.952219979034967812e+47
6.594957477188566394e+47
6.594957477188564772e+47
6.551897777460748931e+47
6.551897777460748931e+47
6.551860361961962550e+47
6.551860164703946276e+47
6.551860164703946276e+47
6.551860164703946276e+47
3.635500461928158601e+47
3.635500461391172477e+47
3.635376867095492526e+47
3.635376867095492526e+47
3.635376867095490903e+47
9.508415852671572114e+46
9.479184824947984776e+46
9.479184824947984776e+46
9.479184824947984776e+46
9.479184824947984776e+46
9.478422423423183264e+46
9.113685070890368954e+46
9.113684996780049615e+46
7.633067840285764315e+46
2.838305487315844331e+46
2.838305487315660775e+46
2.838305487315613112e+46
2.838305485566238043e+46
2.838305485566238043e+46
2.838305485566238043e+46
2.838305485566238043e+46
2.838305485566238043e+46
2.838298753278073615e+46
1.065658851922464979e+46
1.065658851922464979e+46
1.065658851922464979e+46
1.065044764749214608e+46
1.064333606033925218e+46
1.064333436449301345e+46
9.306306819818200178e+45
9.306306819818200178e+45
9.306306819818200178e+45
9.306306819799135981e+45
9.306306819799135981e+45
8.771679786441886373e+45
2.416999695109384694e+45
2.416999695109384694e+45
2.416999695109384694e+45
2.416999695066011712e+45
1.346651889827154839e+45
1.346651889827154046e+45
1.346651791179807461e+45
1.340307252097063328e+45
1.340303811609849850e+45
1.340303811609849850e+45
1.340303811609849850e+45
1.340303811609849850e+45
9.337338478894169518e+44
9.337338478343521112e+44
9.336761632135608184e+44
9.336761632135608184e+44
9.336761632135605015e+44
2.436033528401695093e+44
2.427246629076498319e+44
2.427246629076498319e+44
2.427246629076498319e+44
2.427246629076498319e+44
2.427136784808609643e+44
2.342459858331653101e+44
1.773885736136242150e+44
1.773885731771746090e+44
8.688395694844690269e+43
8.688395694843308728e+43
8.688395694843222567e+43
8.688395675438246047e+43
8.688395675438246047e+43
8.688395675438246047e+43
8.688395675438246047e+43
8.688395675438246047e+43
8.688351040155603351e+43
8.688351040155603351e+43
2.906549525154525707e+43
2.906549525154525707e+43
2.904456568963747874e+43
2.903294132144566317e+43
2.903293935986929411e+43
2.550693334935939635e+43
2.550693334935939635e+43
2.550693334935939635e+43
2.550693334933140405e+43
2.303325107371471183e+43
2.303325107371471183e+43
8.133685377107935107e+42
8.133685377107935107e+42
8.133685377107935107e+42
8.133685376526483336e+42
8.133685376526462291e+42
3.977502321856861707e+42
3.977501712949180801e+42
3.965319631284515252e+42
3.965314950049963837e+42
3.965314950049963837e+42
3.965314950049963837e+42
3.965314950049963837e+42
2.726432922094865894e+42
2.726432922003098328e+42
2.726207566607436520e+42
2.726207566607436520e+42
2.726207566607436520e+42
2.726207566607436520e+42
8.533588871071698170e+41
8.464578370482152433e+41
8.464578370482152433e+41
8.464578370482152433e+41
8.464578370482152433e+41
8.464578370482152433e+41
8.464370706378515299e+41
8.236224085564007373e+41
5.718518879432051679e+41
5.718518870566137889e+41
2.617761954157407830e+41
2.617761954155923076e+41
2.617761954155913017e+41
2.617761941692122639e+41
2.617761941692122639e+41
2.617761941692122639e+41
2.617761941692122639e+41
2.617761941692122639e+41
2.617743375103551228e+41
2.617743375103551228e+41
1.010604995155948879e+41
1.010604995155948879e+41
1.008979741842665770e+41
1.008761631317958817e+41
1.008761585029380121e+41
1.008761585029380121e+41
9.124609499482518365e+40
9.124609499478021161e+40
9.124609499478021161e+40
7.933829688124535267e+40
7.933829688124535267e+40
2.459584944265683366e+40
2.459584944265683366e+40
2.459584944265683366e+40
2.459584944265683366e+40
2.459584943889483543e+40
2.459584943889460331e+40
1.337888596686131928e+40
1.337888281008366713e+40
1.335742587240801992e+40
1.335741548939733076e+40
1.335741548939733076e+40
1.335741548939733076e+40
9.995557062331567702e+39
9.995557062331567702e+39
9.995557062176716394e+39
9.993609984520302208e+39
9.993609984520302208e+39
9.993609984520302208e+39
2.603989246025258184e+39
2.603989246025258184e+39
2.578924699389474472e+39
2.578924699389474472e+39
2.578924699389474472e+39
2.578924699389474472e+39
2.578924699389474472e+39
2.578887019815575184e+39
2.545491563991207242e+39
1.870247721801966027e+39
1.870247720611408626e+39
1.010274346627015966e+39
1.010274346625451313e+39
1.010274338119125103e+39
1.010274338119123743e+39
1.010274338119123743e+39
1.010274338119123743e+39
1.010274338119123743e+39
1.010256560010920461e+39
1.010256560010920461e+39
1.010256560010920461e+39
3.192129497941199761e+38
3.192129497941199761e+38
3.185797224244998496e+38
3.185372157128581375e+38
3.185372157128581375e+38
3.185372099184010507e+38
3.028479202229036590e+38
3.028479202228580599e+38
3.028479202228580599e+38
2.674916964334281496e+38
2.674916964334281496e+38
1.009839121455686149e+38
1.009839121455686149e+38
1.009839121455686149e+38
1.009839121455686149e+38
1.009839121165101184e+38
1.009839121165073605e+38
4.560717269159705605e+37
4.560714910800704724e+37
4.560714910800704724e+37
4.555838503838773492e+37
4.555836987451154140e+37
4.555836987451154140e+37
4.555836987451154140e+37
3.866369621195426882e+37
3.866369621195426882e+37
3.866369621174112953e+37
3.865231635897735964e+37
3.865231635897735964e+37
3.865231635897735964e+37
1.132924354168888961e+37
1.132924354168888961e+37
1.120354362228962158e+37
1.120354362228962158e+37
1.120354362228962158e+37
1.120354362228962158e+37
1.120345434561543184e+37
1.120345434561543184e+37
1.108001621920040865e+37
7.128423144149107788e+36
7.128423142557986682e+36
4.738539676042887448e+36
4.738539676027115925e+36
4.738539555719790418e+36
4.738539555719789828e+36
4.738539555719789828e+36
4.738539555719786877e+36
4.738539555719786877e+36
4.738386766245974183e+36
4.738386766245974183e+36
4.738386766245974183e+36
4.738386766245974183e+36
1.466499723796067254e+36
1.466499723796067254e+36
1.462955095503304871e+36
1.462842556407447976e+36
1.462842556407447976e+36
1.462842545165232687e+36
1.397837600184005209e+36
1.397837600183898956e+36
1.397837600183898956e+36
1.150297116568352392e+36
1.150297116568352392e+36
5.471781345873253143e+35
5.471781345873253143e+35
5.471781345873253143e+35
5.471781345873253143e+35
5.471781340388391232e+35
5.471781340388019346e+35
2.237352131054604104e+35
2.237349913797943486e+35
2.237349913797943486e+35
2.235875986848477458e+35
2.235875650853007937e+35
2.235875650853007937e+35
2.235875650853007937e+35
1.909265473452867374e+35
1.909265473452867374e+35
1.908529233206135834e+35
1.908529233200456450e+35
1.908529233200456450e+35
1.908529233200456450e+35
6.693867811352940637e+34
6.693867811352940637e+34
6.540920037332557861e+34
6.540920037332557861e+34
6.540920037332557861e+34
6.540920037332557861e+34
6.540892042956242031e+34
6.540892042956242031e+34
6.487914148725937909e+34
3.786925574795340239e+34
3.786925574304302208e+34
2.485316074516134640e+34
2.485316074488241780e+34
2.485316074488241780e+34
2.485315945196689376e+34
2.485315945196688454e+34
2.485315945196687993e+34
2.485315945196687993e+34
2.485204423642380632e+34
2.485204423642380632e+34
2.485204423642380632e+34
2.485204423642380632e+34
8.815810730130476580e+33
8.815810730130476580e+33
8.770749277872832085e+33
8.770749277872832085e+33
8.770377148341713299e+33
8.770377104152276157e+33
8.473769258074422537e+33
8.473769258074422537e+33
6.585927461164220040e+33
6.585927461164048254e+33
6.585927461164048254e+33
2.948644196420533497e+33
2.948644196420533497e+33
2.948644196420533497e+33
2.948644196420533497e+33
2.948644190198149268e+33
2.948644190197454056e+33
1.333616302011351484e+33
1.333614211726387502e+33
1.333614211726387502e+33
1.333132305947365418e+33
1.333132175327351832e+33
1.333132175327351832e+33
1.181800831215251649e+33
1.181800831215251649e+33
1.180806282919362145e+33
1.180806282919362145e+33
1.180806282917782067e+33
1.180806282917782067e+33
1.180806282917782067e+33
1.180806282917782067e+33
3.645917291697439486e+32
3.645917291697439486e+32
3.546663630100119447e+32
3.546663630100119447e+32
3.546663630100119447e+32
3.546663630100119447e+32
3.546654629756840695e+32
3.546654629756840695e+32
3.532266996159138008e+32
2.202658537769421010e+32
2.202658537648667615e+32
1.593320518234454357e+32
1.593320518189668941e+32
1.593320518189668941e+32
1.593320377192678131e+32
1.593320377192675609e+32
1.593320377192675609e+32
1.593320377192675609e+32
1.593158708564227914e+32
1.593158708564227914e+32
1.593158708564227914e+32
1.593158708564227914e+32
4.858157042613874265e+31
4.828120604905091417e+31
4.828120604905091417e+31
4.828120604905091417e+31
4.827997291725556861e+31
4.827997281991836013e+31
4.743905204255197138e+31
4.743905204255197138e+31
3.796765603776695907e+31
3.796765603776664382e+31
3.796765603776664382e+31
2.005914116916264673e+31
2.005914116916264673e+31
2.005914116916264673e+31
2.005914116916264673e+31
2.005914116916264673e+31
2.005914116915007944e+31
2.005914109274302822e+31
7.684547199585026853e+30
7.684522718645596529e+30
7.684522718645596529e+30
7.682772796394136335e+30
7.682772481066399488e+30
7.682772481066399488e+30
7.194360945023774972e+30
7.186264564891534312e+30
7.186264564891534312e+30
7.186264564891534312e+30
7.186264564888320994e+30
7.186264564888320994e+30
7.186264564888320994e+30
7.186264564888320994e+30
2.651289666375410667e+30
2.569987866174763641e+30
2.569987866174763641e+30
2.569987866174763641e+30
2.569987866174763641e+30
2.569987866174763641e+30
2.569984431032812624e+30
2.561716369872145285e+30
2.561716369872145285e+30
1.380449219351175960e+30
1.380449219325132487e+30
1.380449219235931378e+30
1.380449219235931378e+30
1.131059677776848466e+30
1.131059677776843399e+30
1.131059427152621889e+30
1.131059427152621889e+30
1.131059427152621889e+30
1.130880425002842340e+30
1.130880425002842340e+30
1.130880425002842340e+30
1.130880425002842340e+30
3.730736534258154743e+29
3.703234378911194357e+29
3.703234378911194357e+29
3.703234378911194357e+29
3.703181645783316527e+29
3.648929397845727867e+29
3.648929394792739087e+29
3.648929394792739087e+29
2.653646876387196494e+29
2.653646876387187346e+29
1.685884507273040548e+29
1.685884507273040548e+29
1.685884507273040548e+29
1.685884507273040548e+29
1.685884507273040548e+29
1.685884507273040548e+29
1.685884507273040548e+29
1.685884507270684602e+29
1.685884488233053480e+29
6.246054705356368583e+28
6.246054705356368583e+28
6.246019167229867138e+28
6.245178749898030899e+28
6.245178635487656219e+28
6.245178635487656219e+28
6.235698432829081649e+28
5.881324966353258893e+28
5.881324966353258893e+28
5.881324966353258893e+28
5.881324966353258893e+28
5.881324966351929803e+28
5.881324966351929803e+28
5.881324966351929803e+28
2.570715243727377359e+28
2.425301581644329693e+28
2.425301581644329693e+28
2.425301581644329693e+28
2.425301581644329693e+28
2.425301581644329693e+28
2.425299901820335752e+28
2.419942236965619782e+28
1.201059661440207415e+28
1.201059661440207415e+28
1.201059661428038240e+28
1.201059661428038240e+28
1.201059661189857413e+28
9.927925988844842824e+27
9.927925988844739470e+27
9.927921745957326846e+27
9.927921745957326846e+27
9.927921745957326846e+27
9.927921745957326846e+27
9.925778010329199150e+27
9.925778010329199150e+27
3.759590933482050056e+27
3.759590933482050056e+27
3.759590933482050056e+27
3.705386028988764835e+27
3.705386028988764835e+27
3.705386028988764835e+27
3.705357039517306558e+27
3.665717439879902036e+27
3.665717437977967922e+27
3.665717437977967922e+27
2.488549003373141372e+27
2.488549003373138074e+27
2.488549003373138074e+27
1.566439093684603822e+27
1.566439093684603822e+27
1.566439093684603822e+27
1.566439093684603822e+27
1.566439093684603822e+27
1.566439093677430059e+27
1.566439057563327430e+27
1.566439057563327430e+27
6.387480033219881633e+26
6.387480033219880259e+26
6.387422259171339821e+26
6.386939628730110388e+26
6.386939554864146827e+26
6.386939554864146827e+26
6.367587416830074118e+26
6.367587416830074118e+26
6.094995982077073416e+26
6.094995982077073416e+26
6.094995982077073416e+26
6.094995982077073416e+26
6.094995982076465936e+26
6.094995982076465936e+26
2.478234539778577260e+26
2.310569480406397500e+26
2.310569480406397500e+26
2.310569480406397500e+26
2.310569480406397500e+26
2.310569480406397500e+26
2.310568539267871397e+26
1.221614363975401422e+26
1.220866785202230482e+26
1.220866785202230482e+26
1.220866785202230482e+26
1.220866784661468158e+26
1.220866784656117144e+26
1.220866784656061997e+26
1.220866784656061997e+26
1.057028496111541682e+26
1.057027748441633683e+26
1.057027748441633683e+26
1.056552851342990876e+26
1.056552851342990876e+26
1.056552851342990876e+26
3.631892962472078456e+25
3.631892962472078456e+25
3.631892962472078456e+25
3.568580571101678598e+25
3.568580571101678598e+25
3.568580571101678598e+25
3.568580571101678598e+25
3.568563973365710282e+25
3.568563973365710282e+25
3.548273125320146405e+25
3.548273124561772433e+25
2.496628985360783167e+25
2.496628985360783167e+25
1.746774757907561108e+25
1.746774757907561108e+25
1.746774757907560463e+25
1.746774757907560463e+25
1.746774757907560463e+25
1.746774757907560463e+25
1.746774757887958662e+25
1.746774688078254944e+25
1.746774688078254944e+25
1.746774688078253870e+25
6.303734482596744034e+24
6.303624496080893398e+24
6.303334334417183514e+24
6.303334303799564252e+24
6.303334303799564252e+24
6.303334303799564252e+24
6.279687890758449519e+24
6.279687890758449519e+24
6.131198054415389187e+24
6.131198054415389187e+24
6.131198054415185176e+24
6.131198054415185176e+24
6.131198054415185176e+24
2.966061394964965099e+24
2.746617371215773856e+24
2.746617371215773856e+24
2.746617371215773856e+24
2.746617371215773856e+24
2.746617371215773856e+24
2.746617371215773856e+24
1.272333772872030318e+24
1.272333651424213436e+24
1.272333651424213436e+24
1.271832961646150474e+24
1.271832961646150474e+24
1.271832960733882777e+24
1.271832960733882777e+24
1.271832960731950847e+24
1.271832960731819314e+24
1.271830844955137896e+24
1.168250968169404109e+24
1.168250968169404109e+24
1.168250968169404109e+24
1.167522821161144390e+24
1.167522821161144390e+24
4.608459700250670279e+23
4.608459700250670279e+23
4.608459700250670279e+23
4.608459700250670279e+23
4.514954941306367776e+23
4.514954941306367776e+23
4.514954941306367776e+23
4.514954941306367776e+23
4.514943634561530363e+23
4.494869254187979039e+23
4.494869253783091130e+23
4.494869253783091130e+23
2.838568025665330112e+23
2.838568025665330112e+23
2.238618426736387838e+23
2.238618426736387503e+23
2.238618426736387503e+23
2.238618426736387503e+23
2.238618426736387503e+23
2.238618426686340732e+23
2.238618202568885954e+23
2.238618202568882263e+23
2.238618202568882263e+23
2.238444072762626540e+23
8.448039496698394418e+22
8.447817701671575329e+22
8.447817701671575329e+22
8.447817701671575329e+22
8.447817701671575329e+22
8.447817683374971027e+22
8.408778685924411179e+22
8.243751974284242085e+22
8.243751974284242085e+22
8.243751974284114579e+22
8.243751974284114579e+22
8.243751974284114579e+22
4.610996564625434083e+22
4.610996564625434083e+22
4.059617165130395864e+22
4.059617165130395864e+22
4.059617165130395864e+22
4.059617165130395864e+22
4.059617165130395864e+22
1.808383945221549641e+22
1.808383945221549641e+22
1.808383863597219971e+22
1.807953349419634944e+22
1.807953345816254061e+22
1.807953345816254061e+22
1.807953345816254061e+22
1.807953345815840083e+22
1.807947978227681801e+22
1.807947978226320540e+22
1.677443113559835594e+22
1.677443113559835594e+22
1.677443113559835594e+22
1.676062348327891082e+22
1.676062348327891082e+22
7.588257444758497001e+21
7.588257444758497001e+21
7.588257444758497001e+21
7.588257444758497001e+21
7.315464180062154129e+21
7.315464180062154129e+21
7.315464180062154129e+21
7.315464180062154129e+21
7.315454304410899841e+21
7.292995224346698973e+21
7.292995224346698973e+21
7.292995223975088882e+21
4.320075552215715021e+21
4.320075552215715021e+21
3.451164259430691242e+21
3.451164259430691242e+21
3.451164259430691242e+21
3.451164259430691242e+21
3.451164259198192058e+21
3.451163590481146282e+21
3.451163590481146282e+21
3.451163590481132650e+21
3.450782880424513765e+21
1.439975146660493525e+21
1.439975146660493525e+21
1.439975146660493525e+21
1.439975146660493525e+21
1.439975146660493525e+21
1.439953707608447123e+21
1.427599882935365009e+21
1.427599881113691750e+21
1.407246107224224039e+21
1.407246107224224039e+21
1.407246107224214602e+21
1.407246107224214602e+21
1.407246107224214602e+21
1.407246107224214602e+21
7.689134697731669361e+20
6.602207952746910843e+20
6.602207952746910843e+20
6.602207952746910843e+20
6.602207952746910843e+20
3.126505386376375828e+20
3.126505386376375828e+20
3.126505386376375828e+20
3.126505301314933883e+20
3.126077128401417011e+20
3.126077114876620964e+20
3.126077114876620964e+20
3.126077114874203996e+20
3.126077114874203996e+20
3.126062352109754122e+20
3.126062352108731105e+20
3.126062352108731105e+20
2.956791092198268600e+20
2.956791092198268600e+20
2.952103397968048292e+20
2.952103397968048292e+20
1.275643584361646981e+20
1.275643584361646981e+20
1.220050618175734252e+20
1.220050618175734252e+20
1.220050618175734252e+20
1.220050618175734252e+20
1.220050618175734252e+20
1.220050618175734252e+20
1.220050618175734252e+20
1.220049660510012047e+20
1.217968483555454157e+20
1.217968483529390162e+20
1.217968483529390162e+20
7.467338172464254157e+19
6.300453173386296525e+19
6.300453173386296525e+19
6.300453173386296525e+19
6.300453172413482598e+19
6.300453172413482598e+19
6.300451122106068173e+19
6.300451122105979699e+19
6.300451122105979699e+19
6.300451122105979699e+19
6.299063778558223155e+19
2.447697759520844186e+19
2.447697759520844186e+19
2.447697759520844186e+19
2.447697759520844186e+19
2.447697759520844186e+19
2.447676162699745280e+19
2.421782207540597965e+19
2.421782206222276198e+19
2.402173069203435930e+19
2.402173069203435930e+19
2.402173069203430195e+19
2.402173069203430195e+19
2.402173069203430195e+19
2.402173069203430195e+19
2.402173069203430195e+19
1.873163958406210355e+19
1.274027169306388070e+19
1.274027169306388070e+19
1.274027169306388070e+19
1.274027169306388070e+19
5.481555532025496576e+18
5.481555493769166848e+18
5.481555493769166848e+18
5.481096604783583232e+18
5.481096539041570816e+18
5.481096539032240128e+18
5.481096539032240128e+18
5.481046911059422208e+18
5.481046911059422208e+18
5.481046911059422208e+18
5.481046911058779136e+18
5.303923314653639680e+18
5.303923314653638656e+18
5.303923314653638656e+18
5.292964433138038784e+18
5.292964433138038784e+18
5.292964433138038784e+18
2.642816251938553856e+18
2.512575129120883200e+18
2.512575129120883200e+18
2.512575129120883200e+18
2.512575129120883200e+18
2.512575129120883200e+18
2.512575129120883200e+18
2.512575129120883200e+18
2.512574107734135296e+18
2.509495341227506688e+18
2.509495341227506688e+18
2.509495341204881920e+18
1.392145079958777088e+18
1.248700557669765632e+18
1.248700557669765632e+18
1.248700557318231552e+18
1.248699676640428288e+18
1.248699676640428288e+18
1.248699676640428288e+18
1.248699676640384768e+18
1.248699676640384768e+18
1.248303601542048256e+18
1.248303601542048256e+18
5.364417131157427200e+17
5.364417131157427200e+17
5.364417131157427200e+17
5.364417131157427200e+17
5.364417131157427200e+17
5.296269397789285760e+17
5.296243969928258560e+17
5.296243968639037440e+17
5.263484528813040640e+17
5.263484528813040640e+17
5.263484528813040640e+17
5.263484528813040640e+17
5.263484528813035520e+17
5.263484528813035520e+17
5.263484528813035520e+17
3.808657361804238080e+17
2.889456718789661440e+17
2.889456718789661440e+17
2.889456718789661440e+17
2.889456718789661440e+17
1.268361490223846880e+17
1.268361467825964160e+17
1.268361467821368000e+17
1.268361467821368000e+17
1.268299681123964640e+17
1.268299673926290880e+17
1.268299673926290880e+17
1.268280358884043040e+17
1.268280358884043040e+17
1.268280358884042720e+17
1.268280358884042720e+17
1.235008511585384480e+17
1.235008511585320320e+17
1.231747808708356800e+17
1.231747808708356800e+17
1.231747808708356800e+17
1.231747808708356800e+17
6.934016633862860000e+16
6.934016633862860000e+16
6.396978689333138400e+16
6.396978689333138400e+16
6.396978689333138400e+16
6.396978689333138400e+16
6.396978689333138400e+16
6.396978689333138400e+16
6.396978689333138400e+16
6.396977335571175200e+16
6.396977335571175200e+16
6.391956525408410400e+16
6.391956525379525600e+16
3.418140320125821600e+16
3.112111561608862400e+16
3.112111561608862400e+16
3.112111559221127600e+16
3.112107582973219200e+16
3.112107582973219200e+16
3.112107582972968800e+16
3.112107582972968800e+16
3.112107582972968800e+16
3.110756850185515600e+16
3.110756850185515600e+16
3.110756850185515600e+16
1.481175079711950800e+16
1.481175079711950800e+16
1.481175079711950800e+16
1.481175079711950800e+16
1.449389266483999200e+16
1.449385372617991400e+16
1.449385372427994400e+16
1.443203780069343400e+16
1.443203780069343400e+16
1.443203780069343400e+16
1.443203780069342800e+16
1.443203780069342800e+16
9.982569425349798000e+15
9.982569425349798000e+15
7.734246852664944000e+15
7.734246852664944000e+15
7.734246852664944000e+15
7.734246852664944000e+15
7.734246852664944000e+15
7.734246852664944000e+15
7.734246247296399000e+15
3.617178828594382500e+15
3.617178828553506000e+15
3.617092562967703500e+15
3.616989814045168500e+15
3.616989802525752000e+15
3.616989802525752000e+15
3.616989802525750500e+15
3.616989802525750500e+15
3.548430098776887000e+15
3.548430098776887000e+15
3.548430098776807500e+15
3.531847949783012000e+15
3.531847949783012000e+15
3.531847949783012000e+15
1.988510594339018500e+15
1.988510594339018500e+15
1.988510594339018500e+15
1.803706747270947000e+15
1.803706747270947000e+15
1.803706747270947000e+15
1.803706747270947000e+15
1.803706747270947000e+15
1.803706747270947000e+15
1.803706535477790000e+15
1.803706535477790000e+15
1.802890064767132250e+15
1.802890064767132250e+15
9.925546550821277500e+14
9.925546550810850000e+14
9.260574697636510000e+14
9.260574697636510000e+14
9.260574682268606250e+14
9.260555349763938750e+14
9.260555349763938750e+14
9.260555349761518750e+14
9.260555349761518750e+14
9.260555349761518750e+14
9.260555349761518750e+14
9.253175293407580000e+14
9.253175293407580000e+14
4.321974350905118125e+14
4.321974350905118125e+14
4.321974350905118125e+14
4.321974350905118125e+14
4.207394233696122500e+14
4.207387776776791875e+14
4.207387776776791875e+14
4.207387776537090625e+14
4.196718094484813750e+14
4.196718094484813750e+14
4.196718094484813125e+14
2.932266760272828750e+14
2.932266760272828750e+14
2.413922052547966875e+14
2.413922052547966875e+14
2.413922052547966875e+14
2.413922052547966875e+14
2.413922052547966875e+14
2.413922052547966875e+14
2.413922052547966875e+14
2.413921728745829688e+14
2.413921728613504375e+14
1.078361343516854219e+14
1.078314017427706250e+14
1.078296047714065469e+14
1.078296047714063438e+14
1.078296046181287188e+14
1.078296046181287188e+14
1.078296046181287188e+14
1.065743940490415469e+14
1.065743940490415469e+14
1.065743940490415469e+14
1.065743940490406562e+14
1.059386506652970000e+14
1.059386506652970000e+14
1.059386506652970000e+14
1.059386506652970000e+14
6.681990342933275781e+13
6.681990342933275781e+13
6.681990342933275781e+13
5.995266363879646875e+13
5.995266363879646875e+13
5.995266363879646875e+13
5.995266363879646875e+13
5.995266363879646875e+13
5.995266013560531250e+13
5.995266013560531250e+13
5.993490674528512500e+13
3.079537729532205859e+13
3.079537729532205859e+13
3.079537729530954688e+13
3.079537729530954688e+13
2.945361572818603125e+13
2.945361564282386328e+13
2.945349492491984375e+13
2.945349492490204297e+13
2.945349492490204297e+13
2.945349492490204297e+13
2.945349492490204297e+13
2.942173284606814062e+13
2.942173284606814062e+13
2.942173284606814062e+13
2.942173284606814062e+13
1.538545402238972070e+13
1.538545402238972070e+13
1.538545402238972070e+13
1.490472657770354297e+13
1.490472657770354297e+13
1.490471444621576562e+13
1.490471444621576562e+13
1.490471444584091016e+13
1.487834536694992969e+13
9.705438400861351562e+12
9.705438400861351562e+12
8.473942604165374023e+12
8.473942604165374023e+12
8.473942604165374023e+12
8.473942604165374023e+12
8.473942604165374023e+12
8.473942604165374023e+12
8.473942604165374023e+12
8.473942604165374023e+12
8.473940141035696289e+12
8.473940140140295898e+12
4.048048243343768066e+12
4.047764435793336914e+12
4.047764435793336914e+12
4.047764435793315430e+12
4.047726526030722656e+12
4.047726523339208008e+12
4.047726523339208008e+12
4.012814623186959473e+12
3.982873309819377441e+12
3.982873309819377441e+12
3.982873309819362793e+12
3.982873309819362793e+12
3.982873309819362793e+12
3.982873309819362793e+12
3.982873309819362793e+12
3.982873309819362793e+12
3.982873309819362793e+12
2.746713104989957031e+12
2.359402605643854004e+12
2.359402605643854004e+12
2.359402605643854004e+12
2.359402605643854004e+12
2.359402605643854004e+12
2.359402538032021973e+12
2.358990831190237793e+12
1.218132590536219238e+12
1.218132590536219238e+12
1.218132590536219238e+12
1.218132590535997559e+12
1.218132590535997559e+12
1.176417353901208740e+12
1.176417345495116943e+12
1.176409149757829834e+12
1.176409149756270752e+12
1.176409149756270752e+12
1.176409149756270752e+12
1.176409149756270752e+12
1.174723960142007812e+12
1.174723960142007568e+12
6.732648673452955322e+11
6.732648673452955322e+11
6.732648673452955322e+11
6.732648673452955322e+11
6.416892858500859375e+11
6.416892858500859375e+11
6.416892858500859375e+11
6.416892858500859375e+11
6.416890056375953369e+11
6.409567937140570068e+11
6.409567937062006836e+11
6.409567937062006836e+11
4.063339012302940674e+11
4.063339012302940674e+11
4.063339012302940674e+11
3.628856201540955811e+11
3.628856201540955811e+11
3.628856201540955811e+11
3.628856201540955811e+11
3.628856201540955811e+11
3.628856201540955811e+11
3.628856201540955811e+11
3.628856200527349854e+11
3.628854278198717651e+11
3.628854278198717651e+11
1.853944468045565491e+11
1.853746424451159363e+11
1.853746424451134644e+11
1.853736516252255249e+11
1.853736515612495422e+11
1.831561153725793457e+11
1.820829400264456482e+11
1.820829400264456482e+11
1.820829400264456482e+11
1.820829400264453735e+11
1.820829400264453735e+11
1.820829400264453735e+11
1.820829400264453735e+11
1.820829400264453735e+11
1.820829400264453735e+11
1.296078618695678406e+11
1.084774310942326660e+11
1.084774310942326660e+11
1.084774310942326660e+11
1.084774310942326660e+11
1.084774310942326660e+11
1.084774310942326660e+11
1.084774310942326660e+11
1.084774294744978943e+11
5.768161215147580719e+10
5.767854536746377563e+10
5.767854536746377563e+10
5.767854536745931244e+10
5.767854450751195526e+10
5.767854450751195526e+10
5.767854450751195526e+10
5.626421036160496521e+10
5.626421036138484192e+10
5.626358665731964874e+10
5.626358665731964874e+10
5.626358665731964874e+10
5.612932629124190521e+10
5.612932629124189758e+10
3.301120736070785522e+10
3.301120736070785522e+10
3.301120736070785522e+10
3.301120736070785522e+10
3.112288731836520767e+10
3.112288731836520767e+10
3.112288731836520767e+10
3.112288731836520767e+10
3.112287984795792007e+10
3.110140574896699524e+10
3.110140574880115509e+10
3.110140574880115509e+10
3.110140574880115509e+10
1.977328738561170959e+10
1.818685003595919037e+10
1.818685003595919037e+10
1.818685003595919037e+10
1.818685003595919037e+10
1.818685003595919037e+10
1.818685003595919037e+10
1.818685003595919037e+10
1.818685003595919037e+10
1.818685002512449646e+10
1.818683396112613678e+10
1.818683396112613678e+10
9.354502478121406555e+09
9.354502478121017456e+09
9.352744758667690277e+09
9.352716174882387161e+09
9.352716173422349930e+09
9.211218331691278458e+09
9.211218331691278458e+09
9.177319506554470062e+09
9.177319506554470062e+09
9.177319506554470062e+09
9.177319506554470062e+09
9.177319506554470062e+09
9.177319506554466248e+09
9.177319506554466248e+09
9.177319506554466248e+09
7.029644797414273262e+09
5.780821806919004440e+09
5.780821806919004440e+09
5.780821806919004440e+09
5.780821806919004440e+09
5.780821806919004440e+09
5.780821806919004440e+09
3.005394784686641693e+09
3.005394773540218830e+09
3.005394773540218830e+09
3.005300417992538452e+09
3.005300417992538452e+09
3.005300417992538452e+09
3.005300340319595337e+09
3.005300340319503784e+09
3.005300340292776585e+09
3.005300340292776585e+09
3.005238301725619793e+09
2.956976448025350094e+09
2.956976448025350094e+09
2.956976448025348663e+09
2.947657879104597092e+09
2.947657879104597092e+09
2.947657879104597092e+09
1.900965059590825319e+09
1.900965059590825319e+09
1.900965059590825319e+09
1.774213139088952065e+09
1.774213139088952065e+09
1.774213139088952065e+09
1.774213139088952065e+09
1.774213139088952065e+09
1.774212921436537266e+09
1.774212921436537266e+09
1.773421843145572662e+09
1.773421843141499281e+09
1.079489742404863834e+09
1.079489742404863834e+09
1.079489742404863834e+09
1.019017189381839395e+09
1.019017189381839395e+09
1.019017189381839395e+09
1.019017189381839395e+09
1.019017189381839395e+09
1.019017188250181079e+09
1.019015430013388872e+09
1.019015430013388872e+09
1.019015430013191819e+09
1.018491079775363445e+09
5.684721596359565258e+08
5.684721596359565258e+08
5.684712129020769596e+08
5.684712129020769596e+08
5.684712129020769596e+08
5.684712129020769596e+08
5.684712128613307476e+08
5.578214730251214504e+08
5.578214730251214504e+08
5.564109209894770384e+08
5.564109209894770384e+08
5.564109209894769192e+08
5.564109209894769192e+08
5.564109209894769192e+08
4.520626505608789921e+08
3.550104810342245102e+08
3.550104810342245102e+08
3.550104810342245102e+08
3.550104810342245102e+08
3.550104810342245102e+08
1.919934318964473605e+08
1.919934318964473605e+08
1.919934318964473605e+08
1.919934315528204441e+08
1.919899792388034165e+08
1.919899792388034165e+08
1.919899681871535778e+08
1.919899681871535778e+08
1.919899681835245788e+08
1.919899681835245788e+08
1.919836012351201177e+08
1.919836012351176441e+08
1.897415255955980420e+08
1.897415255955977440e+08
1.897415255955977440e+08
1.897415255955977440e+08
1.889577500897741318e+08
1.889577500897741318e+08
1.889577500897741318e+08
1.312343429513514340e+08
1.312343429513514340e+08
1.196244162052723616e+08
1.196244162052723616e+08
1.196244162052723616e+08
1.196244162052723616e+08
1.196244162052723616e+08
1.196244162052723616e+08
1.196244162052723616e+08
1.196244087309201509e+08
1.195921615664236695e+08
1.195921615663011074e+08
1.195921615663011074e+08
7.252331558945126832e+07
7.252331558945126832e+07
6.938809978965166211e+07
6.938809978965166211e+07
6.938809978965166211e+07
6.938809978965166211e+07
6.938809960671602190e+07
6.938809960671602190e+07
6.938789459556010365e+07
6.938789459552970529e+07
6.938789459552970529e+07
6.933819189214619994e+07
4.148021527282700688e+07
4.148021527282700688e+07
4.148021527282700688e+07
4.148021527282700688e+07
4.148021527282700688e+07
4.148021527282700688e+07
4.148017719485519081e+07
4.037340361400406808e+07
4.037340361264417320e+07
4.030709919215352833e+07
4.030709919215352833e+07
4.030709919215352833e+07
4.030709919215352833e+07
4.030709919215352833e+07
4.030709919215352833e+07
2.953044838466270268e+07
2.593033869697471336e+07
2.593033869697471336e+07
2.593033869697471336e+07
2.593033869697471336e+07
2.593033869697471336e+07
1.462650225485382043e+07
1.462650225485382043e+07
1.462650064181569405e+07
1.462634928440276161e+07
1.462634927120711096e+07
1.462634927120711096e+07
1.462634927047280595e+07
1.462559369402274676e+07
1.462559369402274676e+07
1.462559369402274676e+07
1.450850171521393210e+07
1.450850171521385573e+07
1.450850171521385573e+07
1.450850171521379612e+07
1.450850171521379612e+07
1.441851153768481314e+07
1.441851153768481314e+07
1.441851153768481314e+07
1.044539327500156127e+07
1.044539327500156127e+07
1.044539327500156127e+07
9.362589626369468868e+06
9.362589626369468868e+06
9.362589626369468868e+06
9.362589626369468868e+06
9.362589626369468868e+06
9.362589626369468868e+06
9.362589323419881985e+06
9.361096963100228459e+06
9.361096963100228459e+06
9.361096963100228459e+06
9.361096963096210733e+06
9.361096963096210733e+06
5.732208505356350914e+06
5.554368762912158854e+06
5.554368762912158854e+06
5.554368733434604481e+06
5.554341872790980153e+06
5.554341872790980153e+06
5.554341872784188017e+06
5.554341872784188017e+06
5.548077372560773045e+06
5.548077372560773045e+06
3.448129084944145754e+06
3.448129084944145754e+06
3.448129084944145754e+06
3.448129084944145754e+06
3.448129084944145754e+06
3.448129084944145754e+06
3.334369794221919961e+06
3.334368166185944807e+06
3.334368166136319283e+06
3.330949716657505836e+06
3.330949716657505836e+06
3.330949716657505836e+06
3.330949716657505836e+06
3.330949716657505836e+06
2.421077039776029997e+06
2.421077039776029997e+06
2.196884726276520640e+06
2.196884726276520640e+06
2.196884726276520640e+06
2.196884726276520640e+06
2.196884726276520640e+06
1.261094365145519143e+06
1.261094119957575807e+06
1.261094119820300024e+06
1.261086674828250194e+06
1.261086674303426407e+06
1.260976147324027494e+06
1.260976147324027494e+06
1.260976147324027494e+06
1.260976147324027494e+06
1.260976147324011661e+06
1.260976147324011661e+06
1.254382738902090816e+06
1.254382738902090816e+06
1.254382738902088255e+06
1.244329996983397286e+06
1.244329996983397286e+06
1.244329996983397286e+06
1.244329996983397286e+06
9.613928029713373398e+05
9.613928029713373398e+05
8.488008594345079036e+05
8.488008594345079036e+05
8.488008594345079036e+05
8.488008594345079036e+05
8.488008594345079036e+05
8.488008594345079036e+05
8.488008594345079036e+05
8.488008461129547795e+05
8.488008461129547795e+05
8.487196817223161925e+05
8.487196817223161925e+05
5.142251588631047634e+05
5.142251588630514452e+05
5.033047611951598665e+05
5.033047562460805639e+05
5.033047562460805639e+05
5.033004161939279875e+05
5.033004161925254739e+05
5.033004161925254739e+05
5.033004161925254739e+05
5.025306338893045904e+05
5.025306338893045904e+05
5.025306338893045904e+05
5.025306338893045904e+05
3.362415263055012911e+05
3.362415263055012911e+05
3.362415263055012911e+05
3.362415263055012911e+05
3.228564123208110104e+05
3.228563306587666157e+05
3.228563306567226537e+05
3.226441893827001331e+05
3.226441893827001331e+05
3.226441893827001331e+05
3.226441893827001331e+05
2.284129307523473399e+05
2.284129307523473399e+05
2.129269697306433518e+05
2.129269697306433518e+05
2.129269697306433518e+05
2.129269697306433518e+05
2.129269697306433518e+05
2.129269697306433518e+05
2.129269697306433518e+05
2.129269697306433518e+05
2.129268321831705398e+05
1.294549618571330357e+05
1.294549618275545072e+05
1.294549618275545072e+05
1.294375252127191634e+05
1.294371055932438903e+05
1.294371055689539353e+05
1.294371055689497298e+05
1.294371055689497298e+05
1.289766503454065532e+05
1.289766503454065532e+05
1.289766503454064659e+05
1.289766503454064659e+05
1.276552320405200153e+05
1.276552320405200153e+05
1.276552320405200153e+05
1.039475789006498671e+05
1.039475789006498671e+05
1.039475789006498671e+05
8.941415866801042284e+04
8.941415866801042284e+04
8.941415866801042284e+04
8.941415866801042284e+04
8.941415866801042284e+04
8.941415866801042284e+04
8.941415801856692997e+04
8.940933910127155832e+04
8.940933910127155832e+04
5.538383037438290194e+04
5.538383037438086467e+04
5.454049438859569636e+04
5.454049324495923065e+04
5.454049324495923065e+04
5.453973022578754171e+04
5.453973022545078857e+04
5.453973022545078857e+04
5.453973022545078857e+04
5.442714579117238463e+04
5.442714579117238463e+04
5.442714579117236281e+04
5.442714579117236281e+04
5.442714579117236281e+04
3.874865982347942918e+04
3.874865982347942918e+04
3.675835070673321025e+04
3.675835070673321025e+04
3.675834605623975222e+04
3.675834605623975222e+04
3.675834605623975222e+04
3.675834605615220789e+04
3.674362988332503301e+04
2.585374455466338986e+04
2.585374455466338986e+04
2.585374455466338986e+04
2.451824392591429569e+04
2.451824392591429569e+04
2.451824392591429569e+04
2.451824392591429569e+04
2.451824392591429569e+04
2.451824392591429569e+04
2.451824392591429569e+04
2.451824392591429569e+04
2.451824392591429569e+04
2.451821662126722003e+04
2.451821660038847403e+04
1.570804942657657011e+04
1.570485045008086126e+04
1.570485045007959525e+04
1.570482331137987057e+04
1.570482331019833327e+04
1.570482331019833327e+04
1.566851189581441031e+04
1.566851189581441031e+04
1.544834759033080809e+04
1.544834759033080445e+04
1.544834759033080445e+04
1.544834759033080445e+04
1.544834759033080445e+04
1.544834759033080445e+04
1.306275228984155365e+04
1.306275228984155365e+04
1.104088331688322978e+04
1.104088331688322978e+04
1.104088331688322978e+04
1.104088331688322978e+04
1.104088331688322978e+04
1.104088331688322978e+04
1.104088328416362128e+04
1.104056047877924539e+04
7.018455581420814269e+03
7.018455581420814269e+03
7.018455581420754243e+03
7.018455581420754243e+03
6.945641174905779735e+03
6.945640897227884125e+03
6.945486695185724784e+03
6.945486695078255252e+03
6.945486695078255252e+03
6.945486695078255252e+03
6.945486695078255252e+03
6.924813524368379149e+03
6.924813524368370963e+03
5.165338140872276199e+03
5.165338140872276199e+03
5.165338140872276199e+03
4.851402087260497865e+03
4.851402087260497865e+03
4.851402087260497865e+03
4.851402087260497865e+03
4.851401819594475455e+03
4.850275462642076491e+03
4.850275462639309808e+03
4.850275462639309808e+03
3.415647698597138515e+03
3.415647698597138515e+03
3.289018036360369933e+03
3.289018036360369933e+03
3.289018036360369933e+03
3.289018036360369933e+03
3.289018036360369933e+03
3.289018036360369933e+03
3.289018036360369933e+03
3.289011913395859665e+03
3.289011907770836387e+03
3.289011907770836387e+03
2.195848120622408260e+03
2.195139741137647434e+03
2.195139741137160399e+03
2.195139741137160399e+03
2.195137989202749850e+03
2.195137989160863071e+03
2.156534837139480260e+03
2.153524091226875044e+03
2.153524091226875044e+03
2.153524091226875044e+03
2.153524091226875044e+03
2.153524091226875044e+03
2.153524091226875044e+03
2.153524091226875044e+03
2.153524091226875044e+03
1.895364970729895276e+03
1.578524508960333151e+03
1.578524508960333151e+03
1.578524508960333151e+03
1.578524508960333151e+03
1.023589314644318392e+03
1.023589314134017968e+03
1.023589314134017968e+03
1.023580146334745336e+03
1.023580146334745336e+03
1.023580146334745336e+03
1.023580146334744654e+03
1.023580071184218355e+03
1.016750629198079309e+03
1.016750629163598546e+03
1.016713180653888685e+03
1.016713180653888685e+03
1.016713180653888685e+03
1.012745265861464418e+03
1.012745265861461007e+03
1.012745265861461007e+03
1.012745265861461007e+03
7.996238248855083839e+02
7.996238248855083839e+02
7.996238248855083839e+02
7.996238248855083839e+02
7.433705024128502146e+02
7.433705024128502146e+02
7.433705024128502146e+02
7.433705024128502146e+02
7.433704910092135378e+02
7.432830986151680008e+02
7.432830986151369643e+02
7.432830986151369643e+02
5.212762280969301401e+02
5.212762280969301401e+02
5.081587901168993540e+02
5.081587901168993540e+02
5.081587901168993540e+02
5.081587901168993540e+02
5.081587901168993540e+02
5.081587901168993540e+02
5.081587884436369791e+02
5.081571320100550224e+02
5.081571320100550224e+02
5.081571320100550224e+02
3.600095950591767178e+02
3.600095950589806648e+02
3.598389117542539566e+02
3.598388263294491480e+02
3.598388263289109545e+02
3.520354799877904952e+02
3.520354799877904952e+02
3.517702118687045640e+02
3.517702118687045640e+02
3.517702118687045640e+02
3.517702118687045640e+02
3.517702118687045640e+02
3.517702118687045640e+02
3.517702118687045640e+02
3.204483531665584906e+02
2.616881775800758874e+02
2.616881775800758874e+02
2.616881775800758874e+02
2.616881775800758874e+02
1.767142473528203652e+02
1.767142473528203652e+02
1.767142473455478182e+02
1.767137515148455122e+02
1.767137261299428417e+02
1.767137261299428417e+02
1.767137261299428417e+02
1.767137261169632723e+02
1.767035845603956830e+02
1.767035845603956830e+02
1.767035845603956830e+02
1.760291333663497255e+02
1.760291333663482192e+02
1.760291333663482192e+02
1.751317149547777490e+02
1.751317149547777490e+02
1.751317149547777490e+02
1.456415714044412937e+02
1.456415714044412937e+02
1.334693842421757211e+02
1.334693842421757211e+02
1.334693842421757211e+02
1.334693842421757211e+02
1.334693840663975664e+02
1.334693840663975664e+02
1.334693840663975664e+02
1.334642715496617313e+02
1.334642715496617029e+02
9.471314344074367852e+01
9.471314344074367852e+01
9.471314344074367852e+01
9.326772051382610584e+01
9.326772051382610584e+01
9.326772051382610584e+01
9.326771987501214767e+01
9.326771987501214767e+01
9.326721960521035726e+01
9.326721960504637821e+01
9.318072163724390577e+01
6.998134874626042290e+01
6.998134874626042290e+01
6.998134874626040869e+01
6.998134720135723796e+01
6.998134720135723796e+01
6.804054625443680493e+01
6.804054625443680493e+01
6.804054625443620807e+01
6.804054625443620807e+01
6.802255612430178644e+01
6.802255612430178644e+01
6.802255612430178644e+01
6.402404639793608965e+01
5.163142895699559176e+01
5.163142895699559176e+01
5.163142895699559176e+01
5.163142895699559176e+01
3.644223518850984789e+01
3.644223518850984789e+01
3.644222510596398479e+01
3.644221542737902553e+01
3.644221542736943320e+01
3.644221542736943320e+01
3.644221542111373680e+01
3.643895749185475808e+01
3.643895749185475808e+01
3.643895749185475808e+01
3.638678947792888607e+01
3.638678947792888607e+01
3.638678947792808316e+01
3.613354243517289888e+01
3.613354243517289888e+01
3.613354243517289888e+01
3.613354243517289888e+01
3.175064336870673642e+01
3.175064336870673642e+01
2.869803467840320721e+01
2.869803467840320721e+01
2.869803467840320721e+01
2.869803467815108533e+01
2.869803467815108533e+01
2.869792165706473597e+01
2.869792165706473597e+01
2.869792165706473597e+01
2.069816332374476175e+01
2.069816332374476175e+01
2.057173914295977823e+01
2.057173914295977823e+01
2.057173914295977823e+01
2.057173886433417564e+01
2.057155501418588983e+01
2.057155501409547682e+01
2.057155501409547682e+01
2.054372319706662608e+01
1.654749003443251709e+01
1.654749003443251709e+01
1.654749003443251709e+01
1.654749003443251354e+01
1.654749003443251354e+01
1.654749003443251354e+01
1.597116885969973410e+01
1.597116885720335588e+01
1.597116885720335588e+01
1.597069478675207321e+01
1.597069478675207321e+01
1.597069478675207321e+01
1.264468733295093550e+01
1.238380875050026653e+01
1.238380875050026653e+01
1.238380875050026653e+01
1.238380875050026653e+01
1.238380875050026653e+01
1.238380875050026653e+01
9.308859504398231621e+00
9.308859504398231621e+00
9.308859504398231621e+00
9.308854733755431710e+00
9.308854730095895036e+00
9.308854709685411066e+00
9.308854709685411066e+00
9.307448201398516474e+00
9.307448201398516474e+00
9.307448201397924947e+00
9.305818722849677371e+00
9.305818722849677371e+00
9.305818722849677371e+00
9.305818722849677371e+00
9.217425459436402235e+00
9.217425459436402235e+00
8.663830671207447764e+00
8.663830671207447764e+00
8.663830671207447764e+00
7.684003470379749068e+00
7.684003470379749068e+00
7.684003470379749068e+00
7.684003470379746403e+00
7.684003470379746403e+00
7.684003218998757490e+00
7.684003218998757490e+00
7.684003218998757490e+00
5.726027678453286640e+00
5.726027678453286640e+00
5.721376637957104272e+00
5.721376475154242414e+00
5.721376475154242414e+00
5.721282380651955712e+00
5.721282380589257421e+00
5.709772460430537322e+00
5.709772460430537322e+00
5.089850058203371219e+00
5.089850058203371219e+00
5.089850058203371219e+00
5.089850058203366778e+00
5.089850058203366778e+00
4.853195925460827453e+00
4.853195925460778604e+00
4.853195925460778604e+00
4.853194567340085364e+00
4.853194567340085364e+00
4.853194567340085364e+00
4.853194567340085364e+00
3.839207769330381659e+00
3.827501946670430755e+00
3.827501946670430755e+00
3.827501946670430755e+00
3.827501946670430755e+00
3.827501946670430755e+00
3.827501946670430755e+00
3.827496610141279287e+00
3.229252928155403879e+00
3.229252924828657889e+00
3.228347478750487554e+00
3.228347478750487554e+00
3.228347478750487554e+00
3.228347478749962640e+00
3.228347478749962640e+00
3.228347478749324928e+00
3.228341395667986724e+00
3.181836592985136658e+00
3.181836592985136658e+00
3.181836592985136658e+00
3.181836592985136658e+00
3.148628759493321105e+00
2.730518993044452003e+00
2.730518993044452003e+00
2.730518993044452003e+00
2.730518993044452003e+00
2.730518993044452003e+00
2.730518993044452003e+00
2.730518993044452003e+00
2.730518993037668096e+00
2.237234935772553612e+00
2.237234935772553612e+00
2.237212890498138762e+00
2.237212725788109591e+00
2.237135753428268092e+00
2.237135753355852241e+00
2.237135753355852241e+00
2.237135753355852241e+00
2.229415544970455798e+00
2.229415544970455798e+00
2.229415544970455798e+00
2.229415544970448693e+00
2.179847757005276776e+00
2.039137540272928373e+00
2.039137540272928373e+00
2.039137540272928373e+00
2.039137540221688027e+00
2.039137540221688027e+00
2.039137540221688027e+00
2.039137540221688027e+00
1.697350861901985919e+00
1.697350861901985919e+00
1.697279663474576816e+00
1.697279663474576816e+00
1.697279663474576816e+00
1.697279663474576816e+00
1.697279663474576816e+00
1.697274049132483809e+00
1.697274043051638870e+00
1.697274043051638870e+00
1.633123398497708711e+00
1.632106369697692960e+00
1.632106369696462167e+00
1.632106369696462167e+00
1.632106369696462167e+00
1.632106369364187071e+00
1.593207852243872402e+00
1.593207852243872402e+00
1.593207852243872402e+00
1.593207852243872402e+00
1.593207852243872402e+00
1.592946867329249505e+00
1.396621003994056087e+00
1.396621003994056087e+00
1.396621003994056087e+00
1.396621003994056087e+00
1.396621003994056087e+00
1.325162050097325794e+00
1.325162050097325794e+00
1.325162050097325794e+00
1.325161740919619247e+00
1.325161739266626171e+00
1.325161739266626171e+00
1.325043102416055829e+00
1.325043102247961402e+00
1.325043102247961402e+00
1.325043102247961402e+00
1.316123530818437137e+00
1.316123530818419152e+00
1.315575638399844038e+00
1.315575638399844038e+00
1.223144056633842736e+00
1.223144056633842736e+00
1.223144056633842736e+00
1.223144056633842736e+00
1.223144056633842736e+00
1.223144056633842736e+00
1.223144056633842736e+00
1.223144056633842736e+00
1.156359466458825702e+00
1.156359466458825702e+00
1.156359459396174127e+00
1.156359459396174127e+00
1.156359459396174127e+00
1.156359459396174127e+00
1.156348010583718500e+00
1.156347995482849722e+00
1.155388711507614685e+00
1.153708122457764329e+00
1.153708122453694918e+00
1.153708122453694918e+00
1.153708122453694918e+00
1.153708122453694918e+00
1.118674437800808885e+00
1.118674437800808885e+00
1.118674437800808663e+00
1.118674437800808663e+00
1.118674437800808663e+00
1.118674410297446187e+00
1.118674410297446187e+00
1.068249751254276347e+00
1.068249751254276347e+00
1.066884540246441304e+00
1.066884540246441304e+00
1.066884540246441304e+00
1.066884540246441304e+00
1.066883659825606845e+00
1.066883659242575222e+00
1.066883659242575222e+00
1.066629606971410293e+00
1.066629606971410293e+00
1.066629606971410293e+00
1.056174210034742211e+00
1.056174210034665828e+00
1.056174210034665828e+00
1.056174134596590930e+00
1.056174134596590930e+00
1.056174134596590930e+00
1.026399414607939153e+00
1.026399414607939153e+00
1.026399414607939153e+00
1.026399414607939153e+00
1.026399414607939153e+00
1.026399414607939153e+00
1.024858471690593076e+00
1.024858471690593076e+00
1.024858471690593076e+00
1.024858471690593076e+00
1.024858471690593076e+00
1.024858419578546620e+00
1.024828705254869909e+00
1.024828705254869909e+00
1.024828705237690318e+00
1.024828544073069780e+00
1.022431385030423412e+00
1.022431385030423412e+00
1.009040851445955900e+00
1.009040851445954790e+00
1.009040851445954790e+00
1.009040851445954790e+00
1.009040851445954790e+00
1.009040851445954790e+00
1.009040851445954790e+00
1.007709750046212660e+00
1.007709750046212660e+00
1.007709750046212660e+00
1.007709490079905068e+00
1.007709490079905068e+00
1.007706894723095825e+00
1.007706894723095825e+00
1.007706892437960189e+00
1.007295688190462224e+00
1.007295688190462224e+00
1.007295688190462224e+00
1.007295688190462224e+00
1.007295688190090743e+00
1.002813014989187179e+00
1.002813014989187179e+00
1.002813014989187179e+00
1.002813014989187179e+00
1.002813014989187179e+00
1.002813014989187179e+00
1.001956834748566338e+00
1.001956834748566338e+00
1.001956834748566338e+00
1.001956834748566338e+00
1.001956520451124932e+00
1.001956520451124932e+00
1.001956520451124932e+00
1.001956520451124932e+00
1.001956520451124932e+00
1.001956355870120108e+00
1.001904821144260715e+00
1.001904821072125307e+00
1.000807945198769477e+00
1.000807945198769255e+00
1.000807945198763482e+00
1.000807945198763482e+00
1.000404781028589651e+00
1.000404781028589651e+00
1.000404781028589651e+00
1.000404781028589651e+00
1.000404781028589651e+00
1.000404501030528914e+00
1.000404501030528914e+00
1.000404501030528914e+00
1.000404501030528914e+00
1.000404501030528470e+00
1.000404501030528470e+00
1.000399859611720288e+00
1.000399859611720288e+00
1.000399852170186676e+00
1.000206032305466453e+00
1.000206032305466453e+00
1.000206032305466453e+00
1.000206032305466453e+00
1.000206032303857073e+00
1.000068317780081095e+00
1.000068317780081095e+00
1.000068317780081095e+00
1.000068317780081095e+00
1.000068317780080873e+00
1.000068135645595380e+00
1.000068135645595380e+00
1.000068135645595380e+00
1.000068135645595380e+00
1.000068135645595380e+00
1.000068135645594714e+00
1.000068135645594714e+00
1.000068135645594714e+00
1.000068135645594714e+00
1.000067838126335706e+00
1.000043288676196074e+00
1.000043288438728473e+00
1.000009349082758181e+00
1.000009349082758181e+00
1.000009349082758181e+00
1.000009349082733090e+00
1.000009349082733090e+00
1.000009349082733090e+00
1.000009263022958006e+00
1.000009263022958006e+00
1.000009263022957562e+00
1.000009263022957562e+00
1.000009263022957562e+00
1.000009263022957562e+00
1.000009263022957562e+00
1.000009263022957562e+00
1.000009263022957562e+00
1.000009263022957562e+00
1.000009263022957562e+00
1.000007045452685484e+00
1.000007045452685484e+00
1.000007031960095993e+00
1.000001022448745003e+00
1.000001022443429921e+00
1.000001022443429921e+00
1.000001022443429921e+00
1.000000993019669160e+00
1.000000993019668938e+00
1.000000993019668938e+00
1.000000993019668938e+00
1.000000993019668938e+00
1.000000993019668716e+00
1.000000993019668716e+00
1.000000993019668716e+00
1.000000993019668716e+00
1.000000993019668716e+00
1.000000993019668716e+00
1.000000850778391293e+00
1.000000089235477896e+00
1.000000088804613219e+00
1.000000081551615905e+00
1.000000081551615905e+00
1.000000081551615905e+00
1.000000081551615905e+00
1.000000081551615905e+00
1.000000081551615905e+00
1.000000081551532860e+00
1.000000081551532638e+00
1.000000081551532638e+00
1.000000081551532638e+00
1.000000081551532638e+00
1.000000081551532638e+00
1.000000081551532638e+00
1.000000081551532638e+00
1.000000081551532638e+00
1.000000081551532638e+00
1.000000012754324707e+00
1.000000006302864675e+00
1.000000006302864675e+00
1.000000006302864675e+00
1.000000006302864675e+00
1.000000005018547133e+00
1.000000005018547133e+00
1.000000005008902626e+00
1.000000005008902626e+00
1.000000005008901738e+00
1.000000005008901738e+00
1.000000005008901738e+00
1.000000005008901738e+00
1.000000005008901738e+00
1.000000005008901738e+00
1.000000005008901738e+00
1.000000005008901738e+00
1.000000005008901738e+00
1.000000000595989258e+00
1.000000000433235670e+00
1.000000000227215580e+00
1.000000000227215580e+00
1.000000000227215580e+00
1.000000000227215580e+00
1.000000000227215580e+00
1.000000000227064811e+00
1.000000000227064811e+00
1.000000000227064811e+00
1.000000000227064811e+00
1.000000000227064811e+00
1.000000000227064811e+00
1.000000000227064811e+00
1.000000000227064811e+00
1.000000000227064811e+00
1.000000000227064811e+00
1.000000000227064811e+00
1.000000000227064811e+00
1.000000000227064811e+00
1.000000000212361906e+00
1.000000000012210455e+00
1.000000000012210455e+00
1.000000000007598810e+00
1.000000000007598810e+00
1.000000000007598810e+00
1.000000000007597256e+00
1.000000000007597256e+00
1.000000000007597256e+00
1.000000000007597256e+00
1.000000000007597256e+00
1.000000000007597256e+00
1.000000000007597256e+00
1.000000000007597256e+00
1.000000000006654011e+00
1.000000000006654011e+00
1.000000000000262457e+00
1.000000000000262457e+00
1.000000000000262457e+00
1.000000000000262457e+00
1.000000000000190514e+00
1.000000000000190514e+00
1.000000000000190514e+00
1.000000000000190514e+00
1.000000000000190514e+00
1.000000000000190514e+00
1.000000000000190514e+00
1.000000000000190514e+00
1.000000000000190514e+00
1.000000000000190514e+00
1.000000000000190514e+00
1.000000000000190514e+00
1.000000000000147660e+00
1.000000000000147660e+00
1.000000000000004663e+00
1.000000000000004663e+00
1.000000000000004663e+00
1.000000000000004663e+00
1.000000000000004663e+00
1.000000000000003775e+00
1.000000000000003775e+00
1.000000000000003775e+00
1.000000000000003775e+00
1.000000000000003775e+00
1.000000000000003775e+00
1.000000000000003775e+00
1.000000000000003775e+00
1.000000000000002442e+00
1.000000000000002442e+00
1.000000000000002442e+00
1.000000000000000222e+00
1.000000000000000222e+00
1.000000000000000222e+00
1.000000000000000222e+00
1.000000000000000222e+00
1.000000000000000222e+00
1.000000000000000222e+00
1.000000000000000222e+00
1.000000000000000222e+00
1.000000000000000222e+00
1.000000000000000222e+00
1.000000000000000222e+00
1.000000000000000222e+00
1.000000000000000222e+00
1.000000000000000222e+00
1.000000000000000222e+00
1.000000000000000222e+00
1.000000000000000222e+00
1.000000000000000222e+00
1.000000000000000222e+00
1.000000000000000222e+00
1.000000000000000222e+00
1.000000000000000222e+00
1.000000000000000222e+00
1.000000000000000222e+00
1.000000000000000222e+00
1.000000000000000222e+00
1.000000000000000222e+00
1.000000000000000222e+00
1.000000000000000222e+00
1.000000000000000222e+00
1.000000000000000222e+00
1.000000000000000222e+00
1.000000000000000222e+00
1.000000000000000222e+00
1.000000000000000222e+00
1.000000000000000222e+00
1.000000000000000222e+00
1.000000000000000222e+00
1.000000000000000222e+00
1.000000000000000222e+00
1.000000000000000222e+00
1.000000000000000222e+00
1.000000000000000222e+00
1.000000000000000222e+00
1.000000000000000222e+00
1.000000000000000222e+00
1.000000000000000222e+00
1.000000000000000222e+00
1.000000000000000222e+00
1.000000000000000222e+00
1.000000000000000222e+00
1.000000000000000222e+00
1.000000000000000222e+00
1.000000000000000222e+00
1.000000000000000222e+00
1.000000000000000222e+00
1.000000000000000222e+00
1.000000000000000222e+00
1.000000000000000222e+00
1.000000000000000222e+00
1.000000000000000222e+00
1.000000000000000222e+00
1.000000000000000222e+00
1.000000000000000222e+00
1.000000000000000222e+00
1.000000000000000222e+00
1.000000000000000222e+00
1.000000000000000222e+00
1.000000000000000222e+00
1.000000000000000222e+00
1.000000000000000222e+00
1.000000000000000222e+00
1.000000000000000222e+00
1.000000000000000222e+00
1.000000000000000222e+00
1.000000000000000222e+00
1.000000000000000222e+00
1.000000000000000222e+00
1.000000000000000222e+00
1.000000000000000222e+00
1.000000000000000222e+00
1.000000000000000222e+00
1.000000000000000222e+00
1.000000000000000222e+00
1.000000000000000222e+00
1.000000000000000222e+00
1.000000000000000222e+00
1.000000000000000222e+00
1.000000000000000222e+00
1.000000000000000222e+00
1.000000000000000222e+00
1.000000000000000222e+00
1.000000000000000222e+00
1.000000000000000222e+00
1.000000000000000222e+00
1.000000000000000222e+00
1.000000000000000222e+00
1.000000000000000222e+00
1.000000000000000222e+00
1.000000000000000222e+00
1.000000000000000222e+00
1.000000000000000222e+00
1.000000000000000222e+00
1.000000000000000222e+00
1.000000000000000222e+00
1.000000000000000222e+00
1.000000000000000222e+00
1.000000000000000222e+00
1.000000000000000222e+00
1.000000000000000222e+00
1.000000000000000222e+00
1.000000000000000222e+00
1.000000000000000222e+00
1.000000000000000222e+00
1.000000000000000222e+00
1.000000000000000222e+00
1.000000000000000222e+00
1.000000000000000222e+00
1.000000000000000222e+00
1.000000000000000222e+00
1.000000000000000222e+00
1.000000000000000222e+00
1.000000000000000222e+00
1.000000000000000222e+00
1.000000000000000222e+00
1.000000000000000222e+00
1.000000000000000222e+00
1.000000000000000222e+00
1.000000000000000222e+00
1.000000000000000222e+00
1.000000000000000222e+00
1.000000000000000222e+00
1.000000000000000222e+00
1.000000000000000222e+00
1.000000000000000222e+00
1.000000000000000222e+00
1.000000000000000222e+00
1.000000000000000222e+00
1.000000000000000222e+00
1.000000000000000222e+00
1.000000000000000222e+00
1.000000000000000222e+00
1.000000000000000222e+00
1.000000000000000222e+00
1.000000000000000222e+00
1.000000000000000222e+00
1.000000000000000222e+00
1.000000000000000222e+00
1.000000000000000222e+00
1.000000000000000222e+00
1.000000000000000222e+00
1.000000000000000222e+00
1.000000000000000222e+00
1.000000000000000222e+00
1.000000000000000222e+00
1.000000000000000222e+00
1.000000000000000222e+00
1.000000000000000222e+00
1.000000000000000222e+00
1.000000000000000222e+00
1.000000000000000222e+00
1.000000000000000222e+00
1.000000000000000222e+00
1.000000000000000222e+00
1.000000000000000222e+00
1.000000000000000222e+00
1.000000000000000222e+00
1.000000000000000222e+00
1.000000000000000222e+00
1.000000000000000222e+00
1.000000000000000222e+00
1.000000000000000222e+00
1.000000000000000222e+00
1.000000000000000222e+00
1.000000000000000222e+00
1.000000000000000222e+00
1.000000000000000222e+00
1.000000000000000222e+00
1.000000000000000222e+00
1.000000000000000222e+00
1.000000000000000222e+00
1.000000000000000222e+00
1.000000000000000222e+00
1.000000000000000222e+00
1.000000000000000222e+00
1.000000000000000222e+00
1.000000000000000222e+00
1.000000000000000222e+00
1.000000000000000222e+00
1.000000000000000222e+00
1.000000000000000222e+00
1.000000000000000222e+00
1.000000000000000222e+00
1.000000000000000222e+00
1.000000000000000222e+00
1.000000000000000222e+00
1.000000000000000222e+00
1.000000000000000222e+00
1.000000000000000222e+00
1.000000000000000222e+00
1.000000000000000222e+00
1.000000000000000222e+00
1.000000000000000222e+00
1.000000000000000222e+00
1.000000000000000222e+00
1.000000000000000222e+00
1.000000000000000222e+00
1.000000000000000222e+00
1.000000000000000222e+00
1.000000000000000222e+00
1.000000000000000222e+00
1.000000000000000222e+00
1.000000000000000222e+00
1.000000000000000222e+00
1.000000000000000222e+00
1.000000000000000222e+00
1.000000000000000222e+00
1.000000000000000222e+00
1.000000000000000222e+00
1.000000000000000222e+00
1.000000000000000222e+00
1.000000000000000222e+00
1.000000000000000222e+00
1.000000000000000222e+00
1.000000000000000222e+00
1.000000000000000222e+00
1.000000000000000222e+00
1.000000000000000222e+00
1.000000000000000222e+00
1.000000000000000222e+00
1.000000000000000222e+00
