8.088460674087661472e+89
4.616603287468511309e+89
1.510166066422320113e+89
2.749017024301552046e+88
2.183976197482715947e+88
4.263016122157279462e+87
4.213242780507794413e+87
1.290008967792060887e+87
1.181740485092927729e+87
9.513903848855512415e+86
1.411127841851873448e+86
1.410913914999178929e+86
1.410730731535596546e+86
6.957639305326780877e+85
6.769931573793122093e+85
3.809406944565139675e+85
3.792397342184421430e+85
5.826691837393834857e+84
5.826609065277821866e+84
4.075656590530273142e+84
4.048297460734735854e+84
1.363497209920014087e+84
1.342514902801302253e+84
2.966942697265300862e+83
2.966930678673830626e+83
2.546541307334931774e+83
2.546538669630251977e+83
2.094517877377155923e+83
4.920288474694414323e+82
4.919733964488301536e+82
4.918499303714044282e+82
1.789203062010145635e+82
1.694545516498606629e+82
1.694545373665687743e+82
9.389982592611369863e+81
9.364213756614170111e+81
2.078897245918041152e+81
2.078896863004028915e+81
2.078846827698514491e+81
1.189088387389750136e+81
1.170999595649078482e+81
3.489365928226176763e+80
3.454970049401985819e+80
1.035308353111352744e+80
1.035306267516805873e+80
1.035306267040352793e+80
1.035306266845540455e+80
8.080665791006188041e+79
8.080653178721227146e+79
6.903864392194924252e+79
1.268982435543495442e+79
1.268929867126904834e+79
1.268286535629485975e+79
5.866429283418590398e+78
5.866429260015746565e+78
5.866429259916169679e+78
5.384955200643024680e+78
5.384954515689669755e+78
3.290640566555675670e+78
3.286124322125657853e+78
5.398772254942335672e+77
5.398771686271860350e+77
5.398507326009983598e+77
3.597482815055995998e+77
3.597482815049670062e+77
3.517238582939099406e+77
1.273750485607908163e+77
1.267187594646860821e+77
1.267187594646641249e+77
1.267180714365105396e+77
2.787678362060994808e+76
2.787678360420620883e+76
2.787678360235614427e+76
2.332620464805848689e+76
2.332612231140942501e+76
2.179762120355346820e+76
4.855083151994266012e+75
4.854913700550693880e+75
4.850318481939778221e+75
1.709043260981381939e+75
1.709043258379729359e+75
1.709043258339597086e+75
1.601563683189827033e+75
1.601563683189811164e+75
1.601563208520062360e+75
1.261311667071970964e+75
1.259850197613417807e+75
2.152054913971100960e+74
2.152054795612559885e+74
2.151849742022417313e+74
1.178823614868674911e+74
1.178823614868130059e+74
1.156547608979244033e+74
6.335918287921696186e+73
6.300177208279814800e+73
6.300177208277237422e+73
6.300154931469574284e+73
1.169343072291832663e+73
1.169343070030586482e+73
1.169343070004480016e+73
8.736323371604457966e+72
8.736266990218144133e+72
8.736266990218144133e+72
8.258645092195045457e+72
2.863371366679308823e+72
2.863294163897375437e+72
2.859178183396292735e+72
7.734056103828761082e+71
7.734056099555892814e+71
7.734056099555880063e+71
7.734056098911995564e+71
6.870940949863240173e+71
6.870940949863205845e+71
5.475506243281225014e+71
5.475503534797725389e+71
5.471894156584844775e+71
1.366398206505805375e+71
1.366398168240150612e+71
1.366185206948468135e+71
5.928607491230575864e+70
5.928607491228945289e+70
5.700213166111183291e+70
5.700213166111183291e+70
3.006734685361489918e+70
2.996169211089967606e+70
2.996169211085401382e+70
2.996169211085401382e+70
2.996165170514672874e+70
7.539782841323537571e+69
7.539782795429507420e+69
7.539782795301022994e+69
4.885686767281611188e+69
4.885641337561056566e+69
4.885641337561056566e+69
4.687079559157927657e+69
1.397102164298134002e+69
1.397087424120475556e+69
1.393040082647141492e+69
4.849468242764837875e+68
4.849468240776169176e+68
4.849468240776169176e+68
4.849468240776127990e+68
4.849468239540306345e+68
4.054557254338165679e+68
4.054557254338157538e+68
3.387306367460408133e+68
3.387303696925990761e+68
3.386195547116876979e+68
6.646801190630227481e+67
6.646801083441453954e+67
6.646801083441453954e+67
6.644716978784260746e+67
3.489636454750975933e+67
3.489636454750576048e+67
3.296144177744770454e+67
3.296144177744769856e+67
3.285956920269184892e+67
1.960112823999328744e+67
1.960112823999328744e+67
1.960112823989788062e+67
1.960112823989788062e+67
1.960110776877562679e+67
3.709425247275046198e+66
3.709425218655451772e+66
3.709425218633447590e+66
2.686267881344609940e+66
2.686211074737559310e+66
2.686211074737559310e+66
2.636953166675161765e+66
9.640277304989129928e+65
9.640194225155176890e+65
9.592328108242118369e+65
2.498368714283837028e+65
2.498368713910377761e+65
2.498368713910377761e+65
2.498368713910377761e+65
2.498368713910324913e+65
2.498368713910324913e+65
2.498368713065254735e+65
2.183996774371493406e+65
2.183996774371492003e+65
2.012723711507958088e+65
2.012719811427369713e+65
2.012256611662597940e+65
4.805881950267481591e+64
4.805881910619049656e+64
4.805881910619049656e+64
4.803170675349358035e+64
1.969168725750195302e+64
1.969168725750137134e+64
1.880399074263053567e+64
1.876470361341166142e+64
1.876470361341165557e+64
1.432661095345899297e+64
1.432661095345899297e+64
1.432661095332767705e+64
1.432661095332767705e+64
1.432660321543769251e+64
2.808283965661875513e+63
2.808283897812039798e+63
2.808283897806260655e+63
1.717621436677634326e+63
1.717563629013751815e+63
1.717563629013751815e+63
1.693617739140565434e+63
8.942752375200844984e+62
8.942701790853828809e+62
8.884094102384978976e+62
1.998834410178506769e+62
1.998834410068970875e+62
1.998834410068970875e+62
1.998834410068970875e+62
1.998834410068883185e+62
1.998834410068883185e+62
1.998834407831451832e+62
1.594476746804844805e+62
1.594476746804844577e+62
1.485247422704364830e+62
1.485242136573596187e+62
1.485063652339099384e+62
5.145182838854491445e+61
5.145182818030930481e+61
5.145182818030930481e+61
1.704068047480293255e+61
1.703582121181430086e+61
1.703582121181401827e+61
1.563012194840244795e+61
1.561089967538089965e+61
1.196167592048058326e+61
1.196167592048057612e+61
1.196167592048057612e+61
1.196167592010192446e+61
1.196167592010192446e+61
1.196167344841545353e+61
3.192873416574155475e+60
3.192873416574155475e+60
3.192873198268053108e+60
3.192873198263250062e+60
1.641040143050733871e+60
1.640964943032375702e+60
1.640964943032375702e+60
1.640964943032375702e+60
1.625429413732532129e+60
8.064610199447529643e+59
8.064591349267739267e+59
7.960306724536938289e+59
2.290560606131834962e+59
2.290560606039359569e+59
2.290560606039359569e+59
2.290560606039359569e+59
2.290560606038884564e+59
2.290560606038884564e+59
2.290560598725551422e+59
1.659035777440022706e+59
1.659035777440022483e+59
1.659035777440022483e+59
1.573825782209563704e+59
1.573817323441506644e+59
1.573725487139677241e+59
4.674952829725031402e+58
4.674952818672863480e+58
4.674952818672863480e+58
1.891570553648375156e+58
1.890252605851776213e+58
1.890252605851762554e+58
1.671739431083377655e+58
1.671739431083377655e+58
1.670731192841750265e+58
1.357196427998362420e+58
1.357196427998358517e+58
1.357196427998358517e+58
1.357196427877026295e+58
1.357196427877026295e+58
1.357196223310577334e+58
2.894583813029840536e+57
2.894583813029840536e+57
2.894583557330840406e+57
2.894583557329298519e+57
1.715277919080920556e+57
1.715277919080920556e+57
1.715097010966731396e+57
1.715097010966731396e+57
1.715097010966731396e+57
1.707282061744896969e+57
9.729742435327392411e+56
9.729724795623123671e+56
9.532377080233943921e+56
2.114156626566356795e+56
2.114156626535580024e+56
2.114156626535580024e+56
2.114156626535580024e+56
2.114156626534573441e+56
2.114156626534573441e+56
2.114156617655647600e+56
1.649406581725976150e+56
1.649406581725976150e+56
1.649406581725976150e+56
1.609703403302153114e+56
1.609683917511710588e+56
1.609622153530561928e+56
5.934189697364379456e+55
5.934189690407415899e+55
5.934189690407415899e+55
1.848037250294353295e+55
1.846389800647171203e+55
1.846389800647167936e+55
1.674891102319598192e+55
1.674891102319598192e+55
1.674240325580736152e+55
1.513672111362785412e+55
1.513672111362772889e+55
1.513672111362772889e+55
1.513672111147688572e+55
1.513672111147688572e+55
1.513672011740791109e+55
3.870417956047531206e+54
3.870417956047531206e+54
3.870416949329494686e+54
3.870416949328763079e+54
1.853416699626552013e+54
1.853416699626552013e+54
1.853140044711566066e+54
1.853140044711566066e+54
1.853140044711566066e+54
1.847266373831670341e+54
1.344273148265095943e+54
1.344271832834630183e+54
1.314126758768953149e+54
2.971398268070646467e+53
2.971398268054515382e+53
2.971398268054515382e+53
2.971398268054515382e+53
2.971398268051681680e+53
2.971398268051681680e+53
2.971398229428926523e+53
2.023015015457338459e+53
2.023015015457338459e+53
2.023015015457338459e+53
1.984420625755374927e+53
1.984381836382879343e+53
1.984345165862692797e+53
1.008635955242426094e+53
1.008635955242426094e+53
1.008635954709137483e+53
1.008635954709137483e+53
1.008635954709137483e+53
1.004712074250934777e+53
2.753583633470365107e+52
2.753583633470361917e+52
2.332030190645494771e+52
2.332030190645494771e+52
2.331537234771739435e+52
2.129313731643316740e+52
2.129313731643281117e+52
2.129313731643281117e+52
2.129313730706021189e+52
2.129313730706021189e+52
2.129313678511021309e+52
7.402931332696410753e+51
7.402931332696410753e+51
7.402926508537469584e+51
7.402926508536525832e+51
2.993780808981644378e+51
2.993780808981644378e+51
2.993201947353644308e+51
2.993201947353644308e+51
2.993201947353644308e+51
2.987208492054123860e+51
2.150617134958407157e+51
2.150616241620078267e+51
2.150616241620078267e+51
2.061075999303387350e+51
5.957357555789162373e+50
5.957357555766290513e+50
5.957357555766290513e+50
5.957357555766290513e+50
5.957357555766290513e+50
5.957357555741206319e+50
5.957357555741206319e+50
5.957357352387981171e+50
3.577953629684629107e+50
3.577953629684629107e+50
3.577953629684629107e+50
3.530511136203559598e+50
3.530412671970528559e+50
3.530381874259532653e+50
1.675990034598720050e+50
1.675990034598720050e+50
1.675990034079340411e+50
1.675990034079340411e+50
1.675990034079340411e+50
1.663213049897944510e+50
5.527122852849113741e+49
5.527122852849111664e+49
4.398022279137131527e+49
4.398022279137131527e+49
4.398022279136794547e+49
4.397557017657532333e+49
4.109948742409839437e+49
4.109948742409839437e+49
4.109948737836054173e+49
4.109948737836054173e+49
4.109948669244456963e+49
1.234844422785979056e+49
1.234844422785979056e+49
1.234843346320209082e+49
1.234843346320151448e+49
5.809158063249071754e+48
5.809158063249071754e+48
5.806578646065217191e+48
5.806578646065217191e+48
5.806578646065217191e+48
5.800588123212347650e+48
4.478892907485491375e+48
4.478891540765077208e+48
4.478891540765077208e+48
4.209421677559628309e+48
9.952219979140689466e+47
9.952219979126662152e+47
9.952219979126662152e+47
9.952219979126660529e+47
9.952219979126660529e+47
9.952219979034964567e+47
9.952219979034964567e+47
9.952219523894629605e+47
6.594957277326946688e+47
6.594957277326946688e+47
6.594957277326946688e+47
6.551897580200478064e+47
6.551496166330393879e+47
6.551458755418363282e+47
3.635376867632441330e+47
3.635376867632441330e+47
3.635376867095491714e+47
3.635376867095491714e+47
3.635376867095491714e+47
3.593015163649767270e+47
9.479184824947984776e+46
9.479184824947982747e+46
7.887796003943255325e+46
7.887796003943255325e+46
7.887796003943255325e+46
7.887796003941835556e+46
7.887268095048369825e+46
7.633067892270732170e+46
7.633067892270732170e+46
7.633067879618625906e+46
7.633067879618625906e+46
7.633067827632327525e+46
2.838305485566285200e+46
2.838305485566285200e+46
2.838298753278120771e+46
2.838298753278073615e+46
1.065658851922464979e+46
1.065658851922464979e+46
1.065044764749214608e+46
1.065044764749214608e+46
1.065044764749214608e+46
1.065044764749214608e+46
1.064333606033925218e+46
9.306308116357798263e+45
9.306306819818200178e+45
9.306306819818200178e+45
8.771679786458824720e+45
2.416999695110670726e+45
2.416999695109384694e+45
2.416999695109382476e+45
2.416999695109382476e+45
2.416999695066009177e+45
2.416999695066009177e+45
2.416999695066009177e+45
2.416999377285040325e+45
1.346651791179807461e+45
1.346651791179807461e+45
1.346651791179807461e+45
1.340307252097063328e+45
1.340188398894085666e+45
1.340184959017022371e+45
9.336761632686186869e+44
9.336761632686186869e+44
9.336761632135608184e+44
9.336761632135608184e+44
9.336761632135608184e+44
9.208986427024779525e+44
2.427246629076498319e+44
2.427246629076498319e+44
2.427246629076498319e+44
1.822084532585603203e+44
1.822084532584995523e+44
1.822084532584995523e+44
1.773944408675323202e+44
1.773885736135666558e+44
1.773885736135666558e+44
1.773885728046845518e+44
1.773885728046845518e+44
1.773885723682349260e+44
8.688395675438330227e+43
8.688395675438330227e+43
8.688351040155687531e+43
8.688351040155601371e+43
8.688351040155601371e+43
2.906549525154525211e+43
2.904456568963747379e+43
2.904456568963747379e+43
2.904456568963747379e+43
2.904456568963747379e+43
2.903294132144565821e+43
2.550693486340758644e+43
2.550693486340758644e+43
2.550693334935939635e+43
2.303325107373753449e+43
8.133685377110781131e+42
8.133685377107933869e+42
8.133685377107912824e+42
8.133685377107912824e+42
8.133685376526461053e+42
8.133685376526461053e+42
8.133685376526461053e+42
8.133682830251861745e+42
3.977501712949180801e+42
3.977501712949180801e+42
3.977501712949180801e+42
3.977501712949180801e+42
3.977022109160317938e+42
3.964842960630917326e+42
3.964838280521758632e+42
2.726207566699188922e+42
2.726207566699188922e+42
2.726207566607436520e+42
2.726207566607436520e+42
2.726207566607436520e+42
2.657003878694822053e+42
8.464578370482152433e+41
8.464578370482152433e+41
8.464578370482152433e+41
5.827676657647983568e+41
5.827676657640625562e+41
5.827676657640625562e+41
5.827676657640625562e+41
5.718613663579997813e+41
5.718518879424966794e+41
5.718518879424966794e+41
5.718518819946885739e+41
5.718518819946885739e+41
5.718518811080971949e+41
2.617761941692133084e+41
2.617761941692133084e+41
2.617743375103562060e+41
2.617743375103552001e+41
2.617743375103552001e+41
1.010604995155949073e+41
1.008979741842665770e+41
1.008979741842665770e+41
1.008979741842665770e+41
1.008979741842665770e+41
1.008979741842665770e+41
1.008761631317959010e+41
9.124609878208719688e+40
9.124609878208719688e+40
9.124609499482522233e+40
7.933829688127936701e+40
2.459584944266010259e+40
2.459584944265683366e+40
2.459584944265660154e+40
2.459584943889460331e+40
2.459584943889460331e+40
2.459584943889460331e+40
2.459584943889460331e+40
2.459583876979781590e+40
1.337888281008366713e+40
1.337888281008366713e+40
1.337888281008366713e+40
1.337888281008366713e+40
1.337539477911084856e+40
1.335394901915811419e+40
1.335393864155197869e+40
9.993609984675090652e+39
9.993609984675090652e+39
9.993609984675090652e+39
9.993609984520299790e+39
9.993609984520299790e+39
9.634255904657106322e+39
2.578924699389474169e+39
2.578924699389474169e+39
2.578924699389474169e+39
1.888233181515290453e+39
1.888233181509825201e+39
1.888233181509824899e+39
1.870267538795060989e+39
1.870247721796603836e+39
1.870247721796603836e+39
1.870247692645053517e+39
1.870247692645053517e+39
1.870247692645053517e+39
1.870247692645053517e+39
1.010274338466525502e+39
1.010274338119124801e+39
1.010256560010921519e+39
1.010256560010920159e+39
1.010256560010920159e+39
3.192129497941199005e+38
3.185797224244998118e+38
3.185797224244998118e+38
3.185797224244998118e+38
3.185797224244998118e+38
3.185797224244998118e+38
3.185372157128580620e+38
3.185372157128580620e+38
3.028479254606153849e+38
3.028479202229036212e+38
2.674916964334636618e+38
1.009839121455736962e+38
1.009839121455686149e+38
1.009839121455658571e+38
1.009839121165073605e+38
1.009839121165073605e+38
1.009839121165073605e+38
1.009839121165073605e+38
1.009837964925775600e+38
4.560714910800705668e+37
4.560714910800705668e+37
4.560714910800705668e+37
4.560714910800705668e+37
4.559131575847291917e+37
4.554258552355124040e+37
4.554257037019079367e+37
3.865231635919038559e+37
3.865231635919038559e+37
3.865231635919038559e+37
3.865231635897736909e+37
3.865231635897736909e+37
3.722731298387000014e+37
3.722731298387000014e+37
1.120354362228962395e+37
1.120354362228962395e+37
1.120354362228962395e+37
1.120354362228962395e+37
7.179349910142360594e+36
7.179349910106155391e+36
7.179349910106153030e+36
7.128459286746599700e+36
7.128423144113413781e+36
7.128423144113413781e+36
7.128422871849573576e+36
7.128422871849573576e+36
7.128422871849573576e+36
7.128422871849573576e+36
4.738539556422871688e+36
4.738539555719790418e+36
4.738386766245978315e+36
4.738386766245978315e+36
4.738386766245975363e+36
1.466499723796067254e+36
1.462955095503304871e+36
1.462955095503304871e+36
1.462955095503304871e+36
1.462955095503304871e+36
1.462955095503304871e+36
1.462842556407447976e+36
1.462842556407447976e+36
1.397837610449270306e+36
1.397837600184005209e+36
1.150297116568424408e+36
5.471781345873416213e+35
5.471781345873253143e+35
5.471781345872881257e+35
5.471781340388019346e+35
5.471781340388019346e+35
5.471781340388019346e+35
5.471781340388019346e+35
5.471768078537444893e+35
5.471768078537444893e+35
2.237349913797943117e+35
2.237349913797943117e+35
2.237349913797943117e+35
2.236338972442596355e+35
2.234866376734786383e+35
2.234866041042685743e+35
1.908529233206135465e+35
1.908529233206135465e+35
1.908529233200456450e+35
1.908529233200456450e+35
1.908529233200456450e+35
1.789241710544010620e+35
6.540920037332556939e+34
6.540920037332556939e+34
6.540920037332556939e+34
6.540920037332556939e+34
6.540920037332556939e+34
3.804923102018978858e+34
3.804923101953602675e+34
3.804923101953600369e+34
3.786934958332838764e+34
3.786925574730578793e+34
3.786925274551500334e+34
3.786925274551500334e+34
3.786925274551500334e+34
3.786925274551500334e+34
3.786925274551500334e+34
2.485315945408185909e+34
2.485315945196688454e+34
2.485204423642381555e+34
2.485204423642381555e+34
2.485204423642380632e+34
8.815810730130476580e+33
8.815810730130476580e+33
8.770749277872832085e+33
8.770749277872832085e+33
8.770749277872832085e+33
8.770749277872832085e+33
8.770749277872832085e+33
8.770377148341713299e+33
8.473769299325491650e+33
6.585927486082370165e+33
6.585927461164218887e+33
2.948644196420567509e+33
2.948644196419872297e+33
2.948644196419838286e+33
2.948644190197454056e+33
2.948644190197454056e+33
2.948644190197454056e+33
2.948644190197454056e+33
2.948633971686362530e+33
2.948633971686362530e+33
2.948633971686362530e+33
1.333614211726387502e+33
1.333614211726387502e+33
1.333614211726387502e+33
1.332347870405498575e+33
1.331866879219930706e+33
1.331866748847771897e+33
1.180806282919362145e+33
1.180806282919362145e+33
1.180806282917782067e+33
1.180806282917782067e+33
1.082677276662010298e+33
1.082677276662010298e+33
3.546663630100119447e+32
3.546663630100119447e+32
3.546663630100119447e+32
3.546663630100119447e+32
3.546663630100119447e+32
3.546663629878211601e+32
2.208248160350030373e+32
2.208248160350025329e+32
2.208247889518456419e+32
2.202661739705102717e+32
2.202658268221604254e+32
2.202658268221604254e+32
2.202658268221604254e+32
2.202658268221604254e+32
1.593320377255860031e+32
1.593320377255860031e+32
1.593320377192675609e+32
1.593158708564227914e+32
1.593158708564227914e+32
4.858157042613874265e+31
4.858157042613874265e+31
4.858157042613874265e+31
4.828120604905091417e+31
4.828120604905091417e+31
4.828120604905091417e+31
4.828120604905091417e+31
4.827997291725556861e+31
4.827997291725556861e+31
4.743905213652795430e+31
3.796765609796362543e+31
3.796765603776695907e+31
2.005914116916273455e+31
2.005914116915016726e+31
2.005914116915007944e+31
2.005914109274302822e+31
2.005914109274302822e+31
2.005914109274302822e+31
2.005914109274302822e+31
2.005914109274302822e+31
2.005897428586549564e+31
2.005897428586549564e+31
7.684522718645596529e+30
7.684522718645596529e+30
7.684522718645596529e+30
7.684522718645596529e+30
7.675286229058206204e+30
7.673540510474196364e+30
7.673540195903855763e+30
7.186264564891534312e+30
7.186264564891534312e+30
7.186264564888320994e+30
7.186264564888320994e+30
6.618733056905027075e+30
2.569987866174763078e+30
2.569987866174763078e+30
2.569987866174763078e+30
2.569987866174763078e+30
2.569987866174763078e+30
2.569987866174763078e+30
2.569987865865597719e+30
2.569987865865571823e+30
1.382847592209290111e+30
1.382847217580961366e+30
1.380449837047051396e+30
1.380448845932001508e+30
1.380448845932001508e+30
1.380448845932001508e+30
1.380448845932001508e+30
1.131059427170105425e+30
1.131059427170105425e+30
1.131059427152622170e+30
1.130880425002842621e+30
1.130880425002842621e+30
1.130880425002842621e+30
3.730736534258154743e+29
3.730736534258154743e+29
3.703234378911194357e+29
3.703234378911194357e+29
3.703234378911194357e+29
3.703234378911194357e+29
3.703234378911194357e+29
3.703181645783316527e+29
3.703181645783316527e+29
3.648929397845727867e+29
2.653646878001854476e+29
2.653646876387196142e+29
1.685884507273044066e+29
1.685884507270688473e+29
1.685884488233056999e+29
1.685884488233053480e+29
1.685884488233053128e+29
1.685884488233053128e+29
1.685884488233053128e+29
1.685858598093422300e+29
1.685858598093422300e+29
1.685858598093422300e+29
1.685858598093422300e+29
6.246019167229866259e+28
6.246019167229866259e+28
6.246019167229866259e+28
6.236536414476798693e+28
6.235698546892368656e+28
6.235698432829079889e+28
6.235698432829079889e+28
5.881324966353258013e+28
5.881324966351928924e+28
5.171893799622424451e+28
5.171893799622424451e+28
2.425301581644329693e+28
2.425301581644329693e+28
2.425301581644329693e+28
2.425301581644329693e+28
2.425301581644329693e+28
2.425301581644329693e+28
2.425301581644329693e+28
2.425301580673129313e+28
2.425301580673067740e+28
1.202378363226262283e+28
1.202377740887700556e+28
1.201059452193858394e+28
1.201059452193858394e+28
1.201059040227793864e+28
1.201059040227793864e+28
9.927921746040471915e+27
9.927921746040471915e+27
9.925778010412309035e+27
9.925778010412309035e+27
9.925778010329196951e+27
9.925778010329196951e+27
9.925778010329196951e+27
3.759590933482049506e+27
3.759590933482049506e+27
3.759590933482049506e+27
3.705386028988764285e+27
3.705386028988764285e+27
3.705386028988764285e+27
3.705386028988764285e+27
3.705357039517306009e+27
3.705357039517306009e+27
3.665717439879901487e+27
2.488549004249677540e+27
2.488549003373141372e+27
1.566439093684605197e+27
1.566439093677431433e+27
1.566439057563328529e+27
1.566439057563328529e+27
1.566439057563327155e+27
1.566439057563327155e+27
1.566439057563327155e+27
1.566404312349209471e+27
1.566404312349209471e+27
1.566404312349209471e+27
1.566404312349209471e+27
6.387422259171339821e+26
6.387422259171339821e+26
6.387422259171339821e+26
6.368067200314481041e+26
6.367587490249095823e+26
6.367587490249095823e+26
6.367587416830074118e+26
6.094995982077073416e+26
5.171976089254947742e+26
5.171976089254509999e+26
5.171976089254509999e+26
2.310569480406397500e+26
2.310569480406397500e+26
2.310569480406397500e+26
2.310569480406397500e+26
2.310569480406397500e+26
2.310569480406397500e+26
2.310569480406397500e+26
2.310569478469494037e+26
2.310569478469296469e+26
1.221614626511610061e+26
1.221613627880915445e+26
1.221613627880915445e+26
1.220866050008388840e+26
1.220865787253016781e+26
1.220865787253016781e+26
1.057027748445644667e+26
1.056552851346998252e+26
1.056552851346998252e+26
1.056552851342990704e+26
1.056552851342990704e+26
1.056552851342990704e+26
1.056552851342990704e+26
1.056552851342990704e+26
3.631892962472078456e+25
3.631892962472078456e+25
3.568580571101678598e+25
3.568580571101678598e+25
3.568580571101678598e+25
3.568580571101678598e+25
3.568563973365710282e+25
3.548273125320146405e+25
3.548273125320146405e+25
2.496628985736238041e+25
2.496628985360783167e+25
2.496628985360783167e+25
1.746774757907561108e+25
1.746774757887959521e+25
1.746774688078255588e+25
1.746774688078254514e+25
1.746774688078254514e+25
1.746774688078253870e+25
1.746774688078253870e+25
1.746690237236832923e+25
1.746690237236832923e+25
1.746690237236832923e+25
1.746690237236832923e+25
6.303624496080893398e+24
6.303624496080893398e+24
6.303624496080893398e+24
6.279975909811491103e+24
6.279975909811491103e+24
6.279975909811491103e+24
6.279687921146780879e+24
6.279687890758449519e+24
6.131198054415389187e+24
5.262132419490756969e+24
5.262132419490756969e+24
5.262132419490606645e+24
2.746617371215773856e+24
2.746617371215773856e+24
2.746617371215773856e+24
2.746617371215773856e+24
2.746617371215773856e+24
2.746617371215773856e+24
2.746617371215773856e+24
2.746617366961177106e+24
2.746617366960562925e+24
1.272333771958912218e+24
1.272331654515640412e+24
1.272331654515640412e+24
1.271830966308917274e+24
1.271830844957069826e+24
1.271830844957069826e+24
1.168250968171034318e+24
1.167522821162772585e+24
1.167522821161144390e+24
1.167522821161144390e+24
1.167522821161144390e+24
1.167522821161144390e+24
1.167522821161144390e+24
1.167522821161144390e+24
4.608459700250670279e+23
4.514954941306367776e+23
4.514954941306367776e+23
4.514954941306367776e+23
4.514954941306367776e+23
4.514954941306367776e+23
4.514943634561530363e+23
4.494869254187979039e+23
2.838568025826802763e+23
2.838568025826802763e+23
2.838568025665330112e+23
2.838568025665330112e+23
2.838568025584863564e+23
2.238618426686341068e+23
2.238618202568886290e+23
2.238618202568886290e+23
2.238618202568882599e+23
2.238618202568882599e+23
2.238618202568882263e+23
2.238444072762626540e+23
2.238444072762626540e+23
8.448039496698394418e+22
8.448039496698394418e+22
8.448039496698394418e+22
8.448039496698394418e+22
8.408998453873653422e+22
8.408998453873653422e+22
8.408998453873653422e+22
8.408998453873653422e+22
8.408778704052303797e+22
8.243751991707577195e+22
8.243751974284242085e+22
8.243751974284242085e+22
6.633068936738480167e+22
6.633068936738396281e+22
4.059617165130395864e+22
4.059617165130395864e+22
4.059617165130395864e+22
4.059617165130395864e+22
4.059617165130395864e+22
4.059617165130395864e+22
4.059617165128310456e+22
4.059617146960363074e+22
4.059617146960363074e+22
1.808383941616038471e+22
1.808378571470808914e+22
1.808378571470808914e+22
1.807948059812667641e+22
1.807947978227682220e+22
1.806344111458004605e+22
1.676062348329061502e+22
1.676062348329061502e+22
1.676062348329061502e+22
1.676062348327891501e+22
1.676062348327891501e+22
1.676062348327891501e+22
1.676062348327891501e+22
1.676062348327891501e+22
7.588257444758499099e+21
7.315464180062155178e+21
7.315464180062155178e+21
7.315464180062155178e+21
7.315464180062155178e+21
7.315464180062155178e+21
7.315454304410900890e+21
4.327946335392964805e+21
4.320075552346110165e+21
4.320075552346110165e+21
4.320075552215716069e+21
4.320075551851404067e+21
4.320075551851404067e+21
4.320075551851404067e+21
3.451164259198192583e+21
3.451164259198178951e+21
3.451163590481133175e+21
3.451163590481133175e+21
3.451163590481133175e+21
3.450782880424514290e+21
3.450782880424514290e+21
1.439975146660493525e+21
1.439975146660493525e+21
1.439975146660493525e+21
1.439975146660493525e+21
1.427620955697728979e+21
1.427620955697728979e+21
1.427620955697728979e+21
1.427620955697728979e+21
1.427599882935365009e+21
1.407246108994323350e+21
1.407246107224224039e+21
1.407246107224224039e+21
1.081412977556134822e+21
6.602207952746931814e+20
6.602207952746912154e+20
6.602207952746912154e+20
6.602207952746912154e+20
6.602207952746912154e+20
6.602207952746912154e+20
6.602207952746912154e+20
6.602207952736128860e+20
6.602207892409404621e+20
6.602207892409404621e+20
3.126505372845456097e+20
3.126505372845456097e+20
3.126490606035879854e+20
3.126062437147095859e+20
3.126062352109754778e+20
3.120823045068813763e+20
3.120823045068813763e+20
2.952103397968961208e+20
2.952103397968961208e+20
2.952103397968961208e+20
2.952103397968961208e+20
2.952103397968048292e+20
2.952103397968048292e+20
2.952103397968048292e+20
1.275643584361646981e+20
1.220050618175734252e+20
1.220050618175734252e+20
1.220050618175734252e+20
1.220050618175734252e+20
1.220050618175734252e+20
1.220050618175734252e+20
7.475159512998877594e+19
7.475155917995478221e+19
7.467338172562225562e+19
7.467338172562225562e+19
7.467338172562225562e+19
7.467338171195700019e+19
7.467338171097728614e+19
7.467338171097602458e+19
6.300453172413393306e+19
6.300451122105978880e+19
6.300451122105978880e+19
6.300451122105978880e+19
6.300451122105978880e+19
6.299063778558221517e+19
6.299063778558221517e+19
6.299063778558221517e+19
2.447697759520844186e+19
2.447697759520844186e+19
2.447697759520844186e+19
2.421803349831387546e+19
2.421803349831387546e+19
2.421803349831387546e+19
2.421803349831387546e+19
2.421782207540597965e+19
2.402173070500494950e+19
2.402173070500494950e+19
2.402173069203435930e+19
1.873163958406213632e+19
1.873163958406213632e+19
1.274027169306389504e+19
1.274027169306389504e+19
1.274027169306388070e+19
1.274027169306388070e+19
1.274027169306388070e+19
1.274027169306388070e+19
1.274027169301347123e+19
1.274027148635507712e+19
1.274027148635507712e+19
1.274027148635507507e+19
5.481555493759834112e+18
5.481505857475597312e+18
5.481046976800243712e+18
5.481046911059421184e+18
5.481046911059421184e+18
5.469344675610291200e+18
5.469344675610291200e+18
5.292964433138638848e+18
5.292964433138638848e+18
5.292964433138638848e+18
5.292964433138038784e+18
5.292964433138038784e+18
5.292964433138038784e+18
2.642816251938553856e+18
2.512575129120883200e+18
2.512575129120883200e+18
2.512575129120883200e+18
2.512575129120883200e+18
2.512575129120883200e+18
2.512575129120883200e+18
1.393092363013480704e+18
1.393092049026235136e+18
1.392145079965739776e+18
1.392145079965739776e+18
1.392145079965739776e+18
1.392145079528801792e+18
1.392145079528801792e+18
1.392145079528747520e+18
1.392145079528747520e+18
1.392145079521784832e+18
1.392143984886614784e+18
1.248699676640384512e+18
1.248699676640384512e+18
1.248699676640384512e+18
1.248303601542048000e+18
1.248303601542048000e+18
1.248303601542048000e+18
5.364417131157427200e+17
5.364417131157427200e+17
5.364417131157427200e+17
5.296269397789285760e+17
5.296269397789285760e+17
5.296269397789285760e+17
5.296269397789285760e+17
5.296243969928258560e+17
5.296243969928258560e+17
5.263484530086362240e+17
5.263484528813040640e+17
3.808657361804240640e+17
3.808657361804240640e+17
3.808657361804240640e+17
2.889456718789662720e+17
2.889456718789661440e+17
2.889456718789661440e+17
2.889456718789661440e+17
2.889456718765808000e+17
2.889456602526438400e+17
2.889456602526438400e+17
2.889456602526437120e+17
2.889356354507487360e+17
1.268342150896959520e+17
1.268342150896959520e+17
1.268342150896959520e+17
1.268342150896959520e+17
1.268280366081497280e+17
1.268280366081497280e+17
1.264841850680626720e+17
1.264841843522146240e+17
1.264841843522146240e+17
1.231747808708420640e+17
1.231747808708420640e+17
1.231747808708356800e+17
1.231747808708356800e+17
1.231747808708356800e+17
6.934016633862860000e+16
6.396978689333138400e+16
6.396978689333138400e+16
6.396978689333138400e+16
6.396978689333138400e+16
6.396978689333138400e+16
6.396978689333138400e+16
3.419575956033363200e+16
3.419575956033363200e+16
3.419575569188306800e+16
3.418140320134082000e+16
3.418140317253664000e+16
3.418140317253664000e+16
3.418140317253664000e+16
3.418140317253362400e+16
3.418140317253362400e+16
3.418135520550023600e+16
3.418135520541763600e+16
3.112107582972969600e+16
3.112107582972969600e+16
3.112107582972969600e+16
3.112107582972969600e+16
3.110756850185516400e+16
3.110756850185516400e+16
1.481175079711950800e+16
1.481175079711950800e+16
1.449389266483999200e+16
1.449389266483999200e+16
1.449389266483999200e+16
1.449389266483999200e+16
1.449389266483999200e+16
1.449385372617991400e+16
1.449385372617991400e+16
1.443203780257723200e+16
1.443203780069343400e+16
1.443203780069343400e+16
9.982569425349802000e+15
9.982569425349802000e+15
7.734246852664945000e+15
7.734246852664944000e+15
7.734246852664944000e+15
7.734246852478061000e+15
7.734246852478061000e+15
7.734246247109516000e+15
7.734246247109506000e+15
7.734246247109506000e+15
7.733851860812237000e+15
3.617092562967701500e+15
3.617092562967701500e+15
3.617092562967701500e+15
3.617092562967701500e+15
3.617092562967701500e+15
3.617092562967701500e+15
3.616989814045167000e+15
3.599762258246145000e+15
3.599762246836200500e+15
3.531847949783091000e+15
3.531847949783091000e+15
3.531847949783012000e+15
3.531847949783012000e+15
3.531847949783012000e+15
3.531847949783012000e+15
2.988082350048033500e+15
1.803706747270946750e+15
1.803706747270946750e+15
1.803706747270946750e+15
1.803706747270946750e+15
1.803706747270946750e+15
9.928021322903031250e+14
9.928021322903031250e+14
9.928021305240043750e+14
9.925547174508092500e+14
9.925546533167093750e+14
9.925546533167093750e+14
9.925546533164313750e+14
9.925546533164313750e+14
9.925524324571518750e+14
9.925524324571518750e+14
9.925524324561091250e+14
9.260555349761517500e+14
9.260555349761517500e+14
9.260555349761517500e+14
9.253175293407578750e+14
9.253175293407578750e+14
9.253175293407578750e+14
4.321974350905117500e+14
4.321974350905117500e+14
4.207394233696121875e+14
4.207394233696121875e+14
4.207394233696121875e+14
4.207394233696121875e+14
4.207394233696121875e+14
4.207387776776791250e+14
4.207387776776791250e+14
4.207387776776791250e+14
4.196718094723300625e+14
4.196718094484813125e+14
4.196718094484813125e+14
2.932266760272828750e+14
2.932266760272828750e+14
2.413922052547966875e+14
2.413922052547966875e+14
2.413922052415641250e+14
2.413921728613504375e+14
2.413921728613504375e+14
2.413921728613504375e+14
2.413921728613493750e+14
2.413684594105203125e+14
1.078314017427704219e+14
1.078314017427704219e+14
1.078314017427704219e+14
1.078314017427704219e+14
1.078314017427704219e+14
1.078314017427704219e+14
1.078314017427704219e+14
1.071806189645951406e+14
1.071788436177204375e+14
1.071788434662873281e+14
1.059386506652978750e+14
1.059386506652970000e+14
1.059386506652970000e+14
1.059386506652970000e+14
1.059386506652970000e+14
8.965674321862739062e+13
8.965674321862739062e+13
5.995266363879648438e+13
5.995266363879648438e+13
5.995266363879648438e+13
5.995266363879648438e+13
5.995266363879648438e+13
5.995266363879648438e+13
3.080006452061705859e+13
3.080006442727197266e+13
3.080006442725251172e+13
3.079537812629658203e+13
3.079537720198591797e+13
3.079524523495951562e+13
3.079524523495951562e+13
3.079524523495951562e+13
3.079524523495951562e+13
3.079524523495951562e+13
2.945349492491348047e+13
2.945349492491348047e+13
2.945349492490203906e+13
2.942173284606813281e+13
2.942173284606813281e+13
2.942173284606813281e+13
2.942173284606813281e+13
1.538545402238972070e+13
1.490472657770354297e+13
1.490472657770354297e+13
1.490472657770354297e+13
1.490472657770354297e+13
1.490472657770354297e+13
1.490471444621576562e+13
1.490471444621576562e+13
1.490471444621576562e+13
1.490471444621576562e+13
1.487834536732345898e+13
1.487834536732345898e+13
1.487834536694992969e+13
9.705438400861351562e+12
8.473942604165374023e+12
8.473942604165374023e+12
8.473942603269972656e+12
8.473940140140295898e+12
8.473940140140201172e+12
8.473940140140201172e+12
8.473940140140201172e+12
8.473940140140201172e+12
8.472696570586716797e+12
4.047764435793315918e+12
4.047764435793315918e+12
4.047764435793315918e+12
4.047764435793315918e+12
4.047764435793315918e+12
4.047764435793315918e+12
4.017301280080871582e+12
4.017263938780220703e+12
4.017263936129064941e+12
3.982873309819378418e+12
3.982873309819378418e+12
3.982873309819378418e+12
3.982873309819363770e+12
3.982873309819363770e+12
3.217093244265838867e+12
2.359402605643854004e+12
2.359402605643854004e+12
2.359402605643854004e+12
2.359402605643854004e+12
2.359402605643854004e+12
2.359402605643854004e+12
2.359402605643854004e+12
1.218242379669893066e+12
1.218242370655454346e+12
1.218242370653782471e+12
1.218242370653782471e+12
1.218132599543930664e+12
1.218123812268997070e+12
1.218123794247060059e+12
1.218123794247060059e+12
1.218123794247059814e+12
1.176409149756477539e+12
1.176409149756477539e+12
1.176409149756477539e+12
1.176409149756270752e+12
1.174723960142007568e+12
1.174723960142007568e+12
1.174723960142007568e+12
1.174723960142007568e+12
6.732648673452955322e+11
6.732648673452955322e+11
6.416892858500859375e+11
6.416892858500859375e+11
6.416892858500859375e+11
6.416892858500859375e+11
6.416892858500859375e+11
6.416892858500859375e+11
6.416892858500859375e+11
6.416890056375953369e+11
6.416890056375953369e+11
6.409567937140570068e+11
4.063339012334514160e+11
4.063339012334514160e+11
4.063339012302940063e+11
3.628856201540955200e+11
3.628856200527349243e+11
3.628854278198717041e+11
3.628854278198717041e+11
3.628854278198621826e+11
3.628854278198621826e+11
3.628095592317093506e+11
3.628095592317093506e+11
3.628095592317093506e+11
3.628095592317093506e+11
3.628095592317093506e+11
1.853746424451134644e+11
1.853746424451134644e+11
1.853746424451134644e+11
1.853746424451134644e+11
1.831570826912408447e+11
1.831561154350338440e+11
1.831561153725793457e+11
1.820829400264456482e+11
1.820829400264456482e+11
1.820829400264456482e+11
1.820829400264453735e+11
1.429607125391584167e+11
1.429607125391584167e+11
1.084774310942326660e+11
1.084774310942326660e+11
1.084774310942326660e+11
1.084774310942326660e+11
1.084774310942326660e+11
1.084774310942326660e+11
1.084774310942326660e+11
1.084774280524929962e+11
1.084774280524929962e+11
5.768161174941002655e+10
5.768161174917867279e+10
5.768095622491533661e+10
5.767788951064892578e+10
5.767788905273500824e+10
5.767788905273500061e+10
5.767788905273500061e+10
5.626358665732388306e+10
5.612932629124612427e+10
5.612932629124612427e+10
5.612932629124189758e+10
5.612932629124189758e+10
5.612932629124189758e+10
5.612932629124189758e+10
5.612932629124189758e+10
3.301120736070785522e+10
3.301120736070785522e+10
3.301120736070785522e+10
3.112288731836520767e+10
3.112288731836520767e+10
3.112288731836520767e+10
3.112288731836520767e+10
3.112288731836520767e+10
3.112288731836520767e+10
3.112287984795792007e+10
3.110140574896699524e+10
3.110140574896699524e+10
1.977328738567874527e+10
1.977328738561170959e+10
1.977328738561170959e+10
1.818685003595919037e+10
1.818685002512449646e+10
1.818685002512449646e+10
1.818683396112613678e+10
1.818683396112466049e+10
1.818683396112466049e+10
1.818683396112466049e+10
1.818683396112466049e+10
1.818019125052782059e+10
1.818019125052782059e+10
9.352744758667690277e+09
9.352744758667690277e+09
9.352744758667690277e+09
9.352744758667690277e+09
9.211246058542158127e+09
9.211246058542158127e+09
9.211218333107469559e+09
9.211218333107469559e+09
9.211218333107469559e+09
9.177319507960258484e+09
9.177319506554470062e+09
7.158433606252136230e+09
7.158433606252134323e+09
5.780821806919006348e+09
5.780821806919006348e+09
5.780821806919006348e+09
5.780821806919006348e+09
5.780821806919006348e+09
5.780821806919006348e+09
5.780821806919006348e+09
5.780821806919006348e+09
5.780821519528026581e+09
5.780821519429135323e+09
3.005394706982092381e+09
3.005394706982092381e+09
3.005332664518881798e+09
3.005332664518879890e+09
3.005238312870971680e+09
3.005238301725709915e+09
3.005238301725709915e+09
2.956976448025437355e+09
2.956976448025437355e+09
2.947657879104685307e+09
2.947657879104597569e+09
2.947657879104597569e+09
2.947657879104597569e+09
2.947657879104597569e+09
2.947657879104597569e+09
1.900965059590825319e+09
1.900965059590825319e+09
1.900965059590825319e+09
1.774213139088952065e+09
1.774213139088952065e+09
1.774213139088952065e+09
1.774213139088952065e+09
1.774213139088952065e+09
1.774213139088952065e+09
1.774212921436537266e+09
1.773421843145572662e+09
1.079489742406373024e+09
1.079489742406373024e+09
1.079489742404863834e+09
1.079489742404863834e+09
1.079489742404863834e+09
1.019017189381839395e+09
1.019017188250181079e+09
1.019015430013388872e+09
1.019015430013191819e+09
1.019015430013191819e+09
1.019015430013191819e+09
1.019015430013191819e+09
1.018491079775363445e+09
1.018491079775363445e+09
5.684721596359565258e+08
5.684721596359565258e+08
5.684721596359565258e+08
5.578223846582493782e+08
5.578223846582493782e+08
5.578223846582493782e+08
5.578223846582493782e+08
5.578223846582493782e+08
5.578214730643552542e+08
5.564109210285125971e+08
5.564109209894770384e+08
4.163252189950292706e+08
4.163252189950292706e+08
3.550104810342245698e+08
3.550104810342245102e+08
3.550104810342245102e+08
3.550104810342245102e+08
3.550104810342245102e+08
3.550104810342245102e+08
3.550104810342245102e+08
3.550104810342245102e+08
3.550104432463623285e+08
3.550104432339540124e+08
3.550104432339540124e+08
1.919934208407708704e+08
1.919870536633677483e+08
1.919870536633674204e+08
1.919870536633674204e+08
1.919870536633674204e+08
1.919836015787115097e+08
1.919836012351197898e+08
1.911812325314328074e+08
1.889577500897765160e+08
1.889577500897765160e+08
1.889577500897765160e+08
1.889577500897741020e+08
1.889577500897741020e+08
1.889577500897741020e+08
1.889577500897741020e+08
1.889577500897741020e+08
1.889577500897741020e+08
1.312343429513514340e+08
1.196244162052723616e+08
1.196244162052723616e+08
1.196244162052723616e+08
1.196244162052723616e+08
1.196244162052723616e+08
1.196244087309201509e+08
7.253517314909127355e+07
7.253517314909127355e+07
7.252331558949634433e+07
7.252331558949634433e+07
7.252331558949634433e+07
7.252331558945126832e+07
7.252331538961070776e+07
6.938809960671602190e+07
6.938789459556010365e+07
6.938789459552970529e+07
6.938789459552970529e+07
6.938789459552970529e+07
6.938789459552970529e+07
6.933819189214619994e+07
6.933819189214619994e+07
6.933819189214619994e+07
4.148021527282700688e+07
4.148021527282700688e+07
4.148021527282700688e+07
4.148021527282700688e+07
4.037343968709183484e+07
4.037343968709183484e+07
4.037343968709183484e+07
4.037343968709183484e+07
4.037340361400406808e+07
4.030709919350896031e+07
4.030709919215352833e+07
4.030709919215352833e+07
2.953044838466270640e+07
2.953044838466270640e+07
2.593033869697471708e+07
2.593033869697471708e+07
2.593033869697471708e+07
2.593033869697471708e+07
2.593033869697471708e+07
2.593033869697471708e+07
2.593033869697471708e+07
2.593033869466679543e+07
2.593033362499307096e+07
2.593033362499307096e+07
2.593033362499307096e+07
1.462650064108137414e+07
1.462650064108131081e+07
1.462574504899239354e+07
1.462574504899239354e+07
1.462559370721697062e+07
1.462559369402268343e+07
1.453414968730064668e+07
1.453414968730064668e+07
1.441851153768488765e+07
1.441851153768488765e+07
1.441851153768488765e+07
1.441851153768481314e+07
1.441851153768481314e+07
1.441851153768481314e+07
1.441851153768481314e+07
1.441851153768481314e+07
1.044539327500156127e+07
9.362589626369468868e+06
9.362589626369468868e+06
9.362589626369468868e+06
9.362589626369468868e+06
9.362589626369468868e+06
5.732768166910028085e+06
5.732768166910028085e+06
5.732768053328645416e+06
5.732208505357858725e+06
5.732208505357858725e+06
5.732208473962461576e+06
5.732208473962461576e+06
5.732208473962461576e+06
5.732208473960955627e+06
5.732208473953720182e+06
5.732179865730474703e+06
5.554341872784189880e+06
5.554341872784189880e+06
5.554341872784189880e+06
5.554341872784189880e+06
5.548077372560774907e+06
5.548077372560774907e+06
5.548077372560774907e+06
3.448129084944146685e+06
3.334369794221920893e+06
3.334369794221920893e+06
3.334369794221920893e+06
3.334369794221920893e+06
3.334369794221920893e+06
3.334368166185945272e+06
3.334368166185945272e+06
3.330949716707030311e+06
3.330949716707030311e+06
3.330949716657506302e+06
3.330949716657506302e+06
2.421077039776030462e+06
2.196884726276521105e+06
2.196884726276521105e+06
2.196884726276521105e+06
2.196884726276521105e+06
2.196884726276521105e+06
2.196884726276521105e+06
2.196884726276521105e+06
2.196884725859926548e+06
2.196883981782008428e+06
2.196883981782008428e+06
2.196883981781960465e+06
2.196548580723815598e+06
1.260983591535825515e+06
1.260983591535825515e+06
1.260976147848743713e+06
1.260976147848743713e+06
1.250817875692104222e+06
1.250817875175792491e+06
1.250817875175792491e+06
1.244329996983399615e+06
1.244329996983399615e+06
1.244329996983399615e+06
1.244329996983397286e+06
1.244329996983397286e+06
1.244329996983397286e+06
1.244329996983397286e+06
9.613928029713373398e+05
8.488008594345079036e+05
8.488008594345079036e+05
8.488008594345079036e+05
8.488008594345079036e+05
8.488008594345079036e+05
5.142549576463787816e+05
5.142251637524408870e+05
5.142251637524408870e+05
5.142251588631047634e+05
5.142251588631047634e+05
5.142251536969313747e+05
5.142251536954673356e+05
5.142251536954673356e+05
5.142251536954673356e+05
5.142206232653961051e+05
5.142206232653961051e+05
5.142206232653427869e+05
5.033004161925254739e+05
5.033004161925253575e+05
5.025306338893044740e+05
5.025306338893044740e+05
5.025306338893044740e+05
5.025306338893044740e+05
5.025306338893044740e+05
3.362415263055012329e+05
3.362415263055012329e+05
3.228564123208109522e+05
3.228564123208109522e+05
3.228564123208109522e+05
3.228564123208109522e+05
3.228564123208109522e+05
3.228564123208109522e+05
3.228563306587666157e+05
3.226441893847414176e+05
3.226441893847414176e+05
3.226441893827001331e+05
2.284129307523473399e+05
2.284129307523473399e+05
2.284129307523473399e+05
2.129269697306433518e+05
2.129269697306433518e+05
2.129269697306433518e+05
2.129269696506230102e+05
2.129268321031503147e+05
2.129268321031503147e+05
2.129268321031503147e+05
2.129268321031389351e+05
2.128796640619061654e+05
1.294375252127149579e+05
1.294375252127149579e+05
1.294375252127149579e+05
1.294375252127149579e+05
1.294375252127149579e+05
1.294375252127149579e+05
1.281066950556086813e+05
1.281062840205143730e+05
1.281062840205143730e+05
1.281062839967213367e+05
1.276552320405200880e+05
1.276552320405200153e+05
1.276552320405200153e+05
1.276552320405200153e+05
1.276552320405200153e+05
1.064138025505653786e+05
8.941415866801042284e+04
8.941415866801042284e+04
8.941415866801042284e+04
8.941415866801042284e+04
8.941415866801042284e+04
5.538567964000936627e+04
5.538567846065360936e+04
5.538567846065360936e+04
5.538382944427532493e+04
5.538382919510590727e+04
5.538382919475864765e+04
5.538382919475864765e+04
5.538304239685833454e+04
5.538304239685833454e+04
5.453973022545277490e+04
5.453973022545277490e+04
5.453973022545079584e+04
5.453973022545077401e+04
5.453973022545077401e+04
5.442714579117237008e+04
5.442714579117237008e+04
5.442714579117237008e+04
3.874865982347943645e+04
3.874865982347943645e+04
3.675835070673321752e+04
3.675835070673321752e+04
3.675835070673321752e+04
3.675835070673321752e+04
3.675835070673321752e+04
3.675834605623975949e+04
3.675834605623975949e+04
3.675834605623975949e+04
3.674362988341251912e+04
3.674362988341251912e+04
3.674362988341251912e+04
3.674362988332504028e+04
2.585374455466338986e+04
2.585374455466338986e+04
2.451824392591429569e+04
2.451824392591429569e+04
2.451824390503549876e+04
2.451821660038847403e+04
2.451821660038538539e+04
2.451821660038538539e+04
2.451821660038538539e+04
2.451042377971327005e+04
1.570485045007959161e+04
1.570485045007959161e+04
1.570485045007959161e+04
1.570485045007959161e+04
1.570485045007959161e+04
1.570485045007959161e+04
1.570485045007959161e+04
1.548367095412079652e+04
1.548364457445415974e+04
1.548364457330566802e+04
1.544834759033080445e+04
1.544834759033080445e+04
1.544834759033080081e+04
1.269829009758454413e+04
1.269829009758454413e+04
1.104088331688322796e+04
1.104088331688322796e+04
1.104088331688322796e+04
1.104088331688322796e+04
1.104088331688322796e+04
1.104088331688322796e+04
1.104088331688322796e+04
7.018586042519268631e+03
7.018585758978260856e+03
7.018585758868516677e+03
7.018455311002190683e+03
7.018297858904610621e+03
7.018297845683619016e+03
7.018297845683619016e+03
7.018297845683619016e+03
7.018297845683610831e+03
7.018297845683610831e+03
6.945486695078304365e+03
6.945486695078304365e+03
6.945486695078246157e+03
6.945486695078246157e+03
6.924813524368370054e+03
6.924813524368370054e+03
5.165338140872275289e+03
5.165338140872275289e+03
5.165338140872275289e+03
4.851402087260496955e+03
4.851402087260496955e+03
4.851402087260496955e+03
4.851402087260496955e+03
4.851402087260496955e+03
4.851402087260496955e+03
4.851401819594475455e+03
4.850275462642075581e+03
4.850275462642075581e+03
4.850275462642075581e+03
3.415647698598509578e+03
3.415647698597138060e+03
3.289018036360369479e+03
3.289018030735325283e+03
3.289011907770835933e+03
3.289011907770835933e+03
3.289011907769742720e+03
3.287422912778261434e+03
3.287422912778261434e+03
3.287422912778261434e+03
3.287422912778261434e+03
2.195139741137159945e+03
2.195139741137159945e+03
2.195139741137159945e+03
2.195139741137159945e+03
2.195139741137159945e+03
2.156536528037926473e+03
2.156534837179906390e+03
2.156534837139479805e+03
2.153524091226874589e+03
2.153524091226874589e+03
2.153524091226874589e+03
1.753600627614317546e+03
1.753600627614317546e+03
1.578524508960332696e+03
1.578524508960332696e+03
1.578524508960332696e+03
1.578524508960332696e+03
1.578524508960332696e+03
1.578524508960332696e+03
1.578524508960332696e+03
1.578524330233005230e+03
1.023589239492445472e+03
1.023589239457499389e+03
1.023589239457499389e+03
1.023551285509740183e+03
1.023551285509740183e+03
1.023542118391660210e+03
1.023542117881406853e+03
1.023542117881403442e+03
1.016713180653885843e+03
1.016713180653885843e+03
1.012745265861461462e+03
1.012745265861460780e+03
1.012745265861460780e+03
1.012745265861460780e+03
1.012745265861460780e+03
1.012745265861460780e+03
7.996238248855082702e+02
7.996238248855082702e+02
7.433705024128498735e+02
7.433705024128498735e+02
7.433705024128498735e+02
7.433705024128498735e+02
7.433705024128498735e+02
7.433705024128498735e+02
7.433705024128498735e+02
7.433704910092131968e+02
7.432830986151677735e+02
5.212762280969453741e+02
5.212762280969453741e+02
5.212762280969301401e+02
5.081587901168992403e+02
5.081587884436368654e+02
5.081571320100549087e+02
5.081571320096642808e+02
5.081571320096642808e+02
5.081571320096642808e+02
5.078171356874130993e+02
5.078171356874130993e+02
5.078171356874130993e+02
5.078171356874130993e+02
3.598389117542538997e+02
3.598389117542538997e+02
3.598389117542538997e+02
3.520355617482941284e+02
3.520355617482941284e+02
3.520354799883055534e+02
3.520354799883055534e+02
3.520354799883055534e+02
3.517702118692188265e+02
3.517702118687045072e+02
2.822085221448257357e+02
2.822085221448257357e+02
2.616881775800758305e+02
2.616881775800758305e+02
2.616881775800758305e+02
2.616881775800758305e+02
2.616881775800758305e+02
2.616881775800758305e+02
2.616881775800758305e+02
2.616881775800758305e+02
2.616881219124134645e+02
2.616881219124134645e+02
2.616881218839500320e+02
1.767142219547955619e+02
1.767040803413175070e+02
1.767040803413160006e+02
1.767035845676658141e+02
1.767035845603941482e+02
1.760291333663481907e+02
1.751317149547777205e+02
1.751317149547777205e+02
1.751317149547777205e+02
1.751317149547777205e+02
1.751317149547777205e+02
1.751317149547777205e+02
1.751317149547777205e+02
1.456415714044412937e+02
1.334693842421756926e+02
1.334693842421756926e+02
1.334693842421756926e+02
1.334693842421756926e+02
1.334693842421756926e+02
1.334693842421756926e+02
1.334693840663975664e+02
9.471571810363136024e+01
9.471314344074367852e+01
9.471314344074367852e+01
9.471314344074366431e+01
9.326772051382609163e+01
9.326771987501213346e+01
9.326771987501213346e+01
9.326721960521034305e+01
9.326721960504634978e+01
9.326721960504634978e+01
9.326721960504634978e+01
9.318072163724389156e+01
9.318072163724389156e+01
9.318072163724387735e+01
6.998134874626040869e+01
6.998134874626040869e+01
6.804054771483822606e+01
6.804054771483822606e+01
6.804054771483822606e+01
6.804054771483822606e+01
6.804054625443679072e+01
6.802255612430238330e+01
6.802255612430178644e+01
6.802255612430178644e+01
5.420076961021597839e+01
5.420076961021597839e+01
5.163142895699558466e+01
5.163142895699558466e+01
5.163142895699558466e+01
5.163142895699558466e+01
5.163142895699558466e+01
5.163142895699558466e+01
5.163140952889535384e+01
5.163140951633810971e+01
5.163140951633810971e+01
3.644222550366382052e+01
3.643896757260216646e+01
3.643896757260137065e+01
3.643896757260137065e+01
3.643895749186354749e+01
3.643895749185395516e+01
3.618498629839067604e+01
3.613354243517289888e+01
3.613354243517289888e+01
3.613354243517289888e+01
3.613354243517289888e+01
3.613354243517289888e+01
3.613354243517289888e+01
3.175064336870672932e+01
3.175064336870672932e+01
2.869803467840320010e+01
2.869803467840320010e+01
2.869803467840320010e+01
2.069822211634889797e+01
2.069822211621774954e+01
2.069816332374475820e+01
2.069816332374475820e+01
2.069816304168403320e+01
2.069816304168403320e+01
2.069816304168403320e+01
2.057173886433417209e+01
2.057155501418588628e+01
2.057155501409547327e+01
2.057155501409547327e+01
2.057155501409547327e+01
2.054372319706662253e+01
2.054372319706661543e+01
2.054372319706661543e+01
1.654749003443251354e+01
1.654749003443251354e+01
1.654749003443251354e+01
1.597116885969973410e+01
1.597116885969973410e+01
1.597116885969973410e+01
1.597116885969973410e+01
1.597116885969973410e+01
1.597116885720335588e+01
1.597069478675207321e+01
1.597069478675207321e+01
1.597069478675207321e+01
1.264468733295093550e+01
1.238380875050026653e+01
1.238380875050026653e+01
1.238380875050026653e+01
1.238380875050026653e+01
1.238380875050026653e+01
1.238380875050026653e+01
1.238380874402374232e+01
1.238380030111009411e+01
9.308854730095895036e+00
9.308854730095303509e+00
9.308854730095303509e+00
9.307448221802239630e+00
9.307448221802239630e+00
9.307448201397924947e+00
9.219024126461251356e+00
9.219024126461251356e+00
9.219024126461251356e+00
9.217425459436402235e+00
9.217425459436402235e+00
9.217425459436402235e+00
9.217425459436402235e+00
9.217425459436402235e+00
9.217425459436402235e+00
8.663830671207447764e+00
7.684003470379749068e+00
7.684003470379749068e+00
7.684003470379749068e+00
7.684003470379749068e+00
5.726027818046479645e+00
5.726027678453288416e+00
5.726027678453286640e+00
5.726027515385624156e+00
5.726027515385624156e+00
5.726027515322821948e+00
5.725933267776389890e+00
5.725933267776389890e+00
5.725933267776389890e+00
5.721282380589257421e+00
5.721282380589257421e+00
5.721282380589252092e+00
5.709772460430531993e+00
5.709772460430531993e+00
5.709772460430531993e+00
5.709772460430531993e+00
5.089850058203366778e+00
4.853195925460827453e+00
4.853195925460827453e+00
4.853195925460827453e+00
4.853195925460778604e+00
4.853195925460778604e+00
4.853195925460778604e+00
4.853194567340085364e+00
4.853194567340085364e+00
4.853194567340085364e+00
3.839207769330381659e+00
3.839207769330381659e+00
3.839207769330381659e+00
3.827501946670430755e+00
3.827501946670430755e+00
3.827501941996886092e+00
3.827496605467747504e+00
3.827496605467747504e+00
3.827496605466851332e+00
3.826224668649028882e+00
3.228347478749849842e+00
3.228347478749849842e+00
3.228347478749849842e+00
3.181842502073490841e+00
3.181842502072981027e+00
3.181842502072981027e+00
3.181842502072981027e+00
3.181842502072981027e+00
3.181842502072981027e+00
3.181836592985136658e+00
3.181836592985136658e+00
2.755458061062705521e+00
2.730518993044452003e+00
2.730518993044452003e+00
2.730518993044452003e+00
2.730518993044452003e+00
2.237234935777107747e+00
2.237234935777107747e+00
2.237234771063832284e+00
2.237234771059278149e+00
2.237234771059278149e+00
2.237234770986856081e+00
2.237234770986856081e+00
2.237157797110082225e+00
2.237135753355852241e+00
2.237135753355852241e+00
2.237135753355852241e+00
2.237135753355845136e+00
2.229415544970448693e+00
2.229415544970448693e+00
2.229415544970448693e+00
2.179847757005276776e+00
2.179847757005276776e+00
2.179847757005276776e+00
2.039137540272928373e+00
2.039137540272928373e+00
2.039137540272928373e+00
2.039137540272928373e+00
2.039137540221688027e+00
2.039137540221688027e+00
1.697350861901985919e+00
1.697350861901985919e+00
1.697350861901985919e+00
1.697279663474576816e+00
1.697279663474576816e+00
1.697279663474576816e+00
1.697279657393691688e+00
1.697274043051638870e+00
1.697274043050307712e+00
1.696175572130361076e+00
1.632106369696462167e+00
1.632106369696462167e+00
1.632106369696462167e+00
1.632106369696462167e+00
1.632106369696462167e+00
1.593207852560497795e+00
1.593207852560497795e+00
1.593207852560497795e+00
1.593207852243872402e+00
1.593207852243872402e+00
1.593207852243872402e+00
1.396821617973909024e+00
1.396621003994056087e+00
1.396621003994056087e+00
1.396621003994056087e+00
1.396621003994056087e+00
1.325162050097325794e+00
1.325161740919619247e+00
1.325161740919619247e+00
1.325161740751494843e+00
1.325161740751494843e+00
1.325043103900658492e+00
1.325043103900658492e+00
1.325043103900658492e+00
1.325043103900640507e+00
1.325043102247943194e+00
1.325043102247943194e+00
1.325043102247943194e+00
1.316123530818419152e+00
1.316123530818419152e+00
1.316123530818419152e+00
1.315575638399844038e+00
1.223144056633842736e+00
1.223144056633842736e+00
1.223144056633842736e+00
1.223144056633842736e+00
1.223144056633842736e+00
1.223144056633842736e+00
1.223144056633842736e+00
1.156359466458825702e+00
1.156359466458825702e+00
1.156359466458825702e+00
1.156359459396174127e+00
1.156359444295006256e+00
1.156347995482849722e+00
1.156347995478761659e+00
1.154664616619833772e+00
1.153708122453694918e+00
1.153708122453694918e+00
1.153708122453694918e+00
1.153708122453694696e+00
1.153708122453694696e+00
1.118674437800808663e+00
1.118674437800808663e+00
1.118674437800808663e+00
1.118674437800808663e+00
1.118674437800808663e+00
1.118674437800808663e+00
1.068249776334071477e+00
1.068249751254276347e+00
1.068249751254276347e+00
1.068249751254276347e+00
1.068249751254276347e+00
1.068249751254276347e+00
1.068248868578785871e+00
1.066883659825606845e+00
1.066883659242575222e+00
1.066629606971410293e+00
1.066629606971410293e+00
1.066629606971410293e+00
1.066629606971332578e+00
1.066629606971332578e+00
1.066629606971332578e+00
1.066629606971332578e+00
1.056174210034665828e+00
1.056174210034665828e+00
1.056174210034665828e+00
1.056174134596590930e+00
1.026399414607939153e+00
1.026399414607939153e+00
1.026399414607939153e+00
1.026399414607939153e+00
1.026399414607939153e+00
1.026399414607939153e+00
1.026399414607939153e+00
1.024858471690593076e+00
1.024858471690593076e+00
1.024858419578546620e+00
1.024828705254869909e+00
1.024828705237690318e+00
1.024828705237690318e+00
1.022431545441970568e+00
1.022431545441970568e+00
1.022431545441970568e+00
1.022431545441969458e+00
1.022431385030422080e+00
1.009040851445954790e+00
1.009040851445954790e+00
1.009040851445954790e+00
1.009040851445954790e+00
1.009040851445954790e+00
1.007709750046212660e+00
1.007709750046212660e+00
1.007709750046212660e+00
1.007709750046212660e+00
1.007709750046212660e+00
1.007709750046212660e+00
1.007707154688064266e+00
1.007707152402927520e+00
1.007707152402927520e+00
1.007706892437960189e+00
1.007706892437960189e+00
1.007295688190462224e+00
1.007295688190090743e+00
1.007295688190090743e+00
1.002813014989187179e+00
1.002813014989187179e+00
1.002813014989187179e+00
1.002813014989187179e+00
1.002813014989187179e+00
1.002813014989187179e+00
1.001956834748566338e+00
1.001956834748566338e+00
1.001956834748566338e+00
1.001956834748566338e+00
1.001956520451124932e+00
1.001956520451124932e+00
1.001956355870120108e+00
1.001956355870120108e+00
1.001904821144260715e+00
1.001904821144260715e+00
1.001904821072125307e+00
1.001904821072125307e+00
1.001904821072125307e+00
1.000807945198769477e+00
1.000807945198763704e+00
1.000807945198763482e+00
1.000404781028589651e+00
1.000404781028589651e+00
1.000404781028589651e+00
1.000404781028589651e+00
1.000404781028589651e+00
1.000404501030528914e+00
1.000404501030528914e+00
1.000404501030528914e+00
1.000404501030528914e+00
1.000404501030528914e+00
1.000404501030528914e+00
1.000404501030528914e+00
1.000399859611720732e+00
1.000399852170187120e+00
1.000399852170186676e+00
1.000206032305466453e+00
1.000206032303857073e+00
1.000206032303857073e+00
1.000068317780081095e+00
1.000068317780080873e+00
1.000068317780080873e+00
1.000068317780080873e+00
1.000068317780080873e+00
1.000068317780080873e+00
1.000068317780080873e+00
1.000068135645595380e+00
1.000068135645595380e+00
1.000068135645595380e+00
1.000068135645594714e+00
1.000068135645594714e+00
1.000067838126335706e+00
1.000067837888856337e+00
1.000043288438728473e+00
1.000043288438728473e+00
1.000043288438728473e+00
1.000043288438728473e+00
1.000043288438728473e+00
1.000009349082758181e+00
1.000009349082733090e+00
1.000009349082733090e+00
1.000009349082733090e+00
1.000009349082733090e+00
1.000009263022958006e+00
1.000009263022958006e+00
1.000009263022958006e+00
1.000009263022958006e+00
1.000009263022958006e+00
1.000009263022957562e+00
1.000009263022957562e+00
1.000009263022957562e+00
1.000009263022957562e+00
1.000009263022957562e+00
1.000009263022957562e+00
1.000009249530308120e+00
1.000007031960095993e+00
1.000007031954780912e+00
1.000001022443429921e+00
1.000001022443429921e+00
1.000001022443429921e+00
1.000001022443429699e+00
1.000000993019668938e+00
1.000000993019668938e+00
1.000000993019668938e+00
1.000000993019668938e+00
1.000000993019668716e+00
1.000000993019668716e+00
1.000000993019668716e+00
1.000000993019668716e+00
1.000000993019668716e+00
1.000000993019668716e+00
1.000000850778391293e+00
1.000000850778391293e+00
1.000000850347525949e+00
1.000000088804613219e+00
1.000000088804613219e+00
1.000000088804530174e+00
1.000000088804530174e+00
1.000000081551532860e+00
1.000000081551532860e+00
1.000000081551532860e+00
1.000000081551532860e+00
1.000000081551532860e+00
1.000000081551532860e+00
1.000000081551532638e+00
1.000000081551532638e+00
1.000000081551532638e+00
1.000000081551532638e+00
1.000000081551532638e+00
1.000000081551532638e+00
1.000000081551532638e+00
1.000000075100071717e+00
1.000000006302864675e+00
1.000000006302864675e+00
1.000000006293219945e+00
1.000000005008902626e+00
1.000000005008902626e+00
1.000000005008902626e+00
1.000000005008901738e+00
1.000000005008901738e+00
1.000000005008901738e+00
1.000000005008901738e+00
1.000000005008901738e+00
1.000000005008901738e+00
1.000000005008901738e+00
1.000000005008901738e+00
1.000000005008901738e+00
1.000000005008901738e+00
1.000000005008901738e+00
1.000000000595989258e+00
1.000000000595989258e+00
1.000000000389969168e+00
1.000000000389969168e+00
1.000000000227215580e+00
1.000000000227064811e+00
1.000000000227064811e+00
1.000000000227064811e+00
1.000000000227064811e+00
1.000000000227064811e+00
1.000000000227064811e+00
1.000000000227064811e+00
1.000000000227064811e+00
1.000000000227064811e+00
1.000000000227064811e+00
1.000000000227064811e+00
1.000000000227064811e+00
1.000000000227064811e+00
1.000000000227064811e+00
1.000000000026913582e+00
1.000000000012210455e+00
1.000000000007598810e+00
1.000000000007598810e+00
1.000000000007597256e+00
1.000000000007597256e+00
1.000000000007597256e+00
1.000000000007597256e+00
1.000000000007597256e+00
1.000000000007597256e+00
1.000000000007597256e+00
1.000000000007597256e+00
1.000000000007597256e+00
1.000000000007597256e+00
1.000000000007597256e+00
1.000000000007597256e+00
1.000000000006654011e+00
1.000000000000262457e+00
1.000000000000262457e+00
1.000000000000262457e+00
1.000000000000190514e+00
1.000000000000190514e+00
1.000000000000190514e+00
1.000000000000190514e+00
1.000000000000190514e+00
1.000000000000190514e+00
1.000000000000190514e+00
1.000000000000190514e+00
1.000000000000190514e+00
1.000000000000190514e+00
1.000000000000190514e+00
1.000000000000190514e+00
1.000000000000147660e+00
1.000000000000147660e+00
1.000000000000004663e+00
1.000000000000004663e+00
1.000000000000004663e+00
1.000000000000004663e+00
1.000000000000004663e+00
1.000000000000003775e+00
1.000000000000003775e+00
1.000000000000003775e+00
1.000000000000003775e+00
1.000000000000003775e+00
1.000000000000003775e+00
1.000000000000003775e+00
1.000000000000003775e+00
1.000000000000003775e+00
1.000000000000003775e+00
1.000000000000002442e+00
1.000000000000002442e+00
1.000000000000002442e+00
1.000000000000000222e+00
1.000000000000000222e+00
1.000000000000000222e+00
1.000000000000000222e+00
1.000000000000000222e+00
1.000000000000000222e+00
1.000000000000000222e+00
1.000000000000000222e+00
1.000000000000000222e+00
1.000000000000000222e+00
1.000000000000000222e+00
1.000000000000000222e+00
1.000000000000000222e+00
1.000000000000000222e+00
1.000000000000000222e+00
1.000000000000000222e+00
1.000000000000000222e+00
1.000000000000000222e+00
1.000000000000000222e+00
1.000000000000000222e+00
1.000000000000000222e+00
1.000000000000000222e+00
1.000000000000000222e+00
1.000000000000000222e+00
1.000000000000000222e+00
1.000000000000000222e+00
1.000000000000000222e+00
1.000000000000000222e+00
1.000000000000000222e+00
1.000000000000000222e+00
1.000000000000000222e+00
1.000000000000000222e+00
1.000000000000000222e+00
1.000000000000000222e+00
1.000000000000000222e+00
1.000000000000000222e+00
1.000000000000000222e+00
1.000000000000000222e+00
1.000000000000000222e+00
1.000000000000000222e+00
1.000000000000000222e+00
1.000000000000000222e+00
1.000000000000000222e+00
1.000000000000000222e+00
1.000000000000000222e+00
1.000000000000000222e+00
1.000000000000000222e+00
1.000000000000000222e+00
1.000000000000000222e+00
1.000000000000000222e+00
1.000000000000000222e+00
1.000000000000000222e+00
1.000000000000000222e+00
1.000000000000000222e+00
1.000000000000000222e+00
1.000000000000000222e+00
1.000000000000000222e+00
1.000000000000000222e+00
1.000000000000000222e+00
1.000000000000000222e+00
1.000000000000000222e+00
1.000000000000000222e+00
1.000000000000000222e+00
1.000000000000000222e+00
1.000000000000000222e+00
1.000000000000000222e+00
1.000000000000000222e+00
1.000000000000000222e+00
1.000000000000000222e+00
1.000000000000000222e+00
1.000000000000000222e+00
1.000000000000000222e+00
1.000000000000000222e+00
1.000000000000000222e+00
1.000000000000000222e+00
1.000000000000000222e+00
1.000000000000000222e+00
1.000000000000000222e+00
1.000000000000000222e+00
1.000000000000000222e+00
1.000000000000000222e+00
1.000000000000000222e+00
1.000000000000000222e+00
1.000000000000000222e+00
1.000000000000000222e+00
1.000000000000000222e+00
1.000000000000000222e+00
1.000000000000000222e+00
1.000000000000000222e+00
1.000000000000000222e+00
1.000000000000000222e+00
1.000000000000000222e+00
1.000000000000000222e+00
1.000000000000000222e+00
1.000000000000000222e+00
1.000000000000000222e+00
1.000000000000000222e+00
1.000000000000000222e+00
1.000000000000000222e+00
1.000000000000000222e+00
1.000000000000000222e+00
1.000000000000000222e+00
1.000000000000000222e+00
1.000000000000000222e+00
1.000000000000000222e+00
1.000000000000000222e+00
1.000000000000000222e+00
1.000000000000000222e+00
1.000000000000000222e+00
1.000000000000000222e+00
1.000000000000000222e+00
1.000000000000000222e+00
1.000000000000000222e+00
1.000000000000000222e+00
1.000000000000000222e+00
1.000000000000000222e+00
1.000000000000000222e+00
1.000000000000000222e+00
1.000000000000000222e+00
1.000000000000000222e+00
1.000000000000000222e+00
1.000000000000000222e+00
1.000000000000000222e+00
1.000000000000000222e+00
1.000000000000000222e+00
1.000000000000000222e+00
1.000000000000000222e+00
1.000000000000000222e+00
1.000000000000000222e+00
1.000000000000000222e+00
1.000000000000000222e+00
1.000000000000000222e+00
1.000000000000000222e+00
1.000000000000000222e+00
1.000000000000000222e+00
1.000000000000000222e+00
1.000000000000000222e+00
1.000000000000000222e+00
1.000000000000000222e+00
1.000000000000000222e+00
1.000000000000000222e+00
1.000000000000000222e+00
1.000000000000000222e+00
1.000000000000000222e+00
1.000000000000000222e+00
1.000000000000000222e+00
1.000000000000000222e+00
1.000000000000000222e+00
1.000000000000000222e+00
1.000000000000000222e+00
1.000000000000000222e+00
1.000000000000000222e+00
1.000000000000000222e+00
1.000000000000000222e+00
1.000000000000000222e+00
1.000000000000000222e+00
1.000000000000000222e+00
1.000000000000000222e+00
1.000000000000000222e+00
1.000000000000000222e+00
1.000000000000000222e+00
1.000000000000000222e+00
1.000000000000000222e+00
1.000000000000000222e+00
1.000000000000000222e+00
1.000000000000000222e+00
1.000000000000000222e+00
1.000000000000000222e+00
1.000000000000000222e+00
1.000000000000000222e+00
1.000000000000000222e+00
1.000000000000000222e+00
1.000000000000000222e+00
1.000000000000000222e+00
1.000000000000000222e+00
1.000000000000000222e+00
1.000000000000000222e+00
1.000000000000000222e+00
1.000000000000000222e+00
1.000000000000000222e+00
1.000000000000000222e+00
1.000000000000000222e+00
1.000000000000000222e+00
1.000000000000000222e+00
1.000000000000000222e+00
1.000000000000000222e+00
1.000000000000000222e+00
1.000000000000000222e+00
1.000000000000000222e+00
1.000000000000000222e+00
1.000000000000000222e+00
1.000000000000000222e+00
1.000000000000000222e+00
1.000000000000000222e+00
1.000000000000000222e+00
1.000000000000000222e+00
1.000000000000000222e+00
1.000000000000000222e+00
1.000000000000000222e+00
1.000000000000000222e+00
1.000000000000000222e+00
1.000000000000000222e+00
1.000000000000000222e+00
1.000000000000000222e+00
1.000000000000000222e+00
1.000000000000000222e+00
1.000000000000000222e+00
1.000000000000000222e+00
1.000000000000000222e+00
1.000000000000000222e+00
1.000000000000000222e+00
1.000000000000000222e+00
1.000000000000000222e+00
1.000000000000000222e+00
1.000000000000000222e+00
1.000000000000000222e+00
1.000000000000000222e+00
1.000000000000000222e+00
1.000000000000000222e+00
1.000000000000000222e+00
1.000000000000000222e+00
1.000000000000000222e+00
1.000000000000000222e+00
1.000000000000000222e+00
1.000000000000000222e+00
1.000000000000000222e+00
1.000000000000000222e+00
1.000000000000000222e+00
1.000000000000000222e+00
