8.088460674087661472e+89
4.616603287468511309e+89
3.132739290546016596e+88
2.749017024301552046e+88
2.183976197482715947e+88
4.263016122157279462e+87
1.294637082458731044e+87
1.290008967792060887e+87
1.181740485092927729e+87
1.180241864988828555e+87
1.452913779836080583e+86
7.058713775346942460e+85
6.958084852049489800e+85
6.770353403576995676e+85
6.769931573793122093e+85
6.768814342711646055e+85
6.248864906916205729e+84
5.830608998653554234e+84
4.077613301050105456e+84
4.075656590530273142e+84
4.048297460734735854e+84
4.048230801112196251e+84
1.363489648014130910e+84
2.977063687777439589e+83
2.966939116771203078e+83
2.546547523621249461e+83
2.546538669630252516e+83
2.543234137055849124e+83
5.133036894418874013e+82
1.816825967681445456e+82
1.789276397538464366e+82
1.789276238289470511e+82
1.694611154688520899e+82
1.694545373665687743e+82
1.694212987966726522e+82
2.308087274554454161e+81
2.080114478696308814e+81
1.189503025926822988e+81
1.189088512664519992e+81
1.170999717141398993e+81
1.170999711046084468e+81
1.170999589553765432e+81
3.489365922813954832e+80
3.489342405361971014e+80
1.038373453619789077e+80
1.035306282308930342e+80
8.080665885208443656e+79
8.080653179908009791e+79
8.054635284650125278e+79
8.054635282772954741e+79
8.054635281593800656e+79
1.303205528703203788e+79
5.940049196085608860e+78
5.866541637092363436e+78
5.866540824147450728e+78
5.385049203447918030e+78
5.384954535408677284e+78
5.384954515689669755e+78
5.382325582669598823e+78
5.767822880345323369e+77
5.399725365033831795e+77
3.598023667229682708e+77
3.598023667227912762e+77
3.597483067558189523e+77
3.517238824308513063e+77
3.517238798195243797e+77
3.517238556830189184e+77
1.273750482183749962e+77
2.790845051652295169e+76
2.790833265388040454e+76
2.790833265387659931e+76
2.787669930617479208e+76
2.332614562646220596e+76
2.332612231270477776e+76
2.322042423111117878e+76
2.322042422370273481e+76
2.322042422241909985e+76
4.922261117646383798e+75
1.717890340560978665e+75
1.709064258970402209e+75
1.709063718440274360e+75
1.601581650776685052e+75
1.601563210804789195e+75
1.601563208520077826e+75
1.600428243699155029e+75
2.233234961509442341e+74
2.152275810055253848e+74
1.178951468727190338e+74
1.178951468726287942e+74
1.178823650381038011e+74
1.178823650381037258e+74
1.156547643162671128e+74
1.156547621042373012e+74
1.156547586858603187e+74
6.335918221533662162e+73
1.170569426134106404e+73
1.170559304007873878e+73
1.170559304007820051e+73
1.169333736508985127e+73
8.736271273885544183e+72
8.736266990363863912e+72
8.736266990363694430e+72
8.698062488558208377e+72
8.698062480414199290e+72
8.698062480269752194e+72
2.914418996105673258e+72
7.773913956420796487e+71
7.734112428950442206e+71
7.734107025159852368e+71
7.734050699472982965e+71
6.870936688324209102e+71
6.870936688324209102e+71
6.870936684951827367e+71
6.865555159111833974e+71
6.865555159111832013e+71
1.439359117030611320e+71
1.366410130624679520e+71
5.929031018074785737e+70
5.929031018056903353e+70
5.928607563250425712e+70
5.928607563250423260e+70
5.700213232690422640e+70
5.700212970376884261e+70
5.700212903782631360e+70
3.006734612373131699e+70
7.546458486281064149e+69
7.546350100327976671e+69
7.546350100327713082e+69
7.539677159829370983e+69
4.885642411985032395e+69
4.885642411985032395e+69
4.885641337615005773e+69
4.885641337614589700e+69
4.836501293618246861e+69
4.836501293618246861e+69
4.836501281326023503e+69
4.836501281273155472e+69
1.410087534746862259e+69
4.869964269890226715e+68
4.849486001440533516e+68
4.849480527746790539e+68
4.849462767875323109e+68
4.054553429454635738e+68
4.054553429454635738e+68
4.054553428064489877e+68
4.054553428064489877e+68
4.046810837632719230e+68
4.046810837632712526e+68
6.866836866705742287e+67
6.645143678366451750e+67
3.489754138466253792e+67
3.489754138436010951e+67
3.489636484265757127e+67
3.489636484265756528e+67
3.296144204077596436e+67
3.296143978101442486e+67
3.296143951741995979e+67
3.296143951741995979e+67
1.963733112205106733e+67
3.710720607183279413e+66
3.710612211192012375e+66
3.710612211191966729e+66
3.709317631438493164e+66
2.686211459217186386e+66
2.686211459217186386e+66
2.686211459217186386e+66
2.686211074749098298e+66
2.686211074748485449e+66
2.649372606430565817e+66
2.649372606430565817e+66
2.649372596927458827e+66
2.649372596916234494e+66
9.656826625873920503e+65
2.502722434264264095e+65
2.498374293440585729e+65
2.498368284193557042e+65
2.498362704218527839e+65
2.183992182579804389e+65
2.183992182579804389e+65
2.183992182294418718e+65
2.183992182294418718e+65
2.178404192107792428e+65
2.178404192107782139e+65
4.895048568981321787e+64
4.803434579807818594e+64
1.969213080738566526e+64
1.969213080738566526e+64
1.969213080713756659e+64
1.969168732381882040e+64
1.969168732381882040e+64
1.880399080310360336e+64
1.880398776105074014e+64
1.880398770035199028e+64
1.880398770035199028e+64
1.434949881387205736e+64
2.809162563086824030e+63
2.809007939774910728e+63
2.809007939774899036e+63
2.808129668493224965e+63
1.717563740230447929e+63
1.717563740230447929e+63
1.717563740230447929e+63
1.717563629015913376e+63
1.717563629015268123e+63
1.696073931224873899e+63
1.696073931224873899e+63
1.696073915115241915e+63
1.696073915113134065e+63
8.949595806892446936e+62
2.002131307364735778e+62
1.998836935087242828e+62
1.998827361063836313e+62
1.998824833941790756e+62
1.594470654640853265e+62
1.594470654640853265e+62
1.594470654571152654e+62
1.594470654571152654e+62
1.590226453975930099e+62
1.590226453975930099e+62
1.590226453975916398e+62
5.265832457823461459e+61
5.140969305001349241e+61
1.703605608415692530e+61
1.703605608415692530e+61
1.703605608338886908e+61
1.703582123387486026e+61
1.703582123387486026e+61
1.563012196697281869e+61
1.563011673546242556e+61
1.563011671624576852e+61
1.563011671624576852e+61
1.197295541810455142e+61
3.193676691611194324e+60
3.193391889892777189e+60
3.193391889892767199e+60
3.192588715905117616e+60
1.640964989550250844e+60
1.640964989550250844e+60
1.640964989550250844e+60
1.640964989550250844e+60
1.640964943033644169e+60
1.640964943031207857e+60
1.598357894741819306e+60
1.598357894741819306e+60
1.598357859131173344e+60
1.598357859129969818e+60
7.997404899154836736e+59
2.293622127617097801e+59
2.290562119483238313e+59
2.290544202004785857e+59
2.290542681363364793e+59
1.659026377979220581e+59
1.659026377979220581e+59
1.659026377979220581e+59
1.659026377930708655e+59
1.659026377930708655e+59
1.648942799051769258e+59
1.648942799051769258e+59
1.648942799051708377e+59
4.739171738250051497e+58
4.666991617961396059e+58
4.666991617961396059e+58
1.890265856375635800e+58
1.890265856375635800e+58
1.890265856140273456e+58
1.890252607423303874e+58
1.890252607423303874e+58
1.671739432312579398e+58
1.671739430899293087e+58
1.671738578007842961e+58
1.671738578007842961e+58
1.357861117265469815e+58
2.894886136598381523e+57
2.894886136598378735e+57
2.894370883601257333e+57
2.894068505046973499e+57
1.715097043635565883e+57
1.715097043635565883e+57
1.715097043635565883e+57
1.715097043635565883e+57
1.715097010967272538e+57
1.715097010960647474e+57
1.654710351334115458e+57
1.654710351334115458e+57
1.654710351334115458e+57
1.654710296942737647e+57
1.654710296942233789e+57
9.556707049062090271e+56
9.532393831097552406e+56
2.114157450530852939e+56
2.114123838147227227e+56
2.114123005329281665e+56
1.649386122875783761e+56
1.649386122875783761e+56
1.649386122875783761e+56
1.649386122857051353e+56
1.649386122857051353e+56
1.636355117253976093e+56
1.636355117253976093e+56
1.636355117253827567e+56
5.970147412650014729e+55
5.917319703413799724e+55
5.917319703413799724e+55
1.846397928118058831e+55
1.846397928118058831e+55
1.846397927798024898e+55
1.846389801000630936e+55
1.846389801000630936e+55
1.674891102610449237e+55
1.674891102056244685e+55
1.674889216823854508e+55
1.674889216823854508e+55
1.514202487276900693e+55
3.870764696300423515e+54
3.870764696300422153e+54
3.869558229889420911e+54
3.869210764604059835e+54
1.853140059611155152e+54
1.853140059611155152e+54
1.853140059611154812e+54
1.853140059611154812e+54
1.853140044711733145e+54
1.853140044700711059e+54
1.796334915735005139e+54
1.796334915735005139e+54
1.796334915735005139e+54
1.796334915735005139e+54
1.796334774580054047e+54
1.796334774579896496e+54
1.317097742325067560e+54
1.314127940315264647e+54
2.971398872155102512e+53
2.971311903455686826e+53
2.971311260783263116e+53
2.022974702630219510e+53
2.022974702630219510e+53
2.022974702630219510e+53
2.022974702622742656e+53
2.022974702622742656e+53
2.007251825701908221e+53
2.007251825701908221e+53
2.007251825701589207e+53
1.014520841951113959e+53
1.004721475517307958e+53
1.004721475517307958e+53
2.753590694966217740e+52
2.753590694966217740e+52
2.753590693398819204e+52
2.753583632300370650e+52
2.753583632300370650e+52
2.753583632300370650e+52
2.332030189806316185e+52
2.332030189521239315e+52
2.332025402317688155e+52
2.332025402317688155e+52
2.332025402317688155e+52
2.129720882746014951e+52
7.403423469977057835e+51
7.403423469977056506e+51
7.399884504913463566e+51
7.399388081485911641e+51
2.993201957667667982e+51
2.993201957667667982e+51
2.993201957667666652e+51
2.993201957667666652e+51
2.993201947353797169e+51
2.993201947290474741e+51
2.822539716285644451e+51
2.822539716285644451e+51
2.822539716285644451e+51
2.822539716285644451e+51
2.822539259803495699e+51
2.822539259803358788e+51
2.063928017370034740e+51
2.061076576366068928e+51
5.957358037894816271e+50
5.957077686701364845e+50
5.957077001281917348e+50
3.577852501421487237e+50
3.577852501421487237e+50
3.577852501421487237e+50
3.577852501413237716e+50
3.577852501413237716e+50
3.520124110837557307e+50
3.520124110837557307e+50
3.520124110835398142e+50
1.673674690738157791e+50
1.663219885886077292e+50
1.663219885886077292e+50
5.527130402077708671e+49
5.527130402077708671e+49
5.527130393805864699e+49
5.527122845141619476e+49
5.527122845141619476e+49
5.527122845141619476e+49
5.527122845141619476e+49
4.398022274257020479e+49
4.398022273899371956e+49
4.398008618965084942e+49
4.398008618965084942e+49
4.398008618965084942e+49
4.110343201643559234e+49
1.234880035510788640e+49
1.234880035510788380e+49
1.233715030729083886e+49
1.233678416911307697e+49
5.806578659756457662e+48
5.806578659756457662e+48
5.806578659756447927e+48
5.806578659756447927e+48
5.806578646065334667e+48
5.806578645753195847e+48
5.361606834512875643e+48
5.361606834512875643e+48
5.361606834512875643e+48
5.361606834512875643e+48
5.361605513535951007e+48
5.361605513535841320e+48
4.212575931768484833e+48
4.209422070371050243e+48
9.952220198713793284e+47
9.952220198713793284e+47
9.951294042341837662e+47
9.951293367662289978e+47
6.594550570028095780e+47
6.594550570028095780e+47
6.594550570028095780e+47
6.594550570021938041e+47
6.594550570021938041e+47
6.456466048071891790e+47
6.456466048071891790e+47
6.456466048062379339e+47
3.605937732631595010e+47
3.593026416418249583e+47
3.593026416418249583e+47
9.479192657120857722e+46
9.479192657120857722e+46
9.479192637608609748e+46
9.479184805798789905e+46
9.479184805798789905e+46
9.479184805798789905e+46
9.479184805798789905e+46
7.887795990683977890e+46
7.887795990431196191e+46
7.887743996347345238e+46
7.887743996347345238e+46
7.887743996347345238e+46
7.633513611211615279e+46
2.838367120674808138e+46
2.838367120674808138e+46
2.834014862413759063e+46
2.833946711684371684e+46
1.065044765761328144e+46
1.065044765761328144e+46
1.065044765761323580e+46
1.065044765761323580e+46
1.065044764749216636e+46
1.065044764664998494e+46
9.955993993348564780e+45
9.955993993348564780e+45
9.955993993348564780e+45
9.955993993348564780e+45
9.955988601424503328e+45
9.955988601424445016e+45
8.776506508388420455e+45
2.417366020348234359e+45
2.416999464741213579e+45
2.416999464741213579e+45
2.416612987141098088e+45
2.416612899714176506e+45
1.346531810146597642e+45
1.346531810146597642e+45
1.346531810146597642e+45
1.346531810146597642e+45
1.346531810146198491e+45
1.346531810146198491e+45
1.320115805585844785e+45
1.320115805585844785e+45
1.320115805582655376e+45
9.238909729240827799e+44
9.209002669442161282e+44
9.209002669442161282e+44
2.427247757453561986e+44
2.427247757453561986e+44
2.427247742308809934e+44
2.427246613967891740e+44
2.427246613967891740e+44
2.427246613967891740e+44
2.427246613967891740e+44
1.822084524071603437e+44
1.822064893465958154e+44
1.822064893444990420e+44
1.822064893444990420e+44
1.822064893444990420e+44
1.822064893444990420e+44
1.773925793567386400e+44
8.688491801465984468e+43
8.669816319616110102e+43
8.669816319616110102e+43
8.669676173194795108e+43
2.904456570133829982e+43
2.904456570133829982e+43
2.904456570133802252e+43
2.904456570133802252e+43
2.904456568963730048e+43
2.904456568222302504e+43
2.587970474391787744e+43
2.587970474391787744e+43
2.587970474391787744e+43
2.587970474391787744e+43
2.587967896594056237e+43
2.587967896594048810e+43
2.304054767240475278e+43
8.134595071944674053e+42
8.133682984211076189e+42
8.133682984211076189e+42
8.131677673739159974e+42
8.131677519858698323e+42
3.977022109160998186e+42
3.977022109160998186e+42
3.977022109160998186e+42
3.977022109160998186e+42
3.977022109160317938e+42
3.977022109160317938e+42
3.977022109160317319e+42
3.831443178093593132e+42
3.831443178093593132e+42
3.831443178061789214e+42
2.662469974153698357e+42
2.662469974153698357e+42
2.657005980556260388e+42
8.464580503675064286e+41
8.464580503675064286e+41
8.464580373358174789e+41
8.464578240238256524e+41
8.464578240238256524e+41
8.464578240238256524e+41
8.464578240238256524e+41
5.827676595912108784e+41
5.827584580850029267e+41
5.827584580808104106e+41
5.827584580808104106e+41
5.827584580808104106e+41
5.827584580808104106e+41
5.718525000845848422e+41
2.617763238773104323e+41
2.606886226588072221e+41
2.606886226588072221e+41
2.606866529487630429e+41
1.008979742118675140e+41
1.008979742118675140e+41
1.008979742118636068e+41
1.008979742118636068e+41
1.008979741842628245e+41
1.008979741209546289e+41
8.653601629582857307e+40
8.653601629582857307e+40
8.653601629582857307e+40
8.653601629582857307e+40
8.653588422791229197e+40
8.653588422791218558e+40
8.653588422791218558e+40
7.935167968993763249e+40
2.459713548311460104e+40
2.459583904498309049e+40
2.459583904498309049e+40
2.458405297543981404e+40
2.458405270052147027e+40
1.337539477911181328e+40
1.337539477911181328e+40
1.337539477911181328e+40
1.337539477911181328e+40
1.337539477911181328e+40
1.337539477911084614e+40
1.337539477911083889e+40
1.337539477911083889e+40
1.273942226286016352e+40
1.273942226261138351e+40
9.645418747847233751e+39
9.645418747847233751e+39
9.634261306162557725e+39
2.578925086429257128e+39
2.578925086429257128e+39
2.578925030999773163e+39
2.578924643960118955e+39
2.578924643960118955e+39
2.578924643960118955e+39
2.578924643960118955e+39
1.888233151800425734e+39
1.888171048955308934e+39
1.888171048949783539e+39
1.888171048949783539e+39
1.888171048949783539e+39
1.888171048949783539e+39
1.870206582914962593e+39
1.010262342661362408e+39
1.003946868807840811e+39
1.003946868807840811e+39
1.003941158572678660e+39
3.185797224590452071e+38
3.185797224590452071e+38
3.185797224590176662e+38
3.185797224590176662e+38
3.185797224244724598e+38
3.185797221352680873e+38
3.185797221352680873e+38
3.185797221352680873e+38
2.796906916973607477e+38
2.796906916973607477e+38
2.796906916973607477e+38
2.796898047486852667e+38
2.796898047486851911e+38
2.796898047486851911e+38
2.675208631291594396e+38
2.675208631291594396e+38
1.009880687770982914e+38
1.009837970749483328e+38
1.009062032233912411e+38
1.009062026419201548e+38
4.559131575847394865e+37
4.559131575847394865e+37
4.559131575847394865e+37
4.559131575847394865e+37
4.559131575847394865e+37
4.559131575847291917e+37
4.559131575847284361e+37
4.559131575847284361e+37
4.362177862913625591e+37
4.362177862779967507e+37
4.362177862779967507e+37
3.725987692539841743e+37
3.722732310814540147e+37
1.120354453925155384e+37
1.120354386671808056e+37
1.120354386671808056e+37
1.120354294968598574e+37
1.120354294968598574e+37
1.120354294968598574e+37
1.120354294968598574e+37
7.179349633945560035e+36
7.178998908391894163e+36
7.178998908384546160e+36
7.178998908384546160e+36
7.178998908384546160e+36
7.178998908384546160e+36
7.128113243400480602e+36
4.738402736515329524e+36
4.701595353778208709e+36
4.701595353778208709e+36
4.701579631347488430e+36
1.462955095570321154e+36
1.462955095570321154e+36
1.462955095570321154e+36
1.462955095570054931e+36
1.462955095570054931e+36
1.462955095503038943e+36
1.462955091582279413e+36
1.462955091582279413e+36
1.462955091582279413e+36
1.194032833350781302e+36
1.194032833350781302e+36
1.194032833350781302e+36
1.194026518283877069e+36
1.194026518283876774e+36
1.194026518283876774e+36
1.150360845358155941e+36
1.150360845358155941e+36
5.471925544280321812e+35
5.471768094267005700e+35
5.465725409879698044e+35
5.465725394185022243e+35
2.236338972442624025e+35
2.236338972442624025e+35
2.236338972442624025e+35
2.236338972442624025e+35
2.236338972442624025e+35
2.236338972442596723e+35
2.236338972442588976e+35
2.236338972442588976e+35
2.074294148430538464e+35
2.074294148236240015e+35
2.074294148236240015e+35
1.790185685389356804e+35
1.789241925571667930e+35
6.540920324697604627e+34
6.540919429158463828e+34
6.540919429158463828e+34
6.540919141606959218e+34
6.540919141606959218e+34
6.540919141606959218e+34
6.540919141606959218e+34
6.540919141606959218e+34
3.804922798916771687e+34
3.804661416148538220e+34
3.804661416146280800e+34
3.804661416146280800e+34
3.804661416146280800e+34
3.786675740882667811e+34
3.786675740882667811e+34
2.485208465142940860e+34
2.449728191990065577e+34
2.449728191990065577e+34
2.449724265268754698e+34
8.770749278136231990e+33
8.770749278136231990e+33
8.770749278136231990e+33
8.770749278130080001e+33
8.770749278130080001e+33
8.770749277866680096e+33
8.770749222813110277e+33
8.770749222813110277e+33
8.770749222813110277e+33
6.763931546779703133e+33
6.763931546779703133e+33
6.763931546779703133e+33
6.763877776865805198e+33
6.763877776865805198e+33
6.763877776865805198e+33
6.586086314044652082e+33
6.586086314044652082e+33
2.948676038407847295e+33
2.948633976681261210e+33
2.942450496662012071e+33
1.332347871425310681e+33
1.332347870405505493e+33
1.332347870405505493e+33
1.332347870405505493e+33
1.332347870405505493e+33
1.332347870405505493e+33
1.332347870405498575e+33
1.332347870405480705e+33
1.332347870405480705e+33
1.208733770306029627e+33
1.208733770048282784e+33
1.208733770048282784e+33
1.082995184821693769e+33
1.082677362607738430e+33
3.546663722328849827e+32
3.546663023704812317e+32
3.546663023704812317e+32
3.546662931255623169e+32
3.546662931255623169e+32
3.546662931255623169e+32
3.546662931255623169e+32
3.546662931255623169e+32
2.208247889519009100e+32
2.207937363372126857e+32
2.207937363371574535e+32
2.207937363371574535e+32
2.207937363371574535e+32
2.202352782521735519e+32
1.593160524723191903e+32
1.561307782546046377e+32
1.561307782546046377e+32
1.561307782546046377e+32
1.561306038344218773e+32
4.828120604963108589e+31
4.828120604963108589e+31
4.828120604963108589e+31
4.828120604955827169e+31
4.828120604955827169e+31
4.828120604897809096e+31
4.828120604897809096e+31
4.828120560632348995e+31
4.828120560632348995e+31
3.850519543638106467e+31
3.850519543638106467e+31
3.850519543638106467e+31
3.850458079098974305e+31
3.850458079098974305e+31
3.850458079098974305e+31
3.850458079098974305e+31
3.796782080276251639e+31
2.005918715892437478e+31
2.005897430266763547e+31
1.999616111767810590e+31
7.675286231518213058e+30
7.675286229058218589e+30
7.675286229058218589e+30
7.675286229058218589e+30
7.675286229058218589e+30
7.675286229058218589e+30
7.675286229058218589e+30
7.675286229057985528e+30
7.675286229057985528e+30
7.675286229057972017e+30
7.031346812548806907e+30
7.031346810234579321e+30
7.031346810234579321e+30
6.620032018778723045e+30
6.618733288889375523e+30
6.618724706636721182e+30
2.569986607211145860e+30
2.569986607211145860e+30
2.569986607211145860e+30
2.569986571926324360e+30
2.569986571926324360e+30
2.569986571926324360e+30
2.569986571926324360e+30
1.382847217581080430e+30
1.382579658004980017e+30
1.382579658004860953e+30
1.382579658004860953e+30
1.382579658004860953e+30
1.382579658004860953e+30
1.380183204289549298e+30
1.343277505621062354e+30
1.105983543319478037e+30
1.105983543319478037e+30
1.105983543319478037e+30
1.105982907139198301e+30
1.105982907139197879e+30
3.703234378929936368e+29
3.703234378918569705e+29
3.703234378918569705e+29
3.703234378918569705e+29
3.703234378918569705e+29
3.703234378918569705e+29
3.703234287060002704e+29
3.703234287041260692e+29
3.703234287041260692e+29
2.682251413259405787e+29
2.682251413259405787e+29
2.682251413259405787e+29
2.682185878186471804e+29
2.682185878186471804e+29
2.682185878186471804e+29
2.682185878186471804e+29
2.653609762847953439e+29
1.685869527543735295e+29
1.685858598745109702e+29
1.678968090768038452e+29
6.236536415368631925e+28
6.236536415368631925e+28
6.236536414476803970e+28
6.236536414476803970e+28
6.236536414476803970e+28
6.236536414476803970e+28
6.236536414476803970e+28
6.236536414476394952e+28
6.236536414476394952e+28
6.236536414476389674e+28
5.444592649403007569e+28
5.444592644508509568e+28
5.444592644508509568e+28
5.172470234449764536e+28
5.171893873671488254e+28
5.171882359230086467e+28
2.425299065858122758e+28
2.425299065858122758e+28
2.425299065858122758e+28
2.425299048603468312e+28
2.425299048603468312e+28
2.425299048603468312e+28
2.425299048603468312e+28
1.202377740887756191e+28
1.202063316231983983e+28
1.202063316231928348e+28
1.202063316231928348e+28
1.202063316231928348e+28
1.202063316231928348e+28
1.148351868850488458e+28
1.147149327467618189e+28
9.556687167463680063e+27
9.556687167463680063e+27
9.556687167463680063e+27
9.556684559225773481e+27
9.556684559225764685e+27
3.705386029000345441e+27
3.705386028960203371e+27
3.705386028960203371e+27
3.705386028960203371e+27
3.705386028960203371e+27
3.705386028960203371e+27
3.705385826883286219e+27
3.705385826871703414e+27
3.705385826871703414e+27
2.506767493947840624e+27
2.506767493947840624e+27
2.506678514375930809e+27
2.506678514375930809e+27
2.506678514375930809e+27
2.506678514375930809e+27
2.488474297127593101e+27
2.488474297127593101e+27
1.566409493366769897e+27
1.566404312696494891e+27
1.554815367057887947e+27
1.554815367057887947e+27
6.368067200888457721e+26
6.368067200314483789e+26
6.368067200314483789e+26
6.368067200314483789e+26
6.368067200314483789e+26
6.368067200314483789e+26
6.368067200312980207e+26
6.368067200312980207e+26
6.368067200312978833e+26
5.367277520668735340e+26
5.367277510217249222e+26
5.367277510217249222e+26
5.172292600406604369e+26
5.171976127985626911e+26
5.171958228179048033e+26
2.310565915620234241e+26
2.310565915620234241e+26
2.310565915620234241e+26
2.310565905953151057e+26
2.310565905953151057e+26
2.310565905953151057e+26
2.310565905953151057e+26
2.310565905953151057e+26
1.221613627880940184e+26
1.220979372591893374e+26
1.220979372591868978e+26
1.220979372591868978e+26
1.220979372591868978e+26
1.152254056964348234e+26
1.152254056964348234e+26
1.151588936543165108e+26
1.004698457172456946e+26
1.004698457172456946e+26
1.004698457172456946e+26
1.004698457172453682e+26
1.004698279226934012e+26
3.568580571106246295e+25
3.568580571024434470e+25
3.568580571024434470e+25
3.568580571024434470e+25
3.568580571024434470e+25
3.568580571024434470e+25
3.568580279662390216e+25
3.568580279662390216e+25
3.568580279657818223e+25
2.506665593795037530e+25
2.506491688075025889e+25
2.506491688075025889e+25
2.506491688075025889e+25
2.506491688075025889e+25
2.506491688075025889e+25
2.496464450040384145e+25
2.496464450040384145e+25
1.746694213844115882e+25
1.746690237420606198e+25
1.728652565682163187e+25
1.728652565682163187e+25
6.279975910049048965e+24
6.279975909811492177e+24
6.279975909811492177e+24
6.279975909811492177e+24
6.279975909811492177e+24
6.279975909811492177e+24
6.279975909808281689e+24
6.279975909808281689e+24
5.371346828386611648e+24
5.371346828386610574e+24
5.371346812115076508e+24
5.371346812115076508e+24
5.262334643107457938e+24
5.262132425209960116e+24
5.262132425209960116e+24
5.262096206668745299e+24
2.746607505318789889e+24
2.746607505318789889e+24
2.746607505318789889e+24
2.746607499505473270e+24
2.746607499505473270e+24
2.746607499505473270e+24
2.746607499505473270e+24
2.746607499505473270e+24
1.272331654515649271e+24
1.271468033266446403e+24
1.271468033266446403e+24
1.271468033266437813e+24
1.271468033266437813e+24
1.202744822406630940e+24
1.202297394532043641e+24
1.109319750323702587e+24
1.109319750323702587e+24
1.109319750323702587e+24
1.109319750323693595e+24
1.109319750323693595e+24
1.109319658002566395e+24
1.109319658002566395e+24
1.109319657879672482e+24
4.514954941105213654e+23
4.514954941105213654e+23
4.514954941105213654e+23
4.514954941105213654e+23
4.514954029467400782e+23
4.514954029467400782e+23
4.514954029464965402e+23
2.846564839328391428e+23
2.846283295480009185e+23
2.846283295480009185e+23
2.846283295480009185e+23
2.846283295480009185e+23
2.846283295480009185e+23
2.838292169533201821e+23
2.838292169533201821e+23
2.238446852095500752e+23
2.238444072863040526e+23
2.238444072863040526e+23
2.211241893296272793e+23
8.408998454015360500e+22
8.408998453873653422e+22
8.408998453873653422e+22
8.408998453873653422e+22
8.408998453873653422e+22
8.408998453873653422e+22
8.408998453864704455e+22
8.408998453864704455e+22
6.739633751391651181e+22
6.739633751391651181e+22
6.739633701318111422e+22
6.739633701318111422e+22
6.633205637535910540e+22
6.633133385809521961e+22
6.632996650762762401e+22
6.632996650762762401e+22
6.632996650762762401e+22
4.059590088350057156e+22
4.059590088350057156e+22
4.059590088350057156e+22
4.059590084124871334e+22
4.059590084124871334e+22
4.059590084124871334e+22
4.059590084124871334e+22
1.808378571470814786e+22
1.806773940973454387e+22
1.806773940973454387e+22
1.806773940973448305e+22
1.806773940973448305e+22
1.659436178298689605e+22
1.548835255735552469e+22
1.548519441644974296e+22
1.548519441644974296e+22
1.548519441644946824e+22
1.548519441644946824e+22
1.548519441644946824e+22
1.548519441644946824e+22
1.548519441176862707e+22
1.548519441176862707e+22
1.548519381325827172e+22
7.315464179019665113e+21
7.315464179019665113e+21
7.315464179019665113e+21
7.315461174363266482e+21
7.315461174363266482e+21
7.315461174361038258e+21
4.327948739947043226e+21
4.327350031614475764e+21
4.327350031614475764e+21
4.327350031614475764e+21
4.327350031614475764e+21
4.327350031614475764e+21
4.319481415317150237e+21
3.450785077953154777e+21
3.450785077953154777e+21
3.450785077953154777e+21
3.450782880507713028e+21
3.380674902185855681e+21
1.427620955711968903e+21
1.427620955711968903e+21
1.427620955711968903e+21
1.427620955697729241e+21
1.427620955697729241e+21
1.427620955697728979e+21
1.427620955697728979e+21
1.427620955692687426e+21
1.427620955692687426e+21
1.427620927485669802e+21
1.093404749418631528e+21
1.093404749418631528e+21
1.093404749418631528e+21
1.081425054188261474e+21
1.081407387460119167e+21
1.081407387460119167e+21
1.081395296080401662e+21
1.081395296080401662e+21
6.602142048026867794e+20
6.602142048026867794e+20
6.602142048026867794e+20
6.602142044130793226e+20
6.602142044130793226e+20
6.602142044130793226e+20
3.126490606035883786e+20
3.121249864585478799e+20
3.121249864585478799e+20
3.121249864585478799e+20
3.121249864585473556e+20
3.121249864585473556e+20
2.808163875529448161e+20
2.670813166341922161e+20
2.670500704824772198e+20
2.670500704824612946e+20
2.670500704824612946e+20
2.670500704824612946e+20
2.670500704824612946e+20
2.670500703076893655e+20
2.670500703076893655e+20
2.670500703076893655e+20
2.670500703076893655e+20
1.220050630764059197e+20
1.220050617811067208e+20
1.220050617811067208e+20
1.220049848979915080e+20
1.220049848979915080e+20
1.220049848979759104e+20
7.475156625496573542e+19
7.473203799764605338e+19
7.473203799764605338e+19
7.473203799764605338e+19
7.473203799764605338e+19
7.465390134833409229e+19
7.465390134833409229e+19
7.465390134833409229e+19
6.299066331392557056e+19
6.299066331392557056e+19
6.299063778627934618e+19
6.130380215678012621e+19
6.130380215678012621e+19
2.421803349841692262e+19
2.421803349841692262e+19
2.421803349831387136e+19
2.421803349831386317e+19
2.421803349813171405e+19
2.421803349813171405e+19
2.421803349813171405e+19
2.421803349813171405e+19
2.421803275138483405e+19
1.885078764911137178e+19
1.885078764911137178e+19
1.885078764911137178e+19
1.885078764911137178e+19
1.873176562823074202e+19
1.873118601330950554e+19
1.873118601330950554e+19
1.873105953801392538e+19
1.274000336100229734e+19
1.274000336100229734e+19
1.274000336100229734e+19
1.274000335735400038e+19
1.274000335735400038e+19
1.274000335735400038e+19
1.267695778294219366e+19
5.469801664302085120e+18
5.469801664302085120e+18
5.469801664302085120e+18
5.469801664302082048e+18
5.469801664302082048e+18
4.939837671935343616e+18
4.939837671935343616e+18
4.795505632102817792e+18
4.795505632102172672e+18
4.795154416852547584e+18
4.795154416852547584e+18
4.795154416852547584e+18
4.795154416852547584e+18
4.795154411668658176e+18
2.512575141512417792e+18
2.512575141512417792e+18
2.512575127697567232e+18
2.512575127697567232e+18
2.512575127697567232e+18
2.512571562051418624e+18
2.512571562051418624e+18
2.512571562051418624e+18
2.512571562051283456e+18
1.393091266450531840e+18
1.393091266450531840e+18
1.392598314316971520e+18
1.392598314316971520e+18
1.392598314316971520e+18
1.392598314316971520e+18
1.391652016152331264e+18
1.391652016152331264e+18
1.248303853659239680e+18
1.248303601547646208e+18
1.248303601547646208e+18
1.212013637562156032e+18
1.212013637562156032e+18
1.212013637562156032e+18
5.296269397799363200e+17
5.296269397789285760e+17
5.296269397789280640e+17
5.296269397709140480e+17
5.296269397709140480e+17
5.296269397709140480e+17
5.296269397709140480e+17
5.296269397709140480e+17
5.296269007173224960e+17
3.825793712628188800e+17
3.825793712628188800e+17
3.825793712628188800e+17
3.825793712628188800e+17
3.825793712628188800e+17
3.825617968160571520e+17
3.808496135368346240e+17
3.808496135368346240e+17
3.808482986834818560e+17
2.889356354891191040e+17
2.889356354891191040e+17
2.889356354507489280e+17
2.889356354507489280e+17
2.889356354507489280e+17
2.871571910914753600e+17
1.264903300924647200e+17
1.264903300924647200e+17
1.264903300924647200e+17
1.264903300924646880e+17
1.264903300924646880e+17
1.096916189914227040e+17
1.096916189914227040e+17
1.096916189913916480e+17
1.071939469900836480e+17
1.071939469900836480e+17
1.071895337992916800e+17
1.071895337992916800e+17
1.071895335160347360e+17
1.071895335160347360e+17
6.396978697554193600e+16
6.396978679243776800e+16
6.396978679243776800e+16
6.396978679243776800e+16
6.396978679243776800e+16
6.396961879124653600e+16
6.396961879124653600e+16
6.396961879124653600e+16
3.419571152416811600e+16
3.419571152416762400e+16
3.419571152416762400e+16
3.417940411734490000e+16
3.417940411734490000e+16
3.417940411734490000e+16
3.417940411734490000e+16
3.416506534666350000e+16
3.416506534666350000e+16
3.110757170321173200e+16
3.110757170321173200e+16
2.973789453146146400e+16
2.973789160587470400e+16
2.973789160587470400e+16
2.973789160587470400e+16
1.449389266485484400e+16
1.449389266483999200e+16
1.449389266483995800e+16
1.449389266418365800e+16
1.449389266418365800e+16
1.449389266418365800e+16
1.449389053822975200e+16
1.449389053822975200e+16
1.449389053822975200e+16
1.001212332679654200e+16
1.001212332679654200e+16
1.001212332679654200e+16
1.001212332679654200e+16
1.001212332679654200e+16
1.001146243298471200e+16
1.001146243298471200e+16
9.981929888428938000e+15
9.981911419559348000e+15
7.733851861353206000e+15
7.733851861353206000e+15
7.733851861353206000e+15
7.733851860812239000e+15
7.655513811389929000e+15
3.599864030709079000e+15
3.599864030709079000e+15
3.599864030709079000e+15
3.599864030709079000e+15
3.599864030709079000e+15
3.599864030709078500e+15
3.599864030709078500e+15
3.599864030709078500e+15
3.036623154550681000e+15
3.036623154548078500e+15
3.036623154548078500e+15
3.036623154548078500e+15
2.988152481746776500e+15
2.988082357907352500e+15
2.988082341907209500e+15
2.988082341907209500e+15
1.803706744304646750e+15
1.803706744304646750e+15
1.803706741440021750e+15
1.803706741440021750e+15
1.803706741440021750e+15
1.803706741440021750e+15
1.803699407400525500e+15
9.927999085568465000e+14
9.927999085568465000e+14
9.927999085568465000e+14
9.927999085568402500e+14
9.919517361746247500e+14
9.919517361746247500e+14
9.919517361746247500e+14
9.919517361746247500e+14
9.917047467153441250e+14
9.917047467153441250e+14
9.253175850809912500e+14
9.253175850809912500e+14
9.253175850809912500e+14
8.743393595314076250e+14
8.743393097645580000e+14
8.743393097645580000e+14
4.207394233697995625e+14
4.207394233697963750e+14
4.207394233696090625e+14
4.207394233294093125e+14
4.207394233294093125e+14
4.207393249601055625e+14
4.207393249601055625e+14
4.207393249601055625e+14
2.937474254982025625e+14
2.937474254982025625e+14
2.937474254982025625e+14
2.937474254982025625e+14
2.937474254982025625e+14
2.937474254982025625e+14
2.937474254982025625e+14
2.937123109346483125e+14
2.931919516183286250e+14
2.931916380709050000e+14
2.413684594184090625e+14
2.413684594184090625e+14
2.413684594184090625e+14
2.413684594105203125e+14
2.381319804927936250e+14
1.071806189645951250e+14
1.071806189645951250e+14
1.071806189645951250e+14
1.071806189645951250e+14
1.071806189645951250e+14
1.071806189645951250e+14
1.071806189645951250e+14
9.054468756535204688e+13
9.054468756535204688e+13
9.054468756518385938e+13
9.054468756518385938e+13
9.054468756518384375e+13
9.054468675847995312e+13
8.965798484301340625e+13
8.965674253347034375e+13
8.965674253347034375e+13
8.965674253347034375e+13
5.995266333243003906e+13
5.995266333243003906e+13
5.995216317171789062e+13
5.995216312433600781e+13
5.995216312433600781e+13
5.995216312433600781e+13
5.995216312433600781e+13
3.079993242005100781e+13
3.079993242005100781e+13
3.079993242005093750e+13
3.076520173359717969e+13
3.076520173359717969e+13
3.076520173359717969e+13
3.076520173359717969e+13
3.076520173359717969e+13
3.076520173359717969e+13
3.076052603471064062e+13
2.942173368977053125e+13
2.771247364889276562e+13
2.771247364889276562e+13
2.771247290038300391e+13
1.490472657770647266e+13
1.490472657770647266e+13
1.490472657770618164e+13
1.490472657493608789e+13
1.490472657493315625e+13
1.490472657493315625e+13
1.490471895477172656e+13
9.716654005293152344e+12
9.716654005293152344e+12
9.716654005293152344e+12
9.716654005293152344e+12
9.716654005293152344e+12
9.716654005293152344e+12
9.716654005293152344e+12
9.716654005293152344e+12
9.715018983945644531e+12
9.715018983945644531e+12
9.715018983945644531e+12
9.703809062737373047e+12
8.472700490922969727e+12
8.472696570707849609e+12
8.472696570707849609e+12
8.340314449620470703e+12
8.340314449620470703e+12
8.340314449620470703e+12
8.340314449503092773e+12
4.017301280080870605e+12
4.017301280080870605e+12
4.017301280080870605e+12
4.017301280080870605e+12
4.017301280080870605e+12
4.017301280080870605e+12
4.017301280080870605e+12
4.017301280062690918e+12
3.239517836137836426e+12
3.239517836137835938e+12
3.239517772394904297e+12
3.239517772394904297e+12
3.217117130315365234e+12
3.217117130315365234e+12
3.217093183090892578e+12
3.217093183090892578e+12
2.359402572739724121e+12
2.359369606740429688e+12
2.359369606740429688e+12
2.359369605825965820e+12
2.359369605825965820e+12
2.359369605825965820e+12
2.359369605825965820e+12
1.218233581795067139e+12
1.216426528325256836e+12
1.216426528325255371e+12
1.216426528325255371e+12
1.216426528325255371e+12
1.216426528325255371e+12
1.216426528325255371e+12
1.216426528325255371e+12
1.216317084193886963e+12
1.174723976902841309e+12
1.174723976902841309e+12
1.081840259387482544e+12
1.081840259387482544e+12
1.081840245172547607e+12
6.416892858501475830e+11
6.416892858501475830e+11
6.416892858501177979e+11
6.416892855331761475e+11
6.416892855331761475e+11
6.416892855331146240e+11
6.416886844458651123e+11
6.416886844458651123e+11
6.416886844458651123e+11
4.066279188570494385e+11
4.066279188570494385e+11
4.066279188570494385e+11
4.066279188570494385e+11
4.066279188570494385e+11
4.066279188570494385e+11
4.065326597760482788e+11
4.065326597760482788e+11
4.065326597760482788e+11
4.062386511137034912e+11
3.628096488110492554e+11
3.628095592342266235e+11
3.628095592342266235e+11
3.628095592342266235e+11
3.544113322506901855e+11
1.831570826918823547e+11
1.831570826912408447e+11
1.831570826912408447e+11
1.831570826912408447e+11
1.831570826912408447e+11
1.831570826912408447e+11
1.831570826912408447e+11
1.831570826912408447e+11
1.831570826912408447e+11
1.831570826889081421e+11
1.831570826889080505e+11
1.436220250539768677e+11
1.436220197220357056e+11
1.436220197220357056e+11
1.436220197220357056e+11
1.429612965861990356e+11
1.429612965861990356e+11
1.429607072928353577e+11
1.084774280735826416e+11
1.084751096733569031e+11
1.084751096733569031e+11
1.084751096514499969e+11
1.084751096514499969e+11
1.084751096514499969e+11
1.084751096514499969e+11
5.768095622491535187e+10
5.768095622491535187e+10
5.753985467126619720e+10
5.753985467126617432e+10
5.753985467126617432e+10
5.753985467126617432e+10
5.753985467126617432e+10
5.753985467126617432e+10
5.753680294209927368e+10
5.612932672490156555e+10
5.088035449554552460e+10
5.088035449554552460e+10
5.088035449554552460e+10
5.088035413920485687e+10
3.112288731836650848e+10
3.112288731836219025e+10
3.112288728663282394e+10
3.112288728663282394e+10
3.112288728663282394e+10
3.112288728663282394e+10
3.112288728663153076e+10
3.112284024328949356e+10
3.112284024328949356e+10
3.112284024328949356e+10
3.112284024328949356e+10
1.978194906213578033e+10
1.978194906213578033e+10
1.978194906213578033e+10
1.978194906213578033e+10
1.977409027773723221e+10
1.977409027773723221e+10
1.976541950697472763e+10
1.976541950697472763e+10
1.976541950697472763e+10
1.818019379965341949e+10
1.818019379965341949e+10
1.818019125058448792e+10
1.765306628736227798e+10
9.211246058556705475e+09
9.211246058542158127e+09
9.211246058542158127e+09
9.211246058542158127e+09
9.211246058542158127e+09
9.211246058542158127e+09
9.211246058542158127e+09
9.211246058542158127e+09
9.211246058291076660e+09
9.211246058291059494e+09
9.211246058291059494e+09
9.211246058291059494e+09
7.179058464695332527e+09
7.179058021465542793e+09
7.179058021465542793e+09
7.158449911065376282e+09
7.158433166269076347e+09
7.158433166269076347e+09
7.158081193100551605e+09
5.780591980799434662e+09
5.780591980799434662e+09
5.780591980241692543e+09
5.780591980241692543e+09
5.780591980241692543e+09
5.780591980241692543e+09
5.780591980241692543e+09
3.005332664518879890e+09
2.995707321551057816e+09
2.995707321551057816e+09
2.995707321551057339e+09
2.995707321551057339e+09
2.995707321551057339e+09
2.995707321551057339e+09
2.692568997901558876e+09
2.692493262403210163e+09
2.653688785585330009e+09
2.653688785585330009e+09
2.653688785585330009e+09
2.653688785585330009e+09
2.653688776895076752e+09
2.653688776893740177e+09
1.774213139088386536e+09
1.774213135657835484e+09
1.774213135657835484e+09
1.774213135657835484e+09
1.774213135657835484e+09
1.774213135657835484e+09
1.774213135657835484e+09
1.774207805680406570e+09
1.774207805680374622e+09
1.774207805680374622e+09
1.079780907608211994e+09
1.079192175243227482e+09
1.079192175243227482e+09
1.079192175243227482e+09
1.079192175243227482e+09
1.079192175243227482e+09
1.079192175243227482e+09
1.079192175243227482e+09
1.078899435674178600e+09
1.078899435674178600e+09
1.018491151501028895e+09
1.018491079776706934e+09
9.848055778700871468e+08
5.578223846586524248e+08
5.578223846586524248e+08
5.578223846582493782e+08
5.578223846582493782e+08
5.578223846582493782e+08
5.578223846582493782e+08
5.578223846582493782e+08
5.578223846582493782e+08
5.578223846276141405e+08
5.578223846276113987e+08
5.578223846276113987e+08
4.171149270395968556e+08
4.171149270395968556e+08
4.171148748743305802e+08
4.171148748743305802e+08
4.163256748124853969e+08
4.163251670318893194e+08
4.162952290336455107e+08
4.162952290336455107e+08
3.549886739588013291e+08
3.549886739588013291e+08
3.549886739429121614e+08
3.549886739429121614e+08
3.549886739429121614e+08
3.549886739429121614e+08
1.919870536633674204e+08
1.919870536633674204e+08
1.919870536633674204e+08
1.911846561618415415e+08
1.911846561618415415e+08
1.911846561618415415e+08
1.911846561618415415e+08
1.911846561618415415e+08
1.675017721750860512e+08
1.657925124593040645e+08
1.657899381042679846e+08
1.657899381042679846e+08
1.657899381040943861e+08
1.657899381040943861e+08
1.657899381040943861e+08
1.657899381040943861e+08
1.657899378478639126e+08
1.196244162051829398e+08
1.196244156614720970e+08
1.196244156614720970e+08
1.196244156614720970e+08
1.196244156614720970e+08
1.196238063403438777e+08
1.196238063403438777e+08
1.196238063403438777e+08
1.196238063403429240e+08
7.253495166796335578e+07
7.248064000082609057e+07
7.248064000082609057e+07
7.248064000082609057e+07
7.248064000082609057e+07
7.248064000082609057e+07
7.248064000082609057e+07
7.248064000082609057e+07
7.246880026249441504e+07
6.933819440337386727e+07
6.933819440337386727e+07
6.933819189218740165e+07
6.630004242295441777e+07
6.630004242295441777e+07
4.037343968710579723e+07
4.037343968709182739e+07
4.037343968709182739e+07
4.037343968709182739e+07
4.037343968709182739e+07
4.037343968709182739e+07
4.037343968709182739e+07
4.037343968149687350e+07
4.037343968149640411e+07
2.956604138484709710e+07
2.956603479386730865e+07
2.956603479386730865e+07
2.956603479386730865e+07
2.956603479386730865e+07
2.953046110616847873e+07
2.952738129471616074e+07
2.952736199984939024e+07
2.952736199984939024e+07
2.592795894386261329e+07
2.592795894386261329e+07
2.592795894386261329e+07
2.592795894330175593e+07
2.592795894330175593e+07
2.592795894330175593e+07
2.592795894330175593e+07
1.462574504899239354e+07
1.453429915553561039e+07
1.453429915553561039e+07
1.453429915553561039e+07
1.453429915553561039e+07
1.453429915553561039e+07
1.453429915553561039e+07
1.251958693217210844e+07
1.243368932077451237e+07
1.243357994440003298e+07
1.243357994440003298e+07
1.243357994436599500e+07
1.243357994436599500e+07
1.243357994436599314e+07
1.243357979665446095e+07
9.362589548001503572e+06
9.362589548001503572e+06
9.362589542594572529e+06
9.362589542594572529e+06
9.362589542594572529e+06
9.362589542594572529e+06
9.362513222741018981e+06
9.362513222741018981e+06
9.362513222741018981e+06
9.362513222740989178e+06
5.732739521691458300e+06
5.732739521691458300e+06
5.726066386847016402e+06
5.726066386847016402e+06
5.726066386847016402e+06
5.726066386847016402e+06
5.726066386847016402e+06
5.725508146282854490e+06
5.725508146282854490e+06
5.548077478943029419e+06
5.548077372562185861e+06
5.548077372562185861e+06
5.548077372562185861e+06
5.259364986117471009e+06
3.334369794222429860e+06
3.334369794222429860e+06
3.334369794221919961e+06
3.334369794221919961e+06
3.334369794221809134e+06
3.334369794221809134e+06
3.334369793262129184e+06
3.334369793262129184e+06
3.334369793262129184e+06
3.334369793262129184e+06
3.334368079181183130e+06
2.422882456481227186e+06
2.422882456481227186e+06
2.422882456481227186e+06
2.422882456481227186e+06
2.421076993931728881e+06
2.420669650592446793e+06
2.420669650592446793e+06
2.420668792552356608e+06
2.196548580745351501e+06
2.196548580745351501e+06
2.196548580745351501e+06
2.196548580745351501e+06
2.196548580745351501e+06
2.196548580723815598e+06
2.196548580723815598e+06
2.165907810813864693e+06
1.250825199931016890e+06
1.250825199931016890e+06
1.250825199931016890e+06
1.250825199931016890e+06
1.250825199931016890e+06
1.250825199931016890e+06
1.250825199931016890e+06
1.066726636162864743e+06
1.062004348139344947e+06
1.062004348133100430e+06
1.061999068275234429e+06
1.061999068275233964e+06
1.061999068275233964e+06
1.061999046240358613e+06
1.061999046240358613e+06
1.061999046240358613e+06
8.488008455924501177e+05
8.488008453546919627e+05
8.488008453546919627e+05
8.488008453546919627e+05
8.488008453546919627e+05
8.487885017525437288e+05
8.487885017525437288e+05
5.142504215229918482e+05
5.142504215229918482e+05
5.142504215229913825e+05
5.134468062072921311e+05
5.134468062072921311e+05
5.134468062072921311e+05
5.134468062072921311e+05
5.134171058792531257e+05
5.134171058792531257e+05
5.025306385588334524e+05
5.025306385588334524e+05
4.732097238590313355e+05
4.732097197185525438e+05
4.732097197185525438e+05
4.732097197185525438e+05
3.228564123208320816e+05
3.228564123208320816e+05
3.228564123208110686e+05
3.228564123207848752e+05
3.228564121368102496e+05
3.228564121368102496e+05
3.228564121368102496e+05
3.228564121368102496e+05
3.228564121368102496e+05
3.228560959017948480e+05
3.228560959017948480e+05
2.285191136800899694e+05
2.285191136800899694e+05
2.285191136800899694e+05
2.285191136800899694e+05
2.284647855105261260e+05
2.283585356088660483e+05
2.283585356088660483e+05
2.283584947547379415e+05
2.283584947547379415e+05
2.128796640627947927e+05
2.128796640627947927e+05
2.128796640627947927e+05
2.128796640619061072e+05
2.093036308471852099e+05
1.281066950556086813e+05
1.281066950556086813e+05
1.281066950556086813e+05
1.281066950556086813e+05
1.281066950556086813e+05
1.281066950556086813e+05
1.281066950556086813e+05
1.067273370731819450e+05
1.067273370731819450e+05
1.067273370718923688e+05
1.067273370718923688e+05
1.064140861836582917e+05
1.064140861836582044e+05
1.064138025657007529e+05
1.064138025657007529e+05
1.064137982121284003e+05
8.941415560498951527e+04
8.941415560498951527e+04
8.941415560498951527e+04
8.941415559339849278e+04
8.941415559339849278e+04
8.941210487512219697e+04
8.941210487512219697e+04
8.941210487512219697e+04
5.538489160986315255e+04
5.538489160986313072e+04
5.538489160986313072e+04
5.538489160986313072e+04
5.526879458055843861e+04
5.526879458055843861e+04
5.526879458055843861e+04
5.526879458055843861e+04
5.526695336000667157e+04
5.442714603180994163e+04
5.442714603180994163e+04
5.058030010198063246e+04
5.058030010198063246e+04
5.058029989415860473e+04
5.058029989415860473e+04
5.058029989415860473e+04
3.675835070673410519e+04
3.675835070672716392e+04
3.675835070672716392e+04
3.675835070672626898e+04
3.675835065979755018e+04
3.675835065979755018e+04
3.675828928788804478e+04
2.586100139841921919e+04
2.586100139841921919e+04
2.586100139841921919e+04
2.586100139841921919e+04
2.586100139841921919e+04
2.586100139841921919e+04
2.585233177879425421e+04
2.585233177879425421e+04
2.585233177879425421e+04
2.585233177879425421e+04
2.584505173509192900e+04
2.451042584745794738e+04
2.451042377975220006e+04
2.451042377975220006e+04
2.397590501640166985e+04
2.397590501636442059e+04
1.548367095412080016e+04
1.548367095412080016e+04
1.548367095412080016e+04
1.548367095412080016e+04
1.548367095412080016e+04
1.548367095412080016e+04
1.548367095412080016e+04
1.272214687274491916e+04
1.272214687238433908e+04
1.272214687238433908e+04
1.272214687238431179e+04
1.272214687238431179e+04
1.272214594076728463e+04
1.269830691230581215e+04
1.269828916987140838e+04
1.269828916987140838e+04
1.104088261553958910e+04
1.104088261553958910e+04
1.104049297209495126e+04
1.104049297151102473e+04
1.104049297151102473e+04
1.104049297151102473e+04
1.104049297151102473e+04
1.104049297151102473e+04
7.018428300918006244e+03
6.997319290065637688e+03
6.997319290065637688e+03
6.997319290065637688e+03
6.997319290065637688e+03
6.997319290065637688e+03
6.997319290065637688e+03
6.997319290065637688e+03
6.997189631514155735e+03
6.924813537239559082e+03
6.924813537239559082e+03
6.924813537239559082e+03
6.372023017505481221e+03
6.372023017505481221e+03
6.372023006607272691e+03
4.851402087260526969e+03
4.851402087260526969e+03
4.851402087260526969e+03
4.851402087258148640e+03
4.851402075019655058e+03
4.851402075019625954e+03
4.851402075019625954e+03
4.851388753204965724e+03
3.416199766344570889e+03
3.416199766344570889e+03
3.416199766344570889e+03
3.416199766344570889e+03
3.416199766344570889e+03
3.416199766344570889e+03
3.416199766344570889e+03
3.414485532598614554e+03
3.414485532598614554e+03
3.414485532598614554e+03
3.413927548310569364e+03
3.287423035684631486e+03
3.287422912779532908e+03
3.287422912779532908e+03
3.201595407494136452e+03
2.156536528038473989e+03
2.156536528037926928e+03
2.156536528037926928e+03
2.156536528037926928e+03
2.156536528037926928e+03
2.156536528037926928e+03
2.156536528037926928e+03
2.156536528037926928e+03
2.156536528037926928e+03
2.156536527882808969e+03
1.755597576898052239e+03
1.755597576898042234e+03
1.755597355823750377e+03
1.753601525001820164e+03
1.753600406966826540e+03
1.753600406966826540e+03
1.753600406966826540e+03
1.578524330171547717e+03
1.578434069333365414e+03
1.578434069333365414e+03
1.578434069311707844e+03
1.578434069311707844e+03
1.578434069311707844e+03
1.578434069311707844e+03
1.023551285509736772e+03
1.019529922796865549e+03
1.019529922796865549e+03
1.019529922796865549e+03
1.019529922796865549e+03
1.019529922796865549e+03
1.019529922796865549e+03
1.019529922796865549e+03
1.019520827569127960e+03
1.012745266361006770e+03
9.241706048328608176e+02
9.241706048328608176e+02
9.241706048328608176e+02
9.241706048328608176e+02
9.241706044168748804e+02
7.433705024128503283e+02
7.433705024120142753e+02
7.433704988312495061e+02
7.433704988312495061e+02
7.433704988312491651e+02
7.433669540851510646e+02
5.213174705119810142e+02
5.213174705119810142e+02
5.213174705119810142e+02
5.213174705119810142e+02
5.213174705119810142e+02
5.213174705119810142e+02
5.213174705119810142e+02
5.209596417860994961e+02
5.209596417860994961e+02
5.209167191448282210e+02
5.209167191448282210e+02
5.078171410090914719e+02
5.078171410090914719e+02
5.078171356874275375e+02
4.924134831747804810e+02
4.924134831747804810e+02
3.520355617483010633e+02
3.520355617482940715e+02
3.520355617482940715e+02
3.520355617482940715e+02
3.520355617482940715e+02
3.520355617482940715e+02
3.520355617482940715e+02
3.520355616967839296e+02
3.520355616967779611e+02
3.520355616967779611e+02
2.823792782190325852e+02
2.823792134003172123e+02
2.823792134003172123e+02
2.823792134003172123e+02
2.822085099138706141e+02
2.822084573717037870e+02
2.616881218842312933e+02
2.616658826369142048e+02
2.616658826366295898e+02
2.616658826366295898e+02
2.616658826366295898e+02
2.616658826366295898e+02
2.616658826366295898e+02
2.616658826366295898e+02
1.767040803413160006e+02
1.757997844857677308e+02
1.757997844857677308e+02
1.757997844857677308e+02
1.757997844857677308e+02
1.757997844857677308e+02
1.757997844857677308e+02
1.583663536102217790e+02
1.583659553964775739e+02
1.578240100188710926e+02
1.578240100188710926e+02
1.578240100188710926e+02
1.578240100188710926e+02
1.578240100130702501e+02
1.334693842421756926e+02
1.334693842418398617e+02
1.334693829336373483e+02
1.334693829336373199e+02
1.334683584527283244e+02
1.334683584527283244e+02
1.334683584527283244e+02
1.334683584527283244e+02
1.334683584527283244e+02
1.334683584527283244e+02
9.471520160928808707e+01
9.462599829987399858e+01
9.462599829987399858e+01
9.462599829987399858e+01
9.462599829987399858e+01
9.462599829987399858e+01
9.462342851232725138e+01
9.318072172291880406e+01
9.318072172291880406e+01
9.318072163724389156e+01
8.977119580812150446e+01
6.804054771483824027e+01
6.804054771483822606e+01
6.804054771483822606e+01
6.804054771483822606e+01
6.804054771483822606e+01
6.804054771483822606e+01
6.804054769303093053e+01
6.804054769302814520e+01
5.421219183501942496e+01
5.421219183501942496e+01
5.421217041617824606e+01
5.421217041617824606e+01
5.421217041617824606e+01
5.421217041617824606e+01
5.420074911327723299e+01
5.420074818656001980e+01
5.419354169717274061e+01
5.162487002621530507e+01
5.162487002621530507e+01
5.162487002621530507e+01
5.162487002621496401e+01
5.162487002621496401e+01
5.162487002621496401e+01
5.162487002621496401e+01
3.643896757260137065e+01
3.618499623910677343e+01
3.618499623910677343e+01
3.618499623910677343e+01
3.618499623910677343e+01
3.618499623910677343e+01
3.227271164288597305e+01
3.223178421743814681e+01
3.223177633012832644e+01
3.223177633012832644e+01
3.223177632990637420e+01
2.869803467823319565e+01
2.869803467822724485e+01
2.869803467822724485e+01
2.869803413599753483e+01
2.869803413599752062e+01
2.869803413599752062e+01
2.869803413599752062e+01
2.869803413599752062e+01
2.869767634884533081e+01
2.869767634884533081e+01
2.869767634884533081e+01
2.069803571634398409e+01
2.066986084321004213e+01
2.066986084321004213e+01
2.066986084321004213e+01
2.066986084321004213e+01
2.066980221174456389e+01
2.066980221174456389e+01
2.054372319719582052e+01
2.054372319706661898e+01
1.966283452344309879e+01
1.597116885969973410e+01
1.597116885969973410e+01
1.597116885969973410e+01
1.597116885969973410e+01
1.597116884892746924e+01
1.597116884892572664e+01
1.597116884892572664e+01
1.597116884892572664e+01
1.597116884892572664e+01
1.264498450036743726e+01
1.264497569757479845e+01
1.264497569757479845e+01
1.264497569757479845e+01
1.264467852538345838e+01
1.264208349849448609e+01
1.264208349849448609e+01
1.264208349693035238e+01
1.264208349693035238e+01
1.238131123749436036e+01
1.238131123749436036e+01
1.238131123749436036e+01
1.238131123749436036e+01
1.238131123749436036e+01
9.307448221802237853e+00
9.219024146479709358e+00
9.219024146479709358e+00
9.219024146479709358e+00
9.219024146479709358e+00
9.219024146479709358e+00
8.117577690423757986e+00
8.116338180467920438e+00
8.116338164951873324e+00
8.116338164825695145e+00
8.116338164825695145e+00
8.116338164825695145e+00
8.116337837197537652e+00
8.116337837197526994e+00
7.684003176612550945e+00
7.684003176612550945e+00
7.684003176612550945e+00
7.684003176612550945e+00
7.684003176612550945e+00
7.683833455519967437e+00
7.683833455519967437e+00
5.725933407364974137e+00
5.725933407364974137e+00
5.714404784836013107e+00
5.714404784836013107e+00
5.714404784836013107e+00
5.714404784836013107e+00
5.714404645808955685e+00
5.709772460430533769e+00
5.709772460430533769e+00
5.709772460430531993e+00
5.413637776640222832e+00
5.413637776640222832e+00
4.853195925460827453e+00
4.853195925460827453e+00
4.853195925460827453e+00
4.853195925460827453e+00
4.853195925460827453e+00
4.853195925459386828e+00
4.853195917945387627e+00
4.853195917945387627e+00
4.853195917945387627e+00
4.853187338019615105e+00
3.839203245300776501e+00
3.839203245300776501e+00
3.839203245300776501e+00
3.837923517286954134e+00
3.837922667959084766e+00
3.837922667959084766e+00
3.837922667959053680e+00
3.826224668649028882e+00
3.826224668649028882e+00
3.826224668649028882e+00
3.826224668649028882e+00
3.826224668649028882e+00
3.761073417914317485e+00
3.181842502073490841e+00
3.181842502073490841e+00
3.181842502073490841e+00
3.181842502073490841e+00
2.755462492577891886e+00
2.755462492577891886e+00
2.755462492468032654e+00
2.755458060953228649e+00
2.755458060952846733e+00
2.755458060952836075e+00
2.755457811094972786e+00
2.755457811094972786e+00
2.755457811094972786e+00
2.730518747581052619e+00
2.730518747581052619e+00
2.730518747581052619e+00
2.730518747581052619e+00
2.730404088813277674e+00
2.237157797114629254e+00
2.237157797114629254e+00
2.237157797114629254e+00
2.229437436847881759e+00
2.229437436847881759e+00
2.229437436847881759e+00
2.229437436843359599e+00
2.229437436843359599e+00
2.229415544970448693e+00
2.229415544970448693e+00
2.082449043126178179e+00
2.082449043126178179e+00
2.082449043126178179e+00
2.082449043126178179e+00
2.039137540272928373e+00
2.039137540272928373e+00
2.039137540272928373e+00
2.039137540271007243e+00
2.039137531493866895e+00
2.039137531493866895e+00
2.039129427766843250e+00
2.039129427766843250e+00
1.697345241041673169e+00
1.697345241041673169e+00
1.697345241041673169e+00
1.696246677991344320e+00
1.696246677991344320e+00
1.696246677955887572e+00
1.696175572130361076e+00
1.696175572130361076e+00
1.696175572130361076e+00
1.696175572130361076e+00
1.654202418256229157e+00
1.654202418256229157e+00
1.654202418256229157e+00
1.593207852560497795e+00
1.593207852560497795e+00
1.593207852560497795e+00
1.396821618217287675e+00
1.396821618030488432e+00
1.396821618030488432e+00
1.396821618030468226e+00
1.396821617787089576e+00
1.396821274267046942e+00
1.396821274267046942e+00
1.396821274267046942e+00
1.396620660385914370e+00
1.396620660385914370e+00
1.396488884282744980e+00
1.396488884282744980e+00
1.396488884282744980e+00
1.325043103900640507e+00
1.325043103900640507e+00
1.316123532448940869e+00
1.316123532448940869e+00
1.316123532448940869e+00
1.316123532448940869e+00
1.316123532448940869e+00
1.316123532448940869e+00
1.316123530818419152e+00
1.223617650595819173e+00
1.223617650595819173e+00
1.223617650595819173e+00
1.223617650595819173e+00
1.223144056633842736e+00
1.223144056629268839e+00
1.223144039733419008e+00
1.223144039733419008e+00
1.223144039733419008e+00
1.223144039733418786e+00
1.223131230306956363e+00
1.156348002541273123e+00
1.156348002541273123e+00
1.156348002541273123e+00
1.154664623661797229e+00
1.154664623661797229e+00
1.154664623661797229e+00
1.154664623661797229e+00
1.154664616619833550e+00
1.154664616619833550e+00
1.154664616619833550e+00
1.119573701205911931e+00
1.118674437800808663e+00
1.118674437800808663e+00
1.118674437800808663e+00
1.118674437800808663e+00
1.068249776334071477e+00
1.068249775749545716e+00
1.068249775749545716e+00
1.068249775749467778e+00
1.068248893073936889e+00
1.068248893073936889e+00
1.068248893073936889e+00
1.068248893073936889e+00
1.068248867994183060e+00
1.067994165202431844e+00
1.067994165202431844e+00
1.067994165202431844e+00
1.067994165202431844e+00
1.067994165202431844e+00
1.066629606971332578e+00
1.056174210034665828e+00
1.056174210034665828e+00
1.056174210034665828e+00
1.056174210034665828e+00
1.056174210034665828e+00
1.056174210034665828e+00
1.056174210034665828e+00
1.026399485852601545e+00
1.026399485852601545e+00
1.026399414607939153e+00
1.026399414607939153e+00
1.026399414590706938e+00
1.026399362321834596e+00
1.026399362321833486e+00
1.026369558577359564e+00
1.024828705237688986e+00
1.024828705237688986e+00
1.024828705237688986e+00
1.024828705237688986e+00
1.024828705237688986e+00
1.022431545441969458e+00
1.022431545441969458e+00
1.022431545441969458e+00
1.022431545441969458e+00
1.022431545441969458e+00
1.009041007683274982e+00
1.009040851445954790e+00
1.009040851445954790e+00
1.009040851445954790e+00
1.009040851445954790e+00
1.009040849154765329e+00
1.009040849154392516e+00
1.007709747760692442e+00
1.007707152402555817e+00
1.007707152402555817e+00
1.007707152402555817e+00
1.007707152402555817e+00
1.007707152402555817e+00
1.007295947942939085e+00
1.007295947942939085e+00
1.007295947942939085e+00
1.007295947942939085e+00
1.007295688190090743e+00
1.002813014989187179e+00
1.002813014989187179e+00
1.002813014989187179e+00
1.002813014989187179e+00
1.002813014989187179e+00
1.001956834748566560e+00
1.001956834748566560e+00
1.001956834748566560e+00
1.001956834748566560e+00
1.001956834748566338e+00
1.001956834676423602e+00
1.001956670095315527e+00
1.001956670095309754e+00
1.001905135337127328e+00
1.001905135337127328e+00
1.001905135337127328e+00
1.001905135337127328e+00
1.001905135337127328e+00
1.001904821072119534e+00
1.000807945198763704e+00
1.000807945198763704e+00
1.000807945198763704e+00
1.000807945198763704e+00
1.000807945198763704e+00
1.000404781028589873e+00
1.000404781028589651e+00
1.000404781028589651e+00
1.000404781028589651e+00
1.000404773586982987e+00
1.000404773586982987e+00
1.000404773585373164e+00
1.000404493587316423e+00
1.000399852168577297e+00
1.000399852168577297e+00
1.000399852168577297e+00
1.000399852168577297e+00
1.000399852168577297e+00
1.000206032303857517e+00
1.000206032303857517e+00
1.000206032303857517e+00
1.000206032303857517e+00
1.000206032303857517e+00
1.000206032303857073e+00
1.000068317780080873e+00
1.000068317780080873e+00
1.000068317780080873e+00
1.000068317780080873e+00
1.000068135645595380e+00
1.000068135645595380e+00
1.000068135645595380e+00
1.000068135408115788e+00
1.000068135408115788e+00
1.000067837888857003e+00
1.000067837888831912e+00
1.000067837888831912e+00
1.000043288438704048e+00
1.000043288438704048e+00
1.000043288438704048e+00
1.000043288438704048e+00
1.000043288438703382e+00
1.000009349082733090e+00
1.000009349082733090e+00
1.000009349082733090e+00
1.000009349082733090e+00
1.000009349082733090e+00
1.000009263022958006e+00
1.000009263022958006e+00
1.000009263022958006e+00
1.000009263022958006e+00
1.000009263022958006e+00
1.000009249530308564e+00
1.000009249524993482e+00
1.000009249524993482e+00
1.000009249524993038e+00
1.000007031954780912e+00
1.000007031954780912e+00
1.000007031954780690e+00
1.000001022443429699e+00
1.000001022443429699e+00
1.000001022443429699e+00
1.000001022443429699e+00
1.000001022443429699e+00
1.000001022443429699e+00
1.000001022443429699e+00
1.000000993019668938e+00
1.000000993019668938e+00
1.000000993019668938e+00
1.000000993019668938e+00
1.000000993019668716e+00
1.000000992588803150e+00
1.000000850347525949e+00
1.000000850347442904e+00
1.000000850347442904e+00
1.000000850347442904e+00
1.000000850347442904e+00
1.000000850347442904e+00
1.000000850347442904e+00
1.000000088804530174e+00
1.000000088804530174e+00
1.000000088804530174e+00
1.000000081551532860e+00
1.000000081551532860e+00
1.000000081551532860e+00
1.000000081551532638e+00
1.000000081551532638e+00
1.000000081551532638e+00
1.000000081551532638e+00
1.000000081551532638e+00
1.000000081551532638e+00
1.000000081551532638e+00
1.000000081551532638e+00
1.000000081541888131e+00
1.000000075090426988e+00
1.000000075090426099e+00
1.000000006293219057e+00
1.000000006293219057e+00
1.000000006293219057e+00
1.000000005008901738e+00
1.000000005008901738e+00
1.000000005008901738e+00
1.000000005008901738e+00
1.000000005008901738e+00
1.000000005008901738e+00
1.000000005008901738e+00
1.000000005008901738e+00
1.000000005008901738e+00
1.000000005008901738e+00
1.000000005008901738e+00
1.000000004802881426e+00
1.000000004802730880e+00
1.000000000389818400e+00
1.000000000389818400e+00
1.000000000389818400e+00
1.000000000389818400e+00
1.000000000227064811e+00
1.000000000227064811e+00
1.000000000227064811e+00
1.000000000227064811e+00
1.000000000227064811e+00
1.000000000227064811e+00
1.000000000227064811e+00
1.000000000227064811e+00
1.000000000227064811e+00
1.000000000227064811e+00
1.000000000227064811e+00
1.000000000227064811e+00
1.000000000222453167e+00
1.000000000022301938e+00
1.000000000022300162e+00
1.000000000007597256e+00
1.000000000007597256e+00
1.000000000007597256e+00
1.000000000007597256e+00
1.000000000007597256e+00
1.000000000007597256e+00
1.000000000007597256e+00
1.000000000007597256e+00
1.000000000007597256e+00
1.000000000007597256e+00
1.000000000007597256e+00
1.000000000007597256e+00
1.000000000007597256e+00
1.000000000007597256e+00
1.000000000001205702e+00
1.000000000001205702e+00
1.000000000001133538e+00
1.000000000001133538e+00
1.000000000000190514e+00
1.000000000000190514e+00
1.000000000000190514e+00
1.000000000000190514e+00
1.000000000000190514e+00
1.000000000000190514e+00
1.000000000000190514e+00
1.000000000000190514e+00
1.000000000000190514e+00
1.000000000000190514e+00
1.000000000000190514e+00
1.000000000000190514e+00
1.000000000000190514e+00
1.000000000000047296e+00
1.000000000000004663e+00
1.000000000000004663e+00
1.000000000000003775e+00
1.000000000000003775e+00
1.000000000000003775e+00
1.000000000000003775e+00
1.000000000000003775e+00
1.000000000000003775e+00
1.000000000000003775e+00
1.000000000000003775e+00
1.000000000000003775e+00
1.000000000000003775e+00
1.000000000000003775e+00
1.000000000000003775e+00
1.000000000000002442e+00
1.000000000000002442e+00
1.000000000000000222e+00
1.000000000000000222e+00
1.000000000000000222e+00
1.000000000000000222e+00
1.000000000000000222e+00
1.000000000000000222e+00
1.000000000000000222e+00
1.000000000000000222e+00
1.000000000000000222e+00
1.000000000000000222e+00
1.000000000000000222e+00
1.000000000000000222e+00
1.000000000000000222e+00
1.000000000000000222e+00
1.000000000000000222e+00
1.000000000000000222e+00
1.000000000000000222e+00
1.000000000000000222e+00
1.000000000000000222e+00
1.000000000000000222e+00
1.000000000000000222e+00
1.000000000000000222e+00
1.000000000000000222e+00
1.000000000000000222e+00
1.000000000000000222e+00
1.000000000000000222e+00
1.000000000000000222e+00
1.000000000000000222e+00
1.000000000000000222e+00
1.000000000000000222e+00
1.000000000000000222e+00
1.000000000000000222e+00
1.000000000000000222e+00
1.000000000000000222e+00
1.000000000000000222e+00
1.000000000000000222e+00
1.000000000000000222e+00
1.000000000000000222e+00
1.000000000000000222e+00
1.000000000000000222e+00
1.000000000000000222e+00
1.000000000000000222e+00
1.000000000000000222e+00
1.000000000000000222e+00
1.000000000000000222e+00
1.000000000000000222e+00
1.000000000000000222e+00
1.000000000000000222e+00
1.000000000000000222e+00
1.000000000000000222e+00
1.000000000000000222e+00
1.000000000000000222e+00
1.000000000000000222e+00
1.000000000000000222e+00
1.000000000000000222e+00
1.000000000000000222e+00
1.000000000000000222e+00
1.000000000000000222e+00
1.000000000000000222e+00
1.000000000000000222e+00
1.000000000000000222e+00
1.000000000000000222e+00
1.000000000000000222e+00
1.000000000000000222e+00
1.000000000000000222e+00
1.000000000000000222e+00
1.000000000000000222e+00
1.000000000000000222e+00
1.000000000000000222e+00
1.000000000000000222e+00
1.000000000000000222e+00
1.000000000000000222e+00
1.000000000000000222e+00
1.000000000000000222e+00
1.000000000000000222e+00
1.000000000000000222e+00
1.000000000000000222e+00
1.000000000000000222e+00
1.000000000000000222e+00
1.000000000000000222e+00
1.000000000000000222e+00
1.000000000000000222e+00
1.000000000000000222e+00
1.000000000000000222e+00
1.000000000000000222e+00
1.000000000000000222e+00
1.000000000000000222e+00
1.000000000000000222e+00
1.000000000000000222e+00
1.000000000000000222e+00
1.000000000000000222e+00
1.000000000000000222e+00
1.000000000000000222e+00
1.000000000000000222e+00
1.000000000000000222e+00
1.000000000000000222e+00
1.000000000000000222e+00
1.000000000000000222e+00
1.000000000000000222e+00
1.000000000000000222e+00
1.000000000000000222e+00
1.000000000000000222e+00
1.000000000000000222e+00
1.000000000000000222e+00
1.000000000000000222e+00
1.000000000000000222e+00
1.000000000000000222e+00
1.000000000000000222e+00
1.000000000000000222e+00
1.000000000000000222e+00
1.000000000000000222e+00
1.000000000000000222e+00
1.000000000000000222e+00
1.000000000000000222e+00
1.000000000000000222e+00
1.000000000000000222e+00
1.000000000000000222e+00
1.000000000000000222e+00
1.000000000000000222e+00
1.000000000000000222e+00
1.000000000000000222e+00
1.000000000000000222e+00
1.000000000000000222e+00
1.000000000000000222e+00
1.000000000000000222e+00
1.000000000000000222e+00
1.000000000000000222e+00
1.000000000000000222e+00
1.000000000000000222e+00
1.000000000000000222e+00
1.000000000000000222e+00
1.000000000000000222e+00
1.000000000000000222e+00
1.000000000000000222e+00
1.000000000000000222e+00
1.000000000000000222e+00
1.000000000000000222e+00
1.000000000000000222e+00
1.000000000000000222e+00
1.000000000000000222e+00
1.000000000000000222e+00
1.000000000000000222e+00
1.000000000000000222e+00
1.000000000000000222e+00
1.000000000000000222e+00
1.000000000000000222e+00
1.000000000000000222e+00
1.000000000000000222e+00
1.000000000000000222e+00
1.000000000000000222e+00
1.000000000000000222e+00
1.000000000000000222e+00
1.000000000000000222e+00
1.000000000000000222e+00
1.000000000000000222e+00
1.000000000000000222e+00
1.000000000000000222e+00
1.000000000000000222e+00
1.000000000000000222e+00
1.000000000000000222e+00
1.000000000000000222e+00
1.000000000000000222e+00
1.000000000000000222e+00
1.000000000000000222e+00
1.000000000000000222e+00
1.000000000000000222e+00
1.000000000000000222e+00
1.000000000000000222e+00
1.000000000000000222e+00
1.000000000000000222e+00
1.000000000000000222e+00
1.000000000000000222e+00
1.000000000000000222e+00
1.000000000000000222e+00
1.000000000000000222e+00
1.000000000000000222e+00
1.000000000000000222e+00
1.000000000000000222e+00
1.000000000000000222e+00
1.000000000000000222e+00
1.000000000000000222e+00
1.000000000000000222e+00
1.000000000000000222e+00
1.000000000000000222e+00
1.000000000000000222e+00
1.000000000000000222e+00
1.000000000000000222e+00
1.000000000000000222e+00
1.000000000000000222e+00
1.000000000000000222e+00
1.000000000000000222e+00
1.000000000000000222e+00
1.000000000000000222e+00
1.000000000000000222e+00
1.000000000000000222e+00
1.000000000000000222e+00
1.000000000000000222e+00
1.000000000000000222e+00
1.000000000000000222e+00
1.000000000000000222e+00
1.000000000000000222e+00
1.000000000000000222e+00
1.000000000000000222e+00
1.000000000000000222e+00
1.000000000000000222e+00
1.000000000000000222e+00
1.000000000000000222e+00
1.000000000000000222e+00
1.000000000000000222e+00
1.000000000000000222e+00
1.000000000000000222e+00
1.000000000000000222e+00
1.000000000000000222e+00
1.000000000000000222e+00
1.000000000000000222e+00
1.000000000000000222e+00
1.000000000000000222e+00
1.000000000000000222e+00
1.000000000000000222e+00
1.000000000000000222e+00
1.000000000000000222e+00
1.000000000000000222e+00
1.000000000000000222e+00
1.000000000000000222e+00
1.000000000000000222e+00
1.000000000000000222e+00
