8.088460674087661472e+89
4.616603287468511309e+89
1.510166066422320113e+89
2.749017024301552046e+88
2.554421299426655446e+88
4.387206656710638570e+87
4.213242780507794413e+87
4.196968797874502812e+87
1.288479248371721756e+87
1.019375791187128620e+87
1.425226339117158780e+86
1.410944602838072730e+86
1.387888416542993517e+86
6.901617866653971067e+85
3.850750529931725918e+85
5.840289422565899971e+84
5.840252773371012486e+84
5.839787116864919209e+84
5.826228340779237746e+84
5.461492285682143982e+84
1.493672297243064616e+84
1.345489885734324871e+84
1.341355588284762949e+84
2.966376101130155742e+83
2.370462423067500424e+83
2.370461053094439461e+83
2.369529672348660273e+83
5.058197094295365504e+82
4.919734948971918556e+82
4.919713504428222795e+82
4.849790276828917408e+82
1.780029351707176886e+82
9.646695506250479690e+81
9.646695127736178257e+81
2.092500365215472521e+81
2.092478024356574144e+81
2.092392833016289175e+81
2.092392825058996886e+81
2.078812787557462753e+81
1.962420789658816882e+81
3.965966242663477392e+80
3.470537456746692926e+80
3.470536637689298652e+80
3.466608984279569250e+80
1.036351008243785038e+80
1.036351007709546050e+80
8.504381558218866306e+79
8.504373184735394451e+79
8.494987979939094076e+79
1.314227914667405147e+79
1.268930167259752310e+79
1.268927025701757640e+79
1.268927025623049043e+79
1.262237570390905774e+79
5.853454244421354895e+78
3.459861562111201989e+78
3.459861562057991308e+78
3.459861330842154265e+78
5.443681668652069850e+77
5.443563212995344842e+77
5.443436248247710997e+77
5.443436241193517292e+77
5.325564764492335613e+77
5.282686473501716257e+77
1.449135092983943985e+77
1.277461361455658329e+77
1.277461216097744776e+77
1.276289118228734666e+77
2.792061875683031699e+76
2.792061875682548332e+76
2.792061873841153527e+76
2.792061873840927913e+76
2.575859105429402964e+76
2.575853087172667000e+76
2.571652146174606134e+76
5.025665113397124023e+75
4.854917246780849141e+75
4.854911223181822580e+75
4.854911223089422035e+75
4.833329994594226344e+75
1.706929253184213785e+75
1.325762606335254265e+75
1.325762606298153079e+75
1.325762340324877690e+75
1.325762340324875279e+75
2.170487723107697807e+74
2.170395794500664020e+74
2.170369356929811714e+74
2.170369356030458959e+74
2.128996646831443454e+74
2.111345901846671436e+74
2.111345901846667670e+74
8.422525035060274925e+73
6.365861570721126548e+73
6.365861281240696211e+73
6.362047608789820983e+73
1.171458313560729754e+73
1.171458313560629164e+73
1.171458311021078262e+73
1.171458311020889635e+73
1.087150820071128274e+73
1.087145586723127767e+73
1.085217930212504019e+73
3.122065061749678609e+72
2.863300215789070372e+72
2.863298535484100179e+72
2.863298535446053881e+72
2.853455966925137133e+72
2.853455966925137133e+72
7.729863044531798973e+71
6.007469467792312409e+71
6.007469467195486557e+71
6.007466801171191673e+71
6.007466801171168134e+71
1.397509742009270300e+71
1.397411556975470810e+71
1.397402767629595584e+71
1.397402767188253541e+71
1.374870191048216968e+71
1.374870191048215742e+71
1.344838686193002125e+71
4.319411198983818693e+70
3.058195714396330646e+70
3.058195635309398453e+70
3.057489510925025429e+70
7.578031605590864390e+69
7.578031605590567086e+69
7.578031553711675969e+69
7.578031553705493882e+69
7.110785406813337951e+69
7.110727724131399364e+69
7.110727724131399364e+69
7.110727724131399364e+69
7.076719220178176598e+69
1.553462689330070827e+69
1.397091138894957747e+69
1.397090665336863423e+69
1.397090665330454527e+69
1.395207468611212333e+69
1.395207468611212333e+69
4.852092201590672448e+68
3.926489300720103051e+68
3.926489299475453274e+68
3.926486365196653503e+68
3.926486365196574962e+68
6.831314818581195692e+67
6.830344466017380774e+67
6.830319608165393006e+67
6.830319607419339456e+67
6.830319607419339456e+67
6.786719242264420812e+67
6.786719242264419615e+67
6.605482855620628140e+67
6.605482855620628140e+67
2.799248416166910511e+67
2.027139133341427648e+67
2.027139108754900689e+67
2.026771819080889789e+67
3.732658580261110650e+66
3.732658580261077725e+66
3.732658547832633997e+66
3.732658547825312739e+66
3.638221837109556040e+66
3.638159377214375726e+66
3.638159377214375726e+66
3.638159377214374978e+66
3.616028895731189851e+66
1.069935845996406872e+66
1.069935845996406872e+66
9.640267400706270668e+65
9.640265805349173241e+65
9.640265805335191464e+65
9.629648822780422862e+65
9.629648822780422862e+65
2.500893166460832906e+65
2.278837711532759588e+65
2.278837710452627098e+65
2.278833622221770117e+65
2.278833622221641505e+65
4.944009107172265296e+64
4.942744179238762919e+64
4.942734968991117995e+64
4.942734968812100413e+64
4.942734968812100413e+64
4.915682326488263857e+64
4.915682326488263857e+64
4.780296290405509426e+64
4.780296290405509426e+64
4.780296290405509426e+64
2.671807846052283190e+64
1.483875236821111856e+64
1.483875230784428449e+64
1.483735969561422285e+64
2.827362125522121851e+63
2.827362125522109428e+63
2.827362048561418656e+63
2.827362048550595871e+63
2.763052810797610727e+63
2.762963144266489344e+63
2.762963144266489344e+63
2.762963144266488613e+63
2.744782278959362504e+63
1.120951101839222176e+63
1.120951101839222176e+63
8.942858565136528227e+62
8.942857936056249298e+62
8.942857936048514301e+62
8.936391037816627621e+62
8.936391037816627621e+62
8.936391037816627621e+62
2.001469690146254637e+62
1.832319507274127708e+62
1.832319507274127708e+62
1.832319504385648984e+62
1.832312925596275572e+62
1.832312925596060685e+62
5.506753408378778961e+61
5.504517327198398474e+61
5.504512093032544782e+61
5.504512092889806311e+61
5.504512092889806311e+61
5.480745174082698492e+61
5.124413486582716058e+61
5.124413486582716058e+61
5.124413486582716058e+61
5.124413486582716058e+61
2.560363989584664291e+61
1.277067543113354373e+61
1.277067540238796881e+61
1.277020272872039782e+61
3.247760700656467630e+60
3.247760700656461921e+60
3.247760447895589761e+60
3.247760447836520261e+60
3.187464519699429365e+60
3.187294465271280956e+60
3.187294465271280956e+60
3.187294465271278816e+60
3.134551496091618969e+60
1.059559533578691788e+60
1.059559533578691788e+60
1.059559533578691788e+60
8.064773111716758451e+59
8.064772782806578547e+59
8.064772782804120113e+59
8.062361847764825809e+59
8.062361847764825809e+59
8.062361847764825809e+59
2.298934183718397202e+59
2.138494152193053941e+59
2.138494152193053941e+59
2.138494142399988991e+59
2.138481371750793373e+59
2.138481371749582889e+59
5.072934234140414393e+58
5.068757192210806659e+58
5.068754338882224112e+58
5.068754338834940957e+58
5.068754338834940957e+58
5.059496778193250067e+58
4.667081760193808798e+58
4.667081760193808798e+58
4.667081760193808798e+58
4.667081760193808798e+58
2.836562814941348685e+58
1.498588331738394656e+58
1.498588330192030320e+58
1.498546485346849497e+58
2.954010555965430418e+57
2.954010555965430418e+57
2.954010555965429024e+57
2.954010257962741078e+57
2.954010257841106541e+57
2.930903146372160465e+57
2.930586545696898474e+57
2.930586545696898474e+57
2.930586545696890809e+57
2.872378185284350296e+57
1.265512477808173937e+57
1.265512477808173937e+57
1.265512477808173937e+57
9.730307270243713232e+56
9.730307083197035219e+56
9.730307083196085695e+56
9.728050646751268945e+56
9.728050646751268945e+56
9.728050646751268945e+56
2.123630361046240185e+56
2.058267298913517881e+56
2.058267298913517881e+56
2.058267285984654319e+56
2.058241234474383779e+56
2.058241234471593137e+56
6.452703940805117300e+55
6.443856494563623910e+55
6.443856494563623910e+55
6.443854693021055714e+55
6.443854693000779240e+55
6.443854693000779240e+55
5.934214651879957587e+55
5.926053406038310531e+55
5.926053406038310531e+55
5.926053406038310531e+55
5.926053406038310531e+55
4.308383557769236765e+55
1.653698251494990670e+55
1.653698251494990670e+55
1.653698250995351893e+55
1.653678344235388078e+55
1.653678344235388078e+55
3.956059712024006171e+54
3.956059712024005490e+54
3.956058535076459777e+54
3.956058534765566237e+54
3.929386307760653316e+54
3.928640983759614324e+54
3.928640983759614324e+54
3.928640983759579615e+54
3.844873539894759442e+54
2.161495879302775500e+54
2.161495879302775500e+54
2.161495879302775500e+54
1.344417526438297268e+54
1.344417526438297268e+54
1.344417516963675300e+54
1.344417516963611327e+54
1.344249215239871857e+54
1.344249215239871857e+54
1.344249215239871857e+54
2.986530435785704823e+53
2.903175452786570681e+53
2.903175452786570681e+53
2.903175396144543475e+53
2.903107508073151063e+53
2.903107508065239498e+53
1.201992593620703286e+53
1.199532193737093387e+53
1.199532193737093387e+53
1.199532028093990454e+53
1.199532028091511923e+53
1.199532028091511923e+53
1.199532028091511923e+53
1.008645863406576226e+53
1.007724328104662624e+53
1.007724328104662624e+53
1.007724328104662624e+53
1.007724328104662624e+53
7.144551924328168147e+52
2.477707452210878014e+52
2.477707452210878014e+52
2.477707451815245530e+52
2.477707451815245530e+52
2.477695594457570650e+52
7.783420434451665469e+51
7.783420434451664140e+51
7.783414466924207155e+51
7.783414464274110679e+51
7.743016816721448617e+51
7.740696058387186859e+51
7.740696058386994121e+51
7.740696058386994121e+51
7.366366978978525357e+51
3.759762577897085633e+51
3.759762577897085633e+51
3.759762577897085633e+51
3.759762577897085633e+51
2.150915465676146782e+51
2.150915457121762440e+51
2.150915457121726551e+51
2.150801144316953724e+51
2.150801144316953724e+51
2.150801144316953724e+51
6.030067827583917113e+50
5.896527108711146191e+50
5.896527108711146191e+50
5.896526802650828203e+50
5.896302210406873026e+50
5.896302210335004991e+50
2.070373647103972280e+50
2.061750887880455187e+50
2.061750887880455187e+50
2.061750887880454771e+50
2.061750715268664312e+50
2.061750715267055531e+50
2.061750715267055531e+50
1.676012126455655136e+50
1.675336654317482060e+50
1.675336654317482060e+50
1.675336654317482060e+50
1.322706741052366195e+50
1.322706741052366195e+50
5.091548116644146233e+49
5.091548116644146233e+49
5.091548116644146233e+49
5.091548116277045652e+49
5.091548116277045652e+49
5.091530454408216450e+49
1.310768586386953703e+49
1.310768586386953703e+49
1.310767229114475222e+49
1.310767228130022488e+49
1.309980183532872682e+49
1.306935156488081920e+49
1.306935156487961200e+49
1.306935156487961200e+49
1.232137287256396054e+49
7.573867840678193602e+48
7.573867840678193602e+48
7.573867840678193602e+48
7.573867840678193602e+48
4.480427497478690266e+48
4.480427489322760168e+48
4.480427489322735505e+48
4.480252528126211579e+48
4.480252528126211579e+48
1.009651949093348455e+48
1.009651949093348455e+48
1.009651949093348455e+48
9.995945094638758664e+47
9.995944389257677263e+47
9.995944389257677263e+47
9.995180373088604892e+47
9.995180372818095961e+47
9.995180372818095961e+47
9.854401299344943882e+47
4.465992716603449181e+47
4.465992716603449181e+47
4.465992716603445935e+47
4.465992538641702831e+47
4.465992538640528885e+47
3.635500404208324828e+47
3.635500404208324828e+47
3.634379235043924510e+47
3.634379235043924510e+47
3.634379235043924510e+47
3.150864094367119483e+47
3.150864094367119483e+47
9.140780255859816063e+46
9.140780255859816063e+46
9.140780255859816063e+46
9.140780255859816063e+46
9.140780255675889088e+46
9.140767747414896188e+46
3.023760982833775399e+46
3.023752432590472227e+46
3.023752432590472227e+46
3.023752428389034968e+46
3.020790110186975642e+46
3.015076116831590461e+46
3.015076116830748741e+46
3.015076116830748741e+46
2.833259223295644831e+46
2.833259223295644831e+46
2.049451891884740995e+46
2.049451891884740995e+46
9.311002388699578859e+45
9.311002388699578859e+45
9.311002383224130689e+45
9.311002383224110406e+45
9.310836349060339413e+45
9.310836349060339413e+45
2.456190306793146500e+45
2.456190306793146500e+45
2.456190306793146500e+45
2.435165553836772928e+45
2.435165058269806797e+45
2.434844251475832645e+45
2.434844251475832645e+45
2.434844251347094804e+45
2.434844251347094804e+45
2.434844251347094804e+45
2.396626743237660759e+45
1.347486209457716459e+45
1.347486209457712181e+45
1.347486184273319414e+45
1.347486184273110569e+45
9.337338831743532007e+44
9.335713508021239312e+44
9.335713508021239312e+44
9.335713508021239312e+44
9.335713508021239312e+44
8.196109555154605209e+44
2.350679153393670008e+44
2.350679153393670008e+44
2.350679153393670008e+44
2.350679153393670008e+44
2.350679153393670008e+44
2.350679153369894033e+44
9.875223857179875562e+43
9.875221587748910260e+43
9.875157062226477789e+43
9.875157009179241771e+43
9.875157009179241771e+43
9.860686306018446676e+43
9.847300708033654367e+43
9.847300708026456489e+43
9.847300708026456489e+43
8.678000180279689937e+43
8.678000180279689937e+43
8.678000180279689937e+43
6.140702153309686000e+43
6.140702153309686000e+43
6.140702153309686000e+43
2.552311207817213588e+43
2.552311207817213588e+43
2.552311207013007134e+43
2.552311207013005154e+43
2.552291812964872753e+43
2.552291812964872753e+43
8.423856391047760794e+42
8.423856391047760794e+42
8.369401326269861466e+42
8.369401326269861466e+42
8.369397184462356551e+42
8.367660920402966970e+42
8.367660920402966970e+42
8.367660920402966970e+42
8.367660918603093761e+42
8.367660918603093761e+42
8.082886494978447831e+42
4.196197228782456718e+42
4.196197228782424532e+42
4.196197181043987290e+42
4.196197181043732894e+42
2.726433188016645962e+42
2.726217752735809150e+42
2.726217752735809150e+42
2.726217752735809150e+42
2.726217752735809150e+42
2.502913217135361479e+42
8.301756161247178812e+41
8.301756161247178812e+41
8.301756161247178812e+41
8.301756161247178812e+41
8.301756161247178812e+41
8.301756161209950860e+41
3.052580485335659816e+41
3.052580061467354443e+41
3.052551809783892143e+41
3.052551773920057776e+41
3.052551773920057776e+41
3.043675320198130314e+41
3.041691423308120167e+41
3.041691423299988835e+41
3.041691423299988835e+41
2.616293993231334847e+41
2.616293993231334460e+41
2.616293993231334460e+41
2.054050956029481619e+41
2.054050956029481619e+41
2.054050956029481619e+41
9.137921919716195050e+40
9.137921919716195050e+40
9.137921918422025453e+40
9.137921918422025453e+40
9.137921918422023518e+40
9.137873325762455324e+40
2.564334130832534864e+40
2.564334130832534864e+40
2.556462961867482494e+40
2.556462961867482494e+40
2.556461191132348508e+40
2.555419932403397357e+40
2.555419932403397357e+40
2.555419931215676580e+40
2.555419931215676580e+40
2.555419931215676580e+40
2.452339284350545329e+40
1.516137948977564232e+40
1.516137948977514424e+40
1.516137941153502954e+40
1.516137941153472489e+40
9.995558790841284083e+39
9.994992780237167095e+39
9.994992780237167095e+39
9.994992780237167095e+39
9.994992780237167095e+39
9.511367659020229138e+39
2.570036227490816529e+39
2.570036227490816529e+39
2.570036227490816529e+39
2.570036227490816529e+39
2.570036227490816529e+39
2.570036227490816529e+39
2.570036227487533993e+39
1.184495632669410758e+39
1.184495632669410758e+39
1.184495552546024469e+39
1.184468205481473558e+39
1.184468180738551106e+39
1.184468180738551106e+39
1.179254876325339988e+39
1.179254876316692089e+39
1.178672665737678576e+39
1.009846947836328537e+39
1.009846947836328537e+39
1.009846947836328235e+39
1.009846947836328235e+39
1.009846947836328235e+39
8.673886341708442756e+38
8.673886341708442756e+38
3.034217010831049415e+38
3.034217010831049415e+38
3.034217010699783116e+38
3.034217010699783116e+38
3.034210284557528854e+38
3.034210284557528854e+38
1.057095402120767754e+38
1.057095402120767754e+38
1.054479322556363455e+38
1.054479322556363455e+38
1.054477385733591545e+38
1.054477385733591545e+38
1.053785474271658333e+38
1.053785473346176695e+38
1.053785473346176695e+38
1.053785473346176695e+38
1.007450706018312348e+38
7.225310130955686171e+37
7.225310130954886202e+37
7.225310130954886202e+37
7.225310114608213449e+37
7.225310114608137891e+37
3.866371311845375082e+37
3.866264989188287032e+37
3.866264989188287032e+37
3.866264989188287032e+37
3.866264989188287032e+37
3.723126513786534522e+37
1.120390154484479107e+37
1.120390154484479107e+37
1.120390154484479107e+37
1.120390154484479107e+37
1.120390154484479107e+37
1.120390154484479107e+37
6.249741259191374381e+36
6.249741259189252858e+36
6.249443845362049785e+36
6.249443845362049785e+36
6.249443402542741261e+36
6.249443197360678906e+36
6.211003340240005735e+36
6.211003340240005735e+36
6.211003340130080849e+36
6.208975393407910085e+36
4.737359086174497977e+36
4.737359086174497977e+36
4.737359086174492075e+36
4.737359086174492075e+36
4.737359086174492075e+36
4.737359086174492075e+36
4.117290277428905238e+36
1.401086721398340036e+36
1.401086721398340036e+36
1.401086721398340036e+36
1.401086721367733493e+36
1.401085401994440374e+36
1.401085401994440374e+36
5.981039526332586235e+35
5.981039526332586235e+35
5.970517896626347552e+35
5.970517896626347552e+35
5.970517896626347552e+35
5.970493639426696578e+35
5.964609946391241341e+35
5.964609927329299828e+35
5.964609927329299828e+35
5.964609927329299828e+35
5.462971849296014641e+35
3.852672012937415380e+35
3.852672012936372770e+35
3.852672012936372770e+35
3.852672007854009960e+35
1.909267087525484466e+35
1.909267087525480777e+35
1.909243235628662385e+35
1.909243235628662385e+35
1.909243235628662385e+35
1.909243235628662385e+35
1.909243235628662385e+35
6.694745925235187749e+34
6.639257014826253531e+34
6.639257014826253531e+34
6.639257014826253531e+34
6.639257014826253531e+34
6.639257014826253531e+34
6.638366512359413189e+34
3.460970160320979454e+34
3.460969629750163790e+34
3.460969629749690631e+34
3.460969560935581147e+34
3.460969560935581147e+34
3.419626404519741377e+34
3.419626404305518416e+34
3.419626404305518416e+34
3.419060784441018745e+34
2.485017259939678115e+34
2.485017259939670276e+34
2.485017259939670276e+34
2.485017259939670276e+34
2.485017259939670276e+34
2.260795187010534703e+34
2.260795187010534703e+34
8.515954564150731382e+33
8.515954564150731382e+33
8.515954564150731382e+33
8.515954564068541913e+33
8.515954564068541913e+33
8.515949234038447755e+33
8.515949234038447755e+33
3.281628692126736691e+33
3.278712263101347378e+33
3.278712263101347378e+33
3.278712263101347378e+33
3.278712263101347378e+33
3.278692853387683913e+33
3.272439994092885840e+33
3.272439971677289615e+33
3.272439971677289615e+33
2.946288745351282141e+33
2.946288745351282141e+33
2.946288745347362208e+33
2.946288745347362208e+33
2.296405578576094521e+33
2.296405577263587063e+33
1.181802473338061970e+33
1.181802473338061393e+33
1.181802473338061393e+33
1.181802473338061393e+33
1.181792480098696117e+33
1.181792480098696117e+33
1.181792480098696117e+33
1.181792480098696117e+33
3.646856948840909938e+32
3.631646597198858648e+32
3.631646597198858648e+32
3.631646597198858648e+32
3.631646597198858648e+32
3.631646597198858648e+32
3.630706878867056758e+32
3.630705329598963908e+32
2.226914310232924114e+32
2.226914310232816748e+32
2.226914289524162099e+32
2.226914289524162099e+32
2.189488930138503302e+32
2.189488929795421605e+32
2.189488929795421605e+32
2.189235358799974227e+32
1.593186220607409250e+32
1.593186220607389074e+32
1.593186220607389074e+32
1.593186220607389074e+32
1.593186220607389074e+32
1.505142914157847498e+32
1.505142914157847498e+32
4.773045019643874444e+31
4.773045019643874444e+31
4.773045019643874444e+31
4.773045019643874444e+31
4.773045019629697112e+31
4.773043802555201241e+31
4.773043802555201241e+31
2.248941291565298724e+31
2.247443157430767001e+31
2.247443157430767001e+31
2.247443157430767001e+31
2.247410988633928134e+31
2.247410988633928134e+31
2.240961642471916681e+31
2.240961614580381094e+31
2.240961614580381094e+31
2.004721973191679365e+31
2.004721973191679365e+31
2.004721973184589574e+31
2.004721973184589574e+31
1.703036838483377896e+31
7.194382412327040950e+30
7.194382411619679697e+30
7.194382411619677445e+30
7.194382411619677445e+30
7.194382411619677445e+30
7.194355492023838726e+30
7.194355492023838726e+30
7.194355492023838726e+30
7.194355492023838726e+30
2.652390185986448411e+30
2.643584306814946292e+30
2.643584306814946292e+30
2.643584306814946292e+30
2.643584306814946292e+30
2.643584306814946292e+30
2.643581409613106633e+30
2.642487450505242866e+30
1.858196946491667043e+30
1.858196946491620600e+30
1.858196938574307655e+30
1.817890777460194118e+30
1.817890776832649879e+30
1.817890776832649879e+30
1.817890776832649879e+30
1.817890776832649879e+30
1.817763709904008330e+30
1.131010484603823049e+30
1.131010484603783220e+30
1.131010484603783220e+30
1.131010484603783220e+30
1.131010484603783220e+30
1.081883036627928090e+30
3.675817305176377721e+29
3.675817305176377721e+29
3.675817305176377721e+29
3.675817305176377721e+29
3.675817305176377721e+29
3.675817305171188026e+29
3.675816908816993090e+29
3.675816908816993090e+29
2.047632344728725253e+29
2.047632344728725253e+29
2.046729404039092525e+29
2.046729404039092525e+29
2.046670781509484660e+29
2.046670781509484660e+29
2.046670699446358383e+29
2.038366053888339782e+29
2.038366053888339782e+29
2.038366053888339782e+29
1.685272292461237349e+29
1.685272292447942934e+29
1.449268094376541866e+29
1.449268094376541866e+29
5.889789164906518833e+28
5.889789164613877216e+28
5.889789164613875457e+28
5.889789164613874577e+28
5.889779257860580429e+28
5.889779257860580429e+28
5.889779257860580429e+28
5.889779257860580429e+28
5.889779257860580429e+28
5.889779257860580429e+28
2.572329169433774796e+28
2.566303024500557178e+28
2.566303024500557178e+28
2.566303024500557178e+28
2.566297025204573415e+28
2.564694775280432763e+28
2.564694775280432763e+28
1.771254637116379059e+28
1.771254635014927785e+28
1.700985112688933384e+28
1.700985112688916891e+28
1.700985108593685558e+28
1.700985108593685558e+28
1.700985108593685558e+28
1.700985108593685558e+28
1.700924019708275568e+28
1.700924019708275568e+28
1.700924019708275568e+28
9.927717870459571287e+27
9.927717870458755449e+27
9.927717870458755449e+27
9.648183513371076274e+27
3.719061116008978424e+27
3.719061116008978424e+27
3.719061116008978424e+27
3.719061116008978424e+27
3.719061116008978424e+27
3.719061116006717278e+27
3.719060865554227499e+27
3.719060865554227499e+27
1.978493380202068762e+27
1.978493380202068762e+27
1.978030398491128427e+27
1.977945285557859161e+27
1.977945285557859161e+27
1.977945285557859161e+27
1.977945117145816791e+27
1.962838634202094810e+27
1.962838634202094810e+27
1.962838634202094810e+27
1.962838634202094810e+27
1.962838634138481741e+27
1.566148818919840912e+27
1.410943527071348111e+27
1.410943527071348111e+27
6.112777345710146174e+26
6.112777345710142051e+26
6.112777345575993386e+26
6.112777345575993386e+26
6.112770758504911282e+26
6.112770758504911282e+26
6.112770758504911282e+26
6.112770758504911282e+26
6.112770758504911282e+26
6.112770758504911282e+26
6.112770758504911282e+26
2.481168074304607199e+26
2.478086113361239107e+26
2.478086113361239107e+26
2.478086113361239107e+26
2.478077417574445124e+26
2.475158786740424896e+26
1.883336394681629645e+26
1.883336389461207535e+26
1.883336389461207535e+26
1.883336389461207535e+26
1.784907036892651532e+26
1.784907034973626472e+26
1.784907034973620630e+26
1.784907034973620630e+26
1.784907034973620630e+26
1.784907034973620630e+26
1.784907034973620630e+26
1.784865512716089048e+26
1.784865512715157556e+26
1.057013933634727674e+26
1.057013933634727674e+26
1.039408104569818193e+26
3.611416057483187136e+25
3.611416057483187136e+25
3.611416057483187136e+25
3.611416057483187136e+25
3.611416057483187136e+25
3.611416057482477608e+25
3.611415956977916727e+25
3.611415956977916727e+25
2.227949205342896295e+25
2.227949205342896295e+25
2.227949205342896295e+25
2.227738152440233483e+25
2.227375795158039895e+25
2.227375463169001051e+25
2.203401095445022000e+25
2.203401095445022000e+25
2.203401095445022000e+25
2.203401095445022000e+25
2.203401095445022000e+25
2.203401095268882385e+25
1.746551943332964892e+25
1.746551943332964892e+25
1.636330556576677049e+25
1.636330556576677049e+25
1.636330556576667171e+25
6.153842298231052302e+24
6.153842298185818780e+24
6.153842298185818780e+24
6.153842298185818780e+24
6.153839457127373384e+24
6.153839457127373384e+24
6.153839457127373384e+24
6.153839457127373384e+24
6.153839457127373384e+24
6.153839457127373384e+24
2.971350056546807033e+24
2.971350056546807033e+24
2.968620788575265098e+24
2.968620788575265098e+24
2.968596396032317366e+24
2.963341190757750453e+24
2.963341190757750453e+24
2.963341170666576879e+24
2.455980831757305888e+24
2.303584478187941727e+24
2.303584478187941727e+24
2.303584477124512925e+24
2.303584477124509435e+24
2.303584477124509435e+24
2.303584477124509435e+24
2.303584477124509435e+24
2.303584477121100573e+24
2.303555044118030646e+24
2.303555044118030646e+24
1.168245183733238719e+24
1.168245183733238719e+24
1.168245183733238719e+24
1.154899192674580477e+24
1.154899192674580477e+24
4.588661915253008299e+23
4.588661915253008299e+23
4.588661915253008299e+23
4.588661915253008299e+23
4.588661915252609002e+23
4.588661861270037474e+23
3.201616304887595878e+23
3.201616304887595878e+23
3.201616304887595878e+23
3.201069185776209038e+23
3.201069185776209038e+23
3.201067845481397098e+23
3.200749427276052871e+23
3.155363050667686767e+23
3.155363050667686767e+23
3.155363050106172138e+23
3.155363050106172138e+23
2.238462680667593334e+23
2.238462680667593334e+23
2.238462680667593334e+23
2.125210092757210293e+23
2.125210092757173383e+23
2.125210092757173383e+23
8.281508890617218440e+22
8.281508890617218440e+22
8.281508890588660263e+22
8.281508890588660263e+22
8.281508890588660263e+22
8.281508890588660263e+22
8.281507178772130116e+22
8.281507178772130116e+22
8.281507178772130116e+22
8.281507178772130116e+22
4.622784587844019657e+22
4.622784587844019657e+22
4.619972346119481983e+22
4.619972346119481983e+22
4.619898177769427907e+22
4.619898177769427907e+22
4.608198207562935226e+22
4.608198112594809481e+22
3.845610998356064915e+22
3.454321037137317305e+22
3.454321037137317305e+22
3.454321037137317305e+22
3.454321037137317305e+22
3.454321036303633534e+22
3.454321036303631437e+22
3.454321036291715419e+22
3.454321036291715419e+22
1.677447737113005628e+22
1.677442544580704600e+22
1.677442544580704600e+22
1.677442544580704600e+22
1.677442544580704390e+22
1.665680465941570676e+22
1.665680465941570676e+22
7.566904658121143091e+21
7.566904658121143091e+21
7.566904658121143091e+21
7.566904658121143091e+21
7.566904658121143091e+21
7.566904658120869413e+21
7.566904606941610246e+21
5.251155122248176632e+21
5.251155122248176632e+21
5.251155122248176632e+21
5.251155122248176632e+21
5.249801244092788638e+21
5.249796718334188716e+21
5.249511771751603765e+21
5.117495909487516582e+21
5.117495906600490107e+21
5.117495906600490107e+21
5.117495906600490107e+21
3.451041103492809228e+21
3.451041103492809228e+21
3.451041103492809228e+21
3.334455884065257030e+21
3.334455884065116520e+21
3.334455884065116520e+21
1.419313204411214070e+21
1.419313204411214070e+21
1.419313204411214070e+21
1.419313204411214070e+21
1.419313204409104335e+21
1.419313204409104335e+21
1.419313029113581928e+21
1.419313029113581928e+21
1.419313029113581928e+21
7.725020724612192010e+20
7.725020724612192010e+20
7.725020724612192010e+20
7.722407283686591693e+20
7.722407283686591693e+20
7.722216647275836867e+20
7.722216647275836867e+20
7.686545295137762181e+20
7.686544963416293376e+20
7.686544963416293376e+20
6.600298542056496169e+20
5.888534925199538913e+20
5.888534925199538913e+20
5.888534925131852022e+20
5.888534924522617569e+20
5.888534924522616259e+20
5.888534924522616259e+20
2.956804311432784118e+20
2.956798686686665114e+20
2.956798686686665114e+20
2.956798686686665114e+20
2.956798686686665114e+20
2.956798686686664458e+20
2.944604742214057001e+20
1.274241397465305088e+20
1.274241397465305088e+20
1.274241397465305088e+20
1.274241397465305088e+20
1.274241397465305088e+20
1.274241397465305088e+20
1.274241397465305088e+20
1.274241397465305088e+20
1.274241397465289196e+20
1.274241397465289196e+20
9.682390524712094925e+19
9.682390503639580672e+19
9.677358435755864883e+19
9.677358435755864883e+19
9.677344288135869235e+19
9.353999271536084582e+19
9.353683874141228237e+19
9.353683874141228237e+19
9.353683862032551117e+19
9.353683862032551117e+19
6.300310073637607834e+19
6.300310073637607834e+19
6.300310073637607834e+19
6.169296388428995789e+19
6.169296388428053709e+19
6.169296388428053709e+19
2.427853531780555981e+19
2.427853531780555981e+19
2.427853531780555981e+19
2.427853531780555981e+19
2.427853531779293594e+19
2.427853531779293594e+19
2.427853402790188646e+19
2.427853402790188646e+19
1.508425301515922637e+19
1.508425301515922637e+19
1.508425301515922637e+19
1.508077858221735322e+19
1.508077858221735322e+19
1.508077858221735322e+19
1.507998359343796429e+19
1.498129666722268160e+19
1.498129550798010778e+19
1.498129550798010778e+19
1.498129550798010778e+19
1.273779272244592230e+19
1.273779272244592230e+19
1.182042601901432422e+19
1.182042601867190886e+19
1.182042601816994202e+19
1.182042601816993997e+19
1.182042601816993997e+19
5.303969822644343808e+18
5.303969822644343808e+18
5.303965271150094336e+18
5.303965271150094336e+18
5.303965271150094336e+18
5.303965271150088192e+18
5.290264357607091200e+18
2.642142929884957184e+18
2.642142929884957184e+18
2.642142929884957184e+18
2.642142929884957184e+18
2.642142929884957184e+18
2.642142929884957184e+18
2.642142929884957184e+18
2.642142929884957184e+18
2.642142929884943872e+18
2.169210431985495552e+18
2.169210431985495552e+18
2.169210429822802688e+18
2.167375135208834048e+18
2.167367375200572160e+18
2.167367375200572160e+18
2.167367375200572160e+18
2.078988840617769472e+18
2.078949660303911424e+18
2.078949654801112576e+18
1.248686422355186432e+18
1.248686422355186432e+18
1.248686422354702080e+18
1.248686422354702080e+18
1.248686422354702080e+18
1.230628184032999424e+18
1.230628184032999424e+18
1.230628184032999424e+18
1.230628184032999424e+18
5.331509597328387840e+17
5.331509597328387840e+17
5.331509597327190400e+17
5.331509597327190400e+17
5.331509470138417920e+17
5.331509470138417920e+17
3.688808491549226880e+17
3.688808491549226880e+17
3.688808491549226880e+17
3.688808491549226880e+17
3.688285926030889600e+17
3.688285926030889600e+17
3.687940298937316480e+17
3.655603149621937920e+17
3.655602394844791680e+17
3.655602394844791680e+17
3.655602394844791680e+17
3.655602394844791680e+17
2.889136044174677120e+17
2.722080586950592960e+17
2.722080586783540800e+17
2.722080586731156800e+17
2.722080586731156800e+17
2.722080586731156800e+17
1.235026847727805760e+17
1.235026847727805760e+17
1.235026847727805760e+17
1.235026343130170080e+17
1.235026343130170080e+17
1.235026343130170080e+17
1.235026343130165920e+17
1.233156266031820640e+17
6.938477845896874400e+16
6.938477845896874400e+16
6.938477845896874400e+16
6.938477845896874400e+16
6.938477845896874400e+16
6.938477845896874400e+16
6.938477845896874400e+16
6.938477845896874400e+16
6.938477845896874400e+16
5.783946631333907200e+16
5.776784703564841600e+16
5.776784703564832800e+16
5.776744632778374400e+16
5.776744629760192000e+16
5.776744629760192000e+16
5.399127293002031200e+16
5.399127293002031200e+16
5.399127252416801600e+16
5.399073219940857600e+16
3.112093608443947600e+16
3.112093608443947600e+16
3.112093608441180400e+16
3.112093608441180400e+16
3.112093608441180400e+16
3.083732824850098800e+16
3.083732824850098800e+16
3.083732824850098800e+16
3.083732824850098800e+16
1.475020312561401600e+16
1.475020312561401600e+16
1.475020312561401600e+16
1.475020312561264200e+16
1.475020293404069200e+16
1.475020293404069200e+16
1.475020293404069200e+16
1.031819892893355800e+16
1.031736285830007800e+16
1.031736285830007800e+16
1.031736285830007800e+16
1.031736285830007800e+16
1.031587786781613400e+16
1.031587786781613400e+16
1.016068524262787200e+16
1.016068100415400200e+16
1.016068100415400200e+16
7.733777037133313000e+15
7.733777037133313000e+15
7.426954128647567000e+15
7.426954127287698000e+15
7.426954127287698000e+15
7.426954127287698000e+15
7.426954127229315000e+15
3.548513247747095000e+15
3.548513247747095000e+15
3.548512428013230000e+15
3.548512428013230000e+15
3.548512428013198000e+15
3.548512428013198000e+15
3.548512428013198000e+15
3.548512428013198000e+15
1.993782274230429500e+15
1.993782274230429500e+15
1.992784703732062500e+15
1.992784703732062500e+15
1.992784703732062500e+15
1.992784703732062500e+15
1.992784703732062500e+15
1.992784703732062500e+15
1.992784703732062500e+15
1.987544119339899750e+15
1.987518073651687500e+15
1.737663321499423750e+15
1.737663321499422500e+15
1.737663321090560250e+15
1.594869940527079500e+15
1.594869940527079500e+15
1.594869914785549000e+15
1.594869914785549000e+15
1.594860636929770750e+15
9.260543415977772500e+14
9.260543415977772500e+14
9.260543415950980000e+14
9.260543415950980000e+14
9.260543415950980000e+14
9.260543415950980000e+14
9.209011224192671250e+14
9.209011224192671250e+14
4.312314777883813125e+14
4.312314777883813125e+14
4.312314777883813125e+14
4.312314777883813125e+14
4.312314777883667500e+14
4.312314777883667500e+14
4.312314753369135000e+14
4.312314753369135000e+14
3.277350606031268750e+14
3.277184616115810000e+14
3.277184616115810000e+14
3.277184616115810000e+14
3.277184616115810000e+14
3.276259894286795625e+14
3.276259894286795625e+14
3.209993047341360625e+14
3.209990724492126875e+14
3.209990724492126875e+14
3.209990724492126875e+14
2.413831994986865625e+14
2.413831993942739688e+14
2.413831993942739688e+14
2.413831993942739688e+14
2.351825408006442812e+14
2.351825408006442812e+14
1.065790232758855781e+14
1.065790232757357500e+14
1.065790232757357500e+14
1.065790232757325469e+14
1.065790122046440625e+14
1.065790122046440625e+14
1.065790122046440625e+14
1.065790122046440625e+14
1.065790122046440625e+14
1.065790122046440625e+14
6.707409419668666406e+13
6.705187344517406250e+13
6.705187344517406250e+13
6.705187344517406250e+13
6.705187344517406250e+13
6.705187344517406250e+13
6.705004365607007812e+13
6.679784888261160156e+13
6.079092119711741406e+13
6.079092119711741406e+13
6.079092119711741406e+13
5.505380135850065625e+13
5.505380135850064062e+13
5.505380135338627344e+13
5.505379966913107812e+13
5.505379966913107812e+13
5.505379966913107812e+13
5.505363415324539062e+13
5.505363415324539062e+13
2.945356835260611719e+13
2.945356835240911328e+13
2.945356835240911328e+13
2.945356835240911328e+13
2.945356835240911328e+13
2.935077284771507812e+13
1.536602738082651562e+13
1.536602738082651562e+13
1.536602738082651562e+13
1.536602738082651172e+13
1.536602738082651172e+13
1.536602738082651172e+13
1.536602738082630078e+13
1.536602734203828125e+13
1.536602734203828125e+13
1.249181202071064062e+13
1.249181202071064062e+13
1.249181202071064062e+13
1.249145097432677148e+13
1.248573446628402344e+13
1.248573446628402344e+13
1.248573446628402344e+13
1.248571277308150977e+13
1.216724164957110547e+13
1.216724164957110547e+13
1.216724164957110547e+13
1.216724164957110547e+13
1.216724164957110547e+13
8.473776454468369141e+12
8.473776447402879883e+12
8.322201146987677734e+12
8.322201146987677734e+12
4.013094103368098633e+12
4.013094103368098633e+12
4.013094103367768555e+12
4.013094103365361328e+12
4.013094103365361328e+12
4.013093907761567871e+12
4.013093907761567871e+12
4.013093907761567871e+12
4.013093907761567871e+12
4.013093907761567871e+12
2.761051981379830078e+12
2.761051981379830078e+12
2.760488187619395508e+12
2.760488187619395508e+12
2.760488187619395508e+12
2.760488187619395508e+12
2.760356205816400391e+12
2.746155318474597656e+12
2.542877816023894043e+12
2.542877594220945312e+12
2.207408791362062012e+12
2.207408791362062012e+12
2.207408791268880371e+12
2.207408791268880371e+12
2.207408791268880371e+12
2.207408791268880371e+12
2.207408791268880371e+12
2.207405475356950684e+12
2.207405475356950684e+12
2.207405475356950684e+12
2.207405475356950684e+12
2.207405475296191895e+12
1.176416412070592285e+12
1.176416412070592285e+12
1.173957760487243896e+12
6.730131210212680664e+11
6.730131210212673340e+11
6.730131210212673340e+11
6.730131210212673340e+11
6.730131210212673340e+11
6.730131210212673340e+11
6.730131210212673340e+11
6.730131210212673340e+11
6.730131210212636719e+11
6.730131201779910889e+11
5.616355149489877930e+11
5.616355149489877930e+11
5.616355149489877930e+11
5.612511300262916260e+11
5.612420475596252441e+11
5.612420475596252441e+11
5.612401821802393799e+11
5.391255711560421143e+11
5.391255711560421143e+11
5.391255711560421143e+11
5.391255711560421143e+11
5.391255711560421143e+11
5.391255693906094360e+11
5.391255693906094360e+11
3.628818229898599854e+11
3.586932277208567505e+11
3.586932277208567505e+11
3.586932277208567505e+11
3.586932277207117920e+11
1.842940298175654297e+11
1.842940298175198975e+11
1.842940298175198975e+11
1.842940298175198975e+11
1.842940251424549561e+11
1.842940251424549561e+11
1.842940251424549561e+11
1.842940251424549561e+11
1.842940251424549561e+11
1.307242428520847321e+11
1.307242428520847321e+11
1.307084924573626556e+11
1.307084924573626556e+11
1.307084924573626556e+11
1.306986480709293060e+11
1.295924015431042328e+11
1.295923770272324677e+11
1.226644443672709656e+11
1.226644443672709656e+11
1.035706214331606445e+11
1.035706214313215485e+11
1.035706214313215485e+11
1.035706214313215485e+11
1.035706214313215485e+11
1.035706214313215485e+11
1.035706214313215485e+11
1.035706214230649261e+11
1.035706214230649261e+11
1.035705386941285248e+11
5.626418676479325104e+10
5.626418676479325104e+10
5.626418676479325104e+10
5.619404486969586182e+10
5.619404486969586182e+10
5.619404486969586182e+10
5.619404486969564056e+10
3.303358250941385269e+10
3.303358250941385269e+10
3.303358250941385269e+10
3.303358250941385269e+10
3.303358250941385269e+10
3.303358250941385269e+10
3.303358250941378784e+10
3.303358249120003128e+10
2.883196527894156265e+10
2.883196527894156265e+10
2.883196527894156265e+10
2.883196527894156265e+10
2.879666752574393082e+10
2.879650414497594452e+10
2.879623317675903320e+10
2.734876914520682526e+10
2.734876914520682526e+10
2.734876914520682526e+10
2.734876895186810684e+10
1.818674194798317337e+10
1.818674194798317337e+10
1.818674194798317337e+10
1.818674194798317337e+10
1.805506622583517838e+10
1.805506622581251144e+10
1.805506622581251144e+10
9.319518670889408112e+09
9.319518670889408112e+09
9.319518670888528824e+09
9.319518670888528824e+09
9.319518670888528824e+09
9.319518563707128525e+09
9.319518563707128525e+09
7.112775193707951546e+09
7.112775193707951546e+09
7.112775193707951546e+09
7.112775193707951546e+09
7.112246719352852821e+09
7.112246719352852821e+09
7.111230607871569633e+09
7.111230607871569633e+09
7.029130943750451088e+09
7.029130943750451088e+09
7.029128544132053375e+09
6.770658846306378365e+09
5.604526637048489571e+09
5.604526637048489571e+09
5.604526637048489571e+09
5.604526637007808685e+09
5.604526637007808685e+09
5.604526635978893280e+09
5.604526635978893280e+09
5.604526635978893280e+09
5.604526635978893280e+09
2.957036585200161457e+09
2.957035980604163170e+09
2.957035980604163170e+09
2.957035980604163170e+09
2.957035980604163170e+09
2.957035980604163170e+09
2.957035980604124546e+09
2.954839172448331356e+09
1.903949213635514498e+09
1.903949213635514498e+09
1.903949213635514498e+09
1.903949213635514498e+09
1.903949213635514498e+09
1.903949213635514498e+09
1.903949213635514498e+09
1.903949213635513067e+09
1.903949213635513067e+09
1.723548916866383314e+09
1.723548916491827011e+09
1.723548916491827011e+09
1.720378823642709017e+09
1.720378823642709017e+09
1.720378823642709017e+09
1.720358493613291264e+09
1.615885472153304815e+09
1.615877822718662739e+09
1.615877800263767958e+09
1.615877800263767958e+09
1.615877800263767958e+09
1.019014147164639592e+09
1.019014147164639592e+09
1.019014147164639592e+09
1.014316806331714869e+09
1.014316806328670263e+09
5.671693768289047480e+08
5.671693768289047480e+08
5.671693768289047480e+08
5.671693768289047480e+08
5.671693768289047480e+08
5.671693768288832903e+08
5.671693738301352262e+08
5.671693738301352262e+08
5.671693738301351070e+08
4.591385853550200462e+08
4.591385853550200462e+08
4.591385853550200462e+08
4.591188423040184975e+08
4.591188423040184975e+08
4.591188423040184975e+08
4.590123708986623883e+08
4.520438556589176059e+08
4.520435096590738893e+08
4.520435096590738893e+08
4.520435096590738893e+08
3.549986764297840595e+08
3.474078322410532832e+08
3.474078322410532832e+08
3.474078322410532832e+08
3.474078321095212102e+08
3.474078321084869504e+08
3.474078321084869504e+08
3.474078321084869504e+08
1.897477554957278967e+08
1.897477554957278967e+08
1.897477366901287138e+08
1.897477366901287138e+08
1.897477366901287138e+08
1.897477366901287138e+08
1.897477366901287138e+08
1.897477366901219189e+08
1.897477366901219189e+08
1.896666150895177126e+08
1.315758751857923418e+08
1.315758751857923418e+08
1.315758751857923418e+08
1.315758751857923418e+08
1.315758751857923418e+08
1.315758751857923418e+08
1.315758751857923418e+08
1.315758751857923418e+08
1.216071383722982705e+08
1.216071383722982407e+08
1.216071383599605709e+08
1.212847126075666100e+08
1.212847126075666100e+08
1.212821716834910661e+08
1.212821716834910661e+08
1.112993831986527145e+08
1.112993831986527145e+08
1.112991090559760034e+08
1.112991053418778330e+08
6.938799323412862420e+07
6.938799323412862420e+07
6.938799323365461826e+07
6.919237553527128696e+07
6.919237553527128696e+07
6.919237553527128696e+07
6.919237553527128696e+07
4.142798644046257436e+07
4.142798644046257436e+07
4.142798644046257436e+07
4.142798644046257436e+07
4.142798644046195596e+07
4.142798644046194106e+07
4.142798633459836990e+07
4.142798633459836990e+07
3.467432417856480181e+07
3.467347356426899880e+07
3.467347356426899880e+07
3.467347356426899880e+07
3.467347356426899880e+07
3.467347356426899880e+07
3.466105810024049133e+07
3.388486392445222288e+07
3.388481503449511528e+07
3.388481503449511528e+07
3.388481503449511528e+07
3.388481503449511528e+07
2.592986297822535783e+07
2.592986297822535783e+07
2.556408168243796006e+07
2.556408165760727227e+07
2.556408165760727227e+07
2.556408165757730976e+07
1.450924682954323664e+07
1.450924682954323664e+07
1.450924682954323664e+07
1.450924610198440030e+07
1.450924610198440030e+07
1.450924610198440030e+07
1.450924610198307224e+07
1.450924610198307224e+07
1.450924610198307224e+07
1.049292997748873755e+07
1.049105555737072416e+07
1.049105555737072416e+07
1.049105555737072416e+07
1.049105555737072416e+07
1.049105555737072416e+07
1.049105555737072416e+07
1.049105555737072416e+07
1.049105555737072416e+07
9.910319269108142704e+06
9.868248559279920533e+06
9.867904610327124596e+06
9.867904610327122733e+06
9.867904609892483801e+06
9.867904609892483801e+06
9.867904609892483801e+06
8.895949559578102082e+06
8.895948962888719514e+06
8.895948962888719514e+06
8.895937374563287944e+06
5.554364245301421732e+06
5.554364245195526630e+06
5.554364245195526630e+06
5.554364245195526630e+06
5.554364245195526630e+06
5.544884985161600634e+06
5.544884985161600634e+06
5.544884985161600634e+06
3.446895718305516522e+06
3.446895718305516522e+06
3.446895718305516522e+06
3.446895718305513728e+06
3.446895718305494636e+06
3.446895714384646155e+06
3.446895714384646155e+06
3.009629415102385916e+06
3.009629415102385916e+06
3.009629415102385916e+06
3.009587012576512992e+06
3.009587012576512992e+06
3.009587012576512992e+06
3.007746836012229323e+06
3.007746836012229323e+06
2.920823538126407657e+06
2.920823538126407657e+06
2.920823538126407657e+06
2.920816110353195574e+06
2.920816110353195574e+06
2.920816110353195574e+06
2.196862135881562717e+06
2.196862131270217709e+06
2.176926972409951035e+06
2.176926972409951035e+06
2.176926972409951035e+06
2.176926972409951035e+06
1.254492355767095461e+06
1.254492355766778579e+06
1.254492355766778579e+06
1.254492326667697635e+06
1.254492326667351183e+06
1.254492326667351183e+06
1.254492326667351183e+06
1.254492326667351183e+06
1.254492326667351183e+06
9.674478585579742212e+05
9.674478585579742212e+05
9.673424190780232893e+05
9.673424190780232893e+05
9.673424190780232893e+05
9.673424190780232893e+05
9.673424190780232893e+05
9.613530368685047142e+05
9.612888045970649691e+05
9.238178856170601211e+05
9.238178856170601211e+05
9.238178856003247201e+05
9.238178856003247201e+05
8.193769513424837496e+05
8.193768478350701043e+05
8.193768478350701043e+05
8.193768478350701043e+05
8.193763218558060471e+05
5.033045627564272145e+05
5.033045627345617395e+05
5.033045627345617395e+05
5.033045627345617395e+05
5.033045627345617395e+05
5.033045627345617395e+05
5.027892049622787745e+05
3.363572663418334560e+05
3.363572663418334560e+05
3.363572663418322918e+05
3.363572663418322918e+05
3.363572663418322918e+05
3.363572663418317097e+05
3.363572663418317097e+05
3.363572661778063630e+05
3.363572661778063630e+05
3.038184492301587597e+05
3.038184492301587597e+05
3.038161373696670635e+05
3.038161373696670635e+05
3.035354658329967642e+05
3.035354658329967642e+05
3.035354658329967642e+05
2.925852378358572605e+05
2.925837711426931201e+05
2.925837711426931201e+05
2.925837711426931201e+05
2.925837711426931201e+05
2.129258350286142959e+05
2.129258341428482090e+05
2.129258341428482090e+05
2.116826623034891090e+05
2.116826623034891090e+05
2.116826623034891090e+05
1.289940135142386134e+05
1.289940135142275394e+05
1.289940135141354258e+05
1.289940135141354258e+05
1.289940121624740859e+05
1.289940121624740859e+05
1.289940121624740859e+05
1.289940121624740859e+05
1.289940121624740859e+05
1.289940121624740859e+05
1.048335421833546861e+05
1.048269179842996236e+05
1.048269179842996236e+05
1.048269179842996236e+05
1.048269179842996236e+05
1.048269179842996236e+05
1.048154844227068679e+05
1.039410981073250732e+05
1.010098695406549668e+05
1.010098385864940356e+05
8.723184731657801603e+04
8.723184731657801603e+04
8.723184731608496804e+04
8.723184731608496804e+04
8.723184731608496804e+04
8.723182112599034735e+04
8.723182112599034735e+04
8.723182112599034735e+04
5.454048415541834402e+04
5.454048415016812942e+04
5.454048415016812942e+04
5.454048415016812942e+04
5.454048415016812942e+04
5.450809221977401467e+04
3.878967021578904678e+04
3.878967021578867570e+04
3.878967021578867570e+04
3.878967021578867570e+04
3.878967021578867570e+04
3.878967021578867570e+04
3.878967021578867570e+04
3.878967021578865388e+04
3.878967020858069009e+04
3.585913353507375723e+04
3.585913353507375723e+04
3.585913353507375723e+04
3.585913353507375723e+04
3.581043015155047760e+04
3.581028904748064815e+04
3.581028904748064815e+04
3.580996010870827013e+04
3.410344582164887834e+04
3.410344582164887834e+04
3.410344582164887834e+04
3.410344582164887834e+04
3.410344537450593634e+04
2.451817777769039458e+04
2.451817777769039458e+04
2.442979039175356593e+04
2.442979039175356593e+04
1.567170724817949304e+04
1.567170724815168614e+04
1.567170724815168614e+04
1.567170724815138965e+04
1.567170724815138965e+04
1.567170718222898358e+04
1.567170718222898358e+04
1.567170718222898358e+04
1.567170718222898358e+04
1.322209835408504659e+04
1.322163540696083328e+04
1.322163540696083328e+04
1.322163540696083328e+04
1.322163540696083146e+04
1.322163540696083146e+04
1.321936893221040373e+04
1.306230814376159469e+04
1.281232468318479550e+04
1.281231722704662934e+04
1.086144134207015304e+04
1.086144134207015304e+04
1.086144134205628325e+04
1.086144134205628325e+04
1.086144134205628325e+04
1.086144134205628325e+04
1.086144133795894595e+04
6.945641174900357328e+03
6.945640626265522769e+03
6.945640626265522769e+03
6.945640626265522769e+03
6.945640626265522769e+03
6.945640626265522769e+03
6.943332164722752168e+03
6.943332164722752168e+03
5.175634779053939383e+03
5.175634779053802049e+03
5.175634779053802049e+03
5.175634779053802049e+03
5.175634779053802049e+03
5.175634779053802049e+03
5.175634779053802049e+03
5.175634779053802049e+03
5.175634779053802049e+03
5.175634778820949577e+03
4.890336910793913376e+03
4.890336910793913376e+03
4.890336910793913376e+03
4.880078928373887720e+03
4.880002804297988405e+03
4.879994145986270269e+03
4.879994145986270269e+03
4.598841051965500810e+03
4.598841051965500810e+03
4.598840930231070161e+03
4.598840930231070161e+03
3.289014103273329965e+03
3.289014103273329965e+03
3.282016096876071060e+03
3.282016096876071060e+03
3.282016096852073588e+03
2.192727658586547022e+03
2.192727658586547022e+03
2.192727658586547022e+03
2.192727658586543839e+03
2.192727658586543839e+03
2.192727656244775972e+03
2.192727656244775972e+03
2.192727656244775972e+03
1.925666536223729508e+03
1.925666536223728826e+03
1.925666536223728826e+03
1.925634089388154734e+03
1.925634089388154734e+03
1.925089303121379089e+03
1.895335570414545373e+03
1.895335570414545373e+03
1.895333537112951490e+03
1.895333537112951490e+03
1.872049836730289144e+03
1.562319515989010370e+03
1.562319515989010370e+03
1.562319515989010370e+03
1.562319515988873036e+03
1.562319514719663857e+03
1.562319514719663857e+03
1.016750703349171886e+03
1.016750703349171886e+03
1.016750682015692973e+03
1.016750682015692973e+03
1.016750682015692973e+03
1.016750682015692973e+03
1.016750682015692973e+03
1.016750682015692973e+03
1.016750682015588495e+03
1.016587198800191004e+03
8.020169985787513269e+02
8.020169985787513269e+02
8.020169985787513269e+02
8.020169985787513269e+02
7.713808556929648148e+02
7.713808556929648148e+02
7.713808556904915577e+02
7.713808556904915577e+02
7.713808556904915577e+02
7.713808556904915577e+02
7.690946657082644151e+02
7.690732383251734063e+02
7.690732383251734063e+02
7.690732383251734063e+02
7.168960115854382593e+02
7.168956725227727702e+02
7.168956356589603729e+02
5.081586197648488792e+02
5.081586197648488792e+02
5.081586197648488792e+02
5.076060772865232025e+02
5.076060772779290460e+02
3.597329237270406566e+02
3.597329237270406566e+02
3.597329237270406566e+02
3.597329237270406566e+02
3.597329237270406566e+02
3.597329237270406566e+02
3.597329236969034127e+02
3.597329236969034127e+02
3.597329236969030148e+02
3.270428932336955654e+02
3.270411949952036252e+02
3.270411949952036252e+02
3.269003353242546837e+02
3.269003353242546837e+02
3.204473820683027157e+02
3.204467233660882357e+02
3.204467233660882357e+02
2.616870906866516862e+02
2.616870906866516862e+02
2.602106095039965794e+02
2.602106095039965794e+02
2.602106095039965794e+02
2.602106090652485477e+02
2.602106090652485477e+02
2.602106090652484340e+02
1.760392228552526888e+02
1.760392228552526888e+02
1.760392225494647107e+02
1.760392225494647107e+02
1.760392225494647107e+02
1.760392225494647107e+02
1.760392225494178149e+02
1.760392225494178149e+02
1.760303287975621345e+02
1.462624963981490964e+02
1.462624963981490964e+02
1.462624963981490964e+02
1.462624963981490964e+02
1.462624963981490964e+02
1.462624963981490964e+02
1.428438986488363582e+02
1.422523821444729037e+02
1.422523821444729037e+02
1.422523821444702889e+02
1.422458102889842451e+02
1.306119460289619383e+02
1.306119460289619383e+02
1.306119321613836632e+02
1.306119267798960095e+02
1.306119267798960095e+02
9.326771777334458591e+01
9.326771777334458591e+01
9.326771776972897499e+01
9.323391760252077631e+01
9.323391760252077631e+01
7.001134931218518886e+01
7.001134931218518886e+01
7.001134931218518886e+01
7.001134931218518886e+01
7.001134931218494728e+01
7.001134931214953383e+01
7.001134931214953383e+01
6.578287781932451139e+01
6.578284496550753602e+01
6.578284496550753602e+01
6.578284496550753602e+01
6.573980302381590946e+01
6.402425131745606279e+01
6.402425131745606279e+01
6.402425131745606279e+01
6.402401557852151370e+01
6.402401557852151370e+01
6.402401557852151370e+01
6.402401557852151370e+01
5.163140891382246878e+01
5.152673433637442457e+01
5.152673433637442457e+01
5.152673414140033969e+01
5.152673414140033969e+01
3.639004774214079418e+01
3.639004774214079418e+01
3.639004774214079418e+01
3.639004774214079418e+01
3.639004774173541534e+01
3.639004774173541534e+01
3.639004774171044687e+01
3.639004774171044687e+01
3.194852548070836917e+01
3.194838540700547469e+01
3.194838540700547469e+01
3.194838540700547469e+01
3.194838540700547469e+01
3.194838540700547469e+01
3.194838540700547469e+01
3.175298584382900913e+01
3.145641995695410387e+01
3.145399247500973416e+01
3.145399247500973416e+01
3.145399247500973416e+01
3.145399247500973416e+01
2.845546572928025242e+01
2.845545982817289854e+01
2.845545982817289854e+01
2.845545982024846410e+01
2.057173914081179333e+01
2.057173913881833016e+01
2.057173913881833016e+01
2.057173913881833016e+01
2.057173913881833016e+01
2.057095262240905953e+01
2.057095262240905953e+01
1.656515173280883246e+01
1.656515173280866904e+01
1.656515173280866904e+01
1.656515173280866904e+01
1.656515173280866904e+01
1.612027074680708694e+01
1.612027074680708694e+01
1.612027074680708694e+01
1.612027074680708694e+01
1.612027068559947551e+01
1.610317529079858190e+01
1.610317529079858190e+01
1.610317529079858190e+01
1.555687719022428972e+01
1.555687719022428972e+01
1.555677205027295429e+01
1.555677205027295429e+01
1.238380881538011202e+01
1.238380881538011202e+01
1.238380871441124498e+01
1.238092421316086700e+01
1.238092421316086700e+01
1.238092421316086700e+01
9.307229511310152859e+00
9.307229511310152859e+00
9.307229511291644997e+00
9.307229511291644997e+00
9.307229511291639668e+00
9.307229511291639668e+00
9.307229511291639668e+00
8.743125071901141965e+00
8.743125071901141965e+00
8.743124746446323314e+00
8.743124746446323314e+00
8.743124746446323314e+00
8.743124746446323314e+00
8.665053187173002769e+00
8.663834487217775049e+00
8.653191033446317348e+00
7.675633144690100274e+00
7.675629901201268090e+00
7.675629901201268090e+00
7.675629901201268090e+00
7.675629901201145522e+00
7.675629901201145522e+00
5.721376639339662340e+00
5.721376637957259703e+00
5.721376637957259703e+00
5.721376637957259703e+00
5.721376637957259703e+00
5.721374750471112769e+00
5.099067709802632464e+00
5.099067709802454829e+00
5.099067709802454829e+00
5.099067709802454829e+00
5.099067709802454829e+00
5.099067709802454829e+00
5.099067709802454829e+00
5.078439290599744638e+00
5.078439290599744638e+00
5.078439290599744638e+00
5.078439290599744638e+00
5.078439290598446121e+00
5.069368518517491040e+00
5.069294647898454187e+00
4.834504028541998011e+00
4.834504028541998011e+00
4.834504028541998011e+00
3.827502019558201241e+00
3.827501946697756452e+00
3.827501946697756452e+00
3.827501946697756452e+00
3.827493396153371918e+00
3.229250640351535750e+00
3.229250640331561506e+00
3.229250640331561506e+00
3.229250640331561506e+00
3.229250640331561506e+00
3.229250640331561506e+00
3.229250640331561506e+00
3.195051060529837450e+00
3.195051060520548880e+00
3.195051060520548880e+00
3.195051060520547548e+00
3.195051060520547548e+00
3.194164689875456098e+00
3.148632374018277336e+00
3.148588708914774159e+00
3.148585097644271968e+00
2.730486157032041561e+00
2.730486157032041561e+00
2.730486157032041561e+00
2.730486157032041561e+00
2.730486154653583686e+00
2.237212890498445628e+00
2.237212890498445628e+00
2.237212890498445628e+00
2.237212890498445628e+00
2.237212890436766966e+00
2.187301652205733138e+00
2.187301652205440483e+00
2.187301652205440483e+00
2.187301652205440483e+00
2.187301652205440483e+00
2.187301652205440483e+00
2.187301652205440483e+00
2.187301652205440483e+00
2.187301652205440483e+00
2.187183419057081135e+00
2.187183419057081135e+00
2.187183419057081135e+00
2.179803557388606983e+00
2.179803557388606983e+00
2.179730484657939726e+00
2.179730484657939726e+00
2.039034918895357151e+00
2.039034918895357151e+00
2.039034918895357151e+00
2.039034782073731122e+00
1.697279663516263915e+00
1.697279663156922247e+00
1.697279663115239590e+00
1.633128601754257225e+00
1.633128601754257225e+00
1.633128601754257225e+00
1.633128601754257225e+00
1.633128601754257225e+00
1.633128601754257225e+00
1.632854375194178642e+00
1.632854375194175089e+00
1.632854375194175089e+00
1.632854375194175089e+00
1.631837681331184786e+00
1.592951818041144607e+00
1.592946872686693993e+00
1.592946870298135309e+00
1.396621006276226318e+00
1.396621006276226318e+00
1.396621006276226318e+00
1.396621006276226318e+00
1.396621006276226318e+00
1.396621002158882741e+00
1.325162048445143625e+00
1.325162048445143625e+00
1.325162048445143625e+00
1.325162048445143625e+00
1.325162048445143625e+00
1.325162048444332052e+00
1.325162048444332052e+00
1.324606606438408107e+00
1.324606606438408107e+00
1.324606606438408107e+00
1.324606606438408107e+00
1.324606606438408107e+00
1.324606597171051003e+00
1.324606597171051003e+00
1.324606597171051003e+00
1.315692881703651729e+00
1.315575934144895154e+00
1.315575934144895154e+00
1.223144312281049695e+00
1.223144312281049695e+00
1.223144312281049695e+00
1.223144048875088652e+00
1.156359459524208599e+00
1.156359459524208599e+00
1.156359459524208599e+00
1.156359459396188116e+00
1.155400156408266099e+00
1.155400156408266099e+00
1.155400156408266099e+00
1.155400156408266099e+00
1.155400156408266099e+00
1.155400156408252332e+00
1.155400127069394101e+00
1.155400127069394101e+00
1.153719504834158416e+00
1.118685139395443562e+00
1.118685139395443562e+00
1.118674424434203729e+00
1.068249764145317471e+00
1.068249764145317471e+00
1.068249764145317471e+00
1.068249764145317471e+00
1.068249751257765556e+00
1.068249751257765556e+00
1.068249751257765556e+00
1.066884540249921631e+00
1.066884540249921631e+00
1.066884540249921631e+00
1.066884540249921631e+00
1.066884540249921631e+00
1.066884540246441748e+00
1.066884463270621586e+00
1.066884463270621586e+00
1.066884463270621586e+00
1.066884463270621586e+00
1.066884463270621586e+00
1.066884463270621586e+00
1.066884463270621586e+00
1.056424093893302274e+00
1.056424093893302274e+00
1.056174998002024523e+00
1.026400230018822635e+00
1.026399415147634775e+00
1.026399415147634775e+00
1.026399415147634775e+00
1.024858472228669548e+00
1.024858471690665240e+00
1.024858471690665240e+00
1.024858471690665240e+00
1.024858310516682414e+00
1.024858310516682414e+00
1.024858310516682414e+00
1.024858310516610693e+00
1.024858310516610693e+00
1.024858310516610693e+00
1.024858310516610693e+00
1.022461012382447576e+00
1.009069707824505668e+00
1.009040901978485616e+00
1.009040901978485616e+00
1.007709800445508952e+00
1.007709800445508952e+00
1.007709800445508952e+00
1.007709800445508952e+00
1.007709800445508952e+00
1.007709800445508952e+00
1.007709750062824483e+00
1.007709750062824483e+00
1.007709490096516891e+00
1.007709490096516891e+00
1.007709490096516891e+00
1.007709490079906400e+00
1.007709490079906400e+00
1.007709490079906400e+00
1.007709490079906400e+00
1.007709490079906400e+00
1.007709490079906400e+00
1.007709490079905290e+00
1.007709490079905290e+00
1.003223141317081346e+00
1.002815587462100977e+00
1.002815587462100977e+00
1.001959402830705503e+00
1.001959402830705503e+00
1.001956837008065815e+00
1.001956522710623076e+00
1.001956520451492860e+00
1.001956520451492860e+00
1.001956520451492860e+00
1.001956520451492860e+00
1.001956520451492860e+00
1.001956520451492638e+00
1.001956520451124932e+00
1.001956520451124932e+00
1.001956520451124932e+00
1.001956520451124932e+00
1.000859531436842698e+00
1.000859531436842698e+00
1.000456325712103967e+00
1.000456325712103967e+00
1.000404945172192361e+00
1.000404945172192361e+00
1.000404945172192361e+00
1.000404945172192361e+00
1.000404665174039698e+00
1.000404501102454269e+00
1.000404501102454269e+00
1.000404501102454269e+00
1.000404501102454269e+00
1.000404501102454269e+00
1.000404501102453825e+00
1.000404501102453825e+00
1.000404501030534465e+00
1.000404501030534465e+00
1.000404501030534465e+00
1.000404501030534465e+00
1.000404501030534465e+00
1.000404501030528692e+00
1.000266731852301971e+00
1.000072963561253081e+00
1.000072963561253081e+00
1.000072963561253081e+00
1.000072963561253081e+00
1.000072781425075163e+00
1.000068143083803651e+00
1.000068143083803207e+00
1.000068135647203871e+00
1.000068135647203871e+00
1.000068135647203871e+00
1.000068135647203871e+00
1.000068135647203871e+00
1.000068135645595158e+00
1.000068135645595158e+00
1.000068135645595158e+00
1.000068135645595158e+00
1.000068135645595158e+00
1.000068135645595158e+00
1.000068135645595158e+00
1.000068135645595158e+00
1.000068135645595158e+00
1.000034194603108828e+00
1.000009646804669305e+00
1.000009560744842929e+00
1.000009560744842929e+00
1.000009560744842929e+00
1.000009560744842485e+00
1.000009263260434267e+00
1.000009263260434267e+00
1.000009263260434267e+00
1.000009263260434267e+00
1.000009263022982875e+00
1.000009263022982875e+00
1.000009263022982875e+00
1.000009263022982875e+00
1.000009263022982875e+00
1.000009263022982875e+00
1.000009263022957784e+00
1.000009263022957784e+00
1.000003253484791799e+00
1.000003224060899809e+00
1.000001006517411195e+00
1.000001006517410751e+00
1.000001006517410751e+00
1.000000993024984242e+00
1.000000993024984242e+00
1.000000993024984242e+00
1.000000993024984242e+00
1.000000993024984242e+00
1.000000993024984242e+00
1.000000993019669160e+00
1.000000993019669160e+00
1.000000993019669160e+00
1.000000993019669160e+00
1.000000993019669160e+00
1.000000993019669160e+00
1.000000993019669160e+00
1.000000993019669160e+00
1.000000985766658745e+00
1.000000985766658523e+00
1.000000224223539513e+00
1.000000224223539291e+00
1.000000081982480804e+00
1.000000081982480804e+00
1.000000081982480804e+00
1.000000081982480804e+00
1.000000081551615905e+00
1.000000081551615905e+00
1.000000081551615905e+00
1.000000081551615905e+00
1.000000081551615905e+00
1.000000081551615905e+00
1.000000081551532860e+00
1.000000081551532860e+00
1.000000080267215319e+00
1.000000080267215319e+00
1.000000011470007610e+00
1.000000011470007610e+00
1.000000011470007610e+00
1.000000011470007610e+00
1.000000011470007610e+00
1.000000005018547355e+00
1.000000005018547355e+00
1.000000005018547355e+00
1.000000005018547355e+00
1.000000005018547355e+00
1.000000005018547355e+00
1.000000005008902848e+00
1.000000005008902848e+00
1.000000005008902848e+00
1.000000005008902848e+00
1.000000005008902848e+00
1.000000005008902848e+00
1.000000005008901960e+00
1.000000005008901960e+00
1.000000004846148371e+00
1.000000004846148371e+00
1.000000004846148371e+00
1.000000004846148371e+00
1.000000000433235892e+00
1.000000000433235892e+00
1.000000000433235892e+00
1.000000000433235892e+00
1.000000000227215802e+00
1.000000000227215802e+00
1.000000000227215802e+00
1.000000000227215802e+00
1.000000000227065033e+00
1.000000000227065033e+00
1.000000000227065033e+00
1.000000000212362128e+00
1.000000000212362128e+00
1.000000000212362128e+00
1.000000000212362128e+00
1.000000000212362128e+00
1.000000000212362128e+00
1.000000000012210677e+00
1.000000000012210677e+00
1.000000000012210677e+00
1.000000000012210677e+00
1.000000000012210677e+00
1.000000000012210677e+00
1.000000000012210677e+00
1.000000000007599033e+00
1.000000000007599033e+00
1.000000000007599033e+00
1.000000000007597478e+00
1.000000000007597478e+00
1.000000000007597478e+00
1.000000000007597478e+00
1.000000000007597478e+00
1.000000000007597478e+00
1.000000000007597478e+00
1.000000000006654233e+00
1.000000000006654233e+00
1.000000000000262679e+00
1.000000000000262679e+00
1.000000000000262679e+00
1.000000000000262679e+00
1.000000000000190736e+00
1.000000000000190736e+00
1.000000000000190736e+00
1.000000000000190736e+00
1.000000000000190736e+00
1.000000000000190736e+00
1.000000000000190736e+00
1.000000000000190736e+00
1.000000000000190736e+00
1.000000000000190736e+00
1.000000000000147882e+00
1.000000000000147882e+00
1.000000000000147882e+00
1.000000000000147882e+00
1.000000000000147882e+00
1.000000000000004885e+00
1.000000000000004885e+00
1.000000000000004885e+00
1.000000000000004885e+00
1.000000000000003997e+00
1.000000000000003997e+00
1.000000000000003997e+00
1.000000000000003997e+00
1.000000000000003997e+00
1.000000000000003997e+00
1.000000000000003997e+00
1.000000000000002665e+00
1.000000000000002665e+00
1.000000000000002665e+00
1.000000000000002665e+00
1.000000000000000444e+00
1.000000000000000444e+00
1.000000000000000444e+00
1.000000000000000444e+00
1.000000000000000444e+00
1.000000000000000444e+00
1.000000000000000444e+00
1.000000000000000444e+00
1.000000000000000444e+00
1.000000000000000444e+00
1.000000000000000444e+00
1.000000000000000444e+00
1.000000000000000444e+00
1.000000000000000444e+00
1.000000000000000444e+00
1.000000000000000444e+00
1.000000000000000444e+00
1.000000000000000444e+00
1.000000000000000444e+00
1.000000000000000444e+00
1.000000000000000444e+00
1.000000000000000444e+00
1.000000000000000444e+00
1.000000000000000444e+00
1.000000000000000444e+00
1.000000000000000444e+00
1.000000000000000444e+00
1.000000000000000444e+00
1.000000000000000444e+00
1.000000000000000444e+00
1.000000000000000444e+00
1.000000000000000444e+00
1.000000000000000444e+00
1.000000000000000444e+00
1.000000000000000444e+00
1.000000000000000444e+00
1.000000000000000444e+00
1.000000000000000444e+00
1.000000000000000444e+00
1.000000000000000444e+00
1.000000000000000444e+00
1.000000000000000444e+00
1.000000000000000444e+00
1.000000000000000444e+00
1.000000000000000444e+00
1.000000000000000444e+00
1.000000000000000444e+00
1.000000000000000444e+00
1.000000000000000444e+00
1.000000000000000444e+00
1.000000000000000444e+00
1.000000000000000444e+00
1.000000000000000444e+00
1.000000000000000444e+00
1.000000000000000444e+00
1.000000000000000444e+00
1.000000000000000444e+00
1.000000000000000444e+00
1.000000000000000444e+00
1.000000000000000444e+00
1.000000000000000444e+00
1.000000000000000444e+00
1.000000000000000444e+00
1.000000000000000444e+00
1.000000000000000444e+00
1.000000000000000444e+00
1.000000000000000444e+00
1.000000000000000444e+00
1.000000000000000444e+00
1.000000000000000444e+00
1.000000000000000444e+00
1.000000000000000444e+00
1.000000000000000444e+00
1.000000000000000444e+00
1.000000000000000444e+00
1.000000000000000444e+00
1.000000000000000444e+00
1.000000000000000444e+00
1.000000000000000444e+00
1.000000000000000444e+00
1.000000000000000444e+00
1.000000000000000444e+00
1.000000000000000444e+00
1.000000000000000444e+00
1.000000000000000444e+00
1.000000000000000444e+00
1.000000000000000444e+00
1.000000000000000444e+00
1.000000000000000444e+00
1.000000000000000444e+00
1.000000000000000444e+00
1.000000000000000444e+00
1.000000000000000444e+00
1.000000000000000444e+00
1.000000000000000444e+00
1.000000000000000444e+00
1.000000000000000444e+00
1.000000000000000444e+00
1.000000000000000444e+00
1.000000000000000444e+00
1.000000000000000444e+00
1.000000000000000444e+00
1.000000000000000444e+00
1.000000000000000444e+00
1.000000000000000444e+00
1.000000000000000444e+00
1.000000000000000444e+00
1.000000000000000444e+00
1.000000000000000444e+00
1.000000000000000444e+00
1.000000000000000444e+00
1.000000000000000444e+00
1.000000000000000444e+00
1.000000000000000444e+00
1.000000000000000444e+00
1.000000000000000444e+00
1.000000000000000444e+00
1.000000000000000444e+00
1.000000000000000444e+00
1.000000000000000444e+00
1.000000000000000444e+00
1.000000000000000444e+00
1.000000000000000444e+00
1.000000000000000444e+00
1.000000000000000444e+00
1.000000000000000444e+00
1.000000000000000444e+00
1.000000000000000444e+00
1.000000000000000444e+00
1.000000000000000444e+00
1.000000000000000444e+00
1.000000000000000444e+00
1.000000000000000444e+00
1.000000000000000444e+00
1.000000000000000444e+00
1.000000000000000444e+00
1.000000000000000444e+00
1.000000000000000444e+00
1.000000000000000444e+00
1.000000000000000444e+00
1.000000000000000444e+00
1.000000000000000444e+00
1.000000000000000444e+00
1.000000000000000444e+00
1.000000000000000444e+00
1.000000000000000444e+00
1.000000000000000444e+00
1.000000000000000444e+00
1.000000000000000444e+00
1.000000000000000444e+00
1.000000000000000444e+00
1.000000000000000444e+00
1.000000000000000444e+00
1.000000000000000444e+00
1.000000000000000444e+00
1.000000000000000444e+00
1.000000000000000444e+00
1.000000000000000444e+00
1.000000000000000444e+00
1.000000000000000444e+00
1.000000000000000444e+00
1.000000000000000444e+00
1.000000000000000444e+00
1.000000000000000444e+00
1.000000000000000444e+00
1.000000000000000444e+00
1.000000000000000444e+00
1.000000000000000444e+00
1.000000000000000444e+00
1.000000000000000444e+00
1.000000000000000444e+00
1.000000000000000444e+00
1.000000000000000444e+00
1.000000000000000444e+00
1.000000000000000444e+00
1.000000000000000444e+00
1.000000000000000444e+00
1.000000000000000444e+00
1.000000000000000444e+00
1.000000000000000444e+00
1.000000000000000444e+00
1.000000000000000444e+00
1.000000000000000444e+00
1.000000000000000444e+00
1.000000000000000444e+00
1.000000000000000444e+00
1.000000000000000444e+00
1.000000000000000444e+00
1.000000000000000444e+00
1.000000000000000444e+00
1.000000000000000444e+00
1.000000000000000444e+00
1.000000000000000444e+00
1.000000000000000444e+00
1.000000000000000444e+00
1.000000000000000444e+00
1.000000000000000444e+00
1.000000000000000444e+00
1.000000000000000444e+00
1.000000000000000444e+00
1.000000000000000444e+00
1.000000000000000444e+00
1.000000000000000444e+00
1.000000000000000444e+00
1.000000000000000444e+00
1.000000000000000444e+00
1.000000000000000444e+00
1.000000000000000444e+00
1.000000000000000444e+00
1.000000000000000444e+00
1.000000000000000444e+00
1.000000000000000444e+00
1.000000000000000444e+00
1.000000000000000444e+00
1.000000000000000444e+00
1.000000000000000444e+00
1.000000000000000444e+00
1.000000000000000444e+00
1.000000000000000444e+00
1.000000000000000444e+00
1.000000000000000444e+00
1.000000000000000444e+00
1.000000000000000444e+00
1.000000000000000444e+00
1.000000000000000444e+00
1.000000000000000444e+00
1.000000000000000444e+00
1.000000000000000444e+00
1.000000000000000444e+00
1.000000000000000444e+00
1.000000000000000444e+00
1.000000000000000444e+00
1.000000000000000444e+00
1.000000000000000444e+00
1.000000000000000444e+00
1.000000000000000444e+00
1.000000000000000444e+00
1.000000000000000444e+00
1.000000000000000444e+00
1.000000000000000444e+00
