8.088460674087661472e+89
4.616603287468511309e+89
1.510166066422320113e+89
2.749017024301552046e+88
2.554421299426655446e+88
2.059341324876936751e+88
4.213242780507793530e+87
1.290008967792060887e+87
1.288479248371721756e+87
1.019375791187128620e+87
9.505580865211199652e+86
1.410944602838072730e+86
6.958159486600701178e+85
6.901617866653971067e+85
3.850750529931725918e+85
3.850591209592142873e+85
5.840252773371012486e+84
5.826691837393835720e+84
5.826228340779237746e+84
5.461492285682143982e+84
3.893581136974926309e+84
1.345489885734324655e+84
1.345485472006199847e+84
2.968391041574219464e+83
2.966373955779729607e+83
2.964915576413709879e+83
2.369529672348660273e+83
2.093515189593945024e+83
4.919734948971919230e+82
1.789366547206534320e+82
1.789363710377061914e+82
1.780029351707177223e+82
1.780029222828976113e+82
9.646695127736178257e+81
9.646220329443791660e+81
2.092478024356574144e+81
2.078896884501519688e+81
2.078812795411801324e+81
1.962420796658254281e+81
1.962420789658816882e+81
1.150060910797143616e+81
3.470537456746692926e+80
3.470537450755472441e+80
3.470523505937602637e+80
1.036700582199108801e+80
1.036349837277754996e+80
1.034956465078764901e+80
1.034956392239576290e+80
8.494987979939094076e+79
6.902317599551589817e+79
1.268930167259752310e+79
5.867805959789080614e+78
5.867805959636029767e+78
5.867799241919055604e+78
5.853454244436536320e+78
5.853453582639879139e+78
5.853453582472395571e+78
3.459861330842154265e+78
3.459382880204065628e+78
5.443563212995344842e+77
5.398771755113327850e+77
5.398646871162291703e+77
5.282686480145427537e+77
5.282686473501716257e+77
3.545679631907340823e+77
1.277461361455658329e+77
1.277461361455186018e+77
1.277461357600469980e+77
1.277446555681298787e+77
2.792615406613200638e+76
2.792054872349153177e+76
2.787119807590930793e+76
2.787119738399159477e+76
2.571652146175015903e+76
2.571652146174606134e+76
2.179427745889019753e+76
4.854917246780849141e+75
1.709613872065765570e+75
1.709613872004070197e+75
1.709613872004066180e+75
1.709613125058753103e+75
1.706929253134129945e+75
1.706928812236779948e+75
1.706928812225358234e+75
1.325762340324875279e+75
1.325419435639336981e+75
2.170395794500663518e+74
2.152054881322850826e+74
2.152028888682377644e+74
2.111345902697772864e+74
2.111345901846671185e+74
1.166563848064666975e+74
6.365861570721130314e+73
6.365861570721126548e+73
6.365861570715558758e+73
6.365861495723092118e+73
6.365682061929579979e+73
1.171581481181548329e+73
1.171452244323449134e+73
1.169214328745470229e+73
1.169214318980001337e+73
1.085217930212590172e+73
1.085217930212503862e+73
8.258053227744508362e+72
2.863300215789069980e+72
7.737069020234882906e+71
7.737069019244924134e+71
7.737067792349722284e+71
7.737067792349683052e+71
7.729863043571372003e+71
7.729858629650924727e+71
7.729858629623196611e+71
6.007466801171168134e+71
6.005652882856486074e+71
6.005652882856486074e+71
1.397411556975470810e+71
1.366398336927286269e+71
1.366389933380858156e+71
1.344838686601766990e+71
1.344838686193003105e+71
5.888049959881630409e+70
3.058195714396330646e+70
3.058195714396330033e+70
3.058195714386262763e+70
3.058195629895663634e+70
3.058195629895663021e+70
3.058088938548742080e+70
7.578399781687639978e+69
7.577966089959877882e+69
7.539353557974118751e+69
7.539353509907629051e+69
7.076719220178437122e+69
7.076719220178176598e+69
4.686955469745307749e+69
1.397091138894957747e+69
1.397091138894957747e+69
4.854368363386601364e+68
4.854368361484192049e+68
4.854367789756351679e+68
4.854367789756230995e+68
4.852092199697656373e+68
4.852087718949318362e+68
4.852087718941587880e+68
4.852087718941587880e+68
3.926486365196574005e+68
3.923282779419779397e+68
3.923282779419779397e+68
6.830344466017380774e+67
6.646802111960713588e+67
6.646778572097998389e+67
6.605482856318373360e+67
6.605482855620628140e+67
3.478784932648167738e+67
2.027139133341427648e+67
2.027139133341427648e+67
2.027139133319833229e+67
2.027139037676069364e+67
2.027139037676068765e+67
2.027139037676068765e+67
2.026945147463049107e+67
3.732717365218115930e+66
3.732717365218115930e+66
3.732592811690609008e+66
3.709302243279002469e+66
3.709302235046828527e+66
3.616028895731221279e+66
3.616028895731189851e+66
2.636945756166135957e+66
9.640267400706270668e+65
9.640267400706270668e+65
2.501608784635357058e+65
2.501608783333722654e+65
2.501608675905451315e+65
2.501608675905296045e+65
2.500893165160729221e+65
2.500888241378687050e+65
2.500888241377746544e+65
2.500888241377746544e+65
2.278833622221641505e+65
2.276148700445063307e+65
2.276148700445063307e+65
2.276148700445063307e+65
4.942744179238762919e+64
4.805884134510032299e+64
4.805875427247166436e+64
4.780296290572953668e+64
4.780296290405509426e+64
1.965313220525876587e+64
1.483875236821111856e+64
1.483875236821111856e+64
1.483875236791301022e+64
1.483875024808410743e+64
1.483875024808408989e+64
1.483875024808408989e+64
1.483616450687590345e+64
2.827318723053469852e+63
2.827318723053469852e+63
2.827268161784422797e+63
2.808234082895915027e+63
2.808234080733842579e+63
2.744782278959374196e+63
2.744782278959374196e+63
2.744782278959362504e+63
1.693655826103605665e+63
8.942858565136526400e+62
8.942858565136526400e+62
2.001793931296376928e+62
2.001793927848866978e+62
2.001793896328439200e+62
2.001793896328182523e+62
2.001469686699992443e+62
2.001461837209586771e+62
2.001461837209199245e+62
2.001461837209199245e+62
1.832312925596060685e+62
1.829839576856072761e+62
1.829839576856072761e+62
1.829839576856072761e+62
5.504517327198397332e+61
5.145189163233017807e+61
5.145189163233017807e+61
5.145184590122331150e+61
5.124413486706421325e+61
5.124413486582716058e+61
1.701783664978999659e+61
1.277067543113354373e+61
1.277067543113354373e+61
1.277067543022022082e+61
1.277067152208631971e+61
1.277067152208628260e+61
1.277067152208628260e+61
1.276794219842785071e+61
3.247614469430324289e+60
3.247614469430324289e+60
3.247583900897271168e+60
3.192843869886066832e+60
3.192843868089270814e+60
3.134551496091624321e+60
3.134551496091624321e+60
3.134551496091618255e+60
1.625495594556483280e+60
8.064773111716758451e+59
8.064773111716758451e+59
2.299130194706065677e+59
2.299130183386503568e+59
2.299130156655199297e+59
2.299130156653800594e+59
2.298934172399566111e+59
2.298934172399566111e+59
2.298919413644601326e+59
2.298919413644401511e+59
2.298919413644401511e+59
2.138481371749582889e+59
2.131078282424053966e+59
2.131078282424053966e+59
2.131078282424053966e+59
5.068757192210806659e+58
4.674960285369932172e+58
4.674960285369932172e+58
4.674960285369932172e+58
4.674957858174858819e+58
4.667081760233896060e+58
4.667081760193809913e+58
1.890280643885809266e+58
1.498588331738394934e+58
1.498588331738394934e+58
1.498588331425357423e+58
1.498587564486732048e+58
1.498587564486711699e+58
1.497760231695690372e+58
1.497760231695690372e+58
2.953704902511720477e+57
2.953704902511720477e+57
2.953688646229997345e+57
2.894568201055707338e+57
2.894568200478788453e+57
2.872378185284352038e+57
2.872378185284352038e+57
2.872378185284350644e+57
1.707455981305835130e+57
9.730307270243714974e+56
9.730307270243714974e+56
9.730307270243714974e+56
2.123737880380417167e+56
2.123737866615974301e+56
2.123737866613003772e+56
2.123737857702572465e+56
2.123630347280265885e+56
2.123630347280265885e+56
2.123602614907199826e+56
2.123602614907154963e+56
2.123602614907154963e+56
2.058241234471593573e+56
2.049266429228353207e+56
2.049266429228353207e+56
2.049266429228353207e+56
6.443856494563623910e+55
5.934216179743024376e+55
5.934216179743024376e+55
5.934216179743024376e+55
5.934214651897154641e+55
5.926053406055459673e+55
5.926053406038310531e+55
1.847247417935669095e+55
1.653698251494990670e+55
1.653698251494990670e+55
1.653698250951742121e+55
1.653696194381466723e+55
1.653696194381405200e+55
1.653696194381405200e+55
1.652376896462757953e+55
1.652376896462757953e+55
3.955314447505899743e+54
3.955314447505899743e+54
3.955303059332942352e+54
3.870407051636591048e+54
3.870407051362901941e+54
3.844873539894760803e+54
3.844873539894760803e+54
3.844873539894759442e+54
3.844873539894759442e+54
1.847539022259626294e+54
1.344417526438297609e+54
1.344417526438297609e+54
1.344417526438297609e+54
2.986613505941491359e+53
2.986613445996862998e+53
2.986613445988489500e+53
2.986613441312736277e+53
2.986530375836070058e+53
2.986530375836070058e+53
2.986458533490543323e+53
2.986458533490542898e+53
2.986458533490511422e+53
2.903107508065239073e+53
2.888796439681110568e+53
2.888796439681110568e+53
2.888796439681110568e+53
1.199532193737093174e+53
1.008645980527252649e+53
1.008645980527252649e+53
1.008645980527252649e+53
1.008645863408328468e+53
1.007724328106411888e+53
1.007724328104662624e+53
2.755841304606524052e+52
2.477707452210878014e+52
2.477707452210878014e+52
2.477707452210878014e+52
2.477707449525399880e+52
2.477701402347130774e+52
2.477701402346934048e+52
2.477701402346934048e+52
2.475326634376816512e+52
2.475326634376816512e+52
7.781081124800802003e+51
7.781081124800802003e+51
7.781069430636841265e+51
7.402920748684508614e+51
7.402920748331326089e+51
7.366366978978525357e+51
7.366366978978525357e+51
7.366366978978524028e+51
7.366366978978524028e+51
2.987784099331246618e+51
2.150915465676146782e+51
2.150915465676146782e+51
2.150915465676146782e+51
6.030157685148593933e+50
6.030157365058847680e+50
6.030157364983679006e+50
6.030157358260117312e+50
6.030067507428571797e+50
6.030067507428571797e+50
6.029832627355118696e+50
6.029832627355115373e+50
6.029832627355087127e+50
5.896302210335002499e+50
5.826899157389633345e+50
5.826899157389633345e+50
5.826899157389633345e+50
5.826899157389633345e+50
2.061750887880454771e+50
1.676012240521731236e+50
1.676012240521731236e+50
1.676012240521731236e+50
1.676012126456717688e+50
1.675336654318543781e+50
1.675336654317481229e+50
5.540446578225600527e+49
5.091548116644146233e+49
5.091548116644146233e+49
5.091548101790144879e+49
5.091548101790144879e+49
5.091527622570747027e+49
5.091527622568914146e+49
5.091527622568914146e+49
5.079672859203801105e+49
5.079672859203801105e+49
5.079672859203801105e+49
1.309981352701835999e+49
1.309980183557051651e+49
1.234843384325539812e+49
1.234843384303947127e+49
1.232137287256396054e+49
1.232137287256396054e+49
1.232137287256396054e+49
1.232137287256396054e+49
5.803162303591796688e+48
4.480427497478690266e+48
4.480427497478690266e+48
4.480427497478690266e+48
4.480427497478690266e+48
4.480426080331746940e+48
1.009660762737137022e+48
1.009660762709534122e+48
1.009660762295357583e+48
1.009651877101057424e+48
1.009651877101057424e+48
1.009573930377040088e+48
1.009573930377038465e+48
1.009573930377037167e+48
9.995180372818078113e+47
9.854401299344927656e+47
9.854401299344927656e+47
9.854401299344927656e+47
9.854401299344927656e+47
4.465992716603445935e+47
4.465992716603445935e+47
3.635500522137678842e+47
3.635500522137678842e+47
3.635500522137678842e+47
3.635500404209102455e+47
3.634379235044701732e+47
3.634379235043924510e+47
9.507733237608968227e+46
9.140780255859816063e+46
9.140780255859816063e+46
9.140780217465056481e+46
9.140780217465056481e+46
9.140702082107336439e+46
9.140702082099602756e+46
9.140702082099602756e+46
9.113684996779561823e+46
9.113684996779561823e+46
9.113684996779561823e+46
3.020791476274127975e+46
2.838305487315796668e+46
2.838304281310873235e+46
2.838304281293139817e+46
2.838304281293139817e+46
2.833259223295644324e+46
2.833259223295644324e+46
2.833259223295644324e+46
2.833259223295644324e+46
1.064947651390893680e+46
9.311002388699577591e+45
9.311002388699577591e+45
9.311002388699577591e+45
9.310995143706211621e+45
9.310995141823617376e+45
2.456201357037786660e+45
2.456201356656760679e+45
2.456189802500975514e+45
2.455863432596789277e+45
2.455863432596789277e+45
2.455863432596775649e+45
2.455863432596774382e+45
2.434844251347080860e+45
2.396626743237647132e+45
2.396626743237647132e+45
2.396626743237647132e+45
2.396626743237647132e+45
1.347486209457712181e+45
9.337338952673149470e+44
9.337338952673149470e+44
9.337338952673149470e+44
9.337338952673149470e+44
9.337338831744535036e+44
9.335713508022240756e+44
9.335713508021239312e+44
2.435962173678216649e+44
2.350679153393670008e+44
2.350679153393670008e+44
2.350679153393670008e+44
2.350679123335574730e+44
2.350642562121046461e+44
2.350642562121046461e+44
2.350642562116944027e+44
2.350642562116944027e+44
2.342459850720846068e+44
2.342459850720845672e+44
9.860688568808222175e+43
9.860688568808222175e+43
8.688395694844604108e+43
8.688393938125706031e+43
8.688393938093224465e+43
8.688393938093224465e+43
8.678000180279689937e+43
8.678000180279689937e+43
8.678000180279689937e+43
8.678000180279689937e+43
2.905390209738168799e+43
2.552311207817214083e+43
2.552311207817214083e+43
2.552311207817214083e+43
2.552307355979877767e+43
2.552307354305320732e+43
2.552307354305320732e+43
8.423873320696861241e+42
8.423873319820821831e+42
8.423852193343902098e+42
8.422093264348446968e+42
8.422093264348318223e+42
8.422093264348318223e+42
8.422093264348315747e+42
8.367660918602965015e+42
8.082886494978327751e+42
8.082886494978327751e+42
8.082886494978327751e+42
8.082886494978327751e+42
4.196197228782424532e+42
2.726433208170052001e+42
2.726433208170052001e+42
2.726433208170052001e+42
2.726433208170052001e+42
2.726433188016753663e+42
2.726217752735916851e+42
2.726217752735809769e+42
8.533598851602151609e+41
8.301756161247180359e+41
8.301756161247180359e+41
8.301756161247180359e+41
8.301755895987912685e+41
8.301546945585368235e+41
8.301546945524798924e+41
8.301546945524798924e+41
8.301546945524798924e+41
8.236224067172600697e+41
8.236224067172599150e+41
3.043675741593955688e+41
3.043675741593955688e+41
2.617761954157398159e+41
2.617761642442895852e+41
2.617761642439194024e+41
2.617761642439194024e+41
2.616293993231334847e+41
2.616293993231334847e+41
2.616293993231334847e+41
2.616293993231334847e+41
1.010388902891696420e+41
9.137921919716195050e+40
9.137921919716195050e+40
9.137921919716195050e+40
9.137921904528750120e+40
9.137899280564591385e+40
2.564336174808543418e+40
2.564336174808543418e+40
2.564336174706626620e+40
2.563288492375579186e+40
2.563284668775859364e+40
2.563284668775717194e+40
2.563284668775717194e+40
2.563284668775716711e+40
2.555419931215534894e+40
2.452339284350414765e+40
2.452339284350414765e+40
2.452339284350414765e+40
2.452339284350414765e+40
2.452339284350414765e+40
1.516137948977514424e+40
9.995558824848251332e+39
9.995558824848251332e+39
9.995558824848251332e+39
9.995558824848251332e+39
9.995558790841415856e+39
9.994992780237300076e+39
9.994992780237167095e+39
2.604083120425058955e+39
2.604083120425058955e+39
2.570036227490816529e+39
2.570036111002421446e+39
2.570036111002421446e+39
2.570036110961346680e+39
2.569907371831449673e+39
2.569907371831449673e+39
2.569907371831449673e+39
2.545491561785760545e+39
2.545491561785757825e+39
1.179254955733342005e+39
1.179254955733342005e+39
1.010274346627014454e+39
1.010274288340105715e+39
1.010274288340105715e+39
1.010274288339598570e+39
1.009846947836328084e+39
1.009846947836328084e+39
1.009846947836328084e+39
1.009846947836328084e+39
1.009846947836328084e+39
3.191720434219282490e+38
3.034217010831049038e+38
3.034217010831049038e+38
3.034217010831049038e+38
3.034217010831049038e+38
3.034217003158199733e+38
3.034200966808270972e+38
1.057094271156447671e+38
1.057094271156447671e+38
1.057094271156276154e+38
1.056398922346539557e+38
1.056398107024284338e+38
1.056398107008372607e+38
1.056398107008372607e+38
1.056398107008372607e+38
1.053785473346006312e+38
1.007450706018156510e+38
1.007450706018156510e+38
1.007450706018156510e+38
1.007450706018156510e+38
1.007450706018156510e+38
7.225310130954885258e+37
3.866371316526233381e+37
3.866371316526233381e+37
3.866371316526233381e+37
3.866371316526233381e+37
3.866371311845396333e+37
3.866264989188307810e+37
3.866264989188286087e+37
1.133013114218039480e+37
1.133013114218039480e+37
1.120390154484479107e+37
1.120390012159098742e+37
1.120390012159098742e+37
1.120390012159098742e+37
1.120390012123329649e+37
1.120294433855708030e+37
1.120294433855708030e+37
1.108001621535630080e+37
1.108001621535626774e+37
6.211003542797872647e+36
6.211003542797872647e+36
4.738539676042883906e+36
4.738539676042883906e+36
4.738539558079896960e+36
4.738539558078676819e+36
4.737359086174490304e+36
4.737359086174490304e+36
4.737359086174490304e+36
4.737359086174490304e+36
4.737359086174490304e+36
1.466401271480006739e+36
1.466401271480006739e+36
1.401086721398339741e+36
1.401086721398339741e+36
1.401086721398339741e+36
1.401086710880342148e+36
1.401073352792183149e+36
5.981017568748037382e+35
5.981017568745524936e+35
5.981017568745524936e+35
5.975113125826538635e+35
5.975110726274607434e+35
5.975110726218942539e+35
5.975110726218942539e+35
5.964609927326801401e+35
5.964609927326801401e+35
5.462971849293918353e+35
5.462971849293918353e+35
5.462971849293918353e+35
5.462971849293918353e+35
5.462971849293918353e+35
3.852672012936372770e+35
1.909267088773658316e+35
1.909267088773658316e+35
1.909267088773658316e+35
1.909267088773658316e+35
1.909267087525484835e+35
1.909243235628666443e+35
6.694745925235192361e+34
6.694745925235187749e+34
6.694745925235187749e+34
6.639257014826253531e+34
6.639255062346454355e+34
6.639255062346454355e+34
6.639255061538946289e+34
6.638364559596047896e+34
6.638364559596047896e+34
6.638364559596047896e+34
6.638364559596047896e+34
6.638364559595992556e+34
6.487914147284641221e+34
3.419626471485851889e+34
3.419626471485851889e+34
2.485316074516133718e+34
2.485316074516133718e+34
2.485316039031103825e+34
2.485316039030859867e+34
2.485017259939670737e+34
2.485017259939670737e+34
2.485017259939670737e+34
2.485017259939670737e+34
2.485017259939670737e+34
2.485017259939670737e+34
8.815575201876256157e+33
8.515954564150731382e+33
8.515954564150731382e+33
8.515954564150731382e+33
8.515954412350100534e+33
8.515823471526693451e+33
3.281610016813388113e+33
3.281610016808525090e+33
3.275346036433821682e+33
3.275346036433821682e+33
3.275345247977687928e+33
3.275345247965530371e+33
3.275345247965530371e+33
3.275345247965530371e+33
3.272439971672454262e+33
3.272439971672454262e+33
3.272439971672454262e+33
3.272439971672454262e+33
2.946288745347362784e+33
2.946288745347362784e+33
2.296405578576095097e+33
1.181802473685673712e+33
1.181802473685673712e+33
1.181802473685673712e+33
1.181802473685673712e+33
1.181802473338061970e+33
1.181792480098696838e+33
3.646856948840910659e+32
3.646856948840910659e+32
3.646856948840909938e+32
3.646855385759290562e+32
3.646855385759290562e+32
3.631645047128681909e+32
3.631645046184797323e+32
3.630705328655567152e+32
3.630705328655567152e+32
3.630705328655567152e+32
3.630705328655567152e+32
3.630705328655461947e+32
3.630705328655461947e+32
3.532266995848600763e+32
2.189488949813934198e+32
2.189488949813934198e+32
2.189488949813934198e+32
1.593320518234454357e+32
1.593320507633348508e+32
1.593320507633293744e+32
1.593320507633293744e+32
1.593186220607389074e+32
1.593186220607389074e+32
1.593186220607389074e+32
1.593186220607389074e+32
4.858182625094074213e+31
4.858182625094074213e+31
4.773045019643874444e+31
4.773045019643874444e+31
4.773045019643874444e+31
4.773044893113545957e+31
4.772899801791467326e+31
2.248909321971274601e+31
2.248909321962352069e+31
2.242451385820259614e+31
2.242451385820259614e+31
2.242451117179298398e+31
2.242451117176168847e+31
2.242451117176168847e+31
2.242451117176168847e+31
2.242451117176168396e+31
2.242451117176168396e+31
2.240961614571521163e+31
2.004721973184588673e+31
2.004721973184588673e+31
1.703036838483377221e+31
1.703036838483377221e+31
7.194382412327039824e+30
7.194382412327039824e+30
7.194382412327039824e+30
7.194382412327039824e+30
7.194382412327039824e+30
7.194382411619678571e+30
7.194382411619678571e+30
7.194355492023839852e+30
2.652390185986448411e+30
2.652390185986447848e+30
2.652390185986447848e+30
2.652387269451094653e+30
2.643581409613106071e+30
2.643581408286034872e+30
2.642487449179269420e+30
2.642487449179269420e+30
2.642487449179269420e+30
2.642487449179051558e+30
2.642487449179051558e+30
2.561716369782460602e+30
2.561716369782460602e+30
1.817890784410160040e+30
1.817890784410160040e+30
1.817890784410160040e+30
1.131059677836731001e+30
1.131059674903370915e+30
1.131059674903370915e+30
1.131059674903353886e+30
1.131010484603783220e+30
1.131010484603783220e+30
1.131010484603783220e+30
1.131010484603783220e+30
3.730878069546999008e+29
3.730878069546999008e+29
3.730878069546999008e+29
3.675817305176377721e+29
3.675817305176377721e+29
3.675817040472744802e+29
3.675627962224630307e+29
3.675627962161389917e+29
2.047573711296473380e+29
2.039261750814944317e+29
2.039261628825686124e+29
2.039261628825686124e+29
2.039261628824088402e+29
2.039261628824088402e+29
2.039261628824088402e+29
2.039261628824086643e+29
1.685884423897823944e+29
1.685272292447941526e+29
1.685272292447941526e+29
1.685272292447941526e+29
1.449268094376540986e+29
1.449268094376540986e+29
1.449268094376540986e+29
1.449268094376540986e+29
5.889789164906517954e+28
5.889789164906517954e+28
5.889789164906517954e+28
5.889789164906517954e+28
5.889789164613875457e+28
5.889779257860581308e+28
2.572329169433774796e+28
2.572329169433774796e+28
2.572329169433774796e+28
2.572323141929873879e+28
2.572323137497786488e+28
2.566297020793227212e+28
2.566297020793227212e+28
2.564694770874593353e+28
2.564694770874593353e+28
2.564694770874047995e+28
2.419942236916217405e+28
2.419942236916217405e+28
2.419942236916217405e+28
1.700985112688693691e+28
1.700985112688693691e+28
9.927925990472243178e+27
9.927925990472243178e+27
9.927925990472243178e+27
9.927925976521593465e+27
9.927925976521593465e+27
9.927925976521536291e+27
9.927717870458755449e+27
9.927717870458755449e+27
3.759869205644712624e+27
3.759869205644712624e+27
3.759869205644712624e+27
3.719061116008978974e+27
3.719061116008978974e+27
3.719060520605740841e+27
3.719060520605740841e+27
3.718759650056856303e+27
3.718759650056856303e+27
3.718759649828520723e+27
1.978408129741300978e+27
1.963294600507029687e+27
1.963294600507029687e+27
1.963294600507029687e+27
1.963294530711166802e+27
1.963294530710536507e+27
1.963294530710532384e+27
1.963294530710532384e+27
1.566439049253235315e+27
1.566148818919838438e+27
1.566148818919838438e+27
1.566148818919838438e+27
1.566148818919838438e+27
1.566148818919838438e+27
1.410943527071345912e+27
6.112777345710143425e+26
6.112777345710143425e+26
6.112777345710143425e+26
6.112777345710143425e+26
6.112777345710143425e+26
6.112777345575994761e+26
6.112777345575994761e+26
6.112770758504912657e+26
2.481168074304607199e+26
2.481168074304607199e+26
2.481159356874744928e+26
2.481159356874744928e+26
2.481159356874744928e+26
2.481159347814099444e+26
2.478233457077897814e+26
2.475158777723552001e+26
2.475158777721760827e+26
2.475158777721760827e+26
2.307895597054572763e+26
2.307895597054572763e+26
2.307895597054572763e+26
1.784907036891720039e+26
1.784907036891720039e+26
1.057028496516945191e+26
1.057028496516945191e+26
1.057028496516945191e+26
1.057028496516945191e+26
1.057028495843933265e+26
1.057028495843933265e+26
1.057028495843931203e+26
1.057013933634727846e+26
1.057013933634727846e+26
3.632437637810795161e+25
3.632437637810795161e+25
3.632437637810795161e+25
3.611416057483187995e+25
3.611416057483187995e+25
3.611415184729360101e+25
3.611415184729360101e+25
3.610860673873712023e+25
3.610860673873712023e+25
3.610860673400678499e+25
3.548273124561816671e+25
2.203755730760394190e+25
2.203755730760394190e+25
2.203755730760394190e+25
2.203755730760376151e+25
2.203755693335735806e+25
2.203755693335471666e+25
2.203755693335471666e+25
1.746774734394584405e+25
1.746551943332953725e+25
1.746551943332953725e+25
1.746551943332953725e+25
1.746551943332953725e+25
1.746551943332953725e+25
1.636330556576667171e+25
6.153842298231052302e+24
6.153842298231052302e+24
6.153842298231052302e+24
6.153842298231052302e+24
6.153842298231052302e+24
6.153842298231052302e+24
6.153842298185818780e+24
2.971350718908761220e+24
2.971350718908761220e+24
2.971350056546807033e+24
2.971350056546807033e+24
2.971325619131765423e+24
2.971325598932178284e+24
2.971325598932178284e+24
2.966060734954206470e+24
2.963341170666576879e+24
2.963341170660935440e+24
2.744284610258984533e+24
2.744284610258984533e+24
2.744284610258984533e+24
2.303584478184532865e+24
2.303584478184532865e+24
2.303584478184532865e+24
1.168252754124777909e+24
1.168252754124777909e+24
1.168252754124777909e+24
1.168252754124777909e+24
1.168252754124777909e+24
1.168252753851267680e+24
1.168245183733239793e+24
1.168245183733238719e+24
1.168245183733238719e+24
4.609584754480382371e+23
4.609584754480382371e+23
4.588661915253008299e+23
4.588661915253008299e+23
4.588661915253008299e+23
4.588661915253008299e+23
4.588659161136820566e+23
4.587535377334598904e+23
4.587535376147680665e+23
4.587535376147680665e+23
4.587535376147680665e+23
4.494869253783255547e+23
3.155672527139816604e+23
3.155672527139816604e+23
3.155672527139735402e+23
3.155672501608883474e+23
3.155672501608694898e+23
2.238618413888113297e+23
2.238618413888113297e+23
2.238462680667552733e+23
2.238462680667552733e+23
2.238462680667552733e+23
2.238462680667552733e+23
2.238462680667552733e+23
2.125210092757173718e+23
8.281508890617218440e+22
8.281508890617218440e+22
8.281508890617218440e+22
8.281508890617218440e+22
8.281508890617218440e+22
8.281508890617218440e+22
8.281508890617218440e+22
4.622785121243968097e+22
4.622785121235069462e+22
4.622784587844020496e+22
4.622710329172587604e+22
4.622710329172587604e+22
4.622710233605372641e+22
4.622710233605372641e+22
4.610996033963695905e+22
4.610996033963695905e+22
4.608198112594809481e+22
4.608198112573602241e+22
4.057447813499514467e+22
4.057447813499514467e+22
4.057447813499512789e+22
3.454321037125400448e+22
3.454321037125400448e+22
3.454321037125400448e+22
3.454321037125400448e+22
1.677447737309601255e+22
1.677447737309601255e+22
1.677447737309601255e+22
1.677447737309601255e+22
1.677447737113005628e+22
1.677447737113005628e+22
1.677442544580704600e+22
1.677442544580704390e+22
7.591085246420278575e+21
7.566904658121143091e+21
7.566904658121143091e+21
7.566904658121143091e+21
7.566904658121143091e+21
7.566904658121143091e+21
7.566895255649743012e+21
7.564084287312979034e+21
7.564084281005607748e+21
7.564084281005607748e+21
7.564084281005607748e+21
7.292995223975764165e+21
7.292995223975764165e+21
5.117766724636633989e+21
5.117766724636302639e+21
5.117766701225383821e+21
3.451164248784636477e+21
3.451164248784579854e+21
3.451164248784579854e+21
3.451041103492658758e+21
3.451041103492658758e+21
3.451041103492658758e+21
3.451041103492658758e+21
3.451041103492658758e+21
1.440020109199077278e+21
1.419313204411214070e+21
1.419313204411214070e+21
1.419313204411214070e+21
1.419313204411214070e+21
1.419313204411214070e+21
1.419313204411214070e+21
1.419313204411214070e+21
7.725021243912944353e+20
7.724830478424777687e+20
7.724830478418528174e+20
7.724830143384349573e+20
7.724829624115538166e+20
7.724829624115538166e+20
7.724829624115538166e+20
7.689134183359945114e+20
7.689134183359945114e+20
7.689134183244534907e+20
7.686544963300960502e+20
6.600298541971455345e+20
6.600298541971455345e+20
6.600298541971451412e+20
5.888534925131846779e+20
5.888534925131846779e+20
5.888534925131846779e+20
5.888534925131846779e+20
5.888534925131846779e+20
5.888534925131846779e+20
2.956804311586391982e+20
2.956804311586391982e+20
2.956804311586391982e+20
2.956804311432783462e+20
2.956798686686664458e+20
2.956798686686663803e+20
1.276519507071604654e+20
1.276519507071604654e+20
1.274241397465304924e+20
1.274241397465304924e+20
1.274241397465304924e+20
1.274238944604228157e+20
1.274238944604228157e+20
1.273367556303883960e+20
1.273367554059801068e+20
1.273367554059801068e+20
1.273367554059801068e+20
1.217968483529756836e+20
1.217968483529756836e+20
9.353999279094023782e+19
9.353999279091859456e+19
9.353999279091859456e+19
9.353999259424509133e+19
6.300453164463626650e+19
6.300453164463588966e+19
6.300310073636626432e+19
6.300310073636626432e+19
6.300310073636626432e+19
6.300310073636626432e+19
6.300310073636626432e+19
6.300310073636626432e+19
2.447885921518512538e+19
2.427853531780555981e+19
2.427853531780555981e+19
2.427853531780555981e+19
2.427853531780555981e+19
2.427853531780555981e+19
2.427853531780555981e+19
2.427647495132990259e+19
1.508345815790322893e+19
1.508345815790322893e+19
1.508345698279637402e+19
1.508345698279637402e+19
1.508345698279150182e+19
1.508345648492850381e+19
1.498472424745873613e+19
1.498472424745873613e+19
1.498472424690845696e+19
1.498472424690845696e+19
1.498129550743008051e+19
1.273779272204829901e+19
1.273779272204826010e+19
1.273779272204826010e+19
1.273779272204826010e+19
1.273779272204826010e+19
1.273779272204826010e+19
1.182042601867187814e+19
5.303969822745405440e+18
5.303969822745405440e+18
5.303969822745405440e+18
5.303969822745405440e+18
5.303969822745405440e+18
5.303969822644338688e+18
5.303965271150088192e+18
5.303965271150088192e+18
5.303965271150088192e+18
2.645555996347982336e+18
2.642142929884957184e+18
2.642142929884957184e+18
2.642131397841115136e+18
2.642131397841115136e+18
2.642131397841115136e+18
2.639409128162774528e+18
2.639409119293070848e+18
2.639409119293070848e+18
2.639409119293070848e+18
2.509495341206837760e+18
2.509495341204881920e+18
2.078988837099962112e+18
2.078988837099962112e+18
2.078988837099962112e+18
1.248700557669765632e+18
1.248700556953113856e+18
1.248700556953111040e+18
1.248700556953111040e+18
1.248686422354702336e+18
1.248686422354702336e+18
1.248686422354702336e+18
1.248686422354702336e+18
1.248686422354702336e+18
1.248686422354702336e+18
5.365123976223155200e+17
5.365123976223155200e+17
5.331509597328387840e+17
5.331509597328387840e+17
5.331509597328387840e+17
5.331509597328387840e+17
5.331509597328387840e+17
5.330787424946188800e+17
5.330785819915488000e+17
3.688462058983009920e+17
3.688462058983009920e+17
3.688462058983009920e+17
3.688461998108001920e+17
3.688461998107428480e+17
3.656115739385269760e+17
3.656115739083906560e+17
3.656115739083906560e+17
3.656115739083906560e+17
3.655602394543512960e+17
2.889136043986491520e+17
2.889136043986467840e+17
2.889136043986467840e+17
2.889136043986467840e+17
2.889136043986467840e+17
2.889136043986467840e+17
2.722080586783520320e+17
1.235026847738584800e+17
1.235026847738584800e+17
1.235026847738584800e+17
1.235026847738584800e+17
1.235026847738584800e+17
1.235026847727801440e+17
1.235026847727801440e+17
1.235026343130165920e+17
1.235026343130165920e+17
6.944394330740200000e+16
6.938477845896874400e+16
6.938477845896874400e+16
6.938420038513938400e+16
6.938420038513938400e+16
6.928116290383092800e+16
6.928116223556209600e+16
6.928116223556209600e+16
6.928116223556209600e+16
6.928116223556209600e+16
6.391956525391199200e+16
6.391956525379527200e+16
5.399127255044972000e+16
5.399127255044972000e+16
5.399127255044972000e+16
3.112111561608862800e+16
3.112111560732892800e+16
3.112111560732892800e+16
3.112111560732890000e+16
3.112093608441180400e+16
3.112093608441180400e+16
3.112093608441180400e+16
3.112093608441180400e+16
3.112093608441180400e+16
3.112093608441180400e+16
3.112093608441180400e+16
1.481478074935486200e+16
1.475020312561401200e+16
1.475020312561401200e+16
1.475020312561401200e+16
1.475020312561401200e+16
1.475020312561401200e+16
1.475019419339353600e+16
1.474715922004774600e+16
1.031670942185539600e+16
1.016149196400112600e+16
1.016149196145552200e+16
1.016149196145552200e+16
1.016149187053731200e+16
1.016149187053666000e+16
1.016149187053666000e+16
1.016149187053666000e+16
1.016068100160880200e+16
1.016068100160880200e+16
7.733777035658764000e+15
7.733777035658764000e+15
7.733777035658609000e+15
7.733777035658609000e+15
7.733777035658609000e+15
7.733777035658609000e+15
7.426954127287554000e+15
3.548513247760389500e+15
3.548513247760389500e+15
3.548513247760389500e+15
3.548513247760389500e+15
3.548513247760389500e+15
3.548513247760389500e+15
3.548513247747061500e+15
3.548512428013196500e+15
1.993782274230429250e+15
1.993782274230429250e+15
1.993782274230429250e+15
1.992784703732062250e+15
1.992758520513643250e+15
1.992758480325941750e+15
1.987518033675074500e+15
1.987518033675074500e+15
1.987518033675074500e+15
1.987518033675074500e+15
1.987518033675074500e+15
1.802890064773846500e+15
1.802890064763691500e+15
1.802890064763691500e+15
1.802890064763691500e+15
1.594869915122029250e+15
1.594869915122029250e+15
9.260574697636510000e+14
9.260574697636507500e+14
9.260574696475268750e+14
9.260574696475268750e+14
9.260574696475266250e+14
9.260543415950978750e+14
9.260543415950978750e+14
9.260543415950978750e+14
9.260543415950978750e+14
4.323581127052960000e+14
4.323581127052960000e+14
4.323581127052960000e+14
4.323581127052960000e+14
4.312314777883813125e+14
4.312314777883813125e+14
4.312314777883813125e+14
4.312314777883813125e+14
4.312310585764443750e+14
4.310709588260963750e+14
3.276423384700455000e+14
3.276423382776748125e+14
3.210149988999456250e+14
3.210149975414652500e+14
3.210149975414571875e+14
3.210149975414571875e+14
3.210149975414571875e+14
3.210149975414571875e+14
3.210149975414571875e+14
3.209990722645639375e+14
2.413831993942739688e+14
2.413831993942575000e+14
2.413831993942575000e+14
2.413831993942575000e+14
2.413831993942575000e+14
2.351825408006286562e+14
2.351825408006286562e+14
1.065790232758823438e+14
1.065790232758823438e+14
1.065790232758823438e+14
1.065790232758823438e+14
1.065790232758823438e+14
1.065790232758823438e+14
1.065790232757325156e+14
1.065790122046440469e+14
6.707409419668666406e+13
6.707409419668666406e+13
6.707409419668666406e+13
6.707226319462713281e+13
6.705004365607007812e+13
6.705004365607007812e+13
6.705004115784594531e+13
6.679784640314522656e+13
6.679784640314522656e+13
6.679784640314522656e+13
6.679784640314522656e+13
6.679784640213195312e+13
5.993490674523780469e+13
5.993490674523780469e+13
5.993490674523780469e+13
5.505379967355716406e+13
5.505379967355716406e+13
5.505379967355716406e+13
2.945361572818604297e+13
2.945361572818602344e+13
2.945361572672217969e+13
2.945361572672217578e+13
2.945361572672217578e+13
2.945356835240908984e+13
2.945356835240908984e+13
1.539415507450716016e+13
1.539415507450716016e+13
1.539415507450716016e+13
1.539415507450716016e+13
1.536602738082650586e+13
1.536602738082650586e+13
1.536602738082650586e+13
1.536602738082650586e+13
1.536602738082650586e+13
1.536599452453728125e+13
1.535734523057198438e+13
1.535734520736490234e+13
1.248607349809942188e+13
1.216758420711068164e+13
1.216758420711068164e+13
1.216758418278958789e+13
1.216758418278945508e+13
1.216758418278945508e+13
1.216758418278945508e+13
1.216758418278945508e+13
1.216758418278641797e+13
1.216758418278641797e+13
8.473942592369016602e+12
8.473776447401404297e+12
8.473776447401404297e+12
8.473776447401404297e+12
8.322201146986254883e+12
4.013094103367767090e+12
4.013094103367767090e+12
4.013094103367767090e+12
4.013094103367767090e+12
4.013094103367767090e+12
4.013094103367767090e+12
4.013094103367767090e+12
4.013094103367767090e+12
4.013094103365359375e+12
4.013094103365359375e+12
4.013093907761566406e+12
2.761051981379829590e+12
2.761051981379829590e+12
2.761051981379829590e+12
2.760919945661489746e+12
2.760919684190232910e+12
2.760919684190232910e+12
2.760355944451909180e+12
2.746155059792412598e+12
2.746155059792412598e+12
2.746155059698376465e+12
2.746155059698376465e+12
2.358990831189413086e+12
2.358990831189413086e+12
2.358990831189413086e+12
2.207408791301302246e+12
2.207408791301302246e+12
2.207408791301295898e+12
1.176417353901208740e+12
1.176417353901208740e+12
1.176417353901208740e+12
1.176417353874742676e+12
1.176417353874742676e+12
1.176416412070590332e+12
1.176416412070590332e+12
1.176416412070590332e+12
6.738204511545961914e+11
6.738204511545961914e+11
6.738204511545961914e+11
6.738204511545961914e+11
6.730131210212673340e+11
6.730131210212673340e+11
6.730131210212673340e+11
6.730104386829877930e+11
6.724585622082604980e+11
6.724585622082604980e+11
6.724585594616166992e+11
6.724585594616166992e+11
5.612492632596867676e+11
5.391339506838580933e+11
5.391339506838580933e+11
5.391339506838580933e+11
5.391339501427123413e+11
5.391339501423848877e+11
5.391339501423825684e+11
5.391339501423825684e+11
3.628856199089284058e+11
3.628818229897117920e+11
3.628818229897117920e+11
3.628818229897117920e+11
3.628818229897117920e+11
3.628818229897117920e+11
3.628818229897117920e+11
3.586932277207119141e+11
1.842940298175654297e+11
1.842940298175654297e+11
1.842940298175654297e+11
1.842940298175654297e+11
1.842940298175654297e+11
1.842940298175654297e+11
1.842940298175198975e+11
1.307242452043018494e+11
1.307242428520847321e+11
1.307242428520847321e+11
1.307242428520847321e+11
1.307242428520847321e+11
1.307143960930974579e+11
1.307143711508774567e+11
1.307143711508774567e+11
1.307143711508774567e+11
1.296078595702634888e+11
1.295923770272324677e+11
1.295923770143057556e+11
1.084665835432170715e+11
1.084665835432170715e+11
1.084665835432170715e+11
1.035706214249040222e+11
1.035706214249040222e+11
1.035706214249040222e+11
1.035706214249032440e+11
5.626421117989589691e+10
5.626421117989589691e+10
5.626421117989589691e+10
5.626421117989589691e+10
5.626421117935315704e+10
5.626421117935315704e+10
5.626418676479301453e+10
5.626418676479301453e+10
5.626418676479301453e+10
3.305780868682334137e+10
3.303358250941384506e+10
3.303358250941384506e+10
3.303358250941384506e+10
3.303358250941384506e+10
3.303358250941384506e+10
3.303336751486054993e+10
3.298704130213955688e+10
3.298704130213955688e+10
3.298704102086529922e+10
3.298704102086529922e+10
3.110140574886842346e+10
2.734901337625391006e+10
2.734901337625391006e+10
2.734901337625391006e+10
2.734901337620190048e+10
2.734901336371739197e+10
2.734901336371734619e+10
1.818685003043835831e+10
1.818674194796017075e+10
1.818674194796017075e+10
1.818674194796017075e+10
1.818674194796017075e+10
1.818674194796017075e+10
1.818674194796017075e+10
1.818674194796017075e+10
1.818674194796017075e+10
1.805506622581250763e+10
9.319518670889408112e+09
9.319518670889408112e+09
9.319518670889408112e+09
9.319518670889408112e+09
9.319518670889408112e+09
9.319518670889408112e+09
9.319518670889408112e+09
9.319518670889408112e+09
7.112775256140950203e+09
7.112775256140437126e+09
7.112775193707950592e+09
7.112775193707950592e+09
7.111758931227843285e+09
7.111756474862464905e+09
7.111756474862464905e+09
7.029644738051042557e+09
7.029644738051042557e+09
7.029128544132051468e+09
7.029128542513582230e+09
7.029128542513582230e+09
5.780472680867707253e+09
5.780472680867707253e+09
5.780472680867557526e+09
5.604526636019433022e+09
5.604526636019433022e+09
5.604526636019433022e+09
5.604526636019433022e+09
2.957036585211447239e+09
2.957036585211447239e+09
2.957036585211447239e+09
2.957036585211447239e+09
2.957036585200122833e+09
2.957035980604124546e+09
2.957035980604124546e+09
2.957035980604124546e+09
1.904861057202202559e+09
1.903949213635514498e+09
1.903949213635514498e+09
1.903949213635514498e+09
1.903949213635514498e+09
1.903949213635514498e+09
1.903924313597928047e+09
1.900056722724030733e+09
1.900056722724030733e+09
1.900056691676496267e+09
1.900056691676496267e+09
1.773421843150806427e+09
1.773421843150806427e+09
1.773421843150806427e+09
1.615885450027422428e+09
1.615885450019695520e+09
1.615885449690471649e+09
1.615885449690471649e+09
1.019017189250911355e+09
1.019017189250910997e+09
1.019014147161566973e+09
1.019014147161566973e+09
1.019014147161566973e+09
1.019014147161566734e+09
1.019014147161566734e+09
1.019014147161566734e+09
1.019014147161566734e+09
1.019014147161566734e+09
5.686350753755747080e+08
5.671693768289047480e+08
5.671693768289047480e+08
5.671693768289047480e+08
5.671693768289047480e+08
5.671693768289047480e+08
5.671693768289047480e+08
5.671693768289047480e+08
4.591385873202127814e+08
4.590321067578330040e+08
4.590317499775196314e+08
4.590317499775196314e+08
4.590317499775055051e+08
4.590317480132413507e+08
4.520626488785457611e+08
4.520626488785457611e+08
4.520626488785457611e+08
4.520626486558306813e+08
4.520626486558306813e+08
4.520435094363777041e+08
3.549986762924413085e+08
3.549986762924173474e+08
3.549986762924173474e+08
3.474078321094983220e+08
3.474078321094983220e+08
3.474078321094983220e+08
1.897477554960296154e+08
1.897477554960296154e+08
1.897477554960296154e+08
1.897477554960296154e+08
1.897477554960296154e+08
1.897477554960296154e+08
1.897477554957210720e+08
1.897477366901219189e+08
1.897477366901219189e+08
1.316149098431250453e+08
1.316149098431250453e+08
1.315758751857923716e+08
1.315758751857923716e+08
1.315728847717444599e+08
1.315728847717444599e+08
1.311955298451942354e+08
1.311955246845006049e+08
1.311955246845006049e+08
1.311955246845006049e+08
1.311955246845006049e+08
1.311955246845006049e+08
1.195921615677093267e+08
1.112993794948710501e+08
1.112993794936514646e+08
1.112993794936514646e+08
1.112993794936514646e+08
6.938809978965169191e+07
6.938809978965169191e+07
6.938809978563486040e+07
6.938809978563484550e+07
6.938809978563484550e+07
6.938799323365461826e+07
6.938799323365457356e+07
6.938799323365457356e+07
6.938799323365457356e+07
6.938799323365457356e+07
6.938799323365457356e+07
4.149803301683823019e+07
4.142798644046255946e+07
4.142798644046255946e+07
4.142798644046255946e+07
4.142798644046255946e+07
4.142798644046255946e+07
4.142798644046255946e+07
4.141026391486589611e+07
4.141019089785975963e+07
3.466185702164612710e+07
3.466185702164612710e+07
3.466185702164612710e+07
3.466185694753856212e+07
3.466185694753812999e+07
3.388562739344849437e+07
3.388562739344849437e+07
3.388562734982108325e+07
3.388562734982108325e+07
3.388481499086980522e+07
3.388481499086980522e+07
2.592986295267901197e+07
2.592986295267476887e+07
2.592986295267476887e+07
2.592986295267476887e+07
2.592986295267476887e+07
2.592986295267476887e+07
2.556408165760314837e+07
1.450924682955155894e+07
1.450924682955155894e+07
1.450924682955155894e+07
1.450924682955155894e+07
1.450924682955155894e+07
1.450924682954190858e+07
1.450924610198307224e+07
1.450924610198307224e+07
1.049292997748873755e+07
1.049292997748873755e+07
1.049105555737072416e+07
1.049066682451364212e+07
1.049066682451364212e+07
1.049066682451364212e+07
1.049066682451364212e+07
1.044353624427062273e+07
1.044353542191656865e+07
1.044353542191656865e+07
1.044353542191656865e+07
1.044353542191656865e+07
1.044353542191656865e+07
9.361096963397022337e+06
9.361096963096236810e+06
8.895948962970320135e+06
8.895948962970320135e+06
8.895948962970320135e+06
8.895948962970320135e+06
5.554368762912168168e+06
5.554368762774463743e+06
5.554368762774454430e+06
5.554368762774454430e+06
5.554364245195518248e+06
5.554364245195518248e+06
5.554364245195518248e+06
5.554364245195518248e+06
5.554364245195518248e+06
3.450556424011029769e+06
3.450556424011029769e+06
3.450556424011029769e+06
3.446895718305513728e+06
3.446895718305513728e+06
3.446895718305513728e+06
3.446895718305513728e+06
3.446895718305513728e+06
3.444482128887386061e+06
3.444471798998043407e+06
3.007781313014246523e+06
2.920856051155513618e+06
2.920856043003923260e+06
2.920856040188497398e+06
2.920856040188483894e+06
2.920856040188483894e+06
2.920856040188483894e+06
2.920856040188483894e+06
2.920816102201828267e+06
2.920816102201828267e+06
2.196862131270217709e+06
2.196862131269155070e+06
2.196862131269155070e+06
2.196862131269155070e+06
2.196862131269155070e+06
2.176926972408907954e+06
2.176926972408907954e+06
1.254492355766748777e+06
1.254492355766748777e+06
1.254492355766748777e+06
1.254492355766748777e+06
1.254492355766748777e+06
1.254492355766748777e+06
1.254492355766431894e+06
1.254492326667350950e+06
9.674478585579742212e+05
9.674478585579742212e+05
9.674478585579742212e+05
9.673424190780232893e+05
9.673424190780232893e+05
9.672773839859681902e+05
9.672772397392214043e+05
9.612886621309013572e+05
9.612886621309013572e+05
9.612886621309013572e+05
9.612886621309013572e+05
8.487196817843549652e+05
8.487196817221782403e+05
8.487196817221782403e+05
8.487196817221782403e+05
8.487196817221782403e+05
8.193768477902837330e+05
8.193768477902837330e+05
8.193768477902837330e+05
5.033047611951624276e+05
5.033047611951598665e+05
5.033047611901925411e+05
5.033047611901925411e+05
5.033045627345591784e+05
5.033045627345591784e+05
5.033045627345591784e+05
5.033045627345591784e+05
3.365878302056936664e+05
3.365878302056936664e+05
3.363572663418323500e+05
3.363572663418323500e+05
3.363572663418323500e+05
3.363572663418323500e+05
3.363572663418323500e+05
3.363572663418323500e+05
3.363553279759821016e+05
3.360113502260744572e+05
3.035361950020416989e+05
3.035361932019969099e+05
2.925859136708681472e+05
2.925859135467554443e+05
2.925859135467550368e+05
2.925859135467550368e+05
2.925859135467550368e+05
2.925837694702059380e+05
2.129258341428482090e+05
2.129258341425971885e+05
2.129258341425971885e+05
2.129258341425971885e+05
2.129258341425971885e+05
2.129258341425971885e+05
2.116826623032409989e+05
1.289940135141464998e+05
1.289940135141464998e+05
1.289940135141464998e+05
1.289940135141464998e+05
1.289940135141464998e+05
1.289940135141464998e+05
1.289940135141464998e+05
1.289940135141354258e+05
1.289940135141354258e+05
1.289940121624740859e+05
1.048335421833546861e+05
1.048335421833546861e+05
1.048335421833546861e+05
1.048335421833546861e+05
1.048221071767809626e+05
1.048154844227068679e+05
1.048154844227068679e+05
1.048154510921704932e+05
1.039410653305656597e+05
1.039410653305656597e+05
1.039410653114972811e+05
1.039410653114972811e+05
1.039410653114972811e+05
8.940933910126824048e+04
8.940933910126824048e+04
8.940933910126824048e+04
8.723184730314760236e+04
5.454049438859643851e+04
5.454049438859569636e+04
5.454049438859569636e+04
5.454049438859569636e+04
5.454049438840294897e+04
5.454049438840294897e+04
5.454048415016738727e+04
5.454048415016738727e+04
5.454048415016738727e+04
3.880607130248587055e+04
3.880607130248587055e+04
3.878967021578867570e+04
3.878967021578867570e+04
3.878967021578867570e+04
3.878967021578867570e+04
3.878967021578867570e+04
3.878928426560050866e+04
3.873230263315541379e+04
3.873230263315541379e+04
3.873230205639361520e+04
3.581010072331310221e+04
3.410357335365750623e+04
3.410357335365750623e+04
3.410357334808589803e+04
3.410357334808588348e+04
3.410357334808588348e+04
3.410357334795421775e+04
3.410357334795421775e+04
2.451824392303451168e+04
2.451824392303451168e+04
2.451817777762233891e+04
2.451817777762233891e+04
2.451817777762233891e+04
2.442979039168599775e+04
2.442979039168599775e+04
1.567170724815168614e+04
1.567170724815168251e+04
1.567170724815168251e+04
1.567170724815168251e+04
1.567170724815168251e+04
1.567170724815168251e+04
1.567170724815168251e+04
1.567170724815168251e+04
1.567170724815138783e+04
1.322209840100971269e+04
1.322209835408504478e+04
1.322209835408504478e+04
1.322209835408504478e+04
1.321983172062711128e+04
1.321983172062711128e+04
1.321982378264855470e+04
1.306275224996823817e+04
1.306230039382909490e+04
1.306230039382909490e+04
1.306230039382909490e+04
1.306230038790303479e+04
1.104056047877972560e+04
1.104056047877972560e+04
1.086144133797281575e+04
1.086144133797281575e+04
1.086144133797281575e+04
1.086144133797221002e+04
6.945641174905780645e+03
6.945641174905780645e+03
6.945641174905780645e+03
6.945641174900108126e+03
6.945640626265274477e+03
6.945640626265274477e+03
6.945640626265274477e+03
6.945640626265274477e+03
5.176917337739226241e+03
5.176917337739226241e+03
5.175634779053802049e+03
5.175634779053802049e+03
5.175634779053802049e+03
5.175549155120107571e+03
5.164061162728631643e+03
5.164061009231812022e+03
5.164061009231812022e+03
5.164061009231812022e+03
4.850275462691723988e+03
4.598848619795324339e+03
4.598848619795324339e+03
4.598848619795324339e+03
4.598848619748207057e+03
4.598848619564361798e+03
4.598848619564361798e+03
3.289018036266337276e+03
3.289014103249228810e+03
3.289014103249228810e+03
3.289014103249228810e+03
3.289014103249228810e+03
3.289014103249228810e+03
3.289014103249226991e+03
3.289014103249226991e+03
3.289014103249226991e+03
3.282016096852070859e+03
2.192727658586545203e+03
2.192727658586545203e+03
2.192727658586545203e+03
2.192727658586545203e+03
2.192727658586545203e+03
1.925666538029808862e+03
1.925666538029808862e+03
1.925666538029806816e+03
1.925666536223728372e+03
1.925666536223728372e+03
1.925121731600153907e+03
1.925119633887681630e+03
1.925119633887681630e+03
1.925119633887681630e+03
1.895364970848579560e+03
1.895364970848579560e+03
1.895333537112950808e+03
1.895333535245003077e+03
1.578502704852224269e+03
1.578502704852224269e+03
1.578502704852224269e+03
1.562319514719800736e+03
1.562319514719554036e+03
1.016750703349125274e+03
1.016750703349125274e+03
1.016750703349125274e+03
1.016750703349125274e+03
1.016750703349125274e+03
1.016750703349125274e+03
1.016750703349067294e+03
1.016750682015588268e+03
1.016750682015588268e+03
1.016750682015588268e+03
8.021187490203662946e+02
8.020169985787512132e+02
8.020169985787512132e+02
8.019936974926717994e+02
8.019936974926717994e+02
7.995227390731890864e+02
7.995227390731890864e+02
7.995226932220671188e+02
7.432830986335657144e+02
7.432830986335657144e+02
7.168959747237271358e+02
7.168959747237271358e+02
7.168959747237271358e+02
7.168959747065852071e+02
7.168959747065852071e+02
7.168959747044490314e+02
5.081587901158268323e+02
5.081587901158268323e+02
5.081586197562360212e+02
5.081586197562360212e+02
5.081586197562360212e+02
5.081586197562352822e+02
5.081586197562352822e+02
5.081586197562352822e+02
3.600103417839750932e+02
3.597329237270402587e+02
3.597329237270402587e+02
3.597329237270402587e+02
3.597329237270402587e+02
3.597329237270402587e+02
3.597329237270402587e+02
3.270428932586043516e+02
3.270428932586043516e+02
3.269020321250511074e+02
3.269013466196353193e+02
3.269013465947480768e+02
3.269013465947480768e+02
3.204483538081970551e+02
3.204483538081970551e+02
3.204483531427994762e+02
3.204483531427994762e+02
3.204467227006973644e+02
3.204467227006973644e+02
2.616870902429104717e+02
2.616870902428069030e+02
2.616870902428069030e+02
2.602106090651461159e+02
2.602106090651461159e+02
1.760392228552058498e+02
1.760392228552058498e+02
1.760392228552058498e+02
1.760392228552058498e+02
1.760392228552058498e+02
1.760392228552057929e+02
1.760392225494178149e+02
1.760392225494178149e+02
1.462686364531360539e+02
1.462624963981490964e+02
1.462624963981490964e+02
1.462624963981490964e+02
1.462555488061402684e+02
1.456355009221050807e+02
1.456354836808321238e+02
1.456354836808321238e+02
1.456354836808321238e+02
1.456354836808321238e+02
1.334642715570662688e+02
1.306119321613858801e+02
1.306119321613858801e+02
1.306119321542952321e+02
1.306119321542952321e+02
1.306119321542952321e+02
9.326772051382651796e+01
9.326772051382540951e+01
9.326772051382540951e+01
9.326772051382540951e+01
9.326771776972896077e+01
9.326771776972853445e+01
9.326771776972853445e+01
9.326771776972853445e+01
7.003040693219745094e+01
7.001134931218494728e+01
7.001134931218494728e+01
7.001134931218494728e+01
7.001134931218494728e+01
7.001134931218494728e+01
7.001134931218494728e+01
6.996259812665384459e+01
6.996231662949955421e+01
6.573958729285828895e+01
6.402404669903513934e+01
6.402404669900552392e+01
6.402404669900552392e+01
6.402404669900552392e+01
6.402404639798375285e+01
6.402401527750002685e+01
6.402401527750002685e+01
5.163140871805540399e+01
5.163140871800514731e+01
5.163140871800514731e+01
5.163140871800514731e+01
5.152673414135027485e+01
5.152673414135027485e+01
5.152673414135027485e+01
3.639004774211582571e+01
3.639004774211582571e+01
3.639004774211582571e+01
3.639004774211582571e+01
3.639004774171043977e+01
3.194852548070836917e+01
3.194852548070836917e+01
3.194852548070836917e+01
3.194838540700547469e+01
3.194588140469380377e+01
3.194588140469380377e+01
3.175051237612905553e+01
3.175050502923825135e+01
3.175050502923825135e+01
3.175050502923825135e+01
3.175050502923825135e+01
3.175050502923825135e+01
2.869792166094465813e+01
2.869792165706523690e+01
2.869792165706523690e+01
2.845545982435875487e+01
2.845545982435875487e+01
2.845545982435875487e+01
2.057173914296003403e+01
2.057173914296003403e+01
2.057173914296003403e+01
2.057173914295977823e+01
2.057173914295977823e+01
2.057173913881807437e+01
2.057173913881807437e+01
1.656566175207594682e+01
1.656566175207594682e+01
1.656566175207594682e+01
1.656515173280866549e+01
1.656515173280866549e+01
1.656515173280866549e+01
1.656515173280866549e+01
1.654710026168459791e+01
1.654698131111253900e+01
1.654698131111253900e+01
1.610306269807114177e+01
1.555677210727622040e+01
1.555677194793872431e+01
1.555677194793872431e+01
1.555677194793872431e+01
1.555677189093545643e+01
1.238380871441124320e+01
1.238380871441124320e+01
1.238380871437847830e+01
1.238380871437847830e+01
1.238380871437847830e+01
1.238380871437847830e+01
1.238092421312811453e+01
1.238092421312811453e+01
9.307229511291643220e+00
9.307229511291643220e+00
9.307229511291643220e+00
9.307229511291643220e+00
9.307229511291636115e+00
8.743125071901140188e+00
8.743125071901140188e+00
8.743125071901140188e+00
8.743125071901140188e+00
8.741884313680229113e+00
8.741884313680229113e+00
8.741883988317777465e+00
8.741879781109233249e+00
8.663830354799644695e+00
8.663830354799644695e+00
8.663830354799644695e+00
8.663830354799644695e+00
7.684003221492655022e+00
7.684003218999158946e+00
7.684003218999158946e+00
7.675629898713202337e+00
7.675629898713202337e+00
5.721376637957326317e+00
5.721376637957103384e+00
5.721376637957103384e+00
5.721376637957034994e+00
5.721376637957034994e+00
5.721376637957034994e+00
5.721376637957034994e+00
5.099069209019546633e+00
5.099069209019546633e+00
5.099067709802453940e+00
5.099067709802453940e+00
5.099067709802453940e+00
5.099067709802453940e+00
5.098992971103693428e+00
5.089848693298063331e+00
5.069294647899746487e+00
5.069294520092338274e+00
4.834503912300708528e+00
4.834503912300708528e+00
4.834503912300708528e+00
4.834503912255939895e+00
3.827501946670432975e+00
3.827501946670432975e+00
3.827501946669695343e+00
3.827501946669695343e+00
3.827501946669695343e+00
3.827501946669695343e+00
3.827493396125310809e+00
3.229250640331561062e+00
3.229250640331559286e+00
3.229250640331559286e+00
3.229250640331559286e+00
3.229250640331559286e+00
3.229250640331559286e+00
3.229250640331559286e+00
3.195051060529835230e+00
3.195051060529835230e+00
3.195051060529835230e+00
3.194164689884738895e+00
3.194164689884738895e+00
3.194164689884738895e+00
3.194164689884738895e+00
3.194160973310992802e+00
3.148628762656631164e+00
3.148628762647610380e+00
3.148628759484907391e+00
3.148628759484907391e+00
2.730518993038124620e+00
2.730518993038124620e+00
2.730486154653583242e+00
2.730486154653127162e+00
2.237212890498139206e+00
2.237212890498139206e+00
2.237212890498139206e+00
2.237212890498139206e+00
2.237212890498139206e+00
2.237212890498139206e+00
2.237212890498139206e+00
2.187301652264397323e+00
2.187301652264397323e+00
2.187301652205440039e+00
2.187301652205440039e+00
2.187228075907046598e+00
2.179847913387055858e+00
2.179847757015481946e+00
2.039137540281858563e+00
2.039034782073730678e+00
2.039034782073730678e+00
2.039034782073730678e+00
2.039034782013572134e+00
2.039034782013572134e+00
2.039034782013572134e+00
2.039034782013572134e+00
1.697279663474580813e+00
1.697279663474580813e+00
1.697279663474580813e+00
1.697279663474577038e+00
1.697279663115235371e+00
1.633128601754253451e+00
1.633128601754253451e+00
1.633128601754253451e+00
1.633128601754253451e+00
1.633128601754253451e+00
1.633128601754253451e+00
1.632854375194174867e+00
1.632854375194174867e+00
1.632854375194174867e+00
1.632854375194174867e+00
1.631837681331184564e+00
1.631832491586097778e+00
1.592946872686693549e+00
1.592946872686693549e+00
1.592946872686693549e+00
1.592946872686693549e+00
1.592946867330422345e+00
1.396621003994957588e+00
1.396621002158882519e+00
1.396621002157981017e+00
1.396621002157981017e+00
1.325162048444331830e+00
1.325162048444331830e+00
1.325162048444331830e+00
1.325162048444331830e+00
1.325162048444331830e+00
1.325162048444331830e+00
1.325162048444331830e+00
1.324606606438407885e+00
1.324606606438407885e+00
1.324488068960567810e+00
1.315575943286320104e+00
1.315575638565563033e+00
1.315575638565563033e+00
1.223144056777093258e+00
1.223144048875088652e+00
1.223144048875088652e+00
1.223144048875088652e+00
1.223144048731853895e+00
1.156359459396188116e+00
1.156359459396188116e+00
1.156359459396188116e+00
1.156359459396188116e+00
1.156359459396188116e+00
1.156359459396174127e+00
1.156359459396174127e+00
1.156359459396174127e+00
1.155400156408252110e+00
1.155400156408252110e+00
1.155400156408252110e+00
1.155400156408252110e+00
1.155400156408252110e+00
1.155400127069393879e+00
1.153719504834158194e+00
1.153719504834158194e+00
1.153708108236772389e+00
1.153708108236772389e+00
1.153708108236772389e+00
1.118674424434203507e+00
1.118674410301272459e+00
1.118674410301272459e+00
1.068249751257765334e+00
1.068249751257765334e+00
1.068249751254276569e+00
1.068249751254276569e+00
1.066884540246441526e+00
1.066884540246441526e+00
1.066884540246441526e+00
1.066884540246441526e+00
1.066884540246441526e+00
1.066884540246441526e+00
1.066884463270621364e+00
1.066884463270621364e+00
1.066630410616582703e+00
1.056174998002024523e+00
1.056174998002024523e+00
1.056174135168052475e+00
1.026399415147634775e+00
1.026399415147634775e+00
1.026399415147634775e+00
1.026399415147634775e+00
1.026399414608011318e+00
1.026399414608011318e+00
1.026399414608011318e+00
1.026399414608011318e+00
1.024858471690665018e+00
1.024858471690665018e+00
1.024858471690665018e+00
1.024858471690665018e+00
1.024858471690593298e+00
1.024858471690593298e+00
1.024858310516610471e+00
1.024858310516610471e+00
1.024858310516610471e+00
1.024858310516610471e+00
1.024858310516610471e+00
1.024858310516610471e+00
1.022461012382447576e+00
1.022431436913041614e+00
1.022431436913041614e+00
1.009040901978485394e+00
1.009040851462610355e+00
1.009040851462610355e+00
1.009040851462610355e+00
1.007709750062824483e+00
1.007709750046213992e+00
1.007709750046213992e+00
1.007709750046213992e+00
1.007709750046213992e+00
1.007709490079906400e+00
1.007709490079906400e+00
1.007709490079905290e+00
1.007709490079905068e+00
1.007709490079905068e+00
1.007709490079905068e+00
1.007298283712852571e+00
1.002815587462100977e+00
1.002813017252549788e+00
1.002813017252549788e+00
1.002813017252549788e+00
1.002813017252549788e+00
1.002813017252549788e+00
1.001956837008065815e+00
1.001956837008065815e+00
1.001956834748934044e+00
1.001956834748934044e+00
1.001956834748934044e+00
1.001956520451492638e+00
1.001956520451492638e+00
1.001956520451125154e+00
1.001956520451125154e+00
1.001956520451124932e+00
1.001956520451124932e+00
1.001956520451124932e+00
1.001956520451124932e+00
1.001956520451124932e+00
1.001956520451124932e+00
1.000859531436842476e+00
1.000808109474692786e+00
1.000808109474692786e+00
1.000808109474692786e+00
1.000404945172192361e+00
1.000404781100515006e+00
1.000404501102454269e+00
1.000404501030534687e+00
1.000404501030534687e+00
1.000404501030534687e+00
1.000404501030534687e+00
1.000404501030534687e+00
1.000404501030534687e+00
1.000404501030534243e+00
1.000404501030528470e+00
1.000404501030528470e+00
1.000404501030528470e+00
1.000404501030528470e+00
1.000404501030528470e+00
1.000210679364615718e+00
1.000210679364615718e+00
1.000206039744116815e+00
1.000068325218291809e+00
1.000068325218291809e+00
1.000068325218291809e+00
1.000068143083803651e+00
1.000068135647204315e+00
1.000068135647204315e+00
1.000068135647204315e+00
1.000068135647204315e+00
1.000068135647204315e+00
1.000068135647204315e+00
1.000068135647203871e+00
1.000068135645594936e+00
1.000068135645594936e+00
1.000068135645594936e+00
1.000068135645594936e+00
1.000068135645594936e+00
1.000068135645594936e+00
1.000068135645594936e+00
1.000043586180848543e+00
1.000009646804669083e+00
1.000009646804669083e+00
1.000009646804669083e+00
1.000009349320209795e+00
1.000009263260434711e+00
1.000009263260434267e+00
1.000009263022982653e+00
1.000009263022982653e+00
1.000009263022982653e+00
1.000009263022982653e+00
1.000009263022982653e+00
1.000009263022957562e+00
1.000009263022957562e+00
1.000009263022957562e+00
1.000009263022957562e+00
1.000009263022957562e+00
1.000009263022957562e+00
1.000009263022957562e+00
1.000009263022957562e+00
1.000003253484791799e+00
1.000001035941172622e+00
1.000001035941172622e+00
1.000001006517410973e+00
1.000001006517410973e+00
1.000000993024984464e+00
1.000000993024984020e+00
1.000000993024984020e+00
1.000000993024984020e+00
1.000000993019668938e+00
1.000000993019668938e+00
1.000000993019668938e+00
1.000000993019668938e+00
1.000000993019668938e+00
1.000000993019668938e+00
1.000000993019668938e+00
1.000000993019668716e+00
1.000000993019668716e+00
1.000000231476538604e+00
1.000000224223539291e+00
1.000000081982480804e+00
1.000000081982480582e+00
1.000000081982480582e+00
1.000000081551615905e+00
1.000000081551615905e+00
1.000000081551615905e+00
1.000000081551615905e+00
1.000000081551532860e+00
1.000000081551532860e+00
1.000000081551532860e+00
1.000000081551532860e+00
1.000000081551532860e+00
1.000000081551532860e+00
1.000000081551532860e+00
1.000000081551532860e+00
1.000000081551532860e+00
1.000000081551532860e+00
1.000000081551532860e+00
1.000000080267215319e+00
1.000000011470007388e+00
1.000000011470007388e+00
1.000000011470007388e+00
1.000000005018547355e+00
1.000000005018547355e+00
1.000000005018547355e+00
1.000000005008902626e+00
1.000000005008902626e+00
1.000000005008902626e+00
1.000000005008902626e+00
1.000000005008902626e+00
1.000000005008902626e+00
1.000000005008901738e+00
1.000000005008901738e+00
1.000000004846148149e+00
1.000000004846148149e+00
1.000000000433235892e+00
1.000000000433235892e+00
1.000000000433235892e+00
1.000000000433235892e+00
1.000000000433235892e+00
1.000000000227215580e+00
1.000000000227215580e+00
1.000000000227215580e+00
1.000000000227215580e+00
1.000000000227215580e+00
1.000000000227065033e+00
1.000000000227065033e+00
1.000000000227065033e+00
1.000000000227065033e+00
1.000000000227065033e+00
1.000000000227065033e+00
1.000000000227065033e+00
1.000000000227065033e+00
1.000000000212361906e+00
1.000000000212361906e+00
1.000000000212361906e+00
1.000000000212361906e+00
1.000000000012210677e+00
1.000000000012210677e+00
1.000000000012210677e+00
1.000000000012210677e+00
1.000000000007599033e+00
1.000000000007599033e+00
1.000000000007599033e+00
1.000000000007599033e+00
1.000000000007597256e+00
1.000000000007597256e+00
1.000000000007597256e+00
1.000000000007597256e+00
1.000000000006654233e+00
1.000000000006654233e+00
1.000000000006654233e+00
1.000000000006654233e+00
1.000000000006654233e+00
1.000000000000262679e+00
1.000000000000262679e+00
1.000000000000262679e+00
1.000000000000262679e+00
1.000000000000262679e+00
1.000000000000262679e+00
1.000000000000190514e+00
1.000000000000190514e+00
1.000000000000190514e+00
1.000000000000190514e+00
1.000000000000190514e+00
1.000000000000190514e+00
1.000000000000190514e+00
1.000000000000190514e+00
1.000000000000190514e+00
1.000000000000190514e+00
1.000000000000147882e+00
1.000000000000147882e+00
1.000000000000004663e+00
1.000000000000004663e+00
1.000000000000004663e+00
1.000000000000004663e+00
1.000000000000003997e+00
1.000000000000003997e+00
1.000000000000003997e+00
1.000000000000003997e+00
1.000000000000003997e+00
1.000000000000003997e+00
1.000000000000003997e+00
1.000000000000003997e+00
1.000000000000003997e+00
1.000000000000003997e+00
1.000000000000002665e+00
1.000000000000002665e+00
1.000000000000002665e+00
1.000000000000002665e+00
1.000000000000000444e+00
1.000000000000000444e+00
1.000000000000000444e+00
1.000000000000000444e+00
1.000000000000000444e+00
1.000000000000000444e+00
1.000000000000000444e+00
1.000000000000000444e+00
1.000000000000000444e+00
1.000000000000000444e+00
1.000000000000000444e+00
1.000000000000000444e+00
1.000000000000000444e+00
1.000000000000000444e+00
1.000000000000000444e+00
1.000000000000000444e+00
1.000000000000000444e+00
1.000000000000000444e+00
1.000000000000000444e+00
1.000000000000000444e+00
1.000000000000000444e+00
1.000000000000000444e+00
1.000000000000000444e+00
1.000000000000000444e+00
1.000000000000000444e+00
1.000000000000000444e+00
1.000000000000000444e+00
1.000000000000000444e+00
1.000000000000000444e+00
1.000000000000000444e+00
1.000000000000000444e+00
1.000000000000000444e+00
1.000000000000000444e+00
1.000000000000000444e+00
1.000000000000000444e+00
1.000000000000000444e+00
1.000000000000000444e+00
1.000000000000000444e+00
1.000000000000000444e+00
1.000000000000000444e+00
1.000000000000000444e+00
1.000000000000000444e+00
1.000000000000000444e+00
1.000000000000000444e+00
1.000000000000000444e+00
1.000000000000000444e+00
1.000000000000000444e+00
1.000000000000000444e+00
1.000000000000000444e+00
1.000000000000000444e+00
1.000000000000000444e+00
1.000000000000000444e+00
1.000000000000000444e+00
1.000000000000000444e+00
1.000000000000000444e+00
1.000000000000000444e+00
1.000000000000000444e+00
1.000000000000000444e+00
1.000000000000000444e+00
1.000000000000000444e+00
1.000000000000000444e+00
1.000000000000000444e+00
1.000000000000000444e+00
1.000000000000000444e+00
1.000000000000000444e+00
1.000000000000000444e+00
1.000000000000000444e+00
1.000000000000000444e+00
1.000000000000000444e+00
1.000000000000000444e+00
1.000000000000000444e+00
1.000000000000000444e+00
1.000000000000000444e+00
1.000000000000000444e+00
1.000000000000000444e+00
1.000000000000000444e+00
1.000000000000000444e+00
1.000000000000000444e+00
1.000000000000000444e+00
1.000000000000000444e+00
1.000000000000000444e+00
1.000000000000000444e+00
1.000000000000000444e+00
1.000000000000000444e+00
1.000000000000000444e+00
1.000000000000000444e+00
1.000000000000000444e+00
1.000000000000000444e+00
1.000000000000000444e+00
1.000000000000000444e+00
1.000000000000000444e+00
1.000000000000000444e+00
1.000000000000000444e+00
1.000000000000000444e+00
1.000000000000000444e+00
1.000000000000000444e+00
1.000000000000000444e+00
1.000000000000000444e+00
1.000000000000000444e+00
1.000000000000000444e+00
1.000000000000000444e+00
1.000000000000000444e+00
1.000000000000000444e+00
1.000000000000000444e+00
1.000000000000000444e+00
1.000000000000000444e+00
1.000000000000000444e+00
1.000000000000000444e+00
1.000000000000000444e+00
1.000000000000000444e+00
1.000000000000000444e+00
1.000000000000000444e+00
1.000000000000000444e+00
1.000000000000000444e+00
1.000000000000000444e+00
1.000000000000000444e+00
1.000000000000000444e+00
1.000000000000000444e+00
1.000000000000000444e+00
1.000000000000000444e+00
1.000000000000000444e+00
1.000000000000000444e+00
1.000000000000000444e+00
1.000000000000000444e+00
1.000000000000000444e+00
1.000000000000000444e+00
1.000000000000000444e+00
1.000000000000000444e+00
1.000000000000000444e+00
1.000000000000000444e+00
1.000000000000000444e+00
1.000000000000000444e+00
1.000000000000000444e+00
1.000000000000000444e+00
1.000000000000000444e+00
1.000000000000000444e+00
1.000000000000000444e+00
1.000000000000000444e+00
1.000000000000000444e+00
1.000000000000000444e+00
1.000000000000000444e+00
1.000000000000000444e+00
1.000000000000000444e+00
1.000000000000000444e+00
1.000000000000000444e+00
1.000000000000000444e+00
1.000000000000000444e+00
1.000000000000000444e+00
1.000000000000000444e+00
1.000000000000000444e+00
1.000000000000000444e+00
1.000000000000000444e+00
1.000000000000000444e+00
1.000000000000000444e+00
1.000000000000000444e+00
1.000000000000000444e+00
1.000000000000000444e+00
1.000000000000000444e+00
1.000000000000000444e+00
1.000000000000000444e+00
1.000000000000000444e+00
1.000000000000000444e+00
1.000000000000000444e+00
1.000000000000000444e+00
1.000000000000000444e+00
1.000000000000000444e+00
1.000000000000000444e+00
1.000000000000000444e+00
1.000000000000000444e+00
1.000000000000000444e+00
1.000000000000000444e+00
1.000000000000000444e+00
1.000000000000000444e+00
1.000000000000000444e+00
1.000000000000000444e+00
1.000000000000000444e+00
1.000000000000000444e+00
1.000000000000000444e+00
1.000000000000000444e+00
1.000000000000000444e+00
1.000000000000000444e+00
1.000000000000000444e+00
1.000000000000000444e+00
1.000000000000000444e+00
1.000000000000000444e+00
1.000000000000000444e+00
1.000000000000000444e+00
1.000000000000000444e+00
1.000000000000000444e+00
1.000000000000000444e+00
1.000000000000000444e+00
1.000000000000000444e+00
1.000000000000000444e+00
1.000000000000000444e+00
1.000000000000000444e+00
1.000000000000000444e+00
1.000000000000000444e+00
1.000000000000000444e+00
1.000000000000000444e+00
1.000000000000000444e+00
1.000000000000000444e+00
1.000000000000000444e+00
1.000000000000000444e+00
1.000000000000000444e+00
1.000000000000000444e+00
1.000000000000000444e+00
1.000000000000000444e+00
1.000000000000000444e+00
1.000000000000000444e+00
1.000000000000000444e+00
1.000000000000000444e+00
1.000000000000000444e+00
1.000000000000000444e+00
1.000000000000000444e+00
1.000000000000000444e+00
1.000000000000000444e+00
1.000000000000000444e+00
1.000000000000000444e+00
1.000000000000000444e+00
1.000000000000000444e+00
1.000000000000000444e+00
1.000000000000000444e+00
1.000000000000000444e+00
1.000000000000000444e+00
1.000000000000000444e+00
1.000000000000000444e+00
1.000000000000000444e+00
1.000000000000000444e+00
1.000000000000000444e+00
1.000000000000000444e+00
1.000000000000000444e+00
1.000000000000000444e+00
1.000000000000000444e+00
1.000000000000000444e+00
1.000000000000000444e+00
