3.608582687968518690e+89
2.105990523838035957e+82
2.105990415704866768e+82
2.105989998290691847e+82
2.105989957472456732e+82
2.105972283062728494e+82
2.084619000208364212e+82
1.957235784902145575e+82
1.956796780633321916e+82
1.956794061202261005e+82
1.956786832468391959e+82
1.861164944738122176e+82
1.443429841772184651e+82
1.443429819385500243e+82
1.443427366295021520e+82
9.538439519256131177e+81
9.537386278093572787e+81
9.537386193520484637e+81
9.530684040561431243e+81
9.530683671096438108e+81
9.528929514617006746e+81
9.528910911106047343e+81
9.515739927791699276e+81
9.515737233511368389e+81
9.515688532610143131e+81
8.468799296293936440e+81
8.468276904038819831e+81
8.407936455174050092e+81
8.407125001080237878e+81
2.088157055845028978e+81
2.088157050454139105e+81
2.088130733867483653e+81
2.088130712178598321e+81
2.086853660794485038e+81
2.084433336230703303e+81
1.170985667834326904e+81
1.170978671444785514e+81
1.170978665349690039e+81
1.170976391669375595e+81
1.170973250636567176e+81
1.170973231915484797e+81
1.170973225805934368e+81
1.312582714723655663e+80
1.312582699458942548e+80
1.312582698960442603e+80
1.305731597444700687e+80
1.034081173538222192e+80
8.073200640223776558e+79
8.054647906388584889e+79
8.054632581788196726e+79
8.054619958220602147e+79
9.612598636167192941e+78
5.940048362704852536e+78
5.446922128024508865e+78
5.385049203500623541e+78
5.382420178049191631e+78
5.382420178009579400e+78
5.382420177956925723e+78
5.382325602329746654e+78
5.382324990828400299e+78
8.983508475703273993e+77
3.757824766965743505e+77
3.670355020568197813e+77
3.517755549070456377e+77
3.517755548228960258e+77
3.517238798195243797e+77
3.517051606251441728e+77
3.244235745686676271e+76
3.244235725151637501e+76
2.643964043416322195e+76
2.334829023357010047e+76
2.334829022607983765e+76
2.324239160532108834e+76
2.322044732665727061e+76
2.322044732665463523e+76
2.322034754687131556e+76
2.322032444411796198e+76
2.369576227744670629e+75
1.717889794440567055e+75
1.609329984110288298e+75
1.601581650782791818e+75
1.601581650776685253e+75
1.600446659826270925e+75
1.600446659809639518e+75
1.600428245963998818e+75
1.600427822383234341e+75
2.241799800865194470e+74
1.202837055096527380e+74
1.179653175040501383e+74
1.156670654174463596e+74
1.156670654055294829e+74
1.156547621042373766e+74
1.156448817824922922e+74
1.156448817824626140e+74
1.156448817824625387e+74
1.277259297867811845e+73
1.277259293698627880e+73
9.324951489940705902e+72
8.743110349495731402e+72
8.743110341267146216e+72
8.704846093885694090e+72
8.698066726553607651e+72
8.698066726553311058e+72
8.697998379482031535e+72
8.697994133409650067e+72
9.450002396651261488e+71
7.773908496880348265e+71
7.773908496880344342e+71
6.902376609949196852e+71
6.870981143680545444e+71
6.870981143671531918e+71
6.865599548215752683e+71
6.865599547975975243e+71
6.865555162239159619e+71
6.865551356933003779e+71
9.087387528397071601e+70
6.062350257723257065e+70
6.062350257723257065e+70
6.062350257460722189e+70
5.823742424487934680e+70
5.700604426083286186e+70
5.700604426083286186e+70
5.700212970376886713e+70
5.699594629561221204e+70
5.699594629555570586e+70
5.699594629555568134e+70
8.561722644471079812e+69
8.561722629447380844e+69
5.295246387181897394e+69
4.888443455304473276e+69
4.888443442746804833e+69
4.839247298934038058e+69
4.836502334192696421e+69
4.836502334192587614e+69
4.836447890511743712e+69
4.836447890511743712e+69
4.836446837668883476e+69
6.447491980585357201e+68
4.869958749875955481e+68
4.869958749875944945e+68
4.068870915183667528e+68
4.054565844219093346e+68
4.054565844219093346e+68
4.054565844215377523e+68
4.046823206408954434e+68
4.046823206002271782e+68
4.046810838610873779e+68
4.046807432367468835e+68
6.219751026969834406e+67
3.549941515072044949e+67
3.549941515072044949e+67
3.549941514965479639e+67
3.489753885133284286e+67
3.296248946478700027e+67
3.296248946478700027e+67
3.296248946478700027e+67
3.296143978101443084e+67
3.295288893542316155e+67
3.295288893533096039e+67
3.295288893533096039e+67
3.295288867187324063e+67
4.017478097067712336e+66
2.844201587618094897e+66
2.686890317861842920e+66
2.686890308087683637e+66
2.650033335327425984e+66
2.649372970922749630e+66
2.649372970922749630e+66
2.649372970922726807e+66
2.649305396674607237e+66
2.649305022698417629e+66
2.649305022698417629e+66
2.996192328291195847e+65
2.502716404083217241e+65
2.502716404083204146e+65
2.187318429226099466e+65
2.183996446640647723e+65
2.183996446640647723e+65
2.183996446639884936e+65
2.178408434659536577e+65
2.178408434355925396e+65
2.178404192088099804e+65
2.178400109431225334e+65
2.894038197076750946e+64
1.984438655960394023e+64
1.984438655960394023e+64
1.984438655936832278e+64
1.969212747093725997e+64
1.880439216082572897e+64
1.880439216082572897e+64
1.880439216082572897e+64
1.880398776105073722e+64
1.879706172002459917e+64
1.879706171994730912e+64
1.879706171994730912e+64
1.879706171994730912e+64
1.879706165929326660e+64
2.945604113092431983e+63
1.768033805449915531e+63
1.717892264413285011e+63
1.717892247886518171e+63
1.696394377588911242e+63
1.696074023564215285e+63
1.696074023564215285e+63
1.696074023564211265e+63
1.696074023564211265e+63
1.696005092689738515e+63
1.696004984249584212e+63
1.696004984249584212e+63
2.238674281891386857e+62
2.002121701756942519e+62
2.002121701756920825e+62
1.596567856515506396e+62
1.594472262728590353e+62
1.594472262728590353e+62
1.594472262728404011e+62
1.590228053583307590e+62
1.590228052914079596e+62
1.590226453376019758e+62
1.590221038120269302e+62
5.265826519221790608e+61
1.717097288863477615e+61
1.717097288863477615e+61
1.717097288855393970e+61
1.703604986839838867e+61
1.563031442672120352e+61
1.563031442672120352e+61
1.563031442672120352e+61
1.563031442672120352e+61
1.563011673546242556e+61
1.562329752077244428e+61
1.562329752055158912e+61
1.562329752055158912e+61
1.562329752055158912e+61
1.562329750135169653e+61
3.405946520741884883e+60
1.695558345208486366e+60
1.641177152338818695e+60
1.641177114794630687e+60
1.598559190944759671e+60
1.598357903263567209e+60
1.598357903263567209e+60
1.598357903263564712e+60
1.598357903263564712e+60
1.598357903263564712e+60
1.598270662290678965e+60
1.598270618163105451e+60
1.598270618163105451e+60
2.677242318875040344e+59
2.293604162234462307e+59
2.293604162234345005e+59
1.660631844843557934e+59
1.659027175710422005e+59
1.659027175710422005e+59
1.659027175710292438e+59
1.648943587162997873e+59
1.648943585371969051e+59
1.648942797308605417e+59
1.648934499454311416e+59
4.739164882542292954e+58
1.901997812043292146e+58
1.901997812043292146e+58
1.901997812043292146e+58
1.901997812036915805e+58
1.890264765698855531e+58
1.671748942063465003e+58
1.671748942063465003e+58
1.671748942063465003e+58
1.671748942063464167e+58
1.671738579421127042e+58
1.670021757089850252e+58
1.670021757027038809e+58
1.670021757027038809e+58
1.670021757027038809e+58
1.670021755616654940e+58
3.015036393634958527e+57
1.756870182040265905e+57
1.715203235747268123e+57
1.715203177306318201e+57
1.654809173077119787e+57
1.654710327351099259e+57
1.654710327351099259e+57
1.654710327351098562e+57
1.654710327351098562e+57
1.654710327351098562e+57
1.654504443882761741e+57
1.654504413481967748e+57
1.654504413481967748e+57
2.333519245292847847e+56
2.115317381379069419e+56
2.115317381378820713e+56
1.650113017274964848e+56
1.649386629789589289e+56
1.649386629789589289e+56
1.649386629789539200e+56
1.649386629789539200e+56
1.636355616208045456e+56
1.636355613694419139e+56
1.636355114758640089e+56
1.636337120143128926e+56
5.970123456290976661e+55
1.851507767937605461e+55
1.851507767937605461e+55
1.851507767937605461e+55
1.851507767935244990e+55
1.846395636707231824e+55
1.674895904583156678e+55
1.674895904583156678e+55
1.674895904583156678e+55
1.674895904583156678e+55
1.674895904583153684e+55
1.674889217378054977e+55
1.672632673719913130e+55
1.672632673630118330e+55
1.672632673630118330e+55
1.672632673630118330e+55
1.672632673077407482e+55
3.966813498683907765e+54
1.875238548641027808e+54
1.853219760424683744e+54
1.853219610188225460e+54
1.796409677973734848e+54
1.796334788580036598e+54
1.796334788580036598e+54
1.796334788580036598e+54
1.796334788580036598e+54
1.796334788580036598e+54
1.796016990331097095e+54
1.796016976336068035e+54
1.796016976336068035e+54
1.796016976336068035e+54
3.163310710096078402e+53
2.972827521607899745e+53
2.972827521607200465e+53
2.023677431494981093e+53
2.022975000532479742e+53
2.022975000532479742e+53
2.022975000532460176e+53
2.022975000532460176e+53
2.007252118998818376e+53
2.007252110669977413e+53
2.007251817380111955e+53
2.007216351520148156e+53
1.014511779735255331e+53
2.760892703262591113e+52
2.760892703262591113e+52
2.760892703262591113e+52
2.760892703261198613e+52
2.753584018999803473e+52
2.332030467167268161e+52
2.332030467167268161e+52
2.332030467167268161e+52
2.332030467167268161e+52
2.332030467167260452e+52
2.332025402602755986e+52
2.328517629047718555e+52
2.328517629047718555e+52
2.328517628664501326e+52
2.328517628664501326e+52
2.328517628380282340e+52
7.629865223306836249e+51
3.030229659048965632e+51
2.993283187397738239e+51
2.993282674017338790e+51
2.822611499807388439e+51
2.822539268974768440e+51
2.822539268974768440e+51
2.822539268974768440e+51
2.822539268974768440e+51
2.822539268974768440e+51
2.822539268974768440e+51
2.821910054647222481e+51
2.821910045480038778e+51
2.821910045480038778e+51
2.821910045480038778e+51
6.460853940820546125e+50
5.959457351006157080e+50
3.578711020404161692e+50
3.578711020401929835e+50
3.577852748668447692e+50
3.577852748668447692e+50
3.577852748668425677e+50
3.577852748668425677e+50
3.520124350178225613e+50
3.520124316626184019e+50
3.520124077291347286e+50
3.520036602832373234e+50
1.673654908310689630e+50
5.538606070485106468e+49
5.538606070485106468e+49
5.538606070485106468e+49
5.538606070483129242e+49
5.527108827595355825e+49
4.398013398838574021e+49
4.398013398838574021e+49
4.398013398838574021e+49
4.398013398838574021e+49
4.398013398838514310e+49
4.398008619322670638e+49
4.398008619322670638e+49
4.383267105125295162e+49
4.383267105125295162e+49
4.383267103346589757e+49
4.383267103346589757e+49
4.383267102991336960e+49
1.258420559375469652e+49
5.860814682527056876e+48
5.860814682527056876e+48
5.806659769534947529e+48
5.806658220154559267e+48
5.361674680197148610e+48
5.361605525209094319e+48
5.361605525209094319e+48
5.361605525209094319e+48
5.361605525209094319e+48
5.361605525209094319e+48
5.361605525209094319e+48
5.358918592431566575e+48
5.358918580770120209e+48
5.358918580770118911e+48
5.358918580770118911e+48
1.048390091476180315e+48
9.953055646711205092e+47
6.595324425900840708e+47
6.595324425890914497e+47
6.594550866302654163e+47
6.594550866302654163e+47
6.594550866302637937e+47
6.594550866302637937e+47
6.456466332074742124e+47
6.456466241552691395e+47
6.456465957546238905e+47
6.456117610804454241e+47
3.605829044621371182e+47
9.488080232336381099e+46
9.488080232336381099e+46
9.488080232336381099e+46
9.488080232335105335e+46
9.479117547157746291e+46
7.887749419426572116e+46
7.887749419426572116e+46
7.887749419426572116e+46
7.887749419426572116e+46
7.887749419426321628e+46
7.887743996599874421e+46
7.887743996599874421e+46
7.854224300395760780e+46
7.854224300395760780e+46
7.854224295815646877e+46
7.854224295815646877e+46
7.854224295565012071e+46
2.868337650086452082e+46
1.069865566104494784e+46
1.069865566104494784e+46
1.065054391023209099e+46
1.065053773976453229e+46
9.956072720563741707e+45
9.955988610268724095e+45
9.955988610268724095e+45
9.955988610268724095e+45
9.955988610268724095e+45
9.955988610268724095e+45
9.955988610268724095e+45
9.949434353513804250e+45
9.949434344681225586e+45
9.949434344681220516e+45
9.949434344681220516e+45
2.498494248432812151e+45
2.416979425524310288e+45
1.346645597619586910e+45
1.346645597616268042e+45
1.346531837286679288e+45
1.346531837286679288e+45
1.346531837286679288e+45
1.346531837286678179e+45
1.346531837286678179e+45
1.320115831671896190e+45
1.320115786873959201e+45
1.320115760785103278e+45
1.320012724196237079e+45
9.238404826398561633e+44
2.429285560846578951e+44
2.429285560846578951e+44
2.429285560846578951e+44
2.429285560846448621e+44
2.427212906707022046e+44
1.822065529294706755e+44
1.822065529294706755e+44
1.822065529294706755e+44
1.822065529294706755e+44
1.822065529294706755e+44
1.822065529294599005e+44
1.822064893465850403e+44
1.822064893465850403e+44
1.813871047922420918e+44
1.813871047922420918e+44
1.813871045030729258e+44
1.813871045030729258e+44
1.813871045009949692e+44
8.783229301242313684e+43
8.783229301242313684e+43
2.917091035660025820e+43
2.917091035660025820e+43
2.904472298401529896e+43
2.904469051533572882e+43
2.587980385414185044e+43
2.587967897523023774e+43
2.587967897523023774e+43
2.587967897523023774e+43
2.587967897523023774e+43
2.587967897523023774e+43
2.587967897523023774e+43
2.585938854008118775e+43
2.585938853080607056e+43
2.585938853080604580e+43
2.585938853080604580e+43
8.460188388536333816e+42
8.132589311763543919e+42
8.132589311620252359e+42
3.977240194514829938e+42
3.977022145934476232e+42
3.977022145934476232e+42
3.977022145934476232e+42
3.977022145934474375e+42
3.977022145934474375e+42
3.831443212224788437e+42
3.831442945222741967e+42
3.831442911060379045e+42
3.831045212030719838e+42
2.662277795818819927e+42
8.469923676451865246e+41
8.469923676451865246e+41
8.469923676451865246e+41
8.469923676451555761e+41
8.464386250891451591e+41
5.827585591921277442e+41
5.827585591921277442e+41
5.827585591921277442e+41
5.827585591921277442e+41
5.827585591921277442e+41
5.827585591919974510e+41
5.827584580848726335e+41
5.827584580848726335e+41
5.773953195225153379e+41
5.773953174493137106e+41
5.773953174493137106e+41
5.773953174493137106e+41
5.773953174451980242e+41
2.629317620285278193e+41
2.629317620285278193e+41
1.012325374106276916e+41
1.012325374106276916e+41
1.008982692202759326e+41
1.008980896762943811e+41
8.653610129581419772e+40
8.653588424821477941e+40
8.653588424821477941e+40
8.653588424821477941e+40
8.653588424821477941e+40
8.653588424821477941e+40
8.653588424821477941e+40
8.639016584038801849e+40
8.639016582015386921e+40
8.639016582015351136e+40
8.639016582015351136e+40
2.523442499883337766e+40
2.458534817135702652e+40
2.458534817043047675e+40
1.337577824183986370e+40
1.337539486021612712e+40
1.337539486021612712e+40
1.337539486021612712e+40
1.337539486021612470e+40
1.337539486021612470e+40
1.273942233643603446e+40
1.273942098385649014e+40
1.273942091003273379e+40
1.273942091003273379e+40
1.273942091003273379e+40
1.273659461459576702e+40
9.643797716296716070e+39
2.579607913663412463e+39
2.579607913663412463e+39
2.579607913663412463e+39
2.579607913663376498e+39
2.578809187286374528e+39
1.888171256427938123e+39
1.888171256427938123e+39
1.888171256427938123e+39
1.888171256427938123e+39
1.888171256427938123e+39
1.888171256426970378e+39
1.888171048954341492e+39
1.888171048954341492e+39
1.866229492596877008e+39
1.866229482672604878e+39
1.866229482672604878e+39
1.866229482672604878e+39
1.866229482667207024e+39
1.009100678546118291e+39
1.009100678546118291e+39
3.190974580424726362e+38
3.190974580424726362e+38
3.185802971753774513e+38
3.185791464277236232e+38
2.796902479643032482e+38
2.796898047753111778e+38
2.796898047753111778e+38
2.796898047753111778e+38
2.796898047753111778e+38
2.796898047753111778e+38
2.796898047753111778e+38
2.790953934820512086e+38
2.790953934555383320e+38
2.790953934555356119e+38
2.790953934555356119e+38
1.025942184227922453e+38
1.009104683633499155e+38
1.009104683561973436e+38
4.559218654204108958e+37
4.559218654204108958e+37
4.559131587571550852e+37
4.559131587571550852e+37
4.559131587571549907e+37
4.559131587571549907e+37
4.362177873646798638e+37
4.362176854094099066e+37
4.362176843227368049e+37
4.362176843227368049e+37
4.362176843227368049e+37
4.360882361103261945e+37
3.725042472580746067e+37
1.120563595950118688e+37
1.120563595950118688e+37
1.120563595950118688e+37
1.120563595950112313e+37
1.120268979144702643e+37
7.178999284923581665e+36
7.178999284923581665e+36
7.178999284923581665e+36
7.178999284923581665e+36
7.178999284923581665e+36
7.178999284917171053e+36
7.178998908385483550e+36
7.178998908385483550e+36
7.094846871592859109e+36
7.094846779379410679e+36
7.094846779379410679e+36
7.094846779379410679e+36
7.094846779372233862e+36
4.723679563043788762e+36
4.723679563043788762e+36
1.465087950901504174e+36
1.465087950901504174e+36
1.462956613924195014e+36
1.462947133936059335e+36
1.194027532377559209e+36
1.194026518328519223e+36
1.194026518328519223e+36
1.194026518328519223e+36
1.194026518328519223e+36
1.194026518328519223e+36
1.194026518328519223e+36
1.194026518328519223e+36
1.191152854990514230e+36
1.191152854946086649e+36
1.191152854946064365e+36
1.191152854946064365e+36
5.562537741972216656e+35
5.465882512323758935e+35
5.465882510974644501e+35
2.236365274811748618e+35
2.236365274811748618e+35
2.236365274811748618e+35
2.236338974844209694e+35
2.236338974844209694e+35
2.236338974844209694e+35
2.074294150496726539e+35
2.074294150496726539e+35
2.074293249864650732e+35
2.074293247604189665e+35
2.074293247604189665e+35
2.074293247604189665e+35
2.073516655856303588e+35
1.789606558255265034e+35
6.541407560320077116e+34
6.541407560320077116e+34
6.541407560320077116e+34
6.541407560320054058e+34
6.540147030695304323e+34
6.540147030695304323e+34
3.804661513438963545e+34
3.804661513438963545e+34
3.804661513438963545e+34
3.804661513438963545e+34
3.804661513427388675e+34
3.804661416136962888e+34
3.804661416136962888e+34
3.722131025374503108e+34
3.722130926223891508e+34
3.722130926223891508e+34
3.722130926223891508e+34
3.722130926223891508e+34
3.722130926221730933e+34
2.457242969512551985e+34
8.780368216057552363e+33
8.780368216057552363e+33
8.770754256559575882e+33
8.770663847116283090e+33
6.763880770573514766e+33
6.763877777022454949e+33
6.763877777022454949e+33
6.763877777022454949e+33
6.763877777022454949e+33
6.763877777022454949e+33
6.763877777022454949e+33
6.731428433479963687e+33
6.731428433479963687e+33
6.731428433324812735e+33
6.731428433324352719e+33
6.731428433324352719e+33
2.977458612519021975e+33
2.942492382159799023e+33
2.942492380632363073e+33
1.332356458819433027e+33
1.332356458819433027e+33
1.332356458819433027e+33
1.332347871112131660e+33
1.332347871112131660e+33
1.332347871112131660e+33
1.208733770887638462e+33
1.208733770887638462e+33
1.208732959432330602e+33
1.208732958592981409e+33
1.208732958592981409e+33
1.208732958592981409e+33
1.207803157341504419e+33
3.671254571254368792e+32
3.546202908698163747e+32
3.546202908698163747e+32
3.546202908698163747e+32
3.546202908698158703e+32
3.546202908698158703e+32
3.545862073775732049e+32
2.207937399201298039e+32
2.207937399201297679e+32
2.207937399201297679e+32
2.207937399186069027e+32
2.207937399186069027e+32
2.207937399186069027e+32
2.207937363356897484e+32
2.207937363356897484e+32
2.147226912855405394e+32
2.147226825303695653e+32
2.147226825303695653e+32
2.147226825303695653e+32
2.147226825303695653e+32
2.147226825303173236e+32
1.564112352226992847e+32
4.830800868544884583e+31
4.828122228615433408e+31
4.828122228615433408e+31
4.828025592221005159e+31
3.850459139964162088e+31
3.850458079135874549e+31
3.850458079135874549e+31
3.850458079135874549e+31
3.850458079135874549e+31
3.850458079135874549e+31
3.850458079135874549e+31
3.827379482869826688e+31
3.827379482869826688e+31
3.827379482869247074e+31
3.827379482832787283e+31
3.827379482832787283e+31
2.014426808094502196e+31
1.999637264292641517e+31
1.999637262420962625e+31
7.675317392910879348e+30
7.675317392910879348e+30
7.675317392910879348e+30
7.675286228760461974e+30
7.675286228760461974e+30
7.675286228760461974e+30
7.675286228760461974e+30
7.031346812299122840e+30
7.031337126654335496e+30
7.031337126654335496e+30
7.031337124589807740e+30
7.031337124589807740e+30
7.031337124589807740e+30
7.024425106853769141e+30
2.628943202508987138e+30
2.569258272993017245e+30
2.569258272993017245e+30
2.569258272993017245e+30
2.569258272993017245e+30
2.569258272993016119e+30
2.569062629089181832e+30
1.382579668216879787e+30
1.382579668216878943e+30
1.382579668216878943e+30
1.382579668201034998e+30
1.382579668201034998e+30
1.382579668201034998e+30
1.382579668201034998e+30
1.382579657989135228e+30
1.345547406470830732e+30
1.345547285200309111e+30
1.345547285200309111e+30
1.345547285200309111e+30
1.345547285200309111e+30
1.107521768491035937e+30
1.107521768490959658e+30
3.704958085373452831e+29
3.703235000316249645e+29
3.703235000316249645e+29
3.703110079927418215e+29
2.682186252359379526e+29
2.682185878196304077e+29
2.682185878196304077e+29
2.682185878196304077e+29
2.682185878196304077e+29
2.682185878196304077e+29
2.682185878196304077e+29
2.682185878196304077e+29
2.664786292418772593e+29
2.664786292418026685e+29
2.664786292418026685e+29
2.664786292408322131e+29
2.664786292408322131e+29
1.690373691747646104e+29
1.678978930411416145e+29
1.678978925756971263e+29
6.236551364940347182e+28
6.236551364940347182e+28
6.236551364940347182e+28
6.236536408946313259e+28
6.236536408946313259e+28
6.236536408946313259e+28
6.236536408946313259e+28
5.444592645188226776e+28
5.444579884491185027e+28
5.444579884491185027e+28
5.444579883811476615e+28
5.444579883811476615e+28
5.444579883811476615e+28
5.438138740232517975e+28
2.482291765570041512e+28
2.424146729221256387e+28
2.424146729221256387e+28
2.424146729221256387e+28
1.202094452881485950e+28
1.202094452881485950e+28
1.202063320470661121e+28
1.202063320470661121e+28
1.202063320470659802e+28
1.202063320470659802e+28
1.202063320470659802e+28
1.202063320428413706e+28
1.202063320428413706e+28
1.202063320428413706e+28
1.202063316189736348e+28
1.148351868811982681e+28
1.148351674723528228e+28
1.148351674723528228e+28
1.148351674723528228e+28
1.148351674723528228e+28
9.565030292902734559e+27
9.565030292902383815e+27
3.706639992188685970e+27
3.705386218985685832e+27
3.705386218985685832e+27
3.705191807555088356e+27
2.506678693825623789e+27
2.506678693825623789e+27
2.506678514381232104e+27
2.506678514381232104e+27
2.506678514381232104e+27
2.506678514381232104e+27
2.506678514381232104e+27
2.506678514381232104e+27
2.506678514381232104e+27
2.477131814099417575e+27
2.477131814097144335e+27
2.477131814097144335e+27
2.477131814097144335e+27
2.477131814091967834e+27
1.561907689896345742e+27
1.561907681045583627e+27
1.554820462582354682e+27
6.368075748517731807e+26
6.368075748517731807e+26
6.368075748517731807e+26
6.368067186174497625e+26
6.368067186174497625e+26
6.368067186174497625e+26
6.368067186174497625e+26
5.367277510624992802e+26
5.367258233451347427e+26
5.367258233451347427e+26
5.367258233451347427e+26
5.367258233043608658e+26
5.367258233043608658e+26
5.355036386720961403e+26
2.346403620049332835e+26
2.308361009093610602e+26
2.308361009093610602e+26
2.308361009093610602e+26
2.308361009093592391e+26
1.220997012067438635e+26
1.220997012067438635e+26
1.220979375291338902e+26
1.220979375291338902e+26
1.220979375291338902e+26
1.220979375291338902e+26
1.220979375195566457e+26
1.220979375195566457e+26
1.220979375195566457e+26
1.220979372496115603e+26
1.152254056879070627e+26
1.152253753113620985e+26
1.152253753113620985e+26
1.152253753113620985e+26
1.152253753113620985e+26
1.005204452328425936e+26
1.005204452328409443e+26
3.569218948790918086e+25
3.568580504157369398e+25
3.568580504157369398e+25
3.568228052708828998e+25
3.568228052708828998e+25
2.506491798828424992e+25
2.506491688077281606e+25
2.506491688077281606e+25
2.506491688077281606e+25
2.506491688077281606e+25
2.506491688077281606e+25
2.506491688077281606e+25
2.506491688077281606e+25
2.469514429693251400e+25
2.469514429688286418e+25
2.469514429688286418e+25
2.469514429688286418e+25
2.469514429686096844e+25
1.733458345606703860e+25
1.733458328659855335e+25
1.728656443546876915e+25
6.279981027958040883e+24
6.279981027958040883e+24
6.279981027958040883e+24
6.279981027958040883e+24
6.279975887803620191e+24
6.279975887803620191e+24
5.371346812288863769e+24
5.371346812288863769e+24
5.371309074735992240e+24
5.371309074735992240e+24
5.371309074735992240e+24
5.371309074562208200e+24
5.371309074562208200e+24
5.355951087869636643e+24
2.771961433991451056e+24
2.742641061619686833e+24
2.742641061619686833e+24
2.742641061619686833e+24
2.742641061619631535e+24
2.742641061619631535e+24
1.271479840281180842e+24
1.271468034512215626e+24
1.271468034512215626e+24
1.271468034512215626e+24
1.271468034512215626e+24
1.271468034350769148e+24
1.271468034350769148e+24
1.271468034350769148e+24
1.271468033104988651e+24
1.202744822262162870e+24
1.202744175324648364e+24
1.202744175324648364e+24
1.202744175324648364e+24
1.202744175324648364e+24
1.202744175324648364e+24
1.109700090052453524e+24
1.109700090052446813e+24
4.515585001744743971e+23
4.514954182397975813e+23
4.514245934325852589e+23
4.514245934325852589e+23
4.514245934325852589e+23
2.846283356258625577e+23
2.846283356258625577e+23
2.846283295480976224e+23
2.846283295480975553e+23
2.846283295480975553e+23
2.846283295480975553e+23
2.846283295480975553e+23
2.846283295480975553e+23
2.802446713023273349e+23
2.802446713013333855e+23
2.802446713013333855e+23
2.802446713012395673e+23
2.802446713012395673e+23
2.216091876383275688e+23
2.216091822244151930e+23
2.211244551482415115e+23
2.211244551482415115e+23
8.409002298172249001e+22
8.409002298172249001e+22
8.409002298172249001e+22
8.408998376054951248e+22
8.408998376054951248e+22
6.739633701409138724e+22
6.739559112575339725e+22
6.739559112575339725e+22
6.739559112575339725e+22
6.739559112575339725e+22
6.739559112484314101e+22
6.739559112484314101e+22
6.717325514287748638e+22
4.091022968493677163e+22
4.051563523092158349e+22
4.051563523092158349e+22
4.051563523092158349e+22
4.051563523091970444e+22
4.051563523091970444e+22
1.806784087028967408e+22
1.806773941810347219e+22
1.806773941810347219e+22
1.806773941810347219e+22
1.806773941810347219e+22
1.806773941810347219e+22
1.806773941173114372e+22
1.806773941173114372e+22
1.659436178467119012e+22
1.659436178467119012e+22
1.659436177761122648e+22
1.659434631681270193e+22
1.659434631681270193e+22
1.659434631681270193e+22
1.659434631681270193e+22
1.548833908410864894e+22
1.548833908410864894e+22
7.316166057616137519e+21
7.316166057616128082e+21
7.315461307937222296e+21
7.313750926194829689e+21
7.313750926194829689e+21
7.313750926194829689e+21
4.327350078354578997e+21
4.327350078354578997e+21
4.327350031615255904e+21
4.327350031615255904e+21
4.327350031615254331e+21
4.327350031615254331e+21
4.327350031615254331e+21
4.327350031615254331e+21
4.327350031568931389e+21
4.327350031568931389e+21
4.217666688020386939e+21
4.217666688019645596e+21
4.217666688019645596e+21
4.217666441826570076e+21
3.385494894758412157e+21
3.385494894758412157e+21
3.380676853045721563e+21
1.427621303604367065e+21
1.427621303604367065e+21
1.427621303604367065e+21
1.427620927499909464e+21
1.427590139121747624e+21
1.093386689120935608e+21
1.093386689120935608e+21
1.093386689120935608e+21
1.093386689120935608e+21
1.093386689120935608e+21
1.093386689112582914e+21
1.087003878681533612e+21
1.087003878681533612e+21
6.623005083815704003e+20
6.578860830593681981e+20
6.578860830593681981e+20
6.578860830593681981e+20
6.578860830592714670e+20
6.578860830592714670e+20
3.121259938495312691e+20
3.121259938495312691e+20
3.121259938495312691e+20
3.121249865456052470e+20
3.121249865456052470e+20
3.121249865456052470e+20
3.121249863068553052e+20
3.121249863068553052e+20
2.808163874301583032e+20
2.808163873596723692e+20
2.808163873596723692e+20
2.808159800546047427e+20
2.808159800546047427e+20
2.808159800546047427e+20
2.808159800546047427e+20
2.670809480234433249e+20
1.220115075612438692e+20
1.220115075612438692e+20
1.220115075612438036e+20
1.220115075612438036e+20
1.219594896681230664e+20
1.219529738594218312e+20
1.219529738594218312e+20
7.473203848364267930e+19
7.473203848364267930e+19
7.473203799765188608e+19
7.473203799765188608e+19
7.473203799765180416e+19
7.473203799765180416e+19
7.473203799765180416e+19
7.473203799591736115e+19
7.473203799591736115e+19
7.236953716408745165e+19
7.236953716408745165e+19
7.236953716408196301e+19
7.236953716408196301e+19
7.236953049590328525e+19
7.236953049590328525e+19
6.135650128482977382e+19
6.130382154947076096e+19
2.421803652491857510e+19
2.421803652491857510e+19
2.421803652491857510e+19
2.421803652491857510e+19
2.421803275148788531e+19
2.421706390288992666e+19
1.885020064519678771e+19
1.885020064519678771e+19
1.885020064519678771e+19
1.885020064519678771e+19
1.885020064519678771e+19
1.885020064513435648e+19
1.871250571729003315e+19
1.871250571729003315e+19
1.871250571729003315e+19
1.273141747007013478e+19
1.267701571743837594e+19
1.267701571743837594e+19
1.267701571743386624e+19
1.267701571743386624e+19
1.267701571743386624e+19
5.469812450022102016e+18
5.469812450022102016e+18
5.469801664973748224e+18
5.469801664973748224e+18
5.469801664973748224e+18
5.469801658228564992e+18
5.469801658228564992e+18
4.939837666981727232e+18
4.939837666433226752e+18
4.939837666433226752e+18
4.939823884032005120e+18
4.939823884032005120e+18
4.939823884032005120e+18
4.795492638136978432e+18
4.795492638136978432e+18
2.512668000925252608e+18
2.512668000925252608e+18
2.512668000925252096e+18
2.512668000925252096e+18
2.511064783803511296e+18
2.510968481751607808e+18
2.510968481751607808e+18
1.392598318560861184e+18
1.392598318560861184e+18
1.392598314317012992e+18
1.392598314317012992e+18
1.392598314317009408e+18
1.392598314317009408e+18
1.392598314261603072e+18
1.347585015053151232e+18
1.347585015053151232e+18
1.347585015053151232e+18
1.347585015053151232e+18
1.347585015053112576e+18
1.347585015053112576e+18
1.347584762220471296e+18
1.347584762220471296e+18
1.212731371763589120e+18
1.212731371763589120e+18
1.212013670666266624e+18
5.296269461012455680e+17
5.296269461012455680e+17
5.296269007183302400e+17
5.296269007183302400e+17
5.295932208048212480e+17
3.825617968165829760e+17
3.825617968165829760e+17
3.825617968165829760e+17
3.825617968165829760e+17
3.825617968165829760e+17
3.825617968160571520e+17
3.794502529865383040e+17
3.794502529865383040e+17
3.794502529865383040e+17
2.881302487714185600e+17
2.881302487714185600e+17
2.881302487714185600e+17
2.871579386312776640e+17
2.871579386310648640e+17
2.871579386310648640e+17
1.264904751394891520e+17
1.264904751394891520e+17
1.264903300997771040e+17
1.264903300997771040e+17
1.264903297053284640e+17
1.264903297053284640e+17
1.264903297053284640e+17
1.264903297053284640e+17
1.096916187002865920e+17
1.096916186947564320e+17
1.096911247155932320e+17
1.096911247155932320e+17
1.096911247155932320e+17
1.096911247155932320e+17
1.096911247155932320e+17
1.071934749672337760e+17
6.397119074167967200e+16
6.397119074167967200e+16
6.397119074167965600e+16
6.391414408642328000e+16
6.391414408642328000e+16
6.391257512107309600e+16
6.391257512107309600e+16
3.417940416961838000e+16
3.417940416961838000e+16
3.417940416961838000e+16
3.417940416961838000e+16
3.417940411734538800e+16
3.417940411734519600e+16
3.417940411734519600e+16
3.417940411369544400e+16
3.253302147925310400e+16
3.253302147925310400e+16
3.253302147925310400e+16
3.253302147925310400e+16
3.253302147925310400e+16
3.253302147925266000e+16
3.253301076819189200e+16
3.253301076819189200e+16
3.253301076819189200e+16
2.974874843356837200e+16
2.974874843356837200e+16
1.449647119022980600e+16
1.449389123320901200e+16
1.449250627564064800e+16
1.449250558080904400e+16
1.449250558080904400e+16
1.001146243299179600e+16
1.001146243299179600e+16
1.001146243299179600e+16
1.001146243299179600e+16
1.001146243299179600e+16
1.001146243298471000e+16
9.880579654505952000e+15
9.880579654505950000e+15
9.880579654505950000e+15
9.880579654505950000e+15
7.672883583161908000e+15
7.672883583145292000e+15
7.672883583145292000e+15
7.672883583145292000e+15
7.655524675193940000e+15
3.599866432886618000e+15
3.599866432886618000e+15
3.599866432886618000e+15
3.599866409663982000e+15
3.599864007600022000e+15
3.599864007600022000e+15
3.599864007600022000e+15
3.036623138107274000e+15
3.036623138107274000e+15
3.036623138107274000e+15
3.036602351099703500e+15
3.036602351016306000e+15
3.036602351016306000e+15
3.036602351016306000e+15
3.036602351016306000e+15
2.988132337045579500e+15
1.803724961085371750e+15
1.803724961085371750e+15
1.800927279086089750e+15
1.800927279086089750e+15
1.800927279086089750e+15
1.800927279086089750e+15
1.800901807465423500e+15
1.800901807465423500e+15
9.919517370410283750e+14
9.919517370410283750e+14
9.919517370410283750e+14
9.919517370410105000e+14
9.919517361746133750e+14
9.919517361746133750e+14
9.919517359511643750e+14
9.335985490690775000e+14
9.335985490690775000e+14
9.335985490690775000e+14
9.335985490690775000e+14
9.335985490690775000e+14
9.335980647256673750e+14
9.335980647256673750e+14
9.335980647256618750e+14
9.335980647256618750e+14
8.745309165313280000e+14
8.745309165313280000e+14
4.207837870816834375e+14
4.207393364843748125e+14
4.207393364843748125e+14
4.206673015891326875e+14
2.937123165507050000e+14
2.937123109347396250e+14
2.937123109347396250e+14
2.937123109347396250e+14
2.937123109347396250e+14
2.937123109347396250e+14
2.937123109346483125e+14
2.889337734209590000e+14
2.889337734209590000e+14
2.889337734209589375e+14
2.889337734209589375e+14
2.889337734209589375e+14
2.889337734192462500e+14
2.384753426487732500e+14
2.381321873397414375e+14
2.381321873397414375e+14
2.381321873397414375e+14
1.071806608676787031e+14
1.071806597373075469e+14
1.071806178355447031e+14
1.071806178355447031e+14
1.071806178355447031e+14
1.071806178355447031e+14
1.071806178355447031e+14
9.054468675959007812e+13
9.054468675959007812e+13
9.054354594069592188e+13
9.054354594069592188e+13
9.054354593958582812e+13
9.054354593958582812e+13
9.054354593958582812e+13
9.054354593958582812e+13
8.965686625859740625e+13
5.995271865581700781e+13
5.982126631618230469e+13
5.982126631618230469e+13
5.982126631618230469e+13
5.982126631618230469e+13
5.982126631618230469e+13
5.982071326531050781e+13
5.982071326531050781e+13
3.076520174607459766e+13
3.076520174607459766e+13
3.076520174607459766e+13
3.076520174607335156e+13
3.076520174607335156e+13
3.076520173359600391e+13
3.076520172179371875e+13
2.890122451550461719e+13
2.890122451550461719e+13
2.890122451550461719e+13
2.890122451550461719e+13
2.890122451550461719e+13
2.890122451550461719e+13
2.890119586393466406e+13
2.890119586393466406e+13
2.890119586393460156e+13
2.771624221285314844e+13
2.771624221285314844e+13
1.490581684329727734e+13
1.490471917129289844e+13
1.490471917129289844e+13
1.490087238085216992e+13
9.715019075935531250e+12
9.715018983946890625e+12
9.715018983946890625e+12
9.715018983946890625e+12
9.715018983946890625e+12
9.715018983946890625e+12
9.715018983945644531e+12
9.715018983945644531e+12
9.541367093461705078e+12
9.541367093461699219e+12
9.541367093461699219e+12
9.541367093461699219e+12
9.541367093359148438e+12
8.348597914475508789e+12
8.340318248210988281e+12
8.340318248210988281e+12
8.340318248210988281e+12
4.017302161413305176e+12
4.017302063387532227e+12
4.017302063387532227e+12
4.017301182064191406e+12
4.017301182064191406e+12
4.017301182064191406e+12
4.017301182064191406e+12
4.017301182064191406e+12
3.239517772412611816e+12
3.239455625348358398e+12
3.239455625348358398e+12
3.239455625330650879e+12
3.239455625330650879e+12
3.239455625330650879e+12
3.239455625330650879e+12
3.239455625330650879e+12
3.217055839741429688e+12
2.359382486833567871e+12
2.352613813615234375e+12
2.352613813615234375e+12
2.352613813615234375e+12
2.352613813615234375e+12
2.352601007317549805e+12
1.216426528568335205e+12
1.216426528568335205e+12
1.216426528568335205e+12
1.216426528568228027e+12
1.216426528568228027e+12
1.216426528568228027e+12
1.216426528325149902e+12
1.216426527186208496e+12
1.117109808139331787e+12
1.117109808139331787e+12
1.117109808139331787e+12
1.117109808139331787e+12
1.117109808139331787e+12
1.117107986428802979e+12
1.117107986428802979e+12
1.117107986428802979e+12
1.117107986428801758e+12
1.081925130363245850e+12
6.417191493961009521e+11
6.417191493961009521e+11
6.416886894470477295e+11
6.416886894470477295e+11
6.414514963972596436e+11
4.065326617833600464e+11
4.065326597760729370e+11
4.065326597760729370e+11
4.065326597760729370e+11
4.065326597760729370e+11
4.065326597760729370e+11
4.065326597760729370e+11
4.065326597760723877e+11
4.065326597760723877e+11
4.065326597760476685e+11
3.960176124960880127e+11
3.960176124960880127e+11
3.960176124851828003e+11
3.546351728259110718e+11
3.546351728259110718e+11
3.544114177197698364e+11
1.831571055184814758e+11
1.831571055184814758e+11
1.831571055184814758e+11
1.831570968470500488e+11
1.831570740181202698e+11
1.831570740181202698e+11
1.831570740181202698e+11
1.831570740181202698e+11
1.831570740181202698e+11
1.436220197224301758e+11
1.436179557691808777e+11
1.436179557691808777e+11
1.436179557687864380e+11
1.436179557687864380e+11
1.436179557687864380e+11
1.436179557687864380e+11
1.436179557687864380e+11
1.427463814356624451e+11
1.420936720590533447e+11
1.079774880340622406e+11
1.079774880340622406e+11
1.079774880340622406e+11
1.079774880340622406e+11
1.079771518621136322e+11
5.753985467743013763e+10
5.753985467743013763e+10
5.753985467743013763e+10
5.753985467741537476e+10
5.753985467741537476e+10
5.753985467741537476e+10
5.753985456896298981e+10
5.753985456279905701e+10
5.203668727886518860e+10
5.203668727886518860e+10
5.203668727886518860e+10
5.203668727886518860e+10
5.203655576932834625e+10
5.203655576932834625e+10
5.203655576932834625e+10
5.203655576932834625e+10
5.203655576932833099e+10
5.088261511795925903e+10
3.112373327577357101e+10
3.112373327577357101e+10
3.112284037661948395e+10
3.112284037661948395e+10
3.110339229511982346e+10
1.977409033155955124e+10
1.977409033155955124e+10
1.977409027773775864e+10
1.977409027773775864e+10
1.977409027773775864e+10
1.977409027773775864e+10
1.977409027773775864e+10
1.977409027773775864e+10
1.977409027773768234e+10
1.977409027773768234e+10
1.915206629020103455e+10
1.915206629020103455e+10
1.915206629020054245e+10
1.915206628911509323e+10
1.915206628911509323e+10
1.765998486037346268e+10
1.765998486037346268e+10
1.765306868983411407e+10
1.765306600983688736e+10
9.211245982995445251e+09
9.211245982995445251e+09
9.211245328628499985e+09
9.211245328628499985e+09
9.211245328628499985e+09
9.211245328628499985e+09
7.179058021474381447e+09
7.178704017226193428e+09
7.178704017226193428e+09
7.178704017226193428e+09
7.178704017217357635e+09
7.178704017217357635e+09
7.178704017217357635e+09
7.178704017217357635e+09
7.178704017217357635e+09
7.124028115666837692e+09
5.758363717630504608e+09
5.745097466558698654e+09
5.745097466558698654e+09
5.745086681142957687e+09
5.745086681142957687e+09
5.745086681142957687e+09
2.995707321700849533e+09
2.995707321700849533e+09
2.995707321699145794e+09
2.995707321699145794e+09
2.995707321699145794e+09
2.995707311918871403e+09
2.995707311918871403e+09
2.995707311769080162e+09
2.995707311769080162e+09
2.995707311769080162e+09
2.692568989999112129e+09
2.692568989999112129e+09
2.692556714284211159e+09
2.692556714284211159e+09
2.692556714284211159e+09
2.692556714284211159e+09
2.653750421675439358e+09
2.653750421675439358e+09
2.653750421675439358e+09
1.774240694352770090e+09
1.774207809564962864e+09
1.774207809564962864e+09
1.774207809564962864e+09
1.772618884786048174e+09
1.079192176680481672e+09
1.079192175243239164e+09
1.079192175243239164e+09
1.079192175243239164e+09
1.079192175243239164e+09
1.079192175243239164e+09
1.079192175243239164e+09
1.079192175243229151e+09
1.079192175243229151e+09
1.041446177358749032e+09
1.041446177251965880e+09
1.041446177251954794e+09
1.041446177251954794e+09
1.041446177251954794e+09
1.041446177251954794e+09
9.850495439785907269e+08
9.848056448329644203e+08
9.848053540486680269e+08
5.578223128473895788e+08
5.578223128473895788e+08
5.578223128473895788e+08
5.578222913322726488e+08
5.578222913322726488e+08
5.578222913322726488e+08
4.171148748745558858e+08
4.170848231967003345e+08
4.170848231967003345e+08
4.170848231967003345e+08
4.170848231967003345e+08
4.170848231964750290e+08
4.170848231964750290e+08
4.170848231964750290e+08
4.170848231964750290e+08
4.133162972752892375e+08
3.528202480452181697e+08
3.522554288673501611e+08
3.522554288673501611e+08
3.522554288673501015e+08
1.911847632484697700e+08
1.911846561664502025e+08
1.911846561664502025e+08
1.911846561662193537e+08
1.911846561662193537e+08
1.911846561662193537e+08
1.911846561662193537e+08
1.911846547774363458e+08
1.911846547774363458e+08
1.911846547774363458e+08
1.911846547774363458e+08
1.911846547774363458e+08
1.911846547728276849e+08
1.675017711088844836e+08
1.675005764483956397e+08
1.675005764483956397e+08
1.675005764483956397e+08
1.675005764483956397e+08
1.657913410114298761e+08
1.657913410114298761e+08
1.657913410114298761e+08
1.196251467226440907e+08
1.196251467226440907e+08
1.196238064737419486e+08
1.194761601416291595e+08
1.194761601416291595e+08
7.248064004979962111e+07
7.248064004979962111e+07
7.248064000082643330e+07
7.248064000082643330e+07
7.248064000082643330e+07
7.248064000082492828e+07
7.248064000082492828e+07
7.248064000082492828e+07
7.248064000082492828e+07
6.916744810910911858e+07
6.916744809268778563e+07
6.916744809268778563e+07
6.916744809268778563e+07
6.916744809268745780e+07
6.916744809268745780e+07
6.630995442792315781e+07
6.630992127506638318e+07
6.630001156086206436e+07
4.037342824280310422e+07
4.037342824280310422e+07
4.037342824280310422e+07
4.037342739141972363e+07
4.037342739141972363e+07
4.037342739141972363e+07
2.956603479387480393e+07
2.956294755818932131e+07
2.956294755818932131e+07
2.956294755818932131e+07
2.956294755818932131e+07
2.956294755818932131e+07
2.956294755818182975e+07
2.956294755818182975e+07
2.956294755818182975e+07
2.919170369018791243e+07
2.566878758895519748e+07
2.564196984022738039e+07
2.564196984022737294e+07
2.564196984022737294e+07
2.564196984008261189e+07
1.453430383065369166e+07
1.453430383065369166e+07
1.453429915566534176e+07
1.453429915566534176e+07
1.453429915566534176e+07
1.453429915566534176e+07
1.453429895382396132e+07
1.453429895382396132e+07
1.453429895382396132e+07
1.453429895382396132e+07
1.453429895382396132e+07
1.251958678250623308e+07
1.251958678237546608e+07
1.251958678237546608e+07
1.251945031640878879e+07
1.251945031640878879e+07
1.251945031640878879e+07
1.251945031640878879e+07
1.251945031640878879e+07
1.243355457322737575e+07
9.362575245766550303e+06
9.362575245766550303e+06
9.362575245766550303e+06
9.362513228147864342e+06
9.344727551149606705e+06
9.344727551149606705e+06
5.726066388869449496e+06
5.726066388869449496e+06
5.726066386847027577e+06
5.726066386847027577e+06
5.726066386846699752e+06
5.726066386846699752e+06
5.726066386846699752e+06
5.726066386846699752e+06
5.726066386846699752e+06
5.726066386846699752e+06
5.419044930489066988e+06
5.419044927954263985e+06
5.419044927954263985e+06
5.419044927954252809e+06
5.419044927954252809e+06
5.259836117936618626e+06
5.259831852651196532e+06
5.259360814805230126e+06
5.259360814805230126e+06
3.334368117605950683e+06
3.334368117605950683e+06
3.334368079181693029e+06
3.334368079181693029e+06
2.422882456481496338e+06
2.422474505432996433e+06
2.422474505432996433e+06
2.422474505432996433e+06
2.422474505432996433e+06
2.422474505432996433e+06
2.422474505432996433e+06
2.422474505432727281e+06
2.422474505432727281e+06
2.385259866532506887e+06
2.385259866532506887e+06
2.167353329801210668e+06
2.165908497771561611e+06
2.165908497771560214e+06
2.165908497745586559e+06
2.165908497745586559e+06
1.250825429031931795e+06
1.250825429031931795e+06
1.250825429031931795e+06
1.250825199929337483e+06
1.250825199929337483e+06
1.250825199929337483e+06
1.250825199929337483e+06
1.250825199929337483e+06
1.250825169362143613e+06
1.250825169362143613e+06
1.250825169362143613e+06
1.066726613930151565e+06
1.066726613925072365e+06
1.066726613925072365e+06
1.066707118399485014e+06
1.066707118399485014e+06
1.066707118399485014e+06
1.066707118399485014e+06
1.061985002798123285e+06
1.061985002798123285e+06
8.487918746498310938e+05
8.487918746498310938e+05
8.487918746498310938e+05
8.466048179557553958e+05
8.466014626542554470e+05
8.466014626542554470e+05
5.134468062942916877e+05
5.134468062942916877e+05
5.134468062942916877e+05
5.134468062072925968e+05
5.134468062072925968e+05
5.134468062072925968e+05
5.134468062072263565e+05
5.134468057419296238e+05
5.134468057419296238e+05
4.828769598587832879e+05
4.828769598587832879e+05
4.828769598587832879e+05
4.828769598587832879e+05
4.828769598587829387e+05
4.828762524606970255e+05
4.828762524606970255e+05
4.732342745382292778e+05
4.732342745382292778e+05
4.732090441064502229e+05
3.228560978291686624e+05
3.228560978291686624e+05
3.228560978291686624e+05
3.228560959018158610e+05
3.227476644253312843e+05
3.227476644253312843e+05
2.284647855105366325e+05
2.284647855105366325e+05
2.284647855105366325e+05
2.284647855105366325e+05
2.284647855105366325e+05
2.284647855105261260e+05
2.243510349705574627e+05
2.243510349705570552e+05
2.093929198172112810e+05
2.093929198172112810e+05
2.093036651686636324e+05
2.093036651686636324e+05
2.093036651686636324e+05
2.093036651637040195e+05
1.281067079112375795e+05
1.281067079112375795e+05
1.281067079112375795e+05
1.281067079112375795e+05
1.281066950540724065e+05
1.281066887445934990e+05
1.281066887445934990e+05
1.281066887445934990e+05
1.281066887445934990e+05
1.067273326928510214e+05
1.067273326928510214e+05
1.067273326926276641e+05
1.067244109441545443e+05
1.067244109441545443e+05
1.067244109441545443e+05
1.067244109441545443e+05
1.067244109441545443e+05
1.064111772071863234e+05
8.941230511722245137e+04
8.941230511722245137e+04
8.941230511722245137e+04
8.911011926976905670e+04
8.911011926976905670e+04
8.910992039040468808e+04
8.910992039040468808e+04
5.526879458498710301e+04
5.526879458498710301e+04
5.526879458498710301e+04
5.526879458498710301e+04
5.526879458055846771e+04
5.526879458055846771e+04
5.526879458054278075e+04
5.526879458054278075e+04
5.526879447444980178e+04
5.130638599025383155e+04
5.130638599025383155e+04
5.130638599025383155e+04
5.130638599025383155e+04
5.130626642632856237e+04
5.130626642632856237e+04
5.130626642632854782e+04
5.058172598680014926e+04
5.058172598680014926e+04
5.058172598680014926e+04
3.675910387779877055e+04
3.675828939764774987e+04
3.675828939764774987e+04
3.675828939764774987e+04
3.674077647587053798e+04
3.674077636621629063e+04
2.585233177879470168e+04
2.585233177879470168e+04
2.585233177879470168e+04
2.585233177879470168e+04
2.585233177879470168e+04
2.585233177879470168e+04
2.585233177879425784e+04
2.525839182313146375e+04
2.525839182313146375e+04
2.525839182313135825e+04
2.525839182313135825e+04
2.398217198542563710e+04
2.398217198414431550e+04
2.397590699362574742e+04
2.397590699362574742e+04
2.397590699362574742e+04
2.397590699362574742e+04
1.548367177875607194e+04
1.548367177875607194e+04
1.548367039880237644e+04
1.548366957364863993e+04
1.548366957364863993e+04
1.548366957364863993e+04
1.548366957364863993e+04
1.272214594077777474e+04
1.272214594077777474e+04
1.272162859822526843e+04
1.272162859822526843e+04
1.272162859821478196e+04
1.272162859821478196e+04
1.272162859821478196e+04
1.269779150671256139e+04
1.269779150671256139e+04
1.104050638428302773e+04
1.098836071750332485e+04
1.098836071750332485e+04
1.098836071750332485e+04
1.098834743171079754e+04
1.098834743171079754e+04
6.997319290300192733e+03
6.997319290300192733e+03
6.997319290300192733e+03
6.997319290300192733e+03
6.997319290295245082e+03
6.997319290060690946e+03
6.997319290060690946e+03
6.997319264600783754e+03
6.433363611089516780e+03
6.433363611089516780e+03
6.433363611089516780e+03
6.433363611089516780e+03
6.433363611089516780e+03
6.433340184738004609e+03
6.433340184738004609e+03
6.433340184738004609e+03
6.372107538458360068e+03
6.372107538458360068e+03
6.372107538458360068e+03
4.851451087575929705e+03
4.851388759522311375e+03
4.851388759522311375e+03
4.847932358428108273e+03
4.847932358428108273e+03
3.414485535727956631e+03
3.414485532598628652e+03
3.414485532598628652e+03
3.414485532598628652e+03
3.414485532598628652e+03
3.414485532598628652e+03
3.414485532598628652e+03
3.414485532598615009e+03
3.321988486656035093e+03
3.321988486655999168e+03
3.321988486655999168e+03
3.321988486655999168e+03
3.321988486287917112e+03
3.321988486287917112e+03
3.202086252903766763e+03
3.201595523723517999e+03
3.201595523723517999e+03
3.201595523723517999e+03
2.156536580773195965e+03
2.156536247191706479e+03
2.156536194301867909e+03
2.156536194301867909e+03
2.156536194301867909e+03
2.156536194301867909e+03
2.156536194301867909e+03
1.755597355824113038e+03
1.755597355824113038e+03
1.755485709648200782e+03
1.755485709647838576e+03
1.755485709647838576e+03
1.755485709647838576e+03
1.753490132520925499e+03
1.578434975163963600e+03
1.568892008465353001e+03
1.568892008465353001e+03
1.568892008465353001e+03
1.568892008465353001e+03
1.568892008465353001e+03
1.568892008465353001e+03
1.568891113554657295e+03
1.019529922805901379e+03
1.019529922805901379e+03
1.019529922804328748e+03
1.019529922804328748e+03
1.019529922804328748e+03
1.019529922795293260e+03
1.019529916059866764e+03
9.298170732167503729e+02
9.298170732167503729e+02
9.298170732167503729e+02
9.298170732167503729e+02
9.298115273554628857e+02
9.298115273554628857e+02
9.298115273554628857e+02
9.298115273554628857e+02
9.241725940207892336e+02
9.241725940207892336e+02
7.433717896921646116e+02
7.433669543542932843e+02
7.433669543542932843e+02
7.433669543542932843e+02
7.426395930497398012e+02
5.209596419182848877e+02
5.209596417860997235e+02
5.209596417860997235e+02
5.209596417860997235e+02
5.209596417860997235e+02
5.209596417860997235e+02
5.209596417860997235e+02
5.047610832675024994e+02
5.047610832674902213e+02
5.047610832674901076e+02
5.047610832674901076e+02
5.047610832674901076e+02
5.047610831615912161e+02
4.924518418219960836e+02
4.924518418219960836e+02
4.924134880777032208e+02
3.520355642542271539e+02
3.520354635128629752e+02
3.520354635128629752e+02
3.520354609554223089e+02
3.520354609554223089e+02
3.520354609554223089e+02
3.520354609554223089e+02
2.823792134003217598e+02
2.823792134003217598e+02
2.823533184791114081e+02
2.823533184791069175e+02
2.823533184791069175e+02
2.823533184791069175e+02
2.823533184791069175e+02
2.823533184791069175e+02
2.800514718687265372e+02
2.798835702719928804e+02
2.596878452091041822e+02
2.596878452091041822e+02
2.596878007182216948e+02
2.596878007182216948e+02
2.596878007182216948e+02
1.757997844858961969e+02
1.757997844858961685e+02
1.757997844853135234e+02
1.757997844853135234e+02
1.757997844853135234e+02
1.757997822157186647e+02
1.757997822157186647e+02
1.757997822155901986e+02
1.583663517679700021e+02
1.583663517679700021e+02
1.583663517679700021e+02
1.583649094342162869e+02
1.583649094342162869e+02
1.583649094342162869e+02
1.583649094342162869e+02
1.583649094342162869e+02
1.578229712031285317e+02
1.578229712031285317e+02
1.334686413022388081e+02
1.334683584568768993e+02
1.334683584568768993e+02
1.334683584568768993e+02
1.332912941970308509e+02
9.462599830195927098e+01
9.462599829987398437e+01
9.462599829987398437e+01
9.462599829987398437e+01
9.462599829987398437e+01
9.462599829987398437e+01
9.462599829986859845e+01
9.462599829986859845e+01
9.111187992429816518e+01
9.111187992429816518e+01
9.111187992429816518e+01
9.111187988519461101e+01
9.111187988519461101e+01
9.111187988519461101e+01
8.977350883712649932e+01
8.977119584967526578e+01
8.977113711751894698e+01
8.977113711751894698e+01
6.804051399929059585e+01
6.804051395360947652e+01
6.804051395360947652e+01
6.804051395360947652e+01
6.804051395360947652e+01
5.421217041617824606e+01
5.420496088929136391e+01
5.420496088929136391e+01
5.420496088929136391e+01
5.420496088929135681e+01
5.420496088929135681e+01
5.420496088929135681e+01
5.364487149565560031e+01
5.112674001975786098e+01
5.111658166277094750e+01
5.111658166277094750e+01
5.111658166277094750e+01
3.618499665214847028e+01
3.618499623910693686e+01
3.618499623910691554e+01
3.618499623910691554e+01
3.618499623882717486e+01
3.618499623882717486e+01
3.618499623882717486e+01
3.618499537677001854e+01
3.618499537676984801e+01
3.618499537676984801e+01
3.227271095693854619e+01
3.227271095693854619e+01
3.227271095693854619e+01
3.227271095693854619e+01
3.227225848602342495e+01
3.227225848602342495e+01
3.227225848602342495e+01
3.223133220920258424e+01
3.223133220920258424e+01
3.223133220920258424e+01
2.869768260135377957e+01
2.869767634885127805e+01
2.864354251988824274e+01
2.864354251988824274e+01
2.066986084321312589e+01
2.066986084321004213e+01
2.066986084321004213e+01
2.066986084321004213e+01
2.066986084321004213e+01
2.066986084320712536e+01
2.066986084320712536e+01
2.066986084320712536e+01
1.977835642742640943e+01
1.977835641090625884e+01
1.977835641090625884e+01
1.977835641090625884e+01
1.977835641090625884e+01
1.966288756516024350e+01
1.966286627993291347e+01
1.966281322211862559e+01
1.597115480609125804e+01
1.597115480609125804e+01
1.597115480601317117e+01
1.264497569757480377e+01
1.264497569757480377e+01
1.264238054872151906e+01
1.264238054872151906e+01
1.264238054872151906e+01
1.264238054872151906e+01
1.264238054872151906e+01
1.264238054872151906e+01
1.247979155762977754e+01
1.247979155762977754e+01
1.222560430817416055e+01
1.222532652036795575e+01
1.222532652036793444e+01
1.222532652036793444e+01
9.219024147311476014e+00
9.219024147148683568e+00
9.219024146316906254e+00
9.219024146316906254e+00
9.219024146316906254e+00
9.219023723618260391e+00
9.219023723618260391e+00
9.219023723618260391e+00
9.219023723618260391e+00
9.219023723618260391e+00
8.117577362569296184e+00
8.117577362569296184e+00
8.117387948131771225e+00
8.117387948131771225e+00
8.117387948131771225e+00
8.116148496116062816e+00
8.116148496116062816e+00
7.683833469426431861e+00
7.683833469426431861e+00
7.683833469426431861e+00
7.683833455519969213e+00
7.663087099279237258e+00
5.714404784836013995e+00
5.714404784836013995e+00
5.714404784836013995e+00
5.714404784836013995e+00
5.714404784834016482e+00
5.714404784834016482e+00
5.714404784834016482e+00
5.417801879769515772e+00
5.417801879769515772e+00
5.417801870405508424e+00
5.417801870405508424e+00
5.417801870405508424e+00
5.417801870405508424e+00
5.413637892066157420e+00
5.413627216124266894e+00
5.413627091347415821e+00
4.853187338019617769e+00
4.853187338019617769e+00
4.853187338019615993e+00
4.853187338019615993e+00
4.853187338019615993e+00
3.839203245300776501e+00
3.837923517286954134e+00
3.837923517286954134e+00
3.837923517286954134e+00
3.837923517286954134e+00
3.837923517286954134e+00
3.837923517286954134e+00
3.837923517286954134e+00
3.772376664437793625e+00
3.761074233569447589e+00
3.761073417914347239e+00
3.761073417914327699e+00
3.761073417709649647e+00
3.761073417709649647e+00
3.181842501927008904e+00
3.181842501927008904e+00
3.181842501926987588e+00
3.181842501926987588e+00
3.181842168759386080e+00
3.181842168759386080e+00
3.181842168759386080e+00
3.181842168759386080e+00
3.181842168759386080e+00
2.755462242609355794e+00
2.755462242609355794e+00
2.755345479485131310e+00
2.755345479485131310e+00
2.755345479485131310e+00
2.755345479485131310e+00
2.755341048346695132e+00
2.730404088813653374e+00
2.730404088813653374e+00
2.718912823073468932e+00
2.718912823073096785e+00
2.229437436847882203e+00
2.229437436847882203e+00
2.229437436847882203e+00
2.229437436847882203e+00
2.229437436845585374e+00
2.229437436845585374e+00
2.229437436845585374e+00
2.229437426353772178e+00
2.082468134677074811e+00
2.082468134677074811e+00
2.082468134677074811e+00
2.082468134677074811e+00
2.082459682891707242e+00
2.082440582343839441e+00
2.082440582343839441e+00
2.039129427770626890e+00
2.039129427766843694e+00
2.039129427766843694e+00
2.039129427766843694e+00
2.039129427766843694e+00
2.037544105348662260e+00
1.696246677991344320e+00
1.696246677991344320e+00
1.696246677991344320e+00
1.696246677991344320e+00
1.696246677991344320e+00
1.696246677991344320e+00
1.654270048451754960e+00
1.654270048451726760e+00
1.654202418289921761e+00
1.654202418256200735e+00
1.654202417994219410e+00
1.654202417994219410e+00
1.593207852317453765e+00
1.593207852317453765e+00
1.593207852317453765e+00
1.593207852317453765e+00
1.593207852317453765e+00
1.593207405412625288e+00
1.593207405412625288e+00
1.593207405412625288e+00
1.396821274510425592e+00
1.396689460549018102e+00
1.396689460549018102e+00
1.396689460549018102e+00
1.396689460549018102e+00
1.396689460305685415e+00
1.396488884282744980e+00
1.386585096192824551e+00
1.386585096192824551e+00
1.386585096192824551e+00
1.386585096192824551e+00
1.316123532448940869e+00
1.316123532448940869e+00
1.316123532448940869e+00
1.316123532443644883e+00
1.316123532443644883e+00
1.316123532443644883e+00
1.316123532443644883e+00
1.316123512881425484e+00
1.223617635091674316e+00
1.223604815743849494e+00
1.223604815743849494e+00
1.223604815743849494e+00
1.223604815743849494e+00
1.223604814334509960e+00
1.223131230306956363e+00
1.223131230306956363e+00
1.223131230306956363e+00
1.223131230306956363e+00
1.221247952610601484e+00
1.154664623661797229e+00
1.154664623661797229e+00
1.154664623661797229e+00
1.154664623661797229e+00
1.154664623661797229e+00
1.119573707826360787e+00
1.119573707826275077e+00
1.119573707826275077e+00
1.119573707826275077e+00
1.119573701205826222e+00
1.119573700563784246e+00
1.119573700563784246e+00
1.119573700563784246e+00
1.119573700563784246e+00
1.118674437159712376e+00
1.118674437159712376e+00
1.118673469187526859e+00
1.118673469187526859e+00
1.068248893073936889e+00
1.067994190270227461e+00
1.067994190270227461e+00
1.067994190270227461e+00
1.067994190270227461e+00
1.067994190270227461e+00
1.067994190270227461e+00
1.067994165202431844e+00
1.057512131050368565e+00
1.057512131050368565e+00
1.057512131050368565e+00
1.056174210034665828e+00
1.056174210034665828e+00
1.056174210034664718e+00
1.056174210016418202e+00
1.056174210016418202e+00
1.056174210016418202e+00
1.056174154671027710e+00
1.026399433566488772e+00
1.026399433566488772e+00
1.026399433566488772e+00
1.026369629817877493e+00
1.026369629817877493e+00
1.026369629817877493e+00
1.026369558577359564e+00
1.026369558577359564e+00
1.026369558577359564e+00
1.026369558577359564e+00
1.023965193449607236e+00
1.023965193449607236e+00
1.022431545441969458e+00
1.022431545441969458e+00
1.022431545441969458e+00
1.009041007683274982e+00
1.009041007682902169e+00
1.009041007682902169e+00
1.009041007682902169e+00
1.009041005391711820e+00
1.009041005391711820e+00
1.009041005391711820e+00
1.009041005391711820e+00
1.009041005391711820e+00
1.009040849154392516e+00
1.009038246935228589e+00
1.009038246935228589e+00
1.009038246935228589e+00
1.007707152402555817e+00
1.007707152402555817e+00
1.007295947942939085e+00
1.007295947942939085e+00
1.002813272435272296e+00
1.002813272435272296e+00
1.002813272435272296e+00
1.002813272435272296e+00
1.002813272435272296e+00
1.002813272435272296e+00
1.002813272435272296e+00
1.002813014989187179e+00
1.002813014989181406e+00
1.002813014916915213e+00
1.002813014916915213e+00
1.002812850054415339e+00
1.002812850054415339e+00
1.001956670095309754e+00
1.001956670095309754e+00
1.001956670095309754e+00
1.001905135337127328e+00
1.001905135337127328e+00
1.001905135337127328e+00
1.001905135337127328e+00
1.001905135337127328e+00
1.001905135337127328e+00
1.001905135337127328e+00
1.000808258776039184e+00
1.000807945198763704e+00
1.000807945198763704e+00
1.000807945197152549e+00
1.000807945197152549e+00
1.000404781026980050e+00
1.000404781026979828e+00
1.000404781026979828e+00
1.000404773585373164e+00
1.000404773585373164e+00
1.000404773585373164e+00
1.000404773585373164e+00
1.000400132164035893e+00
1.000400132164035671e+00
1.000400132164035671e+00
1.000400132164035671e+00
1.000399852168577297e+00
1.000206032303857517e+00
1.000206032303857517e+00
1.000206032303857517e+00
1.000206032303857517e+00
1.000206032303857517e+00
1.000068317780081317e+00
1.000068317780081317e+00
1.000068317780081317e+00
1.000068317780080873e+00
1.000068317780055782e+00
1.000068317542576191e+00
1.000068317542576191e+00
1.000068317542576191e+00
1.000068020023209048e+00
1.000067837888831912e+00
1.000067837888831912e+00
1.000067837888831912e+00
1.000043288438704048e+00
1.000043288438704048e+00
1.000043288438704048e+00
1.000043288438704048e+00
1.000043288438704048e+00
1.000043288438704048e+00
1.000043288438704048e+00
1.000009349082733534e+00
1.000009349082733090e+00
1.000009349082733090e+00
1.000009349082733090e+00
1.000009349077417786e+00
1.000009349077417786e+00
1.000009349077417564e+00
1.000009263017642702e+00
1.000009249524993260e+00
1.000009249524993260e+00
1.000009249524993260e+00
1.000009249524993260e+00
1.000007031954781134e+00
1.000007031954781134e+00
1.000007031954781134e+00
1.000007031954781134e+00
1.000007031954780690e+00
1.000001022443429699e+00
1.000001022443429699e+00
1.000001022443429699e+00
1.000001022443429699e+00
1.000001022443429699e+00
1.000000993019668938e+00
1.000000993019668938e+00
1.000000993019668938e+00
1.000000993019668938e+00
1.000000993019585893e+00
1.000000993019585893e+00
1.000000992588720550e+00
1.000000992588720550e+00
1.000000850347443349e+00
1.000000850347443349e+00
1.000000850347443349e+00
1.000000850347442904e+00
1.000000850347442904e+00
1.000000850347442904e+00
1.000000088804530174e+00
1.000000088804530174e+00
1.000000088804530174e+00
1.000000088804530174e+00
1.000000081551532860e+00
1.000000081551532860e+00
1.000000081551532860e+00
1.000000081551532860e+00
1.000000081551532860e+00
1.000000081541888131e+00
1.000000081541887242e+00
1.000000081541887242e+00
1.000000075090426099e+00
1.000000075090426099e+00
1.000000075090426099e+00
1.000000006293219057e+00
1.000000006293219057e+00
1.000000006293219057e+00
1.000000006293219057e+00
1.000000006293219057e+00
1.000000006293219057e+00
1.000000005008901738e+00
1.000000005008901738e+00
1.000000005008901738e+00
1.000000005008901738e+00
1.000000005008901738e+00
1.000000005008901738e+00
1.000000005008750970e+00
1.000000004802730880e+00
1.000000004802730880e+00
1.000000004802730880e+00
1.000000004802730880e+00
1.000000000389818400e+00
1.000000000389818400e+00
1.000000000389818400e+00
1.000000000389818400e+00
1.000000000389818400e+00
1.000000000389818400e+00
1.000000000227064811e+00
1.000000000227064811e+00
1.000000000227064811e+00
1.000000000227064811e+00
1.000000000227064811e+00
1.000000000227064811e+00
1.000000000227064811e+00
1.000000000227064811e+00
1.000000000222453167e+00
1.000000000222451613e+00
1.000000000022300162e+00
1.000000000022300162e+00
1.000000000022300162e+00
1.000000000022300162e+00
1.000000000007597256e+00
1.000000000007597256e+00
1.000000000007597256e+00
1.000000000007597256e+00
1.000000000007597256e+00
1.000000000007597256e+00
1.000000000007597256e+00
1.000000000007597256e+00
1.000000000007597256e+00
1.000000000007597256e+00
1.000000000007597256e+00
1.000000000007525092e+00
1.000000000001133538e+00
1.000000000001133538e+00
1.000000000001133538e+00
1.000000000001133538e+00
1.000000000001133538e+00
1.000000000000190514e+00
1.000000000000190514e+00
1.000000000000190514e+00
1.000000000000190514e+00
1.000000000000190514e+00
1.000000000000190514e+00
1.000000000000190514e+00
1.000000000000190514e+00
1.000000000000190514e+00
1.000000000000190514e+00
1.000000000000189626e+00
1.000000000000046629e+00
1.000000000000046629e+00
1.000000000000046629e+00
1.000000000000003775e+00
1.000000000000003775e+00
1.000000000000003775e+00
1.000000000000003775e+00
1.000000000000003775e+00
1.000000000000003775e+00
1.000000000000003775e+00
1.000000000000003775e+00
1.000000000000003775e+00
1.000000000000003775e+00
1.000000000000003775e+00
1.000000000000003775e+00
1.000000000000003775e+00
1.000000000000003775e+00
1.000000000000001554e+00
1.000000000000001554e+00
1.000000000000000222e+00
1.000000000000000222e+00
1.000000000000000222e+00
1.000000000000000222e+00
1.000000000000000222e+00
1.000000000000000222e+00
1.000000000000000222e+00
1.000000000000000222e+00
1.000000000000000222e+00
1.000000000000000222e+00
1.000000000000000222e+00
1.000000000000000222e+00
1.000000000000000222e+00
1.000000000000000222e+00
1.000000000000000222e+00
1.000000000000000222e+00
1.000000000000000222e+00
1.000000000000000222e+00
1.000000000000000222e+00
1.000000000000000222e+00
1.000000000000000222e+00
1.000000000000000222e+00
1.000000000000000222e+00
1.000000000000000222e+00
1.000000000000000222e+00
1.000000000000000222e+00
1.000000000000000222e+00
1.000000000000000222e+00
1.000000000000000222e+00
1.000000000000000222e+00
1.000000000000000222e+00
1.000000000000000222e+00
1.000000000000000222e+00
1.000000000000000222e+00
1.000000000000000222e+00
1.000000000000000222e+00
1.000000000000000222e+00
1.000000000000000222e+00
1.000000000000000222e+00
1.000000000000000222e+00
1.000000000000000222e+00
1.000000000000000222e+00
1.000000000000000222e+00
1.000000000000000222e+00
1.000000000000000222e+00
1.000000000000000222e+00
1.000000000000000222e+00
1.000000000000000222e+00
1.000000000000000222e+00
1.000000000000000222e+00
1.000000000000000222e+00
1.000000000000000222e+00
1.000000000000000222e+00
1.000000000000000222e+00
1.000000000000000222e+00
1.000000000000000222e+00
1.000000000000000222e+00
1.000000000000000222e+00
1.000000000000000222e+00
1.000000000000000222e+00
1.000000000000000222e+00
1.000000000000000222e+00
1.000000000000000222e+00
1.000000000000000222e+00
1.000000000000000222e+00
1.000000000000000222e+00
1.000000000000000222e+00
1.000000000000000222e+00
1.000000000000000222e+00
1.000000000000000222e+00
1.000000000000000222e+00
1.000000000000000222e+00
1.000000000000000222e+00
1.000000000000000222e+00
1.000000000000000222e+00
1.000000000000000222e+00
1.000000000000000222e+00
1.000000000000000222e+00
1.000000000000000222e+00
1.000000000000000222e+00
1.000000000000000222e+00
1.000000000000000222e+00
1.000000000000000222e+00
1.000000000000000222e+00
1.000000000000000222e+00
1.000000000000000222e+00
1.000000000000000222e+00
1.000000000000000222e+00
1.000000000000000222e+00
1.000000000000000222e+00
1.000000000000000222e+00
1.000000000000000222e+00
1.000000000000000222e+00
1.000000000000000222e+00
1.000000000000000222e+00
1.000000000000000222e+00
1.000000000000000222e+00
1.000000000000000222e+00
1.000000000000000222e+00
1.000000000000000222e+00
1.000000000000000222e+00
1.000000000000000222e+00
1.000000000000000222e+00
1.000000000000000222e+00
1.000000000000000222e+00
1.000000000000000222e+00
1.000000000000000222e+00
1.000000000000000222e+00
1.000000000000000222e+00
1.000000000000000222e+00
1.000000000000000222e+00
1.000000000000000222e+00
1.000000000000000222e+00
1.000000000000000222e+00
1.000000000000000222e+00
1.000000000000000222e+00
1.000000000000000222e+00
1.000000000000000222e+00
1.000000000000000222e+00
1.000000000000000222e+00
1.000000000000000222e+00
1.000000000000000222e+00
1.000000000000000222e+00
1.000000000000000222e+00
1.000000000000000222e+00
1.000000000000000222e+00
1.000000000000000222e+00
1.000000000000000222e+00
1.000000000000000222e+00
1.000000000000000222e+00
1.000000000000000222e+00
1.000000000000000222e+00
1.000000000000000222e+00
1.000000000000000222e+00
1.000000000000000222e+00
1.000000000000000222e+00
1.000000000000000222e+00
1.000000000000000222e+00
1.000000000000000222e+00
1.000000000000000222e+00
1.000000000000000222e+00
1.000000000000000222e+00
1.000000000000000222e+00
1.000000000000000222e+00
1.000000000000000222e+00
1.000000000000000222e+00
1.000000000000000222e+00
1.000000000000000222e+00
1.000000000000000222e+00
1.000000000000000222e+00
1.000000000000000222e+00
1.000000000000000222e+00
1.000000000000000222e+00
1.000000000000000222e+00
1.000000000000000222e+00
1.000000000000000222e+00
1.000000000000000222e+00
1.000000000000000222e+00
1.000000000000000222e+00
1.000000000000000222e+00
1.000000000000000222e+00
1.000000000000000222e+00
1.000000000000000222e+00
1.000000000000000222e+00
1.000000000000000222e+00
1.000000000000000222e+00
1.000000000000000222e+00
1.000000000000000222e+00
1.000000000000000222e+00
1.000000000000000222e+00
1.000000000000000222e+00
1.000000000000000222e+00
1.000000000000000222e+00
1.000000000000000222e+00
1.000000000000000222e+00
1.000000000000000222e+00
1.000000000000000222e+00
1.000000000000000222e+00
1.000000000000000222e+00
1.000000000000000222e+00
1.000000000000000222e+00
1.000000000000000222e+00
1.000000000000000222e+00
1.000000000000000222e+00
1.000000000000000222e+00
1.000000000000000222e+00
1.000000000000000222e+00
1.000000000000000222e+00
1.000000000000000222e+00
1.000000000000000222e+00
1.000000000000000222e+00
1.000000000000000222e+00
1.000000000000000222e+00
1.000000000000000222e+00
1.000000000000000222e+00
1.000000000000000222e+00
1.000000000000000222e+00
1.000000000000000222e+00
1.000000000000000222e+00
1.000000000000000222e+00
1.000000000000000222e+00
1.000000000000000222e+00
1.000000000000000222e+00
1.000000000000000222e+00
1.000000000000000222e+00
1.000000000000000222e+00
1.000000000000000222e+00
1.000000000000000222e+00
1.000000000000000222e+00
1.000000000000000222e+00
1.000000000000000222e+00
1.000000000000000222e+00
1.000000000000000222e+00
1.000000000000000222e+00
1.000000000000000222e+00
1.000000000000000222e+00
1.000000000000000222e+00
1.000000000000000222e+00
1.000000000000000222e+00
1.000000000000000222e+00
1.000000000000000222e+00
