4.740675164905923268e+80
4.739425022583708164e+80
1.126819273933771153e+80
1.126819270155733235e+80
1.126819258905958697e+80
1.126819249888259751e+80
1.126817792299590824e+80
1.126817025969619849e+80
1.126817024774638116e+80
1.126817024465072371e+80
1.126814344289156469e+80
1.126814343921775593e+80
1.120817388936610852e+80
1.120817388764843476e+80
1.120815948809469838e+80
1.120754850352933201e+80
1.120753935395819512e+80
1.116305086985592644e+80
1.116305037326159146e+80
1.105115348434721055e+80
1.105079558586898712e+80
7.859242106699177437e+78
7.859242106642331837e+78
7.859242004220247156e+78
7.856773665717535193e+78
7.855813920718535448e+78
7.855812728701473521e+78
7.855812728426496546e+78
7.855650695894705313e+78
7.855650695818409849e+78
7.855650688552546254e+78
7.853890405094591467e+78
7.731720890994303248e+78
7.731720878746452462e+78
5.187921597319488917e+78
8.927671140177247235e+77
8.927670985093000755e+77
8.924803030280953733e+77
8.924802938062380971e+77
8.924699464140129102e+77
8.923494330774975222e+77
8.923487582486478776e+77
8.901910831016798693e+77
8.901910643835121260e+77
8.901910643827753514e+77
8.901909492765601652e+77
8.901909488503530933e+77
8.901909488489128655e+77
8.230659982048725575e+77
3.619342811527844005e+77
3.619342714940478755e+77
3.619342714935150405e+77
3.619342708251206538e+77
3.252715590519139094e+76
3.252715590518845346e+76
3.252715260199122154e+76
3.252715259956757331e+76
3.252675665819018256e+76
3.252675664365339678e+76
3.252675664345366081e+76
3.252675318952677163e+76
3.251063622895195654e+76
3.244279702898829223e+76
3.244279702897391977e+76
3.244279702896868758e+76
2.643993252514892571e+76
2.643993252514817366e+76
2.334851801413691071e+76
2.334829033281358814e+76
2.334829033281116488e+76
2.334829033244045713e+76
2.324239171071907480e+76
2.324239160532108512e+76
2.322044732665726740e+76
2.322034754687394451e+76
2.322034754687130913e+76
2.322032444411795555e+76
2.369576227744670629e+75
2.167864354731637772e+75
1.609329984110287896e+75
1.609329984093471490e+75
1.608183988502842614e+75
1.600446659815737044e+75
1.600446659809639116e+75
1.600446236219127756e+75
1.600427822383234140e+75
2.241799800865194470e+74
1.202837055096527380e+74
1.179653175040501383e+74
1.156670654174463596e+74
1.156670654055294829e+74
1.156571829816340727e+74
1.156571829816043694e+74
1.156448817824626140e+74
1.156448803428486257e+74
1.277259296111703186e+73
9.324951502802628593e+72
9.324951502802628593e+72
9.324951480580478538e+72
8.743110341267146216e+72
8.704846093885694090e+72
8.698066726553607651e+72
8.697998379482329698e+72
8.697998379482287327e+72
8.697998379481990734e+72
8.697994133409609266e+72
9.450002396651255603e+71
8.192538273963726143e+71
6.902376609949195871e+71
6.902376609706842858e+71
6.896945741249421599e+71
6.865599547984974057e+71
6.865599547975974262e+71
6.865595742620616734e+71
6.865551356933002798e+71
9.087387528397071601e+70
6.062350257723257065e+70
5.823742424730209965e+70
5.823742424730209965e+70
5.700604426315424933e+70
5.700604426315424933e+70
5.700604426083286186e+70
5.699986000341593590e+70
5.699986000335941746e+70
5.699594629555570586e+70
5.699594458846836693e+70
8.561722605950739308e+69
5.295246378194047818e+69
5.295246378194047818e+69
5.295246372447236280e+69
4.888443442746804833e+69
4.839247298934038058e+69
4.839247298934038058e+69
4.836502334192696421e+69
4.836447890511851753e+69
4.836447890511743712e+69
4.836447890511643333e+69
4.836446837668783097e+69
6.447491980585339003e+68
5.114384591739320835e+68
4.068870915183667528e+68
4.068870914772541118e+68
4.061073598921231901e+68
4.046823206005973238e+68
4.046823206005973238e+68
4.046823206002271782e+68
4.046810838610873779e+68
4.046807432367468835e+68
4.046807432367468835e+68
6.219751026969834406e+67
3.549941515072044949e+67
3.349895585566145182e+67
3.349895585566145182e+67
3.296248946570578522e+67
3.296248946570578522e+67
3.296248946478700027e+67
3.295393807464048954e+67
3.295393807454828240e+67
3.295288893533096039e+67
4.017478100983607349e+66
2.844201589580753256e+66
2.844201578628580440e+66
2.844201578628580440e+66
2.844201576665922081e+66
2.686890308087683637e+66
2.650033335327425984e+66
2.649372970922749630e+66
2.649372970922749630e+66
2.649305396674630060e+66
2.649305396674607237e+66
2.649305396674460199e+66
2.649305396674460199e+66
2.649305022698270590e+66
2.996192328291176672e+65
2.555114435270604899e+65
2.187318429226099466e+65
2.187318428920000225e+65
2.181713426459347041e+65
2.178408434356684441e+65
2.178408434356684441e+65
2.178408434355925396e+65
2.178404192088099804e+65
2.178400109431225334e+65
2.178400109431225334e+65
2.894038197076750946e+64
1.984438655960394023e+64
1.894318440435017307e+64
1.894318440435017307e+64
1.880439216103729595e+64
1.880439216103729595e+64
1.880439216082572897e+64
1.879746582194748058e+64
1.879746582187018760e+64
1.879706171994730912e+64
2.945604114581891051e+63
1.768033805986528145e+63
1.768033788480920584e+63
1.768033788480920584e+63
1.768033788480920584e+63
1.768033787944307970e+63
1.717892247886518171e+63
1.696394377588911242e+63
1.696394377588911242e+63
1.696074023564215285e+63
1.696074023564215285e+63
1.696005092689742534e+63
1.696005092689738515e+63
1.696005092689738515e+63
1.696005092689583230e+63
1.696004984249428927e+63
2.238674281891359910e+62
1.743477400204569223e+62
1.596567856515506396e+62
1.596567855840931590e+62
1.592312498039364923e+62
1.590228052914265024e+62
1.590228052914265024e+62
1.590228052914079596e+62
1.590226453376019758e+62
1.590221038120269302e+62
1.590221038120269302e+62
1.590221038120269302e+62
2.196070382690304334e+61
1.717097288863477615e+61
1.574381549658487028e+61
1.574381549658487028e+61
1.563031442678818140e+61
1.563031442678818140e+61
1.563031442672120352e+61
1.562349503956756075e+61
1.562349503934669988e+61
1.562329752055158912e+61
3.405946521654376428e+60
1.695558345434626984e+60
1.695558345434626984e+60
1.695558305361127705e+60
1.695558305361127705e+60
1.695558305134987087e+60
1.641177114794630687e+60
1.598559190944759671e+60
1.598559190944759671e+60
1.598559190944759671e+60
1.598357903263567209e+60
1.598357903263567209e+60
1.598270662290681463e+60
1.598270662290678965e+60
1.598270662290678965e+60
1.598270662290109315e+60
1.598270618162535800e+60
2.677242318874880225e+59
1.852867218330656857e+59
1.660631844843557934e+59
1.660631843027048281e+59
1.650528798063278399e+59
1.648943585372097057e+59
1.648943585372097057e+59
1.648943585371969051e+59
1.648942797308605417e+59
1.648934499454311416e+59
1.648934499454311416e+59
1.648934499454311416e+59
2.663821404065525724e+58
1.901997812043291867e+58
1.680919507374745566e+58
1.680919507374744451e+58
1.671748942068389844e+58
1.671748942068389844e+58
1.671748942063463888e+58
1.671748942063463888e+58
1.670032098458842248e+58
1.670032098396029969e+58
1.670021757027038531e+58
3.015036394094662604e+57
3.015036394094662604e+57
1.756870182196355093e+57
1.756870120881538453e+57
1.756870120881538453e+57
1.756870120725449265e+57
1.715203177306317853e+57
1.654809173077119438e+57
1.654809173077119438e+57
1.654809173077119438e+57
1.654710327351099259e+57
1.654710327351099259e+57
1.654504443882762438e+57
1.654504443882761393e+57
1.654504443882761393e+57
1.654504443881241806e+57
1.654504413480447813e+57
2.333519245292545567e+56
1.779948261792226587e+56
1.650113017274964848e+56
1.650113014718895029e+56
1.637070566350823192e+56
1.636355613694468575e+56
1.636355613694468575e+56
1.636355613694419139e+56
1.636355613694419139e+56
1.636355114758640089e+56
1.636337120143128926e+56
1.636337120143128926e+56
1.636337120143128926e+56
1.636337120143128926e+56
2.305678929649272733e+55
1.851507767937605461e+55
1.679101392918388676e+55
1.679101392918385954e+55
1.674895904585085399e+55
1.674895904585085399e+55
1.674895904583153684e+55
1.674895904583153684e+55
1.672639342918047818e+55
1.672639342828252201e+55
1.672632673630118330e+55
3.966813498994779527e+54
3.966813498994779527e+54
1.875238548710499856e+54
1.875238394882803557e+54
1.875238394882803557e+54
1.875238394813331849e+54
1.853219610188225460e+54
1.796409677973734848e+54
1.796409677973734848e+54
1.796409677973734848e+54
1.796409677973734848e+54
1.796334788580036598e+54
1.796334788580036598e+54
1.796016990331097436e+54
1.796016990331097095e+54
1.796016990331097095e+54
1.796016990328544977e+54
1.796016976333515917e+54
3.163310710095286821e+53
2.110175197277893165e+53
2.023677431494981093e+53
2.023677423029272608e+53
2.007943663382831239e+53
2.007252110669996980e+53
2.007252110669996980e+53
2.007252110669977413e+53
2.007252110669977413e+53
2.007251817380111955e+53
2.007216351520148156e+53
2.007216351520148156e+53
2.007216351520148156e+53
2.007216351520148156e+53
3.190277577997870833e+52
2.760892703262591113e+52
2.337270506393503006e+52
2.337270506393495562e+52
2.332030467168254449e+52
2.332030467168254449e+52
2.332030467167260984e+52
2.332030467167260984e+52
2.328522678387686595e+52
2.328522678004467505e+52
2.328517628664501858e+52
7.629865223611996424e+51
7.629865223611996424e+51
3.030229659097098307e+51
3.030229132965047163e+51
3.030229132965047163e+51
3.030229132916913824e+51
2.993282674017338790e+51
2.822611499807388439e+51
2.822611499807388439e+51
2.822611499807388439e+51
2.822539268974768440e+51
2.822539268974768440e+51
2.822539268974768440e+51
2.821910054647222481e+51
2.821910054647222481e+51
2.821910054647222481e+51
2.821910054633348664e+51
2.821910045466165293e+51
6.460853940813274417e+50
6.460853940813274417e+50
3.753640939138399963e+50
3.578711020401929835e+50
3.578710985723757561e+50
3.520955112260991329e+50
3.520124316626205204e+50
3.520124316626205204e+50
3.520124316626184019e+50
3.520124316626184019e+50
3.520124077291347286e+50
3.520036602832373234e+50
3.520036602832373234e+50
3.520036602832373234e+50
3.520036602832373234e+50
6.701956235173374645e+49
5.538606070485106468e+49
5.538606070485106468e+49
4.405289961284644102e+49
4.405289961284584391e+49
4.398013398839761500e+49
4.398013398839761500e+49
4.398013398838515348e+49
4.398013398838515348e+49
4.383271852654273901e+49
4.383271850875564343e+49
4.383267103346590277e+49
4.383267103346590277e+49
1.258420559404751091e+49
5.860814682590567753e+48
5.860813104175304591e+48
5.860813104175304591e+48
5.860813104111792416e+48
5.806658220154559267e+48
5.361674680197148610e+48
5.361674680197148610e+48
5.361674680197148610e+48
5.361674680197148610e+48
5.361605525209094319e+48
5.361605525209094319e+48
5.361605525209093670e+48
5.358918592431565926e+48
5.358918592431565926e+48
5.358918592431565926e+48
5.358918592366030053e+48
5.358918580704583039e+48
1.048390091473672111e+48
1.048390091473672111e+48
6.824296578300280165e+47
6.595324425890914497e+47
6.595324331433308819e+47
6.457207743047879472e+47
6.456466241552706810e+47
6.456466241552706810e+47
6.456466241552691395e+47
6.456466241552691395e+47
6.456465957546238905e+47
6.456117610804454241e+47
6.456117610804454241e+47
6.456117610804454241e+47
6.456117610804454241e+47
1.073517592476235818e+47
9.488080232336381099e+46
9.488080232336381099e+46
7.893954388231777424e+46
7.893954388231525923e+46
7.887749419427202899e+46
7.887749419427202899e+46
7.887749419426321628e+46
7.887749419426321628e+46
7.854229677230520784e+46
7.854229672650399781e+46
7.854224295815646877e+46
7.854224295815646877e+46
2.868337650119879014e+46
1.069865566109145160e+46
1.069864943475023290e+46
1.069864943475023290e+46
1.069864943470372914e+46
1.065053773976453229e+46
9.956072720563741707e+45
9.956072720563741707e+45
9.956072720563741707e+45
9.956072720563741707e+45
9.955988610268724095e+45
9.955988610268724095e+45
9.955988610268717757e+45
9.949434353513797912e+45
9.949434353513797912e+45
9.949434353513797912e+45
9.949434353513797912e+45
9.949434353332626556e+45
9.949434344500049160e+45
2.498494248421387133e+45
2.498494248421387133e+45
1.371577706508249081e+45
1.346645597616267725e+45
1.346645550999670766e+45
1.320225127339492329e+45
1.320115786873959994e+45
1.320115786873959994e+45
1.320115786873958885e+45
1.320115786873958885e+45
1.320115760785102961e+45
1.320012724196236762e+45
1.320012724196236762e+45
1.320012724196236762e+45
1.320012724196236762e+45
2.637431890953007874e+44
2.429285560846578951e+44
2.429285560846578951e+44
1.823233270555557238e+44
1.823233270555449488e+44
1.822065529294672291e+44
1.822065529294672291e+44
1.822065529294599005e+44
1.822065529294599005e+44
1.813871678045369587e+44
1.813871678045369587e+44
1.813871675153675947e+44
1.813871045030729258e+44
1.813871045030729258e+44
1.813871045030729258e+44
8.783229301291038014e+43
2.917091035665400460e+43
2.917087760523562427e+43
2.917087760523562427e+43
2.917087760518188282e+43
2.904469051533573377e+43
2.587980385414185539e+43
2.587980385414185539e+43
2.587980385414185539e+43
2.587980385414185539e+43
2.587967897523024269e+43
2.587967897523024269e+43
2.587967897523021298e+43
2.585938854008116299e+43
2.585938854008116299e+43
2.585938854008116299e+43
2.585938854008116299e+43
2.585938853863240671e+43
2.585938852935729447e+43
8.460188388381266971e+42
8.460188388381266971e+42
4.054011799875615634e+42
3.977240194514830557e+42
3.977239906805834088e+42
3.831645322197110549e+42
3.831442945222743824e+42
3.831442945222743824e+42
3.831442945222742586e+42
3.831442945222742586e+42
3.831442911060379664e+42
3.831045212030720457e+42
3.831045212030720457e+42
3.831045212030720457e+42
3.831045212030720457e+42
9.380375961109144387e+41
8.469923676451865246e+41
8.469923676451865246e+41
5.830209845381370768e+41
5.830209845380067062e+41
5.827585591920120741e+41
5.827585591920120741e+41
5.827585591919974510e+41
5.827585591919974510e+41
5.773954187772211881e+41
5.773954187772211881e+41
5.773954167040189419e+41
5.773953174493137106e+41
5.773953174493137106e+41
2.629317620293812629e+41
2.629317620293812629e+41
1.012325374107541936e+41
1.012323566751723929e+41
1.012323566751723929e+41
1.012323566750458716e+41
1.008980896762943811e+41
8.653610129581419772e+40
8.653610129581419772e+40
8.653610129581419772e+40
8.653610129581419772e+40
8.653610129581419772e+40
8.653588424821477941e+40
8.653588424821442157e+40
8.639016584038765098e+40
8.639016584038765098e+40
8.639016584038765098e+40
8.639016584038765098e+40
8.639016582894719909e+40
8.639016580871304981e+40
2.523442499785726194e+40
2.523442499785726194e+40
1.356561702466989441e+40
1.337577824183986370e+40
1.337577824183986370e+40
1.337577675075809113e+40
1.273976877366839117e+40
1.273942098385649256e+40
1.273942098385649256e+40
1.273942098385649014e+40
1.273942098385649014e+40
1.273942091003273621e+40
1.273659461459576944e+40
1.273659461459576944e+40
1.273659461459576944e+40
1.273659461459576944e+40
2.758802239296825434e+39
2.579607913663412463e+39
2.579607913663412463e+39
2.579607913663412463e+39
1.888599416683243364e+39
1.888599416682275014e+39
1.888171256426989418e+39
1.888171256426989418e+39
1.888171256426970378e+39
1.888171256426970378e+39
1.888171256426970378e+39
1.866229695275636587e+39
1.866229685351362341e+39
1.866229482672604878e+39
1.866229482672604878e+39
1.009100678547696543e+39
1.009100678547696543e+39
3.190974580426305144e+38
3.190963035558652358e+38
3.190963035558652358e+38
3.190963035557074332e+38
3.185791464277236987e+38
2.796902479643032860e+38
2.796902479643032860e+38
2.796902479643032860e+38
2.796902479643032860e+38
2.796902479643032860e+38
2.796898047753112156e+38
2.796898047753085333e+38
2.790953934820485641e+38
2.790953934820485641e+38
2.790953934820485641e+38
2.790953934820485641e+38
2.790953934273351504e+38
2.790953934008222361e+38
1.025942184153990216e+38
1.025942184153990216e+38
4.593277633788149613e+37
4.559218654204108958e+37
4.559218654204108958e+37
4.559217540464217897e+37
4.362256560581983451e+37
4.362176854094099066e+37
4.362176854094099066e+37
4.362176854094099066e+37
4.362176854094099066e+37
4.362176843227368049e+37
4.360882361103261945e+37
4.360882361103261945e+37
4.360882361103261945e+37
4.360882361103261001e+37
1.171967270055341455e+37
1.120563595950118452e+37
1.120563595950118452e+37
1.120563595950118452e+37
7.180209046245032786e+36
7.180209046238619812e+36
7.178999284917195845e+36
7.178999284917195845e+36
7.178999284917169872e+36
7.178999284917169872e+36
7.178999284917169872e+36
7.094847239348893876e+36
7.094847147135434821e+36
7.094846779379409498e+36
7.094846779379409498e+36
4.723679563046968686e+36
4.723679563046968686e+36
1.465087950901810242e+36
1.465087950901810242e+36
1.465078443271430745e+36
1.465078443271430745e+36
1.465078443271124677e+36
1.462947133936059335e+36
1.194027532377559209e+36
1.194027532377559209e+36
1.194027532377559209e+36
1.194027532377559209e+36
1.194027532377559209e+36
1.194026518328519223e+36
1.194026518328496792e+36
1.191152854990491946e+36
1.191152854990491946e+36
1.191152854990491946e+36
1.191152854990491946e+36
1.191152854349779118e+36
1.191152854305351685e+36
5.562537740574965812e+35
5.562537740574965812e+35
2.252378403304903449e+35
2.236365274811748618e+35
2.236365274811748618e+35
2.236364227943108429e+35
2.074315876495167217e+35
2.074293249864650732e+35
2.074293249864650732e+35
2.074293249864650732e+35
2.074293249864650732e+35
2.074293249864650732e+35
2.074293247604189665e+35
2.073516655856303588e+35
2.073516655856303588e+35
2.073516655856303588e+35
2.073516655856303219e+35
6.886040286821375145e+34
6.541407560320077116e+34
6.541407560320077116e+34
6.541407560320077116e+34
3.805088068475833003e+34
3.805088068464255365e+34
3.804661513427396515e+34
3.804661513427396515e+34
3.804661513427388675e+34
3.804661513427388675e+34
3.804661513427388675e+34
3.722131118489876386e+34
3.722131019339259713e+34
3.722130926223891508e+34
3.722130926223891508e+34
3.722130926223891508e+34
2.457242969513493691e+34
8.780368216058756013e+33
8.780368216058756013e+33
8.780277608305355147e+33
8.780277608305355147e+33
8.780277608304153803e+33
8.770663847116285396e+33
6.763880770573517072e+33
6.763880770573517072e+33
6.763880770573517072e+33
6.763880770573517072e+33
6.763880770573517072e+33
6.763877777022457255e+33
6.763877777021993780e+33
6.731428433479507130e+33
6.731428433479507130e+33
6.731428433479507130e+33
6.731428433479507130e+33
6.731428425485827335e+33
6.731428425330676383e+33
2.977458610955069542e+33
2.977458610955069542e+33
1.339479150136991870e+33
1.332356458819433027e+33
1.332356458819433027e+33
1.332355472893871297e+33
1.208740027528312353e+33
1.208732959432330891e+33
1.208732959432330891e+33
1.208732959432330891e+33
1.208732959432330891e+33
1.208732959432330891e+33
1.208732958592981697e+33
1.208732958592981697e+33
1.207803157341504563e+33
1.207803157341504563e+33
1.207803157341504563e+33
1.207803157341503410e+33
3.671254571254367351e+32
3.546202908698163026e+32
3.546202908698163026e+32
3.546202908698163026e+32
2.208069546463668800e+32
2.208069546448437986e+32
2.207937399186071189e+32
2.207937399186071189e+32
2.207937399186069027e+32
2.207937399186069027e+32
2.207937399186069027e+32
2.147226946741315131e+32
2.147226859189602507e+32
2.147226825303695653e+32
2.147226825303695653e+32
2.147226825303695653e+32
1.564112352227270089e+32
4.830800868545149395e+31
4.830704124894398444e+31
4.830704124894398444e+31
4.830704124894398444e+31
4.830704124894133633e+31
4.828025592221005159e+31
3.850459139964162088e+31
3.850459139964162088e+31
3.850459139964162088e+31
3.850459139964162088e+31
3.850459139964162088e+31
3.850458079135874549e+31
3.850458079135287730e+31
3.827379482869247074e+31
3.827379482869247074e+31
3.827379482869247074e+31
3.827379482869247074e+31
3.827379476012281104e+31
3.827379476012281104e+31
3.827379475975821762e+31
2.014426806195034518e+31
7.697007931794116846e+30
7.697007931794116846e+30
7.675317392910880474e+30
7.675317392910880474e+30
7.675305851892540419e+30
7.031363280877547588e+30
7.031337126654336622e+30
7.031337126654336622e+30
7.031337126654336622e+30
7.031337126654336622e+30
7.031337126654336622e+30
7.031337124589808866e+30
7.031337124589808866e+30
7.024425106853770267e+30
7.024425106853770267e+30
7.024425106853770267e+30
7.024425106853753379e+30
2.628943202508984886e+30
2.628943202508984886e+30
2.569258272993014993e+30
2.569258272993014993e+30
1.382636328924569849e+30
1.382636328908724497e+30
1.382579668201035561e+30
1.382579668201035561e+30
1.382579668201034998e+30
1.382579668201034998e+30
1.382579668201034998e+30
1.345547416143007301e+30
1.345547294872483991e+30
1.345547285200309111e+30
1.345547285200309111e+30
1.345547285200309111e+30
1.107521768491036219e+30
3.704958085373537977e+29
3.704833048710747442e+29
3.704833048710747442e+29
3.704833048710747442e+29
3.704833048710661592e+29
3.703110079927418215e+29
2.682186252359379526e+29
2.682186252359379526e+29
2.682186252359379526e+29
2.682186252359379526e+29
2.682186252359379526e+29
2.682185878196304077e+29
2.682185878195548316e+29
2.664786292418026685e+29
2.664786292418026685e+29
2.664786292418026685e+29
2.664786292418026685e+29
2.664786280693314953e+29
2.664786280693314953e+29
2.664786280693314953e+29
2.664786280683610399e+29
1.690373687029809539e+29
6.252206437144947693e+28
6.252206437144947693e+28
6.236551364940347182e+28
6.236551364940347182e+28
6.236534621971360209e+28
5.444591283234535363e+28
5.444579884491185027e+28
5.444579884491185027e+28
5.444579884491185027e+28
5.444579884491185027e+28
5.444579884491185027e+28
5.444579884491185027e+28
5.444579884491185027e+28
5.438138740910619341e+28
5.438138740232517975e+28
5.438138740232517975e+28
5.438138740232489827e+28
2.482291765570036234e+28
2.482291765570036234e+28
2.424146729221251109e+28
1.202094452881484631e+28
1.202094452839236336e+28
1.202094452839236336e+28
1.202063320428413926e+28
1.202063320428413926e+28
1.202063320428413706e+28
1.202063320428413706e+28
1.148351872680331549e+28
1.148351872680331549e+28
1.148351678591875777e+28
1.148351678591875777e+28
1.148351674723528228e+28
1.148351674723528228e+28
1.148351674723528228e+28
1.148164969349145964e+28
9.563734929868537203e+27
3.706445449175268092e+27
3.706445449175268092e+27
3.706445449175268092e+27
3.706445449175215316e+27
3.705191807555087256e+27
2.506678693825623239e+27
2.506678693825623239e+27
2.506678693825623239e+27
2.506678693825623239e+27
2.506678693825623239e+27
2.506678693823295573e+27
2.506678514378903889e+27
2.477131814097144335e+27
2.477131814097144335e+27
2.477131814097144335e+27
2.477131791834939332e+27
2.477131791834939332e+27
2.477131791834939332e+27
2.477131791834939332e+27
2.477131791829762831e+27
1.561907681045583627e+27
6.379932467157025569e+26
6.379932467157025569e+26
6.368075748517731807e+26
6.368075748517731807e+26
6.368048612169198782e+26
5.367264315953196906e+26
5.367258233451348114e+26
5.367258233451348114e+26
5.367258233451348114e+26
5.367258233451348114e+26
5.367258233451348114e+26
5.367258233451348114e+26
5.367258233451348114e+26
5.367258233451348114e+26
5.355036387126846120e+26
5.355036386720962090e+26
5.355036386720866570e+26
5.355036386720866570e+26
2.346403620049314968e+26
2.308361009093593078e+26
1.220997012067438979e+26
1.220997011971663613e+26
1.220997011971663613e+26
1.220979375195566629e+26
1.220979375195566629e+26
1.220979375195566629e+26
1.220979375195566629e+26
1.152254059283185787e+26
1.152254059283185787e+26
1.152253755517734942e+26
1.152253755517734942e+26
1.152253753113621157e+26
1.152253753113621157e+26
1.152253753113621157e+26
1.151886378643988373e+26
1.004924851027520980e+26
3.568866371225165883e+25
3.568866371225165883e+25
3.568866371225165883e+25
3.568866371225145267e+25
3.568228052708829427e+25
2.506491798828425422e+25
2.506491798828425422e+25
2.506491798828425422e+25
2.506491798828425422e+25
2.506491798828425422e+25
2.506491798823310975e+25
2.506491688072167159e+25
2.469514429688286848e+25
2.469514429688286848e+25
2.469514429688286848e+25
2.469514395294083085e+25
2.469514395294083085e+25
2.469514395294083085e+25
2.469514395294083085e+25
2.469514395291893511e+25
1.733458328659855335e+25
6.286307237962084394e+24
6.286307237962084394e+24
6.279981027958040883e+24
6.279981027958040883e+24
6.279929442951143744e+24
5.371312835018277297e+24
5.371309074735992240e+24
5.371309074735992240e+24
5.371309074735992240e+24
5.371309074735992240e+24
5.371309074735992240e+24
5.371309074735992240e+24
5.371309074735992240e+24
5.355951088042428546e+24
5.355951088042428546e+24
5.355951087869636643e+24
5.355951087869426189e+24
5.355951087869426189e+24
2.771961433991394684e+24
2.742641061619631535e+24
2.742641060868432629e+24
1.271479840119731410e+24
1.271479840119731410e+24
1.271468034350769148e+24
1.271468034350769148e+24
1.271468034350769148e+24
1.271468034350769148e+24
1.202744823376913176e+24
1.202744176439397462e+24
1.202744176439397462e+24
1.202744176439397462e+24
1.202744175324648096e+24
1.202744175324648096e+24
1.202744175324648096e+24
1.202241703297912664e+24
4.661596951092356941e+23
4.514876555764646218e+23
4.514876555764646218e+23
4.514245934325863998e+23
4.514245934325852589e+23
4.514245934325852589e+23
2.846283356258625577e+23
2.846283356258625577e+23
2.846283356258625242e+23
2.846283356258625242e+23
2.846283356258625242e+23
2.846283356248372350e+23
2.846283356248372350e+23
2.846283295470722996e+23
2.846283295470722996e+23
2.846283295470722996e+23
2.802446713013333855e+23
2.802446626434761003e+23
2.802446626434761003e+23
2.802446626434761003e+23
2.802446626434761003e+23
2.216091822244738462e+23
2.216091822244151930e+23
2.216091822244151930e+23
8.416002701941202852e+22
8.409002298172249001e+22
8.409002298172249001e+22
8.408886182996940423e+22
6.739561631962860880e+22
6.739559112575338047e+22
6.739559112575338047e+22
6.739559112575338047e+22
6.739559112575338047e+22
6.739559112575338047e+22
6.739559112575338047e+22
6.739559112575338047e+22
6.739559112575338047e+22
6.717325514378172799e+22
6.717325514378172799e+22
6.717325514377656900e+22
6.717325514287231061e+22
6.717325514287231061e+22
4.091022968493485064e+22
4.051563523091970444e+22
4.051563519887649695e+22
1.806784086391726801e+22
1.806784086391726801e+22
1.806784086391726801e+22
1.806773941173113953e+22
1.806773941173113953e+22
1.806773941173113953e+22
1.659436178467118803e+22
1.659434632387265089e+22
1.659434632387265089e+22
1.659434632387265089e+22
1.659434631681269983e+22
1.659434631681269983e+22
1.659434631681269983e+22
1.658554796867593227e+22
7.552164781403693646e+21
7.314455346350273855e+21
7.314455346350273855e+21
7.314455346350273855e+21
4.327596670036813021e+21
4.327350078354582667e+21
4.327350078354578997e+21
4.327350078354578997e+21
4.327350078354576900e+21
4.327350078354576900e+21
4.327350078354576900e+21
4.327350078308254482e+21
4.327350078308254482e+21
4.327350078308254482e+21
4.327350031568931389e+21
4.327350031568931389e+21
4.217666688020386939e+21
4.217666441827310895e+21
4.217666441827310895e+21
4.217666441827310895e+21
4.217666441827310895e+21
4.217666441827310895e+21
3.385494894758889783e+21
3.385494894758412157e+21
1.428479786905492259e+21
1.427621303604367065e+21
1.427621303604367065e+21
1.427590515209983230e+21
1.093386909733481873e+21
1.093386689120935346e+21
1.093386689120935346e+21
1.093386689120935346e+21
1.093386689120935346e+21
1.093386689120935346e+21
1.093386689120935346e+21
1.093386689120935346e+21
1.093386689120935346e+21
1.087003878689788789e+21
1.087003878689524679e+21
1.087003878681269371e+21
1.087003878681269371e+21
1.087003878681269371e+21
6.623005083814724895e+20
6.578860830592714670e+20
6.578860819985834967e+20
3.121259936107797545e+20
3.121259936107797545e+20
3.121259936107797545e+20
3.121249863068553052e+20
3.121249863068553052e+20
3.121249863068553052e+20
2.808163874301583032e+20
2.808163874301583032e+20
2.808159801250904801e+20
2.808159801250904801e+20
2.808159800546047427e+20
2.808159800546047427e+20
2.808159800546047427e+20
2.805405864282430833e+20
1.247456490385963254e+20
1.219594896681231483e+20
1.219594896681231483e+20
1.219594896681231483e+20
7.473448522581680128e+19
7.473203848364271206e+19
7.473203848364263014e+19
7.473203848364259738e+19
7.473203848364259738e+19
7.473203848364259738e+19
7.473203848364259738e+19
7.473203848190817075e+19
7.473203848190817075e+19
7.473203848190817075e+19
7.473203848190817075e+19
7.473203848190817075e+19
7.473203799591736115e+19
7.236953716408745165e+19
7.236953049590877389e+19
7.236953049590877389e+19
7.236953049590877389e+19
7.236953049590877389e+19
6.135650128483371418e+19
6.135650128483371418e+19
6.135650128482977382e+19
2.422625366402885222e+19
2.421803652491857101e+19
2.421706767601870438e+19
2.421706767601870438e+19
1.885020293127240909e+19
1.885020293127240909e+19
1.885020064519678362e+19
1.885020064519678362e+19
1.885020064519678362e+19
1.885020064519678362e+19
1.885020064519678362e+19
1.885020064519678362e+19
1.885020064519678362e+19
1.871250571735155098e+19
1.871250571734172877e+19
1.871250571734172877e+19
1.871250571728020685e+19
1.871250571728020685e+19
1.273141747006558618e+19
1.273141743352259379e+19
1.267701568120250573e+19
5.469812443276892160e+18
5.469812443276892160e+18
5.469812443276892160e+18
5.469801658228564992e+18
5.469801658228564992e+18
5.469801658228564992e+18
4.939837666981727232e+18
4.939823884580501504e+18
4.939823884580501504e+18
4.939823884580501504e+18
4.939823884580501504e+18
4.939823884032005120e+18
4.939823884032005120e+18
4.933631220767127552e+18
2.550079395230542848e+18
2.511064783803512320e+18
2.511064783803512320e+18
2.511064783803512320e+18
1.392627939398274304e+18
1.392627939398270720e+18
1.392598318560857600e+18
1.392598318560857600e+18
1.392598318560857344e+18
1.392598318560857344e+18
1.392598318505451008e+18
1.392598318505451008e+18
1.392598318505451008e+18
1.392598318505451008e+18
1.392598318505451008e+18
1.392598314261602816e+18
1.347585015053151232e+18
1.347585015053151232e+18
1.347584762220509952e+18
1.347584762220509952e+18
1.347584762220509952e+18
1.347584762220509952e+18
1.212731371763620608e+18
1.212731371763620608e+18
5.297639471688883200e+17
5.297639471688823040e+17
5.296269461012454400e+17
5.295932661819646720e+17
5.295932661819646720e+17
3.825618204951548800e+17
3.825618204951548800e+17
3.825617968165829120e+17
3.825617968165829120e+17
3.825617968165829120e+17
3.825617968165829120e+17
3.825617968165829120e+17
3.825617968165829120e+17
3.825617968165829120e+17
3.794502529870554880e+17
3.794502529866839040e+17
3.794502529866839040e+17
3.794502529861665920e+17
3.794502529861665920e+17
2.881302487712042560e+17
2.881302467245074560e+17
2.871579365981580480e+17
1.264904747450396160e+17
1.264904747450396160e+17
1.264904747450396160e+17
1.264903297053284640e+17
1.264903297053284640e+17
1.096916187002865920e+17
1.096911247211233440e+17
1.096911247211233440e+17
1.096911247211233440e+17
1.096911247211233440e+17
1.096911247211233440e+17
1.096911247211233440e+17
1.096911247155932320e+17
1.096911247155932320e+17
1.095235040373834720e+17
1.095235040373834720e+17
6.479381909310480000e+16
6.391414408642328000e+16
6.391414408642328000e+16
6.391414408642260000e+16
6.391414408642260000e+16
6.391414408642260000e+16
3.417985287857181200e+16
3.417940416961818400e+16
3.417940416961818400e+16
3.417940416961818400e+16
3.417940416961818400e+16
3.417940416961818400e+16
3.417940416596843600e+16
3.417940416596843600e+16
3.417940416596843600e+16
3.253302152661152000e+16
3.253302147925310400e+16
3.253302147925310400e+16
3.253301076819233600e+16
3.253301076819233600e+16
3.253301076819233600e+16
3.253301076819233600e+16
2.974874843356874400e+16
1.449647119022989400e+16
1.449647119022980600e+16
1.449647119022980600e+16
1.449389123320901200e+16
1.449250627564064800e+16
1.449250627564064800e+16
1.449250627564064800e+16
1.001146276457127800e+16
1.001146276457127800e+16
1.001146243299179600e+16
1.001146243299179600e+16
1.001146243299179600e+16
1.001146243299179600e+16
1.001146243299179600e+16
1.001146243299179600e+16
9.880579654512852000e+15
9.880579654485298000e+15
9.880579654485298000e+15
9.880579654478396000e+15
9.880579654478396000e+15
7.672883583145292000e+15
7.672883477644441000e+15
7.672883477644441000e+15
7.655524570169913000e+15
3.599866409663982000e+15
3.599866409663982000e+15
3.599864007600022000e+15
3.599864007600022000e+15
3.036623138107274000e+15
3.036602351099703500e+15
3.036602351099703500e+15
3.036602351099703500e+15
3.036602351099703500e+15
3.036602351099703500e+15
3.036602351099703500e+15
3.036602351016306000e+15
3.036602351016306000e+15
3.028681471973391000e+15
3.028681471973391000e+15
1.818420748425272000e+15
1.800927279086089750e+15
1.800927279086089750e+15
1.800927279086031000e+15
1.800927279086031000e+15
9.919594648225422500e+14
9.919594648225422500e+14
9.919517370410103750e+14
9.919517370410103750e+14
9.919517370410103750e+14
9.919517370410103750e+14
9.919517370410103750e+14
9.919517368175613750e+14
9.919517368175613750e+14
9.919517368175613750e+14
9.335985498365382500e+14
9.335985490690773750e+14
9.335985490690773750e+14
9.335980647256671250e+14
9.335980647256671250e+14
9.335980647256671250e+14
8.745309165313326250e+14
8.745309165313326250e+14
4.207837870816844375e+14
4.207837870816833125e+14
4.207837870816833125e+14
4.207117369661429375e+14
4.206673015891326250e+14
4.206673015891326250e+14
2.937123165507049375e+14
2.937123165507049375e+14
2.937123165507049375e+14
2.937123109347395625e+14
2.937123109347395625e+14
2.937123109347395000e+14
2.937123109347395000e+14
2.937123109329697500e+14
2.937123109329697500e+14
2.889337734193345625e+14
2.889337734193345625e+14
2.889337734193345625e+14
2.889337734193345625e+14
2.889337734192461875e+14
2.889337734192461875e+14
2.889337652046765625e+14
2.384753370528060000e+14
2.384753370528060000e+14
2.381321817598672812e+14
1.071806597373075312e+14
1.071806597373075312e+14
1.071806178355446875e+14
1.071806178355446875e+14
1.071806178355446875e+14
1.071790193000976406e+14
9.054354594069590625e+13
9.054354594069590625e+13
9.054354594069590625e+13
9.054354594069590625e+13
9.054354594069590625e+13
9.054354593958582812e+13
9.024405757857879688e+13
9.024405757857879688e+13
6.021471120922405469e+13
6.021471120922405469e+13
6.021471120922405469e+13
5.982126631618228906e+13
5.982126631618228906e+13
5.982126631617758594e+13
3.076534802423437109e+13
3.076534802423437109e+13
3.076534802423437109e+13
3.076534802423437109e+13
3.076520174607335156e+13
3.076520174607335156e+13
3.076520173427106250e+13
3.076520173427106250e+13
3.076520173427106250e+13
2.890122452651583203e+13
2.890122452651583203e+13
2.890122451550461719e+13
2.890119586393466406e+13
2.890119586393466406e+13
2.890119586393466406e+13
2.890119586393466406e+13
2.771624221285320312e+13
1.490581684329729492e+13
1.490581684329729492e+13
1.490581684329727734e+13
1.490196948630784375e+13
1.490196948630784375e+13
1.490087238085216992e+13
1.490087238085216992e+13
9.715019075935531250e+12
9.715019075935531250e+12
9.715019075935531250e+12
9.715019075935531250e+12
9.715018983946890625e+12
9.715018983946890625e+12
9.715018983946882812e+12
9.715018983946882812e+12
9.715018983840564453e+12
9.541367093360347656e+12
9.541367093360347656e+12
9.541367093360347656e+12
9.541367093360347656e+12
9.541367093359148438e+12
9.541366540400726562e+12
9.541366540400726562e+12
8.348597491126682617e+12
8.348597491126682617e+12
4.019222027670791992e+12
4.017302063387532715e+12
4.017302063387532715e+12
4.017302063387532715e+12
4.017301182064191895e+12
4.017205610945642090e+12
3.239455625348358398e+12
3.239455625348358398e+12
3.239455625348358398e+12
3.239455625348358398e+12
3.239455625348358398e+12
3.239455625348358398e+12
3.239455625330650879e+12
3.226709258181754395e+12
3.226709258181754395e+12
3.226709258181754395e+12
2.364570646615333984e+12
2.364570646615333984e+12
2.352613813615234375e+12
2.352613813614834473e+12
2.352613813614834473e+12
2.352613813614834473e+12
2.352613813614834473e+12
1.216429952283655029e+12
1.216429952283655029e+12
1.216426528568228027e+12
1.216426528568228027e+12
1.216426527429286865e+12
1.216426527429286865e+12
1.216426527429286865e+12
1.117109808344337646e+12
1.117109808344337646e+12
1.117109808139331787e+12
1.117107986428802979e+12
1.117107986428802979e+12
1.117107986428802979e+12
1.117107986428802979e+12
1.081925130363246948e+12
6.417191493961013184e+11
6.417191493961013184e+11
6.417191493961013184e+11
6.414819338315817871e+11
6.414819338315814209e+11
6.414514963972596436e+11
6.414514963972596436e+11
6.414514963972596436e+11
4.065326617833601074e+11
4.065326617833601074e+11
4.065326617833601074e+11
4.065326617833601074e+11
4.065326617833595581e+11
4.065326597760724487e+11
4.065326597760724487e+11
4.065326597645804443e+11
3.960176124852062988e+11
3.960176124852062988e+11
3.960176124852062988e+11
3.960176124852062988e+11
3.960176124852062988e+11
3.960175719462812500e+11
3.960175719462578125e+11
3.546351403166690063e+11
3.546351403166690063e+11
3.546351403166690063e+11
1.832168378593980713e+11
1.831570968470500793e+11
1.831570968470500793e+11
1.831504876186093140e+11
1.831504647913270874e+11
1.436179557691808777e+11
1.436179557691808777e+11
1.436179557691808777e+11
1.436179557691808777e+11
1.436179557691808777e+11
1.436179557691808777e+11
1.436179557687864380e+11
1.427463814356624451e+11
1.427463814356624451e+11
1.427463814356624451e+11
1.083539820714487915e+11
1.083539820713964233e+11
1.083539820713964233e+11
1.083539820713964233e+11
1.079774880340102539e+11
1.079774880340102539e+11
1.079774880340102539e+11
5.753995014031588745e+10
5.753995014031588745e+10
5.753995003186315155e+10
5.753985456896298218e+10
5.753985456896298218e+10
5.753985456896298218e+10
5.753985456896298218e+10
5.203668728390644836e+10
5.203668728390644836e+10
5.203668728390644836e+10
5.203655577436958313e+10
5.203655576932833862e+10
5.203655576932833862e+10
5.203655576932833862e+10
5.203655576932833862e+10
5.088261511795926666e+10
5.088261511795926666e+10
3.112373327577357101e+10
3.110428407869458008e+10
3.110428407869458008e+10
3.110428407869457626e+10
3.110428407869457626e+10
3.110339229511981583e+10
1.977409033155954742e+10
1.977409033155954742e+10
1.977409033155954742e+10
1.977409033155954742e+10
1.977409033155954742e+10
1.977409033155947113e+10
1.977409027773767853e+10
1.977409027773767853e+10
1.977409027658057785e+10
1.915206628911558151e+10
1.915206628911558151e+10
1.915206628911558151e+10
1.915206628911558151e+10
1.915206628911558151e+10
1.915206313465438461e+10
1.915206313465438461e+10
1.915206313465389633e+10
1.765998217827586746e+10
1.765998217827586746e+10
9.213128681045335770e+09
9.213128681045335770e+09
9.211245982995443344e+09
9.210663203523881912e+09
9.210663203523881912e+09
7.178704414670923233e+09
7.178704017226193428e+09
7.178704017226193428e+09
7.178704017226193428e+09
7.178704017226193428e+09
7.178704017226193428e+09
7.178704017217357635e+09
7.124028115666837692e+09
7.124028115666837692e+09
7.124028115666837692e+09
7.124028115666837692e+09
7.124028115657203674e+09
7.124028115657203674e+09
5.758363717624211311e+09
5.745097466552433968e+09
5.745097466552433968e+09
5.745097466552433968e+09
5.745097466552433968e+09
2.995710254226626873e+09
2.995710244446332932e+09
2.995707311918871880e+09
2.995707311918871880e+09
2.995707311918871880e+09
2.995707311918871880e+09
2.995707311918871880e+09
2.692568990120122433e+09
2.692568990120122433e+09
2.692556714405220509e+09
2.692556714284211636e+09
2.692556714284211636e+09
2.692556714284211636e+09
2.692556714284211636e+09
2.653750421675439835e+09
1.774240694352770567e+09
1.772651710698520184e+09
1.772651710698520184e+09
1.772651710698520184e+09
1.772651710698520184e+09
1.772651710698520184e+09
1.772651710698519707e+09
1.772618884786048174e+09
1.079192176680481672e+09
1.079192176680481672e+09
1.079192176680481672e+09
1.079192176680471659e+09
1.079192176680471659e+09
1.079192176680471659e+09
1.079192175243229151e+09
1.079192175128565311e+09
1.041446177251965880e+09
1.041446177251965880e+09
1.041446177251965880e+09
1.041446177251965880e+09
1.041445852057202578e+09
1.041445852057202578e+09
1.041445852057202578e+09
1.041445852057202578e+09
1.041445852057191491e+09
9.850492530502439737e+08
5.579005574434431791e+08
5.578223128473895788e+08
5.578223128473895788e+08
5.578223128473895788e+08
5.577685677841094732e+08
4.170848352249033451e+08
4.170848231967003345e+08
4.170848231967003345e+08
4.170848231967003345e+08
4.170848231967003345e+08
4.170848231967003345e+08
4.170848231964750290e+08
4.133162972752892375e+08
4.133162972752891779e+08
4.133162972752891779e+08
4.133162972752891779e+08
4.133162972752891779e+08
4.133162972742103338e+08
3.528202480444319844e+08
3.522554288665664792e+08
3.522554288665664792e+08
3.522554288665664792e+08
1.911847632482389212e+08
1.911847618594543636e+08
1.911847618594543636e+08
1.911846547774363458e+08
1.911846547774363458e+08
1.911846547774363458e+08
1.911846547774363458e+08
1.911846547774363458e+08
1.675017711124220788e+08
1.675017711124220788e+08
1.675005764519331753e+08
1.675005764483956397e+08
1.675005764483956397e+08
1.675005764483956397e+08
1.675005764483956397e+08
1.675005764483956397e+08
1.657913410114298761e+08
1.655078728480236828e+08
1.194774970841355920e+08
1.194774970841355920e+08
1.194774970841355920e+08
1.194774970841355920e+08
1.194761601416291744e+08
1.194761601416291744e+08
7.248064004979963601e+07
7.248064004979963601e+07
7.248064004979813099e+07
7.248064004979813099e+07
7.248064004979813099e+07
7.248064004979813099e+07
7.248064003176590800e+07
7.248063998279272020e+07
6.916744809268778563e+07
6.916744809268778563e+07
6.916744809268778563e+07
6.916741202095586061e+07
6.916741202095586061e+07
6.916741202095586061e+07
6.916741202095586061e+07
6.916741202095586061e+07
6.630992127506667376e+07
6.630992127506638318e+07
4.037710275585768372e+07
4.037342824280310422e+07
4.037342824280310422e+07
4.037342824280310422e+07
4.036767174558624625e+07
2.956294801467734948e+07
2.956294755818932131e+07
2.956294755818932131e+07
2.956294755818932131e+07
2.956294755818932131e+07
2.956294755818932131e+07
2.956294755818932131e+07
2.956294755818931386e+07
2.919170369019520655e+07
2.919170369019520655e+07
2.919170369019520655e+07
2.919170369018790498e+07
2.919170369018790498e+07
2.919170369000028819e+07
2.566878758881012723e+07
2.566878758881012723e+07
2.564196984008261189e+07
1.453430383065369166e+07
1.453430362881218269e+07
1.453430362881218269e+07
1.453430362881218269e+07
1.453430362881218269e+07
1.453429895382396132e+07
1.453429895382396132e+07
1.453429895382396132e+07
1.453429895382396132e+07
1.251958678250623308e+07
1.251945031653955206e+07
1.251945031653955206e+07
1.251945031653955206e+07
1.251945031640878879e+07
1.251945031640878879e+07
1.251945031640878879e+07
1.251945031640878879e+07
1.251945031640878879e+07
1.248766855690008588e+07
9.393226124965155497e+06
9.344789333365414292e+06
9.344789333365414292e+06
9.344727551149606705e+06
5.726066388869449496e+06
5.726066388869449496e+06
5.726066388869449496e+06
5.726066388869449496e+06
5.726066388869121671e+06
5.726066388869121671e+06
5.726066388869121671e+06
5.726066386038958095e+06
5.726066386038958095e+06
5.726066384016536176e+06
5.419044927954263985e+06
5.419044927954263985e+06
5.419044927954263985e+06
5.419044927954263985e+06
5.419040400551150553e+06
5.419040400551150553e+06
5.419040400551150553e+06
5.259831852651206776e+06
5.259831852651206776e+06
5.259831852651196532e+06
3.334557440320483875e+06
3.334557440320483875e+06
3.334368117605950218e+06
3.334368117605950218e+06
3.333595538525911979e+06
2.422474525714344811e+06
2.422474525714344811e+06
2.422474505432995968e+06
2.422474505432995968e+06
2.422474505432995968e+06
2.422474505432995968e+06
2.422474505432995968e+06
2.422474505432995968e+06
2.422474505432994105e+06
2.422474505432994105e+06
2.385259866532765795e+06
2.385259866501264740e+06
2.385259866501003969e+06
2.385259866501003969e+06
2.385259866501003969e+06
2.167353329775200691e+06
2.167353329775200691e+06
2.165908497745586094e+06
2.165908406093463767e+06
1.250825398464726750e+06
1.250825398464726750e+06
1.250825398464726750e+06
1.250825398464726750e+06
1.250825169362143613e+06
1.250825169362143613e+06
1.066726613930151565e+06
1.066726613930151565e+06
1.066707118404563982e+06
1.066707118404563982e+06
1.066707118404563982e+06
1.066707118399485014e+06
1.066707118399485014e+06
1.066707118399485014e+06
1.066707118399485014e+06
1.066707118399485014e+06
1.063255197782715550e+06
8.496030818335578078e+05
8.466048179557556286e+05
8.466048179557556286e+05
8.466048179557556286e+05
5.134480404323873809e+05
5.134468062942916877e+05
5.134468062942916877e+05
5.134468062942254473e+05
5.134468062942254473e+05
5.134468062942254473e+05
5.134468058289286564e+05
5.134468058289286564e+05
5.134468057419296238e+05
5.134468057419296238e+05
5.134468057419296238e+05
4.828769598587832879e+05
4.828769598587832879e+05
4.828769598587832879e+05
4.828762524606974330e+05
4.828762524606974330e+05
4.828762524606974330e+05
4.828762524606974330e+05
4.732342745382296853e+05
3.228678421860446688e+05
3.228678421860444942e+05
3.228678421860444942e+05
3.228560978291686624e+05
3.227476663513897220e+05
3.227476663513897220e+05
3.227476663513897220e+05
2.284647864756576600e+05
2.284647855105366325e+05
2.284647855105366325e+05
2.284647855105366325e+05
2.284647855105362542e+05
2.284647855105362542e+05
2.284647855105362542e+05
2.284647855105362542e+05
2.284647855105362542e+05
2.243510349705672124e+05
2.243510349648688280e+05
2.243510349648688280e+05
2.243510349648586707e+05
2.243510349648586707e+05
2.243510349648586707e+05
2.093929198122474481e+05
2.093929029554988083e+05
2.093036483213228348e+05
1.281067016017574060e+05
1.281067016017574060e+05
1.281066887445934990e+05
1.281066887445934990e+05
1.067273326928510214e+05
1.067244109443778871e+05
1.067244109443778871e+05
1.067244109443778871e+05
1.067244109443778871e+05
1.067244109443778871e+05
1.067244109443778871e+05
1.067244109441545443e+05
1.067244109441545443e+05
1.067244109441545443e+05
1.062941588722232555e+05
1.062941588722232555e+05
8.932967272966654855e+04
8.911011926976905670e+04
8.911011926976905670e+04
5.526887109129239980e+04
5.526887109129239980e+04
5.526887109127670556e+04
5.526879458497140877e+04
5.526879458497140877e+04
5.526879458497140877e+04
5.526879458497140877e+04
5.526879447887843708e+04
5.526879447887843708e+04
5.526879447887843708e+04
5.526879447887843708e+04
5.526879447887843708e+04
5.526879447887843708e+04
5.130638599407021684e+04
5.130638599025383155e+04
5.130638599025383155e+04
5.130626642632856237e+04
5.130626642632856237e+04
5.130626642632856237e+04
5.058172598680017109e+04
5.058172598680017109e+04
3.675910387779877783e+04
3.675910387779877055e+04
3.675910387779877055e+04
3.675910387779877055e+04
3.675828939764774987e+04
3.674077647587053798e+04
2.585233183308575099e+04
2.585233183308575099e+04
2.585233183308575099e+04
2.585233177879470531e+04
2.585233177879470531e+04
2.585233177879459618e+04
2.585233177879459618e+04
2.585233177879459618e+04
2.525839182313178753e+04
2.525839182313178753e+04
2.525839182171046559e+04
2.525839182171046559e+04
2.525839182171046559e+04
2.525839182171046559e+04
2.525839182171004359e+04
2.525839182171004359e+04
2.398217198414431914e+04
2.398216867364421705e+04
2.397590368485506406e+04
1.548367039880238008e+04
1.548367039880238008e+04
1.548366957364864356e+04
1.548366957364864356e+04
1.548366957364864356e+04
1.272214594077777656e+04
1.272162859822527025e+04
1.272162859822527025e+04
1.272162859822527025e+04
1.272162859822527025e+04
1.272162859822527025e+04
1.272162859822527025e+04
1.272162859821478378e+04
1.265244336034530716e+04
1.100620721321665042e+04
1.100620721321665042e+04
1.098836071750332667e+04
1.098836071750332667e+04
1.098836071749112671e+04
1.098836071749112671e+04
6.997324677778003206e+03
6.997324677778003206e+03
6.997319290295246901e+03
6.997319290295246901e+03
6.997319264835339709e+03
6.997319264835339709e+03
6.997319264835339709e+03
6.997319264835339709e+03
6.997319264835339709e+03
6.997319264835339709e+03
6.433363611287787535e+03
6.433363611089518599e+03
6.433340184738005519e+03
6.433340184738005519e+03
6.433340184738005519e+03
6.433340184738005519e+03
6.433340184738005519e+03
6.372107538458360978e+03
4.851451087575930615e+03
4.851451087575930615e+03
4.851451087575930615e+03
4.847994597700801933e+03
4.847932358428109183e+03
4.847932358428109183e+03
3.414485535727957085e+03
3.414485535727957085e+03
3.414485535727957085e+03
3.414485535727957085e+03
3.414485532598629561e+03
3.414485532598591362e+03
3.414485532598591362e+03
3.414485532598591362e+03
3.414485532209726898e+03
3.321988486287931210e+03
3.321988486287931210e+03
3.321988486287931210e+03
3.321988486287931210e+03
3.321988486287931210e+03
3.321988486287918022e+03
3.321987694726725749e+03
3.202085517451816941e+03
3.202085517451816941e+03
3.202085517451816941e+03
2.156758885939783795e+03
2.156536247191706934e+03
2.156536247191706934e+03
2.156536194301868363e+03
2.156367732589144453e+03
1.755485709648200782e+03
1.755485709648200782e+03
1.755485709648200782e+03
1.755485709648200782e+03
1.755485709648200782e+03
1.755485709648200782e+03
1.755485709648200782e+03
1.755485709647838576e+03
1.743689833718344062e+03
1.570489343205919795e+03
1.570489343205919340e+03
1.568892008465352774e+03
1.568892008461629302e+03
1.568892008461629302e+03
1.568892008461629302e+03
1.019530300719180104e+03
1.019530300719180104e+03
1.019529922804328976e+03
1.019529922804328976e+03
1.019529922804328976e+03
1.019529922804328976e+03
1.019529916068902594e+03
1.019529916068902594e+03
1.019529916068902594e+03
1.019529916068902594e+03
9.298170732242657550e+02
9.298170732167503729e+02
9.298115273554628857e+02
9.298115273554628857e+02
9.298115273554628857e+02
9.298115273554628857e+02
9.241725940207892336e+02
9.241725940207892336e+02
7.433717896921646116e+02
7.426444189297560570e+02
7.426444189297560570e+02
7.426444189297560570e+02
7.426395930497398012e+02
7.426395930497398012e+02
5.209596419182848877e+02
5.209596419182848877e+02
5.209596419182848877e+02
5.209596417860997235e+02
5.209596417860997235e+02
5.209596417860866495e+02
5.209596417860866495e+02
5.209596416732817943e+02
5.209596416732817943e+02
5.047610831615912730e+02
5.047610831615912730e+02
5.047610831615912730e+02
5.047608760490390409e+02
5.047608760490389272e+02
5.047608760490389272e+02
4.924516446876803570e+02
4.924516446876803570e+02
3.520550659954066646e+02
3.520354635128629752e+02
3.520354635128629752e+02
3.520354635128629752e+02
3.519952184923221807e+02
2.823533201243107555e+02
2.823533184791114081e+02
2.823533184791114081e+02
2.823533184791114081e+02
2.823533184791114081e+02
2.823533184791114081e+02
2.823533184791114081e+02
2.823533184791069175e+02
2.800514718687265372e+02
2.800514718687264235e+02
2.598323840149527086e+02
2.598323840149527086e+02
2.598323840136799845e+02
2.596878452078328223e+02
2.596878452078328223e+02
2.596878452078328223e+02
2.596878452078328223e+02
1.757998048747196265e+02
1.757998048747196265e+02
1.757998048747196265e+02
1.757998026051242277e+02
1.757997822157186647e+02
1.757997822157186647e+02
1.757997822157186647e+02
1.757997822157186647e+02
1.583663517680742530e+02
1.583649094343205377e+02
1.583649094342162869e+02
1.583649094342162869e+02
1.583649094342162869e+02
1.583649094342162869e+02
1.578229712031285317e+02
1.334686413022388081e+02
1.334686413022388081e+02
1.334686413022388081e+02
1.332915762924226897e+02
1.332915762924226897e+02
1.332915762924226897e+02
1.332912941970308509e+02
1.332912941970308509e+02
9.462599830195927098e+01
9.462599830195927098e+01
9.462599830195927098e+01
9.462599830195388506e+01
9.462599830195388506e+01
9.462599829986859845e+01
9.462599829986859845e+01
9.462599825769048323e+01
9.111187988519461101e+01
9.111187988519461101e+01
9.111187988519461101e+01
9.111187988519461101e+01
9.111181938567368377e+01
9.111181938567368377e+01
8.977345010194362374e+01
8.977345010194362374e+01
6.804184271392526284e+01
6.804051399929059585e+01
6.804051399929059585e+01
6.804051399929059585e+01
6.802915778404290847e+01
6.802915778404290847e+01
5.420496091828346863e+01
5.420496091828346863e+01
5.420496088929136391e+01
5.420496088929136391e+01
5.420496088929136391e+01
5.420496088929136391e+01
5.420496088929135681e+01
5.364487149565560031e+01
5.364487149565555768e+01
5.364487149565555768e+01
5.364487149565555768e+01
5.364487149504073216e+01
5.112674001919936018e+01
5.112674001919936018e+01
5.112674001919936018e+01
5.111658166221266697e+01
3.618499665186870828e+01
3.618499665186870828e+01
3.618499578981153064e+01
3.618499537677001854e+01
3.618499537677001854e+01
3.618499537677001854e+01
3.227271095693867409e+01
3.227271095693867409e+01
3.227271095693867409e+01
3.227271095693867409e+01
3.227225848602355995e+01
3.227225848602342495e+01
3.227225848602342495e+01
3.223133220920258424e+01
2.869768260135377957e+01
2.864354874882418756e+01
2.864354874882418756e+01
2.864354874882418756e+01
2.864354251988824274e+01
2.864354251988824274e+01
2.864354251988824274e+01
2.066986084321312589e+01
2.066986084321312589e+01
2.066986084321312589e+01
2.066986084321021266e+01
2.066986084321021266e+01
2.066986084320712536e+01
2.066986082516412893e+01
1.977835641090625884e+01
1.977835641090625884e+01
1.977833487495320242e+01
1.977833487495320242e+01
1.977833487495320242e+01
1.977833487495320242e+01
1.966286627993291347e+01
1.966286627993291347e+01
1.966286627993291347e+01
1.597118981112221192e+01
1.597115480609125804e+01
1.597115480609125804e+01
1.597115480609125804e+01
1.596701504318215470e+01
1.264238054877044704e+01
1.264238054872151729e+01
1.264238054872151729e+01
1.264238054872151729e+01
1.264238054872151729e+01
1.247979155762977399e+01
1.247979155762975090e+01
1.247979155762975090e+01
1.247979155762975090e+01
1.247979155762975090e+01
1.247979155733143308e+01
1.247979155733143308e+01
1.222560430788784558e+01
1.222532652008165499e+01
1.222532652008165499e+01
9.219024147148681791e+00
9.219023724450035928e+00
9.219023723618260391e+00
9.219023723618260391e+00
9.219023723618260391e+00
9.219023723618260391e+00
9.219023723618260391e+00
8.117577362569296184e+00
8.117387948131769448e+00
8.117387948131769448e+00
8.117387948131769448e+00
8.094237873696876306e+00
8.094237873696876306e+00
7.664192040075054280e+00
7.663087113110706561e+00
7.663087113110706561e+00
7.663087113110706561e+00
7.663087099279237258e+00
5.714404784836013995e+00
5.714404784836013995e+00
5.714404784836013995e+00
5.714404784836013995e+00
5.714404784834016482e+00
5.714404784834016482e+00
5.714404774416660615e+00
5.714404774416660615e+00
5.714404774416660615e+00
5.417801870405508424e+00
5.417801870405508424e+00
5.417801870405508424e+00
5.417791178034206290e+00
5.417791178034206290e+00
5.417791178034206290e+00
5.417791178034206290e+00
5.417791178034206290e+00
5.413627216124266894e+00
5.413627216124266894e+00
4.853187438298956380e+00
4.853187338019617769e+00
4.853187338019617769e+00
4.851142535610429185e+00
3.837923517286955910e+00
3.837923517286955022e+00
3.837923517286955022e+00
3.837923517286955022e+00
3.837923517286955022e+00
3.837923517286955022e+00
3.837923517286934594e+00
3.772376664437774973e+00
3.772376664437774973e+00
3.772376664437774973e+00
3.772376664231864574e+00
3.772376664231864574e+00
3.772376664231864574e+00
3.761074233364750441e+00
3.761073417709650535e+00
3.761072952199646213e+00
3.181842168759408285e+00
3.181842168759408285e+00
3.181842168759386968e+00
3.181842168759386968e+00
2.755462242609355794e+00
2.755462242609355794e+00
2.755462242609355794e+00
2.755345479485131310e+00
2.755345479485131310e+00
2.755345479485131310e+00
2.755345479485131310e+00
2.755345479485131310e+00
2.743643766486937086e+00
2.718917137818631424e+00
2.718912823073468932e+00
2.718912823073468932e+00
2.229437436848132670e+00
2.229437436848132670e+00
2.229437436847882203e+00
2.229437436845585374e+00
2.229437436845585374e+00
2.229437436845585374e+00
2.229437436845585374e+00
2.229437426353772178e+00
2.229437426353772178e+00
2.082468134677074811e+00
2.082468134677074811e+00
2.082468134677074811e+00
2.082468134677074811e+00
2.082459682891707242e+00
2.082459682891707242e+00
2.082459682891707242e+00
2.082440582343839441e+00
2.082440582343839441e+00
2.039129427770626890e+00
2.039129427770626890e+00
2.039129427766843694e+00
2.037544105348662260e+00
1.696246677991344320e+00
1.696246677991344320e+00
1.696246677991344320e+00
1.696246677991344320e+00
1.696246677991314789e+00
1.696246677991314789e+00
1.696246677991314789e+00
1.696246677991314789e+00
1.654270048451726760e+00
1.654270048189723674e+00
1.654270048189723674e+00
1.654270048189723674e+00
1.654202418027940213e+00
1.654201936249381166e+00
1.654201936249381166e+00
1.654201936215660140e+00
1.593207405412625288e+00
1.593207405412625288e+00
1.593207405412625288e+00
1.396821274510425592e+00
1.396689460549018102e+00
1.396689460549018102e+00
1.396689460549018102e+00
1.396689460549018102e+00
1.396689460549018102e+00
1.396689460549018102e+00
1.386782837403875090e+00
1.386585096432649156e+00
1.386585096192824551e+00
1.386585096192824551e+00
1.386585096192824329e+00
1.316123532448940869e+00
1.316123532443644883e+00
1.316123532443644883e+00
1.316123532443644883e+00
1.316123532443644883e+00
1.316123512881425484e+00
1.316123512881425484e+00
1.316123512881425484e+00
1.223617635091674316e+00
1.223617635091674316e+00
1.223617635091674316e+00
1.223617635091674316e+00
1.223604815743849494e+00
1.223604815743849494e+00
1.223604814334509960e+00
1.223131230306956363e+00
1.223131230306956363e+00
1.221247952610601484e+00
1.221247952610601484e+00
1.221247952610601484e+00
1.154664623661797229e+00
1.154664623661797229e+00
1.154664623661797229e+00
1.154664623661797229e+00
1.154664623661706191e+00
1.154664623661706191e+00
1.119573707826275077e+00
1.119573707184233324e+00
1.119573707184233324e+00
1.119573707184233324e+00
1.119573707184233324e+00
1.119573700563784246e+00
1.119572731034735646e+00
1.119572731034735646e+00
1.118673469187526859e+00
1.118673469187526859e+00
1.118673469187526859e+00
1.068248893073936889e+00
1.067994190270227461e+00
1.067994190270227461e+00
1.067994190270227461e+00
1.067994190270227461e+00
1.067994190270227461e+00
1.057512155628513417e+00
1.057512155628513417e+00
1.057512131050368565e+00
1.057512131050368565e+00
1.057512131050367232e+00
1.057512131032074532e+00
1.057512131032074532e+00
1.056174210016418202e+00
1.056174210016418202e+00
1.056174154671027710e+00
1.056174154671027710e+00
1.056174154671027710e+00
1.056174154671027710e+00
1.056174154671027710e+00
1.026399433566488772e+00
1.026399433566488772e+00
1.026369629817877493e+00
1.026369629817877493e+00
1.026369629817877493e+00
1.026369558577359564e+00
1.026369558577359564e+00
1.023965193449607236e+00
1.023965193449607236e+00
1.022431545441969458e+00
1.022431545441969458e+00
1.022431545441969458e+00
1.022431545441969458e+00
1.022431545441586653e+00
1.022431545441586653e+00
1.022431543089182160e+00
1.009041005391711820e+00
1.009041005391711820e+00
1.009041005391711820e+00
1.009038403171742093e+00
1.009038403171742093e+00
1.009038403171742093e+00
1.009038246935228589e+00
1.009038246935228589e+00
1.009038246935228589e+00
1.009038246935228589e+00
1.008625955648872807e+00
1.007295947942939085e+00
1.007295947942939085e+00
1.007295947942939085e+00
1.007295947942939085e+00
1.007295947942939085e+00
1.002813272435272296e+00
1.002813272435266523e+00
1.002813272435266523e+00
1.002813272435266523e+00
1.002813272363000330e+00
1.002813272363000330e+00
1.002813014916915213e+00
1.002813014916915213e+00
1.002813014916915213e+00
1.002812850054415339e+00
1.002812850054415339e+00
1.002812850054415339e+00
1.002812850054415339e+00
1.001956670095309754e+00
1.001905135337127328e+00
1.001905135337127328e+00
1.001905135337127328e+00
1.001905135337127328e+00
1.001905135337127328e+00
1.000808258776039184e+00
1.000808258776039184e+00
1.000808258776039184e+00
1.000807945198763704e+00
1.000807945198763704e+00
1.000807945198763482e+00
1.000807945197152327e+00
1.000807945197152327e+00
1.000807937749546461e+00
1.000807937749546461e+00
1.000404773585373164e+00
1.000400132164035893e+00
1.000400132164035893e+00
1.000400132164035893e+00
1.000400132164035671e+00
1.000400132164035671e+00
1.000400132164035671e+00
1.000400132164035671e+00
1.000400132164035671e+00
1.000206312190832447e+00
1.000206032303857517e+00
1.000206032303857517e+00
1.000206032303857517e+00
1.000068317780081317e+00
1.000068317780056226e+00
1.000068317780056226e+00
1.000068317542576635e+00
1.000068317542576635e+00
1.000068317542576635e+00
1.000068317542576635e+00
1.000068317542576635e+00
1.000068317542576635e+00
1.000068317542576191e+00
1.000068317542576191e+00
1.000068020023209048e+00
1.000067837888831912e+00
1.000043288438704048e+00
1.000043288438704048e+00
1.000043288438704048e+00
1.000043288438704048e+00
1.000043288438704048e+00
1.000043288438704048e+00
1.000043288438704048e+00
1.000009349082733534e+00
1.000009349082733534e+00
1.000009349082733090e+00
1.000009349082733090e+00
1.000009349082732868e+00
1.000009349077417564e+00
1.000009349077417564e+00
1.000009335584765902e+00
1.000009249524993260e+00
1.000009249524993260e+00
1.000007031954781134e+00
1.000007031954781134e+00
1.000007031954781134e+00
1.000007031954781134e+00
1.000007031954781134e+00
1.000007031954781134e+00
1.000007031954781134e+00
1.000001022443430143e+00
1.000001022443430143e+00
1.000001022443429699e+00
1.000001022443429699e+00
1.000000993019668938e+00
1.000000993019585893e+00
1.000000993019585893e+00
1.000000993019585893e+00
1.000000992588720550e+00
1.000000992588720550e+00
1.000000992588720550e+00
1.000000992588720550e+00
1.000000992588720550e+00
1.000000992588720550e+00
1.000000992588720550e+00
1.000000850347443349e+00
1.000000850347442904e+00
1.000000850347442904e+00
1.000000850347442904e+00
1.000000088804530174e+00
1.000000088804530174e+00
1.000000081551532860e+00
1.000000081551532860e+00
1.000000081551532860e+00
1.000000081551532860e+00
1.000000081551532860e+00
1.000000081551532860e+00
1.000000081551531972e+00
1.000000081541887242e+00
1.000000081541887242e+00
1.000000075090426321e+00
1.000000075090426099e+00
1.000000075090426099e+00
1.000000075090426099e+00
1.000000006293219057e+00
1.000000006293219057e+00
1.000000006293219057e+00
1.000000006293219057e+00
1.000000006293219057e+00
1.000000006293219057e+00
1.000000006293219057e+00
1.000000005008901738e+00
1.000000005008901738e+00
1.000000005008901738e+00
1.000000005008750970e+00
1.000000005008750970e+00
1.000000005008750970e+00
1.000000005008750970e+00
1.000000005008750970e+00
1.000000004802730880e+00
1.000000004802730880e+00
1.000000000389818400e+00
1.000000000389818400e+00
1.000000000389818400e+00
1.000000000389818400e+00
1.000000000389818400e+00
1.000000000389818400e+00
1.000000000227064811e+00
1.000000000227064811e+00
1.000000000227064811e+00
1.000000000227064811e+00
1.000000000227064811e+00
1.000000000227064811e+00
1.000000000227064811e+00
1.000000000227063257e+00
1.000000000222451613e+00
1.000000000222451613e+00
1.000000000022300162e+00
1.000000000022300162e+00
1.000000000022300162e+00
1.000000000022300162e+00
1.000000000022300162e+00
1.000000000007597256e+00
1.000000000007597256e+00
1.000000000007597256e+00
1.000000000007597256e+00
1.000000000007597256e+00
1.000000000007597256e+00
1.000000000007597256e+00
1.000000000007597256e+00
1.000000000007597256e+00
1.000000000007525092e+00
1.000000000007525092e+00
1.000000000007525092e+00
1.000000000007525092e+00
1.000000000001133538e+00
1.000000000001133538e+00
1.000000000000190514e+00
1.000000000000190514e+00
1.000000000000190514e+00
1.000000000000190514e+00
1.000000000000190514e+00
1.000000000000190514e+00
1.000000000000190514e+00
1.000000000000190514e+00
1.000000000000190514e+00
1.000000000000190514e+00
1.000000000000190514e+00
1.000000000000189626e+00
1.000000000000046629e+00
1.000000000000046629e+00
1.000000000000046629e+00
1.000000000000003775e+00
1.000000000000003775e+00
1.000000000000003775e+00
1.000000000000003775e+00
1.000000000000003775e+00
1.000000000000003775e+00
1.000000000000003775e+00
1.000000000000003775e+00
1.000000000000003775e+00
1.000000000000003775e+00
1.000000000000003775e+00
1.000000000000003775e+00
1.000000000000003775e+00
1.000000000000001554e+00
1.000000000000001554e+00
1.000000000000001554e+00
1.000000000000001554e+00
1.000000000000000222e+00
1.000000000000000222e+00
1.000000000000000222e+00
1.000000000000000222e+00
1.000000000000000222e+00
1.000000000000000222e+00
1.000000000000000222e+00
1.000000000000000222e+00
1.000000000000000222e+00
1.000000000000000222e+00
1.000000000000000222e+00
1.000000000000000222e+00
1.000000000000000222e+00
1.000000000000000222e+00
1.000000000000000222e+00
1.000000000000000222e+00
1.000000000000000222e+00
1.000000000000000222e+00
1.000000000000000222e+00
1.000000000000000222e+00
1.000000000000000222e+00
1.000000000000000222e+00
1.000000000000000222e+00
1.000000000000000222e+00
1.000000000000000222e+00
1.000000000000000222e+00
1.000000000000000222e+00
1.000000000000000222e+00
1.000000000000000222e+00
1.000000000000000222e+00
1.000000000000000222e+00
1.000000000000000222e+00
1.000000000000000222e+00
1.000000000000000222e+00
1.000000000000000222e+00
1.000000000000000222e+00
1.000000000000000222e+00
1.000000000000000222e+00
1.000000000000000222e+00
1.000000000000000222e+00
1.000000000000000222e+00
1.000000000000000222e+00
1.000000000000000222e+00
1.000000000000000222e+00
1.000000000000000222e+00
1.000000000000000222e+00
1.000000000000000222e+00
1.000000000000000222e+00
1.000000000000000222e+00
1.000000000000000222e+00
1.000000000000000222e+00
1.000000000000000222e+00
1.000000000000000222e+00
1.000000000000000222e+00
1.000000000000000222e+00
1.000000000000000222e+00
1.000000000000000222e+00
1.000000000000000222e+00
1.000000000000000222e+00
1.000000000000000222e+00
1.000000000000000222e+00
1.000000000000000222e+00
1.000000000000000222e+00
1.000000000000000222e+00
1.000000000000000222e+00
1.000000000000000222e+00
1.000000000000000222e+00
1.000000000000000222e+00
1.000000000000000222e+00
1.000000000000000222e+00
1.000000000000000222e+00
1.000000000000000222e+00
1.000000000000000222e+00
1.000000000000000222e+00
1.000000000000000222e+00
1.000000000000000222e+00
1.000000000000000222e+00
1.000000000000000222e+00
1.000000000000000222e+00
1.000000000000000222e+00
1.000000000000000222e+00
1.000000000000000222e+00
1.000000000000000222e+00
1.000000000000000222e+00
1.000000000000000222e+00
1.000000000000000222e+00
1.000000000000000222e+00
1.000000000000000222e+00
1.000000000000000222e+00
1.000000000000000222e+00
1.000000000000000222e+00
1.000000000000000222e+00
1.000000000000000222e+00
1.000000000000000222e+00
1.000000000000000222e+00
1.000000000000000222e+00
1.000000000000000222e+00
1.000000000000000222e+00
1.000000000000000222e+00
1.000000000000000222e+00
1.000000000000000222e+00
1.000000000000000222e+00
1.000000000000000222e+00
1.000000000000000222e+00
1.000000000000000222e+00
1.000000000000000222e+00
1.000000000000000222e+00
1.000000000000000222e+00
1.000000000000000222e+00
1.000000000000000222e+00
1.000000000000000222e+00
1.000000000000000222e+00
1.000000000000000222e+00
1.000000000000000222e+00
1.000000000000000222e+00
1.000000000000000222e+00
1.000000000000000222e+00
1.000000000000000222e+00
1.000000000000000222e+00
1.000000000000000222e+00
1.000000000000000222e+00
1.000000000000000222e+00
1.000000000000000222e+00
1.000000000000000222e+00
1.000000000000000222e+00
1.000000000000000222e+00
1.000000000000000222e+00
1.000000000000000222e+00
1.000000000000000222e+00
1.000000000000000222e+00
1.000000000000000222e+00
1.000000000000000222e+00
1.000000000000000222e+00
1.000000000000000222e+00
1.000000000000000222e+00
1.000000000000000222e+00
1.000000000000000222e+00
1.000000000000000222e+00
1.000000000000000222e+00
1.000000000000000222e+00
1.000000000000000222e+00
1.000000000000000222e+00
1.000000000000000222e+00
1.000000000000000222e+00
1.000000000000000222e+00
1.000000000000000222e+00
1.000000000000000222e+00
1.000000000000000222e+00
1.000000000000000222e+00
1.000000000000000222e+00
1.000000000000000222e+00
1.000000000000000222e+00
1.000000000000000222e+00
1.000000000000000222e+00
1.000000000000000222e+00
1.000000000000000222e+00
1.000000000000000222e+00
1.000000000000000222e+00
1.000000000000000222e+00
1.000000000000000222e+00
1.000000000000000222e+00
1.000000000000000222e+00
1.000000000000000222e+00
1.000000000000000222e+00
1.000000000000000222e+00
1.000000000000000222e+00
1.000000000000000222e+00
1.000000000000000222e+00
1.000000000000000222e+00
1.000000000000000222e+00
1.000000000000000222e+00
1.000000000000000222e+00
1.000000000000000222e+00
1.000000000000000222e+00
1.000000000000000222e+00
1.000000000000000222e+00
1.000000000000000222e+00
1.000000000000000222e+00
1.000000000000000222e+00
1.000000000000000222e+00
1.000000000000000222e+00
1.000000000000000222e+00
1.000000000000000222e+00
1.000000000000000222e+00
1.000000000000000222e+00
1.000000000000000222e+00
1.000000000000000222e+00
1.000000000000000222e+00
1.000000000000000222e+00
1.000000000000000222e+00
1.000000000000000222e+00
1.000000000000000222e+00
1.000000000000000222e+00
1.000000000000000222e+00
1.000000000000000222e+00
1.000000000000000222e+00
1.000000000000000222e+00
1.000000000000000222e+00
1.000000000000000222e+00
1.000000000000000222e+00
1.000000000000000222e+00
1.000000000000000222e+00
1.000000000000000222e+00
1.000000000000000222e+00
1.000000000000000222e+00
1.000000000000000222e+00
1.000000000000000222e+00
1.000000000000000222e+00
1.000000000000000222e+00
1.000000000000000222e+00
1.000000000000000222e+00
1.000000000000000222e+00
1.000000000000000222e+00
1.000000000000000222e+00
1.000000000000000222e+00
1.000000000000000222e+00
1.000000000000000222e+00
1.000000000000000222e+00
