2.244319498760282763e+89
1.383725924526851165e+89
1.181587018765878227e+89
1.065698192893318648e+89
4.667068189040958526e+87
2.481051367603895575e+87
1.920142630760285026e+87
1.816367115955467039e+87
1.772412405154724581e+87
1.769496402549766179e+87
8.302379434842672960e+85
4.254006096022967058e+85
3.384932054255942274e+85
3.141350857390941035e+85
3.089158019847061020e+85
3.080726060618797449e+85
3.079833094949569558e+85
3.079660706210974014e+85
1.136440363888539598e+84
7.318868938143580122e+83
6.026300739067744724e+83
5.541246155226990791e+83
5.482137821863173936e+83
5.460333181323373520e+83
5.458306441394917730e+83
5.458094855749718001e+83
5.458080293484660291e+83
2.027750260863972162e+82
1.284576848719148612e+82
1.070706344073791352e+82
1.034544447845313416e+82
1.007186226173943048e+82
1.005210905171611222e+82
1.004466424357151913e+82
1.004442404992236461e+82
1.004438384452935960e+82
1.004438321956659646e+82
4.527012510746075622e+80
2.369195959678815169e+80
2.155873197519439923e+80
1.994922342074716882e+80
1.978014730655129657e+80
1.978014730234734573e+80
1.964199139184423401e+80
1.963855550983999905e+80
1.963640982846731882e+80
1.963639471258722160e+80
8.111471456180941582e+78
8.111471347079228987e+78
6.099702057651450422e+78
4.380948160519513367e+78
4.380948160348075652e+78
4.247185042444637917e+78
4.128569545635459614e+78
4.124218094029545624e+78
4.118104810949668898e+78
4.118104810908322305e+78
4.118072432604167607e+78
4.118019487629349014e+78
4.118019363277087840e+78
3.077861452062784954e+77
1.211137506248591487e+77
1.089751316728415753e+77
9.324558228396598874e+76
9.276013886733191378e+76
9.276013882342870805e+76
9.276013882337755600e+76
9.197848619639285667e+76
9.197244324877049361e+76
9.194947249949005617e+76
9.194943326416668028e+76
9.194943326413229181e+76
5.576901671667350846e+75
5.576901267627111872e+75
3.719565275150334845e+75
2.331318865754624290e+75
2.331318865720274383e+75
2.281239156359595149e+75
2.144363445039635117e+75
2.143421424098151530e+75
2.139169358687806423e+75
2.139169358687797585e+75
2.139169358634817641e+75
2.139159016259350725e+75
2.139089275135707820e+75
2.139089251395167117e+75
1.410962672511761176e+74
7.030386818469361532e+73
6.481450377784596723e+73
5.186285708571270656e+73
5.186285708571270028e+73
5.174207267495934493e+73
5.174207256793872747e+73
5.174207256793143347e+73
5.074704018698743426e+73
5.074486259260808424e+73
5.072684860448070117e+73
5.072684860448070117e+73
5.072684015537943091e+73
5.072684015532972882e+73
5.072667696760304254e+73
2.560007169949043258e+72
1.968872609214240646e+72
1.358588023106285241e+72
1.358588023100939896e+72
1.344790743607542532e+72
1.229625729193076095e+72
1.229259004397450712e+72
1.223489911622834312e+72
1.223489911487056678e+72
1.223489911487054913e+72
1.223489911487054913e+72
1.223487517686947806e+72
1.223428740757427305e+72
1.223428737198954220e+72
1.053915572651419493e+71
3.967640935700733060e+70
3.821166891050135445e+70
3.158459297102205381e+70
3.158459297102202929e+70
3.158459277634935980e+70
3.153152874090423882e+70
3.153152874090249790e+70
3.062081846936190200e+70
3.062025747860358987e+70
3.059314124600608895e+70
3.059314124600608895e+70
3.059313983783150873e+70
3.059313983768987549e+70
3.059313983768987549e+70
3.059298691535709949e+70
1.928547450565269244e+69
1.632435706802057664e+69
8.968639212791949065e+68
8.968639212776972752e+68
8.897303783006289023e+68
8.175346033683865532e+68
8.174198854752235955e+68
8.110897416712809685e+68
8.110897413799813427e+68
8.110897413799813427e+68
8.110897413799809596e+68
8.110892593222395658e+68
8.109824214337251915e+68
8.109824204284872318e+68
8.109824204284872318e+68
1.221440888309466249e+68
3.475602720535443077e+67
3.342730810346382482e+67
2.380537222695004242e+67
2.380537222694994066e+67
2.380537194203444281e+67
2.378402693954726762e+67
2.304718227401917101e+67
2.304718227401917101e+67
2.304718227401880884e+67
2.304703664881070192e+67
2.300882974894213942e+67
2.300882923686300771e+67
2.300882923686300771e+67
2.300882923647192503e+67
2.300882923647192503e+67
2.300847145009362201e+67
2.308974395681233614e+66
1.836767901378852760e+66
8.315845001774622277e+65
8.315845001769591906e+65
8.272332848001036510e+65
7.005671767792297574e+65
7.005671767792297574e+65
7.005285730717670676e+65
6.939142495290889737e+65
6.939142495290888802e+65
6.939142489797688280e+65
6.939142489797687345e+65
6.939140221434340729e+65
6.937194097690563607e+65
6.937194094817022224e+65
1.033756754426061344e+65
3.819404585348823139e+64
3.819404585348823139e+64
3.819404585348691604e+64
3.704898258925542430e+64
2.334834688753211979e+64
2.334834575384058491e+64
2.333893235396325365e+64
2.333893235396325365e+64
2.183073724633614476e+64
2.183073724633605415e+64
2.183065324650488948e+64
2.178182765287214913e+64
2.178182765196916326e+64
2.178182747268557652e+64
2.178182747268557652e+64
2.178182747268557652e+64
2.178102938618489700e+64
1.971816801883304154e+63
9.662597020889940901e+62
8.979093430164093331e+62
8.979093430162536832e+62
8.955786451938910736e+62
7.128164716244055096e+62
7.128164716244055096e+62
7.127907775590724314e+62
6.978856554056678518e+62
6.978856554056674864e+62
6.978856531074088456e+62
6.978856531074088456e+62
6.978855634732574826e+62
6.978855634732574826e+62
6.976050659128445015e+62
6.976050658357425259e+62
4.767354485315625865e+61
3.731274502528285327e+61
3.731274502528285327e+61
3.731274502527961056e+61
2.531489758194721686e+61
2.507948703791645809e+61
2.507948378213211796e+61
2.507948378213211796e+61
2.507250040822552979e+61
2.285106145376347258e+61
2.285106145376344118e+61
2.285102549876896806e+61
2.273356411094273368e+61
2.273356411094273368e+61
2.273356410687414148e+61
2.273356405505578454e+61
2.273356405505578454e+61
2.273356405505578454e+61
2.273232513597097095e+61
2.700249852324044760e+60
1.004924536196571186e+60
9.697458685755452933e+59
9.697458685754812455e+59
7.931502491947681777e+59
7.919797827710795569e+59
7.919797827710795569e+59
7.919797827710795569e+59
7.919673914304705158e+59
7.680929887324506553e+59
7.680929887324494064e+59
7.680929818030804160e+59
7.680929818030804160e+59
7.680929529940080430e+59
7.680929529940080430e+59
7.673451706379802071e+59
7.673451706379802071e+59
7.673451706050741195e+59
6.609182837351545404e+58
5.618178620720826093e+58
5.618178620717786501e+58
5.618178620717786501e+58
3.045474600872379634e+58
3.023524365041384251e+58
3.023523690669364971e+58
3.023523690669364971e+58
2.763690402626893724e+58
2.763359058223984460e+58
2.763359058223983345e+58
2.763357663082530777e+58
2.740925126025115467e+58
2.740925126025115467e+58
2.740925124553008152e+58
2.740925124553008152e+58
2.740925124553008152e+58
2.740925121896008724e+58
2.740925121896008724e+58
2.740528571413354726e+58
5.375553553651034511e+57
1.592160223669072330e+57
1.535426227827000466e+57
1.535426227827000466e+57
1.083333889209946079e+57
1.083333889209928483e+57
1.082480247586599262e+57
1.082480247586599262e+57
1.082480247586588983e+57
1.046813590083480190e+57
1.046807845878993806e+57
1.046807827536671126e+57
1.046807827536671126e+57
1.046807827536671126e+57
1.046807808661794455e+57
1.044989900524155796e+57
1.044989900524155796e+57
1.044989900497988137e+57
1.044989900484578594e+57
1.371202057606471093e+56
1.110039101442409561e+56
5.089692105876215638e+55
5.089692105876215638e+55
5.065681451442549514e+55
5.065677282906995011e+55
5.065677282906995011e+55
4.269552350722766296e+55
4.269552350722766296e+55
4.269342508469276461e+55
4.269342508469276461e+55
4.226483124551546610e+55
4.226481973352299882e+55
4.226481973352299882e+55
4.226481968363943863e+55
4.226481968363943863e+55
4.226481968363942774e+55
4.226481966975757319e+55
4.226481966975757319e+55
4.225247099569219309e+55
8.346937025573136574e+54
3.102117861854553392e+54
3.017258010818018844e+54
3.017258010818018844e+54
1.909372535693327336e+54
1.908668635388647189e+54
1.908668635388638681e+54
1.908668635388638681e+54
1.908668635388560757e+54
1.908668501106851032e+54
1.781942260086556383e+54
1.781942260086556383e+54
1.781936388872601529e+54
1.781936388872601529e+54
1.781936388872601529e+54
1.781936376854741988e+54
1.777714468976365900e+54
1.777714468976365900e+54
1.777714468976365900e+54
1.777714468868441264e+54
2.157101601643681060e+53
2.157101601642792923e+53
1.884601948734571000e+53
9.822126887800534948e+52
9.822106360090435261e+52
9.798325488053704258e+52
9.798325488053704258e+52
9.798325488053704258e+52
9.798325488053704258e+52
7.806228899617714446e+52
7.805981461325026962e+52
7.805981461325026962e+52
7.638332373368861541e+52
7.638331547175067568e+52
7.638331547175067568e+52
7.638331511296765626e+52
7.638331511296765626e+52
7.638331511296757119e+52
7.638331510591936633e+52
7.635097332422968338e+52
7.635097332422968338e+52
1.974147220498033148e+52
5.528622072706382406e+51
5.528622072706382406e+51
5.456057600153117595e+51
3.684589430888176309e+51
3.683664716418916051e+51
3.683664716418910070e+51
3.683664716418910070e+51
3.683664716418495351e+51
3.683664061272414343e+51
3.357597027612620810e+51
3.357597027612620810e+51
3.357592447341686435e+51
3.357592447341686435e+51
3.357592447341686435e+51
3.339900104411784676e+51
3.339900097848793225e+51
3.339900097848793225e+51
3.339900097009915443e+51
3.339900097009915443e+51
5.289003322765259361e+50
4.834250524150240469e+50
4.834250524149368163e+50
4.834210644923321841e+50
1.922094486537243279e+50
1.922094486537243279e+50
1.918879772909587076e+50
1.918879772909587076e+50
1.918879772909587076e+50
1.561332165694375333e+50
1.561310414895564566e+50
1.561310414895564566e+50
1.514274995585906748e+50
1.514274945109719136e+50
1.514274945109719136e+50
1.514274926639733920e+50
1.514274926639733920e+50
1.514274926639729351e+50
1.514274926639729351e+50
1.512771098696139486e+50
1.512771098642101176e+50
1.512771098642101176e+50
6.032920444289118392e+49
6.032920444289118392e+49
1.482604575824696432e+49
1.464184230552692612e+49
8.003324663826334249e+48
8.002365881917802780e+48
8.002365881917800184e+48
8.002365881913495770e+48
8.002365881913495770e+48
8.002363402343485232e+48
7.296968078802763992e+48
7.296968078802763992e+48
7.296964715921789855e+48
7.296964715921789855e+48
7.296964715921789855e+48
7.238006949946804090e+48
7.238006949946804090e+48
7.238006943921950988e+48
7.238006943921950988e+48
7.238006938761450457e+48
1.784469531205431943e+48
1.784469531205431943e+48
1.604808736395628869e+48
1.604808736395628869e+48
1.604756713584150125e+48
1.604756713584029404e+48
5.412672294653146747e+47
5.412672294653146747e+47
5.407067162892989157e+47
5.407067162892989157e+47
3.821651103113585164e+47
3.821630845764911404e+47
3.692974958308593144e+47
3.692974958308593144e+47
3.692974958308593144e+47
3.692974899626802814e+47
3.692974811527708208e+47
3.692974811527648983e+47
3.692974811527648983e+47
3.692974811527648983e+47
3.686650919477339981e+47
3.686650919437047757e+47
3.686650919437047757e+47
3.686650919437047757e+47
1.605752207467429515e+47
5.069424806289035291e+46
5.069424806289035291e+46
5.021956810113141377e+46
2.378463279687343026e+46
2.378463279682363187e+46
2.378331638418879727e+46
2.378331638418879727e+46
2.378329045712153277e+46
2.007525037843839995e+46
2.007525037843839995e+46
2.007525037843839995e+46
2.007524540310468266e+46
2.007524540310468266e+46
2.007524540310468266e+46
1.987119466320265344e+46
1.987119466320265344e+46
1.987119466320265344e+46
1.987119465750164079e+46
1.987119462630819232e+46
1.987119462630818471e+46
1.987119462630818471e+46
5.018574885229620048e+45
5.018214931324123938e+45
5.018214931324123938e+45
4.693529889991146139e+45
4.693529889991146139e+45
1.858982233173980754e+45
1.858982233173965860e+45
1.857953945338962506e+45
1.193375364437676857e+45
1.193375364437676857e+45
1.193371503354616819e+45
1.193371503354616819e+45
1.115363978987736936e+45
1.115363978987736936e+45
1.115363883856909368e+45
1.115363883856838062e+45
1.115363877136681074e+45
1.115363877136681074e+45
1.115363877136681074e+45
1.115363877136681074e+45
1.112722362431555151e+45
1.112722362431555151e+45
1.112722362428178446e+45
1.112722362428178446e+45
1.112722362428178446e+45
5.984153330995839778e+44
1.554612624969549338e+44
1.547639084825025005e+44
8.107855351122008362e+43
8.107855351075600466e+43
8.107556336248473906e+43
8.107535018382156775e+43
8.107535018382156775e+43
8.107535018382156775e+43
6.506941308313356820e+43
6.506941308313356820e+43
6.506941308313356820e+43
6.506940652092910297e+43
6.506940652092910297e+43
6.506940652092910297e+43
6.370623111870113674e+43
6.370623111870113674e+43
6.370623111331059122e+43
6.370623073377840806e+43
6.370623073377829912e+43
6.370623073377829912e+43
6.367966184212099490e+43
2.064858368280958931e+43
1.977363534663923126e+43
1.977363534663923126e+43
6.054543410820192346e+42
6.054543410820192346e+42
6.054543410820175015e+42
6.052410916433325707e+42
4.085744782514472860e+42
4.085744782514472860e+42
4.085739100610120921e+42
4.085739100610120921e+42
3.736234535382798714e+42
3.736233780095571302e+42
3.736233780094929430e+42
3.736233780094929430e+42
3.736233773157817983e+42
3.736233773157817983e+42
3.736233773157817983e+42
3.717229872516804084e+42
3.717229872516804084e+42
3.717229872516804084e+42
3.717229872516804084e+42
3.717229872512682982e+42
3.717229872512682982e+42
2.570132930252625159e+42
6.967121900079820893e+41
6.939729445291364978e+41
2.847112189837109390e+41
2.847112189769367764e+41
2.847112189769367764e+41
2.847100143687607547e+41
2.847053853299478769e+41
2.316191229309927479e+41
2.316191229309927479e+41
2.316191229309927479e+41
2.316191229309927479e+41
2.316191152819134344e+41
2.316191152819134344e+41
2.316191152819134344e+41
2.249262602657009293e+41
2.249262602583528653e+41
2.249262602583528653e+41
2.249262569108497663e+41
2.249262569108486831e+41
2.249262569108486831e+41
2.247134431833328112e+41
1.048507549782246284e+41
1.004395667253934476e+41
2.846091667917922310e+40
2.846091667917922310e+40
2.846091667917919409e+40
2.846091667917919409e+40
2.845499995660391220e+40
1.582373085916206764e+40
1.582373085916206764e+40
1.582373085916206764e+40
1.582372301883927769e+40
1.582372301883927769e+40
1.443600723989482055e+40
1.443600207321497924e+40
1.443600207320364436e+40
1.443600207320364436e+40
1.443600207320364436e+40
1.443600206187886733e+40
1.432545466647550863e+40
1.432545466647550863e+40
1.432545466647550863e+40
1.432545466647550863e+40
1.432545466647550863e+40
1.432545466647105979e+40
4.302139279166282511e+39
3.907597510599170613e+39
3.907597510599170613e+39
3.907597509696309148e+39
3.896767099168233348e+39
1.404958890305834564e+39
1.404958890305834564e+39
1.404940032136293628e+39
1.404929662366951144e+39
1.004276583166540515e+39
1.004276583166540515e+39
1.004276583166540515e+39
1.004276583166540515e+39
1.004276583166540515e+39
1.004276583166540515e+39
1.004276567441484007e+39
9.710349817109019195e+38
9.710349817109019195e+38
9.710349531228893487e+38
9.710349531129346001e+38
9.710349531129346001e+38
9.710349531129346001e+38
9.710349531129102705e+38
9.694864541793785242e+38
4.936164412744584156e+38
1.683485572287976383e+38
1.668712670792473486e+38
1.668712670792473486e+38
1.668712670792473297e+38
1.668712670792473297e+38
8.225864437159753462e+37
8.225409682508654919e+37
8.225409682508654919e+37
8.225409682508654919e+37
8.225409682508654919e+37
8.225409682508654919e+37
8.225407365879407425e+37
6.992855400324275817e+37
6.992855400305455297e+37
6.992847606208845714e+37
6.992847606208845714e+37
6.992847606208845714e+37
6.992847604277291097e+37
6.992847604277291097e+37
6.924170550444549215e+37
6.924170550444549215e+37
6.924170550444549215e+37
6.924170550444549215e+37
6.924170550443978753e+37
2.162990989002985569e+37
2.033400824301936488e+37
2.033400824301936488e+37
2.033400823181671210e+37
2.033400823181671210e+37
8.338148798969038135e+36
8.333602087696875814e+36
8.333342888281601965e+36
8.333342888281601965e+36
5.482596262896091232e+36
5.482578994456775603e+36
5.482578994456775603e+36
5.482578994456775603e+36
5.482578960390999184e+36
5.482578960390999184e+36
5.482578960390999184e+36
5.143511106992637893e+36
5.143511106992637893e+36
5.143510591321061107e+36
5.143510591321061107e+36
5.143510591320579426e+36
5.143510591305243540e+36
5.143510591305243540e+36
5.131989956507788255e+36
3.127972949787263610e+36
9.218361007553651771e+35
9.177433609708201258e+35
9.177433609708201258e+35
4.883177228052293372e+35
4.883177228052293372e+35
4.883001980222425239e+35
4.883001980222425239e+35
4.883001980222425239e+35
4.883001980222425239e+35
4.883001980222425239e+35
4.883001980222425239e+35
4.883001980180374041e+35
3.970185437515735733e+35
3.970185045208722527e+35
3.970175230408331558e+35
3.970175230408331558e+35
3.970175230408331558e+35
3.970175230408331558e+35
3.970175230408331558e+35
3.970175230066456574e+35
3.892850965012541956e+35
3.892850965012541956e+35
3.892850965012541956e+35
3.892850965012541956e+35
3.892850938615813443e+35
3.892850938615702025e+35
1.524421237235879039e+35
1.463931136867913544e+35
4.840128585814820809e+34
4.838452934723437029e+34
4.838452934723437029e+34
4.838221104043316933e+34
4.838221104043316011e+34
3.292922266653354517e+34
3.292922266653354517e+34
3.292917738644836285e+34
3.292917738644836285e+34
3.029365264662719410e+34
3.029365258951863393e+34
3.029365258951863393e+34
3.029365258951863393e+34
3.029364560138938805e+34
3.029364560138938805e+34
3.029364560138938805e+34
3.029364560138173726e+34
3.029364560134889744e+34
3.029364560134889744e+34
3.015302082212616587e+34
3.015302082212616587e+34
3.015302082212616587e+34
2.239701780427086116e+34
7.107224468362091380e+33
7.080602838868640383e+33
7.080602838868640383e+33
7.080602838868640383e+33
3.043853464830218166e+33
3.043803969225877161e+33
3.043803969225877161e+33
3.043803969225877161e+33
3.043803969225877161e+33
3.043803969225877161e+33
3.043803969120831601e+33
3.043788662162773603e+33
2.489219532147149967e+33
2.489219532147149967e+33
2.489219447467242457e+33
2.489219447467242457e+33
2.489219447467242457e+33
2.489219447467242457e+33
2.422916547519552606e+33
2.422916547440955353e+33
2.422916547440955353e+33
2.422916547440955353e+33
2.422916507492929653e+33
2.422916507492929653e+33
2.422916507492929653e+33
1.282243702331287414e+33
1.235294840636416554e+33
1.235294840636411942e+33
3.928106053048446606e+32
3.927567121001287869e+32
3.927567121001283546e+32
3.926764996744854014e+32
3.926764996744854014e+32
3.926764996744854014e+32
2.250964259721410867e+32
2.250963097921583454e+32
2.250963097921583454e+32
2.060477151948233810e+32
2.060477150317373740e+32
2.060477150317373740e+32
2.060476292509864369e+32
2.060476292509864369e+32
2.060476292509864369e+32
2.060476292507589511e+32
2.060476292507589511e+32
2.060476292507589511e+32
2.060476292507589511e+32
2.046213955817979832e+32
2.046213955817342122e+32
2.046213955817342122e+32
2.046213955817342122e+32
1.627885780190839347e+32
6.675859647489496379e+31
6.675859647489496379e+31
6.658766254203885728e+31
2.595233885439832189e+31
2.595233885439832189e+31
2.595214128241058631e+31
2.595214128241058631e+31
2.595214127942730283e+31
2.595214127942730283e+31
2.595174877364830665e+31
2.595174877364830665e+31
1.892500395328128009e+31
1.892500365114072359e+31
1.892500365114072359e+31
1.892500365114072359e+31
1.892500365114072359e+31
1.833211701464921128e+31
1.833211701464921128e+31
1.833211701445773174e+31
1.833211701445773174e+31
1.833211640766507381e+31
1.833211640766507381e+31
1.055985062537708443e+31
1.032494557169110532e+31
1.032494557169110532e+31
1.032494557169110532e+31
1.032494557169091167e+31
1.031676937713883751e+31
1.031676937713882400e+31
3.896290993617491130e+30
3.896290993617491130e+30
3.895857495687162565e+30
3.895857495687162565e+30
2.021412913545910323e+30
2.021412335200407486e+30
1.739183905709742553e+30
1.739183905709742553e+30
1.739183905709742553e+30
1.739183905215267862e+30
1.739181749490019666e+30
1.739181749490019666e+30
1.739181749483688450e+30
1.739181749483688450e+30
1.739181749483688450e+30
1.739181749483688450e+30
1.739181749483688450e+30
1.739181749483688450e+30
1.723420148029409695e+30
1.723420148029409695e+30
1.723420148029259387e+30
1.723420148029259387e+30
1.723420148029259387e+30
1.489141724735349378e+30
6.105739910514053682e+29
6.097878619899173028e+29
6.097878619899173028e+29
2.629419998059915243e+29
2.629419997247338855e+29
2.629407478046483210e+29
2.629318946116993484e+29
2.629318946116993484e+29
1.785894366920935248e+29
1.785894366920935248e+29
1.785894366920935248e+29
1.785894366920935248e+29
1.785894355470537417e+29
1.785894355470537066e+29
1.785894355470537066e+29
1.685353315673640490e+29
1.685353315673640490e+29
1.685353315673640490e+29
1.685353315668256226e+29
1.685353134765378706e+29
1.685353134765175692e+29
1.129708160239798409e+29
1.128187404646026560e+29
1.113328025610097943e+29
1.113328025610097943e+29
1.113328025610097943e+29
3.780969844460919449e+28
3.780969844460919449e+28
3.780969844460919449e+28
3.780969844460918569e+28
3.780717848752352451e+28
2.068392989968700709e+28
2.068392989968700709e+28
2.068392732268085254e+28
1.711589624877957422e+28
1.711589624877957422e+28
1.711589624877957422e+28
1.711589624877957422e+28
1.711589624877957422e+28
1.711589624877957422e+28
1.711585037192941043e+28
1.711585037176670470e+28
1.711585037017339360e+28
1.711585037017339360e+28
1.711585037017339360e+28
1.711585037017339360e+28
1.711585037017339360e+28
1.681993964931341550e+28
1.681993964931341550e+28
1.681993964931341550e+28
1.681993964931291412e+28
1.681993964931291412e+28
1.681993964931291412e+28
1.551211365910772175e+28
7.423772164628862265e+27
7.416596054104269576e+27
2.692639806788396735e+27
2.692639803782670594e+27
2.692495484554931134e+27
2.692489898054997054e+27
2.692489898054997054e+27
1.863439509695993252e+27
1.863439509695993252e+27
1.863439509695992427e+27
1.863439509695992427e+27
1.863439509695992427e+27
1.863439505548454522e+27
1.863439505548454522e+27
1.863439505548454522e+27
1.728373751223285161e+27
1.728373751221310713e+27
1.728373751221310713e+27
1.728373333168300334e+27
1.728373333167733261e+27
1.728373333167733261e+27
1.721434068695808431e+27
1.349240118409198365e+27
1.336075760355304222e+27
4.955299252148540589e+26
4.955299252148540589e+26
4.955299252148540589e+26
4.955299252148540589e+26
4.955115042967305492e+26
4.955115042967305492e+26
2.266259659048179314e+26
2.266259659048179314e+26
2.266259659048179314e+26
2.266259659048179314e+26
2.266259556123522216e+26
2.266259556123522216e+26
2.266259556123522216e+26
1.872754132676293430e+26
1.872745594852245513e+26
1.872745594852245513e+26
1.872745594783537032e+26
1.872745594783537032e+26
1.872745594717034789e+26
1.872745594717034789e+26
1.828555954649604419e+26
1.828555954649604419e+26
1.828555954649604419e+26
1.828555954649604419e+26
1.828555954649604419e+26
1.828555954649604419e+26
1.828555954649589644e+26
1.730640178336157534e+26
1.037894986388795870e+26
1.037894986388795870e+26
1.037297829122607944e+26
3.726505869192752649e+25
3.726505856542795350e+25
3.726505856542795350e+25
3.725965593601589890e+25
3.725962034349782676e+25
2.226783896219861147e+25
2.226783896219858999e+25
2.226783896219858999e+25
2.226783896219858999e+25
2.226783896219858999e+25
2.226783894154992483e+25
2.226783894154992483e+25
2.050618888154198795e+25
2.050618888154198795e+25
2.050618888154198795e+25
2.050617973371303565e+25
2.050617973370604344e+25
2.050617973370604344e+25
2.050617973367787704e+25
2.050617973367787704e+25
2.038378836537124053e+25
1.696343187542474851e+25
7.772259623582330545e+24
7.753531331223626118e+24
7.753531331223626118e+24
7.753531331223626118e+24
7.753381283625427720e+24
3.300077746771937525e+24
3.300077746771937525e+24
3.300077746771937525e+24
3.300077746771937525e+24
3.300077746771937525e+24
3.300077746771937525e+24
3.300077746771937525e+24
3.300077746771937525e+24
3.300077746771937525e+24
3.300077670682482130e+24
3.300077670682482130e+24
2.472732399722592607e+24
2.472732399459385200e+24
2.472703304995447517e+24
2.472703304995447517e+24
2.472703304995447517e+24
2.472703304966292206e+24
2.402189045832204054e+24
2.402189045832204054e+24
2.402189045832204054e+24
2.402189045832204054e+24
2.402189045832204054e+24
2.402189045832204054e+24
2.402189045832198685e+24
1.528228427884287744e+24
1.498082162239912446e+24
1.498082130460279581e+24
1.498082130460279581e+24
1.498082130460279581e+24
6.204790552069371907e+23
6.204080178028212587e+23
6.202200500395141654e+23
6.202200500395078572e+23
3.417939777497372515e+23
3.417938733291433288e+23
3.417938733291433288e+23
3.417938733291433288e+23
3.417938732068062185e+23
2.987203064138503186e+23
2.987203064138503186e+23
2.987203064138503186e+23
2.987203064138503186e+23
2.987203064138503186e+23
2.987199269670962070e+23
2.987199269670962070e+23
2.987199269657828865e+23
2.987199269657525197e+23
2.987199269657525197e+23
2.963354492894268904e+23
2.634686585386247788e+23
2.634686585386247788e+23
1.234761177089213706e+23
1.234761177089213706e+23
1.233186781447964202e+23
1.233186781447964202e+23
1.233186781447964202e+23
5.660604265959701401e+22
5.660576383066193474e+22
5.660576383066193474e+22
5.660576383066193474e+22
5.660576383066193474e+22
5.660576383066193474e+22
5.660576383066193474e+22
5.660576383066193474e+22
3.994292543814388154e+22
3.994292542746768336e+22
3.994292542746768336e+22
3.994292514715059461e+22
3.994197207398638787e+22
3.994197207398638787e+22
3.994197207398638787e+22
3.994197207398637948e+22
3.994197207383082952e+22
3.994197207383082952e+22
3.797305253970407168e+22
3.797305253970407168e+22
3.797305253970407168e+22
3.797305253970407168e+22
3.797305253970407168e+22
3.797304854851618865e+22
2.742292357144239302e+22
2.742292357144238044e+22
2.709738573070587658e+22
1.050599112775847798e+22
1.050528105428173822e+22
1.050032387220328940e+22
1.050032387220328940e+22
1.050032387220288884e+22
5.975355226797743538e+21
5.975354424235776803e+21
5.975354424235776803e+21
5.975354424235776803e+21
5.050014930714088178e+21
5.050014930168009720e+21
5.050014930168009720e+21
5.050014930168009720e+21
5.050001315668053459e+21
5.050001315668053459e+21
5.050001315668053459e+21
5.050001315668053459e+21
5.050001315609705447e+21
5.050001315609534530e+21
4.975982691235472081e+21
4.975982691235472081e+21
4.975982691235472081e+21
4.975982691235472081e+21
4.975982691235472081e+21
4.975982691235472081e+21
4.651796147052270322e+21
4.651796147052270322e+21
2.511912576426417586e+21
2.509640127912940143e+21
2.509640127912940143e+21
2.509640127912940143e+21
1.011744118763084448e+21
1.011741878760583856e+21
1.011741878760583856e+21
1.011741878760583856e+21
1.011741878760583856e+21
1.011741877421678658e+21
1.011741877421678658e+21
1.011685625610902831e+21
7.178150734545648353e+20
7.178150734545648353e+20
7.178150716034417951e+20
7.178150716034417951e+20
7.178150716034417951e+20
7.178150716034415329e+20
6.722797403851883807e+20
6.722797403851883807e+20
6.722797403843213394e+20
6.722797403843213394e+20
6.722795833311233311e+20
6.722795833311233311e+20
5.480816690142532076e+20
5.480816690142532076e+20
5.480816690142532076e+20
5.435317199678259855e+20
5.435317199678258545e+20
2.314793156994018181e+20
2.312163008086404628e+20
2.312163008086103163e+20
2.312076516684767232e+20
2.312076516684767232e+20
2.312076516684767232e+20
1.139356855858823496e+20
1.139356796195010970e+20
1.139356796195010970e+20
9.559593100947619840e+19
9.559593100562553242e+19
9.559593100562553242e+19
9.559548219963296973e+19
9.559548219554609562e+19
9.559548219554609562e+19
9.559548219554609562e+19
9.559548219554609562e+19
9.559548219554609562e+19
9.559548219554609562e+19
9.559548219554609562e+19
9.559548219554609562e+19
9.367809844913417421e+19
9.367809844913417421e+19
9.367809844913417421e+19
9.367809844913328947e+19
9.367809844913328947e+19
9.367809844913328947e+19
8.958055745926217728e+19
5.795112975364332749e+19
5.795112975364332749e+19
5.792070216725903770e+19
2.360125058877789389e+19
2.360125058877789389e+19
2.360122566476482970e+19
2.360122557329557504e+19
2.360122557329557504e+19
2.359787858712800461e+19
1.484648007949148570e+19
1.484648007949148570e+19
1.484648007949148570e+19
1.484648006390871654e+19
1.484648006390871654e+19
1.484648006390871654e+19
1.484648006390871654e+19
1.484648006390869606e+19
1.378601218366352794e+19
1.378601218366352794e+19
1.378601218365807002e+19
1.378601218365807002e+19
1.378600610807038771e+19
1.186396200984283341e+19
1.181014555855407514e+19
1.181014555853870080e+19
1.181014555853870080e+19
1.176053262699608064e+19
5.968484055990531072e+18
5.968484055990531072e+18
5.968484055990531072e+18
5.968484055990531072e+18
5.968484055990531072e+18
5.968366210737750016e+18
2.801087259707693056e+18
2.801087259707693056e+18
2.801087188744642560e+18
2.169465897095721984e+18
2.169465897095721984e+18
2.169465897095721984e+18
2.169440621135383040e+18
2.169440621135383040e+18
2.169440621105692416e+18
2.169440620841447424e+18
2.169440620841447424e+18
2.169440620841447424e+18
2.169440620841447424e+18
2.169440620841447424e+18
2.169440620841447424e+18
2.169440620841447424e+18
2.115484504647314944e+18
2.115484504647314944e+18
2.115484504647314944e+18
2.115484504647314944e+18
2.115484504647314944e+18
2.115484504647309312e+18
2.115484504647309312e+18
2.115484504647309312e+18
2.061923637164567552e+18
1.433892810888523520e+18
1.433511806437278976e+18
1.433511806437278976e+18
6.523801534121468160e+17
6.523801469827261440e+17
6.523797722366069760e+17
6.521939119612209920e+17
3.851583737728219520e+17
3.851583737728219520e+17
3.851583737728219520e+17
3.851583737728219520e+17
3.851583737728219520e+17
3.851583737728190080e+17
3.851583736158033280e+17
3.851583736158033280e+17
3.851583736158033280e+17
3.429162403807984000e+17
3.429162403807984000e+17
3.429162403807563520e+17
3.429162403807563520e+17
3.429158293143815040e+17
3.429158293127541120e+17
3.406248248479338880e+17
3.094727132793790080e+17
3.094727132793790080e+17
3.087223685641321600e+17
1.635053950963862080e+17
1.635053950963862080e+17
1.635053950963862080e+17
1.635053950963862080e+17
1.635036547340836160e+17
1.635036547340836160e+17
8.052060192488196800e+16
8.052060192488196800e+16
8.052060104695214400e+16
8.052060104695214400e+16
5.937356804755090400e+16
5.937356804755090400e+16
5.937356804755090400e+16
5.937356804755090400e+16
5.937219195941361600e+16
5.937219195941361600e+16
5.937219194120648000e+16
5.937219194120648000e+16
5.937219194120648000e+16
5.937219194092936800e+16
5.937219194092936800e+16
5.937219194092936800e+16
5.691967702417781600e+16
5.691967702417781600e+16
5.691967702417781600e+16
5.691967702417781600e+16
5.691967702417780000e+16
5.691967702417780000e+16
5.691967702417775200e+16
5.691967702417775200e+16
5.691967702417775200e+16
5.611768935066220000e+16
4.317516065769716000e+16
4.317516065769716000e+16
4.316836237612588800e+16
1.912573415737474800e+16
1.912573355310370800e+16
1.911696362925657600e+16
1.911696362925657600e+16
1.911695881154919200e+16
1.140549698062568800e+16
1.140549698062568800e+16
1.140549698062536800e+16
1.140549697890957600e+16
1.140549697890957600e+16
1.140549697890957600e+16
1.140549697890957600e+16
9.872834594155520000e+15
9.872834594155520000e+15
9.872834594155520000e+15
9.872809826668242000e+15
9.872809826667848000e+15
9.872809826667848000e+15
9.872809826543746000e+15
9.872809826543746000e+15
9.756191640189512000e+15
9.213050246899630000e+15
5.528310798904198000e+15
5.523591560683752000e+15
5.523591560683752000e+15
5.523561824332947000e+15
5.523561824332947000e+15
2.495049497762707500e+15
2.495049497762707500e+15
2.495049497762707500e+15
2.495049497762707500e+15
2.495049497762707500e+15
2.495049497762707500e+15
2.495049497762707500e+15
2.495049497762707500e+15
2.495049497762707500e+15
2.495049487258196500e+15
1.824960324360863500e+15
1.824960324360863500e+15
1.824888938969715000e+15
1.824888937088781000e+15
1.824888937088781000e+15
1.824888937088781000e+15
1.824888937088781000e+15
1.824888937085814000e+15
1.824888937085814000e+15
1.727524834513736750e+15
1.727524834513735750e+15
1.727524834513735750e+15
1.727524834513735750e+15
1.727524834513735750e+15
1.727524834513735750e+15
1.727524834513735500e+15
1.453300800777797750e+15
1.442939917751747750e+15
1.442939917751747750e+15
1.442939667743155000e+15
7.015896556200525000e+14
7.015896556200525000e+14
7.015627764344081250e+14
7.015627764344081250e+14
7.008347886708080000e+14
3.759515697819303750e+14
3.759515465632148750e+14
3.759515465631829375e+14
3.759515465631829375e+14
3.759515465631829375e+14
3.759515465420555625e+14
3.212589811928216875e+14
3.212589811928216875e+14
3.212589811928216875e+14
3.212589811928216875e+14
3.212589811928216875e+14
3.212575412097622500e+14
3.212575412097622500e+14
3.212575411953931875e+14
3.212575411953894375e+14
3.212575411953894375e+14
3.160264305547706250e+14
3.045807271173260000e+14
2.099744318338770938e+14
2.098724679063183750e+14
2.098724679063183750e+14
2.098724679063183750e+14
9.717253475279635938e+13
9.717253475279635938e+13
9.717242006818228125e+13
9.717242006818228125e+13
9.717242006818228125e+13
9.717242006818228125e+13
9.717242006818228125e+13
9.717242006818228125e+13
9.717242006818228125e+13
9.717242006818228125e+13
9.717242006818228125e+13
6.484378297491509375e+13
6.484378280229141406e+13
6.484378272188314844e+13
6.484378272188314844e+13
6.483821981251322656e+13
6.483821981251322656e+13
6.483821981251322656e+13
6.483821981251322656e+13
6.483821981247965625e+13
6.483821981247953906e+13
6.078835682360692188e+13
6.078835682360692188e+13
6.078835682360692188e+13
6.078835682360692188e+13
6.078835682360692188e+13
6.078835682360692188e+13
6.078835682360692188e+13
5.376373336766968750e+13
5.376371430926010156e+13
5.355074619738371875e+13
5.355074619738371875e+13
2.971972747772666797e+13
2.971912641615037891e+13
2.966357777497358984e+13
2.966357777497358984e+13
2.966357777497358984e+13
2.966357777495190234e+13
1.545132913448112695e+13
1.545132869000073633e+13
1.545132869000073633e+13
1.545132869000073633e+13
1.242128141966879297e+13
1.242128141946202539e+13
1.242128141946202539e+13
1.242128141946202539e+13
1.242114853934148047e+13
1.242114853934148047e+13
1.242114853934148047e+13
1.242114853778010547e+13
1.242114853778010547e+13
1.242114853778006250e+13
1.216218346642361328e+13
1.216218346642361328e+13
1.216218346642361328e+13
1.216218346642361328e+13
1.216218346642361328e+13
1.190443053171217969e+13
8.840786754053253906e+12
8.840786754053253906e+12
8.838533721212062500e+12
8.838533721212062500e+12
8.838533721212062500e+12
4.422089662041528320e+12
4.422089662041528320e+12
4.422086970383077148e+12
4.422086970383077148e+12
4.422086970383077148e+12
4.422086970383077148e+12
4.422086926300425781e+12
4.422086926300425781e+12
2.815621746256961914e+12
2.815175418072354492e+12
2.815175418072354492e+12
2.815175418072354492e+12
2.815175416713596191e+12
2.815175416713596191e+12
2.815175416713596191e+12
2.815175416713596191e+12
2.815175416713571289e+12
2.557277306024861328e+12
2.557277306024861328e+12
2.557277306024466797e+12
2.557277306024466797e+12
2.557274644403231934e+12
2.362832536198318359e+12
2.362832536198318359e+12
2.357697393610149414e+12
2.357697393610149414e+12
2.357697393610149414e+12
2.357697393610149414e+12
1.391204297133732422e+12
1.387158709157962891e+12
1.387158709154514648e+12
1.387143869209786133e+12
1.387143869209786133e+12
1.387143869209786133e+12
7.380392522447501221e+11
7.380392522447501221e+11
7.380392431530064697e+11
5.707892501398283691e+11
5.707892501398283691e+11
5.707892501365301514e+11
5.707773089819232178e+11
5.707773089819232178e+11
5.707773088008864746e+11
5.707773088008864746e+11
5.707773088008864746e+11
5.707773088008864746e+11
5.707773088008864746e+11
5.707773088008864746e+11
5.707773088008864746e+11
5.519490732139573975e+11
5.519490732139573975e+11
5.519490732139573975e+11
5.519490732139569092e+11
5.519490732139569092e+11
5.519490732139569092e+11
5.452722851931013184e+11
4.405743456545278931e+11
4.405743456545278931e+11
4.405743456545277710e+11
4.405109267415223389e+11
4.405109267415223389e+11
2.225352613212205200e+11
2.225352002087251282e+11
2.225352002087251282e+11
2.225351933175441589e+11
2.225351933175441589e+11
2.224424587508599854e+11
1.401785561201778259e+11
1.401785561201778259e+11
1.401785561201778259e+11
1.401785561201778259e+11
1.401785560947284851e+11
1.401785560947284851e+11
1.401785560947284851e+11
1.401785560947240295e+11
1.401785560947240295e+11
1.244613720695055847e+11
1.244613720694994049e+11
1.244613720694994049e+11
1.244613720694994049e+11
1.244611037629538116e+11
1.185445740863777618e+11
1.175263170399394226e+11
1.175263170385802917e+11
1.173821999789569397e+11
7.733544106139576721e+10
7.733544106139576721e+10
7.733544106139576721e+10
7.733544106139576721e+10
7.733544106139576721e+10
7.733502753163255310e+10
7.733502753163255310e+10
3.935846497484809875e+10
3.935846497484809875e+10
3.935846477952818298e+10
2.982801029701522446e+10
2.982801029701522446e+10
2.982801029701522446e+10
2.982692540296918869e+10
2.982692537245278549e+10
2.982692537239319229e+10
2.982692537239319229e+10
2.982692537239319229e+10
2.982692537239319229e+10
2.982692537239319229e+10
2.982692537239319229e+10
2.982692537239319229e+10
2.854722019970842743e+10
2.854722019970842743e+10
2.854722019970842743e+10
2.854722019970842743e+10
2.854722019970842743e+10
2.854722019970841599e+10
2.854722019970841599e+10
2.854722019970840073e+10
2.834378628092409134e+10
2.456274074947045135e+10
2.456274074947045135e+10
2.456097335846725464e+10
2.456097335846725464e+10
1.351252409720630074e+10
1.351252409720630074e+10
1.351252301591889763e+10
1.351252131381030083e+10
1.350060639862949753e+10
7.937370374716748238e+09
7.937370374716748238e+09
7.937370374716748238e+09
7.937370374716748238e+09
7.937370374715963364e+09
7.937370374715963364e+09
7.937370374176066399e+09
7.937370374176066399e+09
7.937370374176066399e+09
7.937370374176066399e+09
6.924886355269576073e+09
6.924886355269576073e+09
6.924886355269473076e+09
6.924886355269473076e+09
6.924858721678795815e+09
6.924858721387527466e+09
6.837829816466181755e+09
6.631745759942792892e+09
6.631745759942792892e+09
6.627629228547773361e+09
4.857726083801805496e+09
4.857726083801805496e+09
4.857726083801805496e+09
4.857713758463001251e+09
2.546769150807650089e+09
2.546769150807650089e+09
2.546769150807650089e+09
2.546769150807650089e+09
2.546769145396446705e+09
2.546769145396446705e+09
1.810270737550014257e+09
1.810270737550014257e+09
1.810270737550014257e+09
1.810270737550014257e+09
1.810131426930538654e+09
1.810131422147448540e+09
1.810131422147448540e+09
1.810131422147448540e+09
1.810131422147448540e+09
1.810131422146274328e+09
1.810131422146274328e+09
1.810131422146274328e+09
1.714744788756453276e+09
1.714744788756453276e+09
1.714744788756449938e+09
1.714744788756449938e+09
1.714744788756449938e+09
1.714744788756449938e+09
1.714744788756449938e+09
1.714744788756449938e+09
1.551045167510164261e+09
1.545641331256239891e+09
1.545641331256239891e+09
9.417698773169555664e+08
9.417502494663947821e+08
9.417500747271959782e+08
9.417500747271959782e+08
9.402956372102434635e+08
9.402956372102434635e+08
9.402955826736856699e+08
5.432562826432205439e+08
5.432562826429933310e+08
5.432562826429933310e+08
5.432562826294623613e+08
5.432562826294623613e+08
5.432562826294623613e+08
4.538782941514309049e+08
4.538782941514309049e+08
4.538782941514309049e+08
4.538741554447295666e+08
4.538741554447275996e+08
4.538741554447275996e+08
4.538741553914783001e+08
4.538741553914783001e+08
4.462621320301966667e+08
4.382928355580355525e+08
3.442810528735497594e+08
3.441972135445819497e+08
1.910920736750277579e+08
1.910919474738339484e+08
1.910919474738339484e+08
1.910919474738339484e+08
1.910919474738339484e+08
1.910919474738339484e+08
1.910919474738339484e+08
1.910919474738339484e+08
1.910919474738339484e+08
1.910919474738339484e+08
1.910919474738339484e+08
1.910919473108426929e+08
1.910919473108426929e+08
1.311513911305040270e+08
1.311330042017619163e+08
1.311330033666146249e+08
1.311330033666146249e+08
1.311330033666146249e+08
1.311330033666146249e+08
1.311330033666146249e+08
1.311330033665875494e+08
1.311330033665875494e+08
1.214981086880452931e+08
1.214981086880442649e+08
1.214981086880442649e+08
1.214981086880442649e+08
1.214981086880442649e+08
1.214981086880442649e+08
1.214981086880442649e+08
1.138641863024076372e+08
1.138641863024076372e+08
1.136438510109987408e+08
1.136437622981535494e+08
7.406892447445078194e+07
7.406892447445078194e+07
7.406812112583458424e+07
7.406812112583458424e+07
7.388433235444763303e+07
7.388433235426881909e+07
4.306542876971524209e+07
4.306542815767315030e+07
4.306542815767315030e+07
4.306542815767315030e+07
4.306542815767315030e+07
3.490718293290266395e+07
3.490718293265722692e+07
3.490718293265722692e+07
3.490718293265722692e+07
3.490656732299981266e+07
3.490656732299981266e+07
3.490656732299981266e+07
3.490656731252109259e+07
3.490656731252105534e+07
3.402813670721542090e+07
3.402813670721542090e+07
3.367544194429041445e+07
2.834398046547554061e+07
2.834022004976086691e+07
2.834022004976086691e+07
2.834022004976086691e+07
1.621632889016956277e+07
1.621632889016956277e+07
1.621632889016956277e+07
1.621632402779733017e+07
1.621632402779733017e+07
1.621632402779733017e+07
1.621632402779733017e+07
1.621632402779733017e+07
1.621632402779733017e+07
1.621632402779733017e+07
1.093249387071137503e+07
1.093249366833790950e+07
1.092988151132599264e+07
1.092988150898340531e+07
1.092988150898340531e+07
1.092988150898340531e+07
1.092988150898340531e+07
1.092988150898305140e+07
9.945683847100706771e+06
9.945683847100706771e+06
9.945683847100706771e+06
9.945683847100190818e+06
9.945683847100190818e+06
9.945683847100190818e+06
9.945666760438786820e+06
9.549754327079148963e+06
9.549754327079148963e+06
9.539490417193241417e+06
9.539490417193241417e+06
9.539490417193241417e+06
6.803734379572053440e+06
6.803734379572053440e+06
6.773278642824220471e+06
6.773242701249178499e+06
6.773242701199181378e+06
6.773242701199181378e+06
3.884860571198559832e+06
3.884860571198559832e+06
3.884860549317912664e+06
3.884860549317912664e+06
3.076570544838262256e+06
3.076570544831962790e+06
3.076472766248506960e+06
3.076472766248506960e+06
3.076472766248506960e+06
3.076472763410743792e+06
3.076472763410743792e+06
2.975131081908505410e+06
2.975131081908504944e+06
2.975131081908504944e+06
2.975131081908504944e+06
2.975131081908504944e+06
2.975131081908504944e+06
2.975131081908504944e+06
2.957213442392973695e+06
2.629153833282666281e+06
2.628980716153777670e+06
2.628980716153777670e+06
2.628980716153776273e+06
1.621040361139400164e+06
1.621040361139400164e+06
1.621040147679462796e+06
1.621040147679462796e+06
1.621040035788167035e+06
1.621040035788167035e+06
1.621040035788167035e+06
1.619910404144140892e+06
1.047021588140449603e+06
1.047021588140449603e+06
1.047021588140449603e+06
1.047021588069418678e+06
1.047021588069418678e+06
1.047021588069418678e+06
1.047021588069418678e+06
1.047021588069310761e+06
9.364043076609669952e+05
9.364043076609586133e+05
9.364043076609586133e+05
9.364043076609586133e+05
9.364043076609586133e+05
9.364012105673046317e+05
9.128253699994819472e+05
9.123233779922324466e+05
9.041616059322236106e+05
7.020465114240406547e+05
7.020465114053140860e+05
7.020465114053140860e+05
7.020465114053140860e+05
7.020465114053140860e+05
7.020448150462635094e+05
7.020448150462635094e+05
4.151901992622643011e+05
4.151901992622643011e+05
4.151901992622643011e+05
4.151901984364638338e+05
3.149643207194741117e+05
3.149643207194741117e+05
3.149643207194741117e+05
3.149441553480575676e+05
3.149441553479377762e+05
3.149441546000596136e+05
3.149441546000596136e+05
3.149441546000596136e+05
3.149441546000596136e+05
3.149441546000596136e+05
3.018283707667955896e+05
3.018283707667955896e+05
3.018283707667955896e+05
3.018283707667955896e+05
3.018283707667955896e+05
3.018283707667955896e+05
3.018283707667950075e+05
3.008390182068613358e+05
2.775290745517901378e+05
2.775290745517901378e+05
2.775290745517901378e+05
2.775205998214350548e+05
1.855297895455541729e+05
1.855297895455541729e+05
1.855297595762724814e+05
1.855297503372166830e+05
1.853083249648137717e+05
1.853083249648137717e+05
1.186991956180850539e+05
1.186991956180850539e+05
1.186991956180850539e+05
1.186991956180366979e+05
1.186991956163801515e+05
1.186991956163801515e+05
1.186991956163801515e+05
1.186991956163801515e+05
1.030576874297774775e+05
1.030576874297774775e+05
1.030576874297774193e+05
1.030576874297774193e+05
1.030569492295612145e+05
1.030569492295612145e+05
1.030569492194133200e+05
1.017638492043899751e+05
1.002582956701856165e+05
1.002316840586590988e+05
8.275594632415437081e+04
8.275594632415437081e+04
8.275594632415437081e+04
8.275586843863200920e+04
5.123503406819250813e+04
5.123503406819250813e+04
5.123503406819250813e+04
5.123503404537390452e+04
3.789430123068132525e+04
3.789430123068132525e+04
3.788993128727265866e+04
3.788993106593686389e+04
3.788993106593686389e+04
3.788993106593686389e+04
3.788993106593686389e+04
3.788993106593686389e+04
3.788993106593603443e+04
3.788993106593603443e+04
3.788993106593603443e+04
3.577060739758795535e+04
3.577060739758795535e+04
3.577060739758795535e+04
3.577060739758767158e+04
3.577060739758767158e+04
3.577060739758767158e+04
3.395630309114691045e+04
3.390119975890911155e+04
3.390119975890911155e+04
3.390119975890911155e+04
3.390119975890911155e+04
3.390078191062024416e+04
2.420162015556040933e+04
2.420161012037675391e+04
2.415469245665708877e+04
2.415469217248758650e+04
1.555803938181158446e+04
1.555803938181158446e+04
1.555803938181158446e+04
1.555803938179069155e+04
1.555803938179069155e+04
1.555803938177708551e+04
1.320324337579444909e+04
1.320324337579444909e+04
1.320324337579444909e+04
1.320324337579444909e+04
1.320306197525964672e+04
1.320306197525964672e+04
1.320306197525964672e+04
1.320306197185390556e+04
1.320306197185390556e+04
1.296388592068360595e+04
1.285584118976661921e+04
1.122869717805235268e+04
1.122759403059176111e+04
7.232947427624333613e+03
7.232947427624333613e+03
7.232946348023319842e+03
7.232946348023319842e+03
7.232946348023319842e+03
7.232946348023319842e+03
7.232946348023319842e+03
7.232946347805872392e+03
5.258656993474433875e+03
5.258656993474433875e+03
5.258656993474433875e+03
5.257608386159822658e+03
5.257608302297283444e+03
5.257608302297283444e+03
5.257608302297283444e+03
5.257608302297283444e+03
5.257608302297283444e+03
5.257608302297283444e+03
5.257608302297282535e+03
4.896692764337876724e+03
4.896692764337743938e+03
4.896692764337743938e+03
4.896692764337743938e+03
4.744245730131200617e+03
4.740688412466480258e+03
4.740688412466480258e+03
4.740682647647177873e+03
3.647135192834558438e+03
3.647135192834558438e+03
3.647126417361682797e+03
3.647126417361682797e+03
3.635067718539120051e+03
3.635067718539120051e+03
2.344884374287235005e+03
2.344884374277530696e+03
2.344884372997011269e+03
2.344884372997011269e+03
2.344884372997011269e+03
2.344884372997011269e+03
1.949102523585675954e+03
1.949102523585669360e+03
1.949053261434138449e+03
1.949053261434138449e+03
1.949053259973652985e+03
1.949053259973652985e+03
1.949053259973652985e+03
1.902596849869905327e+03
1.902596849869905327e+03
1.902596849869905327e+03
1.894874193407814346e+03
1.732322744287649584e+03
1.732275097110873730e+03
1.189840993598276327e+03
1.189840993598276327e+03
1.189840993598276327e+03
1.189840979628823789e+03
1.189840979628823334e+03
1.189840979628823334e+03
1.189840979628823334e+03
1.189840979628823334e+03
1.189840979628823334e+03
8.446660995226156956e+02
8.446660671163909910e+02
8.443595118566815927e+02
8.443595118566815927e+02
8.443595118565896200e+02
8.443595118565896200e+02
8.443595118565896200e+02
8.443595118565896200e+02
7.750557511811392715e+02
7.750557511810712867e+02
7.750557511810712867e+02
7.750557511810712867e+02
7.750557511810712867e+02
7.750557511810712867e+02
7.750538310099826731e+02
7.622439101099415666e+02
7.622439101099415666e+02
7.620771926850452473e+02
7.620771926850452473e+02
6.289047765320744929e+02
6.256959025107254320e+02
6.256957790117953664e+02
6.256957789981980795e+02
6.256957789981980795e+02
6.256957789981980795e+02
4.152773402782367498e+02
4.152773402769907420e+02
4.152773402769907420e+02
3.354561455046891751e+02
3.354561455046891751e+02
3.354561455046891751e+02
3.354561455046891751e+02
3.354396086998918918e+02
3.354396086998918918e+02
3.354396080522344619e+02
3.251188033878037231e+02
3.251188033878037231e+02
3.251188033878037231e+02
3.251188033878037231e+02
3.251188033878037231e+02
3.247084582846927105e+02
3.083267878025516779e+02
3.083267878025516779e+02
3.083267878025516779e+02
3.083260660608272019e+02
3.083260660608266903e+02
2.272983971311326172e+02
2.272983971311326172e+02
2.272983971311326172e+02
2.272983971153166749e+02
2.272983678722623608e+02
2.272983678722623608e+02
2.270994489673508951e+02
1.602341056485972217e+02
1.602341056485972217e+02
1.602341056485972217e+02
1.602341056485972217e+02
1.602341056485400088e+02
1.602341056485400088e+02
1.602341056485400088e+02
1.440593626848658459e+02
1.440593626848658459e+02
1.440593626848658459e+02
1.440593626848658459e+02
1.440586108848205527e+02
1.440586108848205527e+02
1.432466812125285571e+02
1.432438653109186930e+02
1.419909459816317394e+02
1.256150717633408647e+02
1.256150717551359008e+02
1.256150717551359008e+02
1.256150716007098396e+02
1.256150716007098396e+02
8.681673745474257942e+01
8.681673745474256521e+01
8.681673745474256521e+01
6.856796020240085454e+01
6.856796020240085454e+01
6.856176619001853112e+01
6.856176619001853112e+01
6.856176619001853112e+01
6.856176585284586622e+01
6.856176585284586622e+01
6.573942473730878078e+01
6.573942473730878078e+01
6.573942473730878078e+01
6.573942473730878078e+01
6.573942473730878078e+01
6.573942473730878078e+01
6.573942473730878078e+01
6.573942473730834024e+01
6.573139352486232667e+01
6.447310920696469339e+01
6.447310920696469339e+01
6.447310822788510620e+01
5.173131566330009434e+01
5.173131566330009434e+01
5.173131566330009434e+01
5.173129849673266989e+01
5.173129849673249225e+01
5.165351295745711724e+01
3.645323549605702595e+01
3.645323549605702595e+01
3.645323549605702595e+01
3.645323549605702595e+01
3.645323549601270230e+01
3.645323549601270230e+01
3.207047930622503173e+01
3.207047930622503173e+01
3.207047930622503173e+01
3.207047930622503173e+01
3.207014526862761272e+01
3.207014526196312687e+01
3.165634326834501522e+01
3.163750129635537789e+01
3.163749703486380938e+01
3.005343450033306141e+01
3.005343450033306141e+01
3.005343450033306141e+01
3.005343450033306141e+01
3.005343450033117492e+01
2.220765165949237030e+01
2.220765165949237030e+01
1.709481739532086664e+01
1.709481739532086664e+01
1.709190931866234209e+01
1.709190908118836560e+01
1.709190908118836560e+01
1.709190908118836560e+01
1.709190908118836560e+01
1.709190908118836560e+01
1.709190908118836560e+01
1.709190908118836560e+01
1.709190908118836560e+01
1.616621925848673769e+01
1.616621925848673769e+01
1.616621925848633978e+01
1.616621925848633978e+01
1.616621925848633978e+01
1.612920087458072160e+01
1.612918587399776982e+01
1.612918587399776982e+01
1.450712817743425376e+01
1.450712817742366134e+01
1.450712817742366134e+01
1.450711607405024672e+01
1.446669196804086610e+01
1.446669196804086610e+01
1.043860433300777402e+01
1.043860433300777402e+01
1.043860433296248402e+01
1.043860433296248402e+01
1.043860433296248402e+01
8.907244886165672781e+00
8.907244886165672781e+00
8.907050238934671071e+00
8.907050238934671071e+00
8.907050238934671071e+00
8.907050233108551041e+00
8.737339672518491085e+00
8.737339672518491085e+00
8.737295115089882103e+00
8.676902114560432366e+00
8.676902114491927165e+00
7.321736604402667936e+00
7.321736604402667936e+00
7.321736604402667936e+00
7.321736604402665272e+00
5.522413037951073633e+00
5.522413037951073633e+00
5.522413037951073633e+00
5.522413037951073633e+00
5.522413037951073633e+00
5.520405354965381761e+00
5.520405132867646891e+00
5.520405132867646891e+00
5.520405132867646891e+00
5.520405132867646891e+00
5.520405132867646891e+00
5.520405132867646891e+00
5.105577385783925060e+00
5.105577385783433897e+00
5.105577385783433897e+00
5.105577385783433897e+00
5.105462576616923265e+00
5.105462576295712651e+00
5.105451252420075470e+00
5.020489894753101368e+00
5.020489894753101368e+00
4.994649090618869636e+00
4.994649090618869636e+00
4.994649090618869636e+00
4.022266693740823129e+00
4.022266693664614756e+00
4.022266693664614756e+00
4.022266693664614756e+00
3.299931507378301099e+00
3.299931507378301099e+00
3.299931507378301099e+00
3.299754740048099766e+00
3.299754732879367936e+00
3.299754732879367936e+00
3.198636870621427430e+00
3.198636870621427430e+00
3.198636869345193201e+00
3.198384032177962855e+00
3.198384032177962855e+00
3.097341989140204532e+00
3.097341989140204532e+00
3.097341989140204532e+00
3.097341989140204532e+00
3.097341989140198315e+00
3.097341989140198315e+00
3.097341989140198315e+00
2.477657396308963200e+00
2.477657396308963200e+00
2.477657058347938701e+00
2.475496014636405562e+00
2.475496014636405562e+00
2.475496014636405562e+00
2.475496014636405562e+00
2.475496014636405562e+00
2.475496014636405562e+00
2.209497397806602592e+00
2.209497397805559871e+00
2.209497397805559871e+00
2.209497397805559871e+00
2.209483364674845074e+00
2.209483360079535608e+00
2.209483360079535608e+00
2.209483360079535608e+00
2.208981451659921547e+00
2.187108725220696215e+00
2.187108725220696215e+00
2.187108725018685362e+00
2.081736492356026869e+00
2.081736492356026869e+00
2.081736492356026869e+00
2.081736492356026869e+00
1.726763303427939933e+00
1.726504374394128405e+00
1.726504374394128405e+00
1.726504374394128405e+00
1.726504359569072777e+00
1.637034167017095143e+00
1.637034167017095143e+00
1.637034167017095143e+00
1.637034167017095143e+00
1.637034152862496983e+00
1.637034152862496983e+00
1.637034152862496983e+00
1.637034152862496983e+00
1.637034152862478775e+00
1.636186587143829474e+00
1.636186587143829474e+00
1.636186587143829474e+00
1.636186587143829474e+00
1.636186587143829474e+00
1.636185611943030027e+00
1.632052165975536484e+00
1.535305095701128275e+00
1.535305095701128275e+00
1.535305095701128275e+00
1.535305095696613220e+00
1.535305095696613220e+00
1.352113518095073630e+00
1.352113518095073630e+00
1.352113518095073630e+00
1.352085402164612038e+00
1.352085402164612038e+00
1.352085402164612038e+00
1.325279903909956092e+00
1.325279903909956092e+00
1.325279865309397564e+00
1.325279864749084657e+00
1.325279864749084657e+00
1.325279864749084657e+00
1.324019974674622402e+00
1.324019974674622402e+00
1.246116136878183012e+00
1.245523925993878844e+00
1.245523925993878622e+00
1.245523874942252363e+00
1.162362689589881537e+00
1.162362689589881537e+00
1.162362689589881537e+00
1.162362689589881537e+00
1.162362689589881537e+00
1.162362689589881537e+00
1.162362689589881537e+00
1.162362689589798936e+00
1.162362689589798936e+00
1.162362689589798936e+00
1.162362689589798936e+00
1.162362689589798936e+00
1.162362598219972565e+00
1.162362598219972565e+00
1.162362598219972565e+00
1.162359965068981982e+00
1.155490477496092350e+00
1.153893342604734862e+00
1.153893342604734862e+00
1.153893342604734862e+00
1.153893342585469384e+00
1.100319718049458606e+00
1.100319718049458606e+00
1.100319718049458606e+00
1.100237923150355179e+00
1.100237920595106278e+00
1.068331449416072054e+00
1.068331449416072054e+00
1.068331449416072054e+00
1.068331449416072054e+00
1.068331449416072054e+00
1.068331449416072054e+00
1.068331274278562226e+00
1.066661956541717471e+00
1.066661956541715917e+00
1.065229414371484884e+00
1.065229214589413775e+00
1.065229214589413775e+00
1.065229214589413775e+00
1.065229214589413775e+00
1.065229214589413775e+00
1.065229214589413775e+00
1.065229214589413775e+00
1.034949079114010129e+00
1.034949079114010129e+00
1.034949079113515191e+00
1.034949079113515191e+00
1.034949079113515191e+00
1.034949079113515191e+00
1.034949079113515191e+00
1.034949079113514969e+00
1.034939908188495350e+00
1.034939908188495350e+00
1.034939908188495350e+00
1.025093677171602380e+00
1.025093408158611830e+00
1.025093408158611830e+00
1.025093408058006750e+00
1.025093408058006750e+00
1.023719646342615697e+00
1.023719646342615697e+00
1.023485732881533217e+00
1.023485732881533217e+00
1.023485721051433428e+00
1.023485721051433428e+00
1.010067737681819011e+00
1.010067737681819011e+00
1.010067737681819011e+00
1.010067737681819011e+00
1.010067737681818789e+00
1.010067737681818789e+00
1.010067737681808353e+00
1.010067418275257145e+00
1.010067418275257145e+00
1.010067418275257145e+00
1.007738738457293781e+00
1.007738738457293781e+00
1.007737952947879601e+00
1.007737952947879601e+00
1.007737952947879601e+00
1.007737952947879601e+00
1.007737952947879601e+00
1.006873346069478092e+00
1.006873346066378572e+00
1.006873346066378572e+00
1.006873346066378572e+00
1.006873346066378572e+00
1.006873346066378572e+00
1.006873346066378572e+00
1.006844665480890466e+00
1.006844665480890466e+00
1.006844665480890466e+00
1.002365996744882803e+00
1.002365996744882803e+00
1.002365996230234257e+00
1.002365996230233813e+00
1.002365996230233813e+00
1.002365715133268553e+00
1.002365715133268553e+00
1.001958857488616017e+00
1.001958807679352859e+00
1.001958807679352859e+00
1.001554715939358964e+00
1.001554715939358964e+00
1.001554715939358964e+00
1.001554715939358964e+00
1.001554715939358964e+00
1.001554715939358964e+00
1.001554715939290352e+00
1.001554715939290352e+00
1.001554715939290352e+00
1.001554715939290352e+00
1.001554715939290352e+00
1.001552152188877942e+00
1.001552152188877276e+00
1.000456047954296990e+00
1.000456047954296990e+00
1.000456047954296990e+00
1.000456047954296990e+00
1.000456047954296990e+00
1.000456047937924975e+00
1.000455865662183585e+00
1.000455865662183585e+00
1.000455865662183585e+00
1.000404485169524404e+00
1.000404485169524404e+00
1.000404485169524404e+00
1.000404485169524404e+00
1.000266715995665967e+00
1.000266713744149438e+00
1.000266713744149438e+00
1.000266713744149438e+00
1.000266713744149438e+00
1.000266713744148994e+00
1.000072945460114937e+00
1.000072945460113827e+00
1.000072781497318042e+00
1.000072781497318042e+00
1.000072695426624803e+00
1.000072695426624803e+00
1.000072695426624803e+00
1.000072695426624803e+00
1.000072695426624803e+00
1.000072695426258651e+00
1.000072695426258651e+00
1.000072695426258651e+00
1.000072695426258651e+00
1.000072695426258651e+00
1.000072695426258651e+00
1.000068057085784723e+00
1.000034116048631017e+00
1.000034116048631017e+00
1.000034116048631017e+00
1.000034116048631017e+00
1.000034115976764726e+00
1.000034115976764726e+00
1.000034115976764504e+00
1.000034115976764504e+00
1.000034115976764504e+00
1.000034115976764504e+00
1.000009568182184783e+00
1.000009568182184783e+00
1.000009538757921312e+00
1.000009531322193501e+00
1.000009531322193501e+00
1.000009531322193501e+00
1.000009531322193501e+00
1.000009531322193501e+00
1.000009531322193501e+00
1.000009531322187728e+00
1.000003521780797211e+00
1.000003224299981897e+00
1.000003224299981897e+00
1.000003224299981897e+00
1.000003224299981897e+00
1.000003224299981897e+00
1.000003224299981897e+00
1.000003224299981897e+00
1.000003224299981897e+00
1.000003224298373183e+00
1.000003224298373183e+00
1.000003224298373183e+00
1.000003224298373183e+00
1.000001006754883459e+00
1.000000999501873045e+00
1.000000999501873045e+00
1.000000999501873045e+00
1.000000999501873045e+00
1.000000999501873045e+00
1.000000999264425428e+00
1.000000999264425428e+00
1.000000999264425428e+00
1.000000999264425428e+00
1.000000999264425428e+00
1.000000237721285767e+00
1.000000224228879908e+00
1.000000224228879908e+00
1.000000224228879686e+00
1.000000224228879686e+00
1.000000224228854595e+00
1.000000224228854595e+00
1.000000224228854595e+00
1.000000222944536610e+00
1.000000080703478345e+00
1.000000080703478345e+00
1.000000080703478345e+00
1.000000080703478345e+00
1.000000080703478345e+00
1.000000080703478345e+00
1.000000080703478345e+00
1.000000080703478345e+00
1.000000080703478345e+00
1.000000080698163263e+00
1.000000080698163263e+00
1.000000080698163263e+00
1.000000011900955554e+00
1.000000011900955554e+00
1.000000011900955554e+00
1.000000011900955554e+00
1.000000011900955554e+00
1.000000011470090877e+00
1.000000011470090877e+00
1.000000011470090877e+00
1.000000011470090877e+00
1.000000011470090877e+00
1.000000011307337289e+00
1.000000011307337289e+00
1.000000004855877034e+00
1.000000004855876812e+00
1.000000004855876812e+00
1.000000004855876812e+00
1.000000004855793767e+00
1.000000004855793767e+00
1.000000004855793767e+00
1.000000004855793767e+00
1.000000004855793767e+00
1.000000000442881509e+00
1.000000000442881509e+00
1.000000000442881509e+00
1.000000000442881509e+00
1.000000000442881509e+00
1.000000000442881509e+00
1.000000000442881509e+00
1.000000000433236780e+00
1.000000000433236780e+00
1.000000000433236780e+00
1.000000000433236780e+00
1.000000000418533874e+00
1.000000000418533874e+00
1.000000000418533874e+00
1.000000000418533874e+00
1.000000000212513562e+00
1.000000000212513562e+00
1.000000000212513562e+00
1.000000000212513562e+00
1.000000000212513562e+00
1.000000000012362333e+00
1.000000000012361445e+00
1.000000000012361445e+00
1.000000000012361445e+00
1.000000000012361445e+00
1.000000000012361445e+00
1.000000000012361445e+00
1.000000000012210677e+00
1.000000000012210677e+00
1.000000000012210677e+00
1.000000000012210677e+00
1.000000000011267653e+00
1.000000000011267653e+00
1.000000000011267653e+00
1.000000000011267653e+00
1.000000000011267653e+00
1.000000000011267653e+00
1.000000000006656009e+00
1.000000000006656009e+00
1.000000000006656009e+00
1.000000000006656009e+00
1.000000000006656009e+00
1.000000000006656009e+00
1.000000000006656009e+00
1.000000000006656009e+00
1.000000000000264455e+00
1.000000000000264455e+00
1.000000000000264455e+00
1.000000000000264455e+00
1.000000000000262679e+00
1.000000000000262679e+00
1.000000000000220046e+00
1.000000000000220046e+00
1.000000000000220046e+00
1.000000000000220046e+00
1.000000000000220046e+00
1.000000000000147882e+00
1.000000000000147882e+00
1.000000000000147882e+00
1.000000000000147882e+00
1.000000000000147882e+00
1.000000000000147882e+00
1.000000000000147882e+00
1.000000000000147882e+00
1.000000000000147882e+00
1.000000000000004885e+00
1.000000000000004885e+00
1.000000000000004885e+00
1.000000000000004885e+00
1.000000000000004885e+00
1.000000000000004885e+00
1.000000000000004885e+00
1.000000000000003553e+00
1.000000000000003553e+00
1.000000000000003553e+00
1.000000000000002665e+00
1.000000000000002665e+00
1.000000000000002665e+00
1.000000000000002665e+00
1.000000000000002665e+00
1.000000000000002665e+00
1.000000000000002665e+00
1.000000000000002665e+00
1.000000000000002665e+00
1.000000000000002665e+00
1.000000000000000444e+00
1.000000000000000444e+00
1.000000000000000444e+00
1.000000000000000444e+00
1.000000000000000444e+00
1.000000000000000444e+00
1.000000000000000444e+00
1.000000000000000444e+00
1.000000000000000444e+00
1.000000000000000444e+00
1.000000000000000444e+00
1.000000000000000444e+00
1.000000000000000444e+00
1.000000000000000444e+00
1.000000000000000444e+00
1.000000000000000444e+00
1.000000000000000444e+00
1.000000000000000444e+00
1.000000000000000444e+00
1.000000000000000444e+00
1.000000000000000444e+00
1.000000000000000444e+00
1.000000000000000444e+00
1.000000000000000444e+00
1.000000000000000444e+00
1.000000000000000444e+00
1.000000000000000444e+00
1.000000000000000444e+00
1.000000000000000444e+00
1.000000000000000444e+00
1.000000000000000444e+00
1.000000000000000444e+00
1.000000000000000444e+00
1.000000000000000444e+00
1.000000000000000444e+00
1.000000000000000444e+00
1.000000000000000444e+00
1.000000000000000444e+00
1.000000000000000444e+00
1.000000000000000444e+00
1.000000000000000444e+00
1.000000000000000444e+00
1.000000000000000444e+00
1.000000000000000444e+00
1.000000000000000444e+00
1.000000000000000444e+00
1.000000000000000444e+00
1.000000000000000444e+00
1.000000000000000444e+00
1.000000000000000444e+00
1.000000000000000444e+00
1.000000000000000444e+00
1.000000000000000444e+00
1.000000000000000444e+00
1.000000000000000444e+00
1.000000000000000444e+00
1.000000000000000444e+00
1.000000000000000444e+00
1.000000000000000444e+00
1.000000000000000444e+00
1.000000000000000444e+00
1.000000000000000444e+00
1.000000000000000444e+00
1.000000000000000444e+00
1.000000000000000444e+00
1.000000000000000444e+00
1.000000000000000444e+00
1.000000000000000444e+00
1.000000000000000444e+00
1.000000000000000444e+00
1.000000000000000444e+00
1.000000000000000444e+00
1.000000000000000444e+00
1.000000000000000444e+00
1.000000000000000444e+00
1.000000000000000444e+00
1.000000000000000444e+00
1.000000000000000444e+00
1.000000000000000444e+00
1.000000000000000444e+00
1.000000000000000444e+00
1.000000000000000444e+00
1.000000000000000444e+00
1.000000000000000444e+00
1.000000000000000444e+00
1.000000000000000444e+00
1.000000000000000444e+00
1.000000000000000444e+00
1.000000000000000444e+00
1.000000000000000444e+00
1.000000000000000444e+00
1.000000000000000444e+00
1.000000000000000444e+00
1.000000000000000444e+00
1.000000000000000444e+00
1.000000000000000444e+00
1.000000000000000444e+00
1.000000000000000444e+00
1.000000000000000444e+00
1.000000000000000444e+00
1.000000000000000444e+00
1.000000000000000444e+00
1.000000000000000444e+00
1.000000000000000444e+00
1.000000000000000444e+00
1.000000000000000444e+00
1.000000000000000444e+00
1.000000000000000444e+00
1.000000000000000444e+00
1.000000000000000444e+00
1.000000000000000444e+00
1.000000000000000444e+00
1.000000000000000444e+00
1.000000000000000444e+00
1.000000000000000444e+00
1.000000000000000444e+00
1.000000000000000444e+00
1.000000000000000444e+00
1.000000000000000444e+00
1.000000000000000444e+00
1.000000000000000444e+00
1.000000000000000444e+00
1.000000000000000444e+00
1.000000000000000444e+00
1.000000000000000444e+00
1.000000000000000444e+00
1.000000000000000444e+00
1.000000000000000444e+00
1.000000000000000444e+00
1.000000000000000444e+00
1.000000000000000444e+00
1.000000000000000444e+00
1.000000000000000444e+00
1.000000000000000444e+00
1.000000000000000444e+00
1.000000000000000444e+00
1.000000000000000444e+00
1.000000000000000444e+00
1.000000000000000444e+00
1.000000000000000444e+00
1.000000000000000444e+00
1.000000000000000444e+00
1.000000000000000444e+00
1.000000000000000444e+00
1.000000000000000444e+00
1.000000000000000444e+00
1.000000000000000444e+00
1.000000000000000444e+00
1.000000000000000444e+00
1.000000000000000444e+00
1.000000000000000444e+00
1.000000000000000444e+00
1.000000000000000444e+00
1.000000000000000444e+00
1.000000000000000444e+00
1.000000000000000444e+00
1.000000000000000444e+00
1.000000000000000444e+00
1.000000000000000444e+00
1.000000000000000444e+00
1.000000000000000444e+00
1.000000000000000444e+00
1.000000000000000444e+00
1.000000000000000444e+00
1.000000000000000444e+00
1.000000000000000444e+00
1.000000000000000444e+00
1.000000000000000444e+00
1.000000000000000444e+00
1.000000000000000444e+00
1.000000000000000444e+00
1.000000000000000444e+00
1.000000000000000444e+00
1.000000000000000444e+00
1.000000000000000444e+00
1.000000000000000444e+00
1.000000000000000444e+00
1.000000000000000444e+00
1.000000000000000444e+00
1.000000000000000444e+00
1.000000000000000444e+00
1.000000000000000444e+00
1.000000000000000444e+00
1.000000000000000444e+00
1.000000000000000444e+00
1.000000000000000444e+00
1.000000000000000444e+00
1.000000000000000444e+00
1.000000000000000444e+00
1.000000000000000444e+00
1.000000000000000444e+00
1.000000000000000444e+00
1.000000000000000444e+00
1.000000000000000444e+00
1.000000000000000444e+00
1.000000000000000444e+00
1.000000000000000444e+00
1.000000000000000444e+00
1.000000000000000444e+00
1.000000000000000444e+00
1.000000000000000444e+00
1.000000000000000444e+00
1.000000000000000444e+00
1.000000000000000444e+00
1.000000000000000444e+00
1.000000000000000444e+00
1.000000000000000444e+00
1.000000000000000444e+00
1.000000000000000444e+00
1.000000000000000444e+00
1.000000000000000444e+00
1.000000000000000444e+00
1.000000000000000444e+00
1.000000000000000444e+00
1.000000000000000444e+00
1.000000000000000444e+00
1.000000000000000444e+00
1.000000000000000444e+00
1.000000000000000444e+00
1.000000000000000444e+00
1.000000000000000444e+00
1.000000000000000444e+00
1.000000000000000444e+00
1.000000000000000444e+00
1.000000000000000444e+00
1.000000000000000444e+00
1.000000000000000444e+00
1.000000000000000444e+00
1.000000000000000444e+00
1.000000000000000444e+00
1.000000000000000444e+00
1.000000000000000444e+00
1.000000000000000444e+00
1.000000000000000444e+00
1.000000000000000444e+00
1.000000000000000444e+00
1.000000000000000444e+00
1.000000000000000444e+00
1.000000000000000444e+00
1.000000000000000444e+00
1.000000000000000444e+00
1.000000000000000444e+00
1.000000000000000444e+00
1.000000000000000444e+00
1.000000000000000444e+00
1.000000000000000444e+00
1.000000000000000444e+00
1.000000000000000444e+00
1.000000000000000444e+00
1.000000000000000444e+00
1.000000000000000444e+00
1.000000000000000444e+00
1.000000000000000444e+00
1.000000000000000444e+00
1.000000000000000444e+00
1.000000000000000444e+00
1.000000000000000444e+00
1.000000000000000444e+00
1.000000000000000444e+00
1.000000000000000444e+00
1.000000000000000444e+00
1.000000000000000444e+00
1.000000000000000444e+00
1.000000000000000444e+00
1.000000000000000444e+00
1.000000000000000444e+00
1.000000000000000444e+00
1.000000000000000444e+00
