1.859283696944820903e+87
1.856075103815294431e+87
1.521095722992113011e+86
7.215853602773460838e+85
7.215209921600918643e+85
6.444215388407748016e+85
6.360240178713406178e+85
6.358228625499078089e+85
6.356584688588538155e+85
1.747823891543178553e+84
1.713444767165402824e+84
1.698594534791526157e+84
1.698581679217447493e+84
1.698495835464152684e+84
1.509458898070510768e+84
8.704130685964546463e+83
2.649370140680296863e+83
2.649368429360706059e+83
2.649358845948735438e+83
2.649356900836831463e+83
2.649307051432937928e+83
2.649300445745709285e+83
2.649299691590515867e+83
2.542330890664203141e+82
2.541590233073901546e+82
2.541578038052150971e+82
2.541570432538373509e+82
2.354724112834816026e+82
2.354082337826614452e+82
2.354082286824883942e+82
1.723275049709094796e+82
1.723263215419585674e+82
1.718960428241949383e+82
1.694278743185646087e+82
1.694212987966726522e+82
2.386811941876967492e+81
1.260710309304490975e+81
1.260710302239474981e+81
1.189503019637358935e+81
1.171401706679716859e+81
1.170999711046084468e+81
1.170973225805934368e+81
1.312582714723655663e+80
9.676038642351418500e+79
8.099338867091329458e+79
8.099338865193264963e+79
8.073200697970425013e+79
8.054647963870128080e+79
8.054632639269521394e+79
8.054620015701746468e+79
9.612598644354045437e+78
5.940048365831041332e+78
5.446922130653188409e+78
5.385049206069922585e+78
5.385049206017217074e+78
5.382420180563328425e+78
5.382420180523717017e+78
5.382325604896447446e+78
5.767822882897799185e+77
5.767822812674478096e+77
3.757824767090858415e+77
3.757824766130587207e+77
3.598023640016015178e+77
3.517755548338599713e+77
3.517238798304851370e+77
3.517051606361037474e+77
3.517051365021673300e+77
3.244235725160962884e+76
2.643964043422515977e+76
2.334829023361839860e+76
2.334829022612813899e+76
2.324239160536895259e+76
2.322044732670504488e+76
2.322044732670240950e+76
2.322042422375050587e+76
2.322032444416573303e+76
2.369576227745167977e+75
1.717889794440828584e+75
1.609329984110517688e+75
1.609329984110288298e+75
1.601581650782791818e+75
1.601581650776685253e+75
1.600446659826270925e+75
1.600446659809639518e+75
1.600428245963998818e+75
2.233234961950438115e+74
1.202837079022936982e+74
1.202837055096527380e+74
1.202837054967655970e+74
1.178951445740691603e+74
1.156670654055294577e+74
1.156547621042373766e+74
1.156448817824922922e+74
1.156448817824921917e+74
1.156448817824625136e+74
1.156448783646695778e+74
1.277259293698627567e+73
9.324951489940704333e+72
8.743110349495729833e+72
8.743110341267144647e+72
8.704846093885694090e+72
8.698066726553606082e+72
8.698066726553309488e+72
8.698062480414197721e+72
8.697994133409650067e+72
9.450002396651261488e+71
7.773908496880348265e+71
6.902376609949199795e+71
6.902376609949196852e+71
6.870981143680545444e+71
6.870981143671531918e+71
6.865599548215752683e+71
6.865599547975975243e+71
6.865555162239159619e+71
6.865555162239159619e+71
1.439359117168066362e+71
6.062350554425338247e+70
6.062350257723257065e+70
6.062350257460722189e+70
5.929030734261114653e+70
5.700604426083286186e+70
5.700212970376886713e+70
5.700212970376886713e+70
5.699594629561221204e+70
5.699594629561218752e+70
5.699594629555568134e+70
5.699594562975762375e+70
8.561722629447379312e+69
5.295246387181897394e+69
4.888443455304473276e+69
4.888443442746804833e+69
4.839247298934038058e+69
4.836502334192696421e+69
4.836502334192587614e+69
4.836501281326023503e+69
4.836446837668883476e+69
4.836446837668883476e+69
6.447491980585357201e+68
4.869958749875955481e+68
4.068870915183675190e+68
4.068870915183668486e+68
4.068870915183668486e+68
4.054565844219094303e+68
4.054565844215378481e+68
4.046823206408955392e+68
4.046823206002272740e+68
4.046810838610874737e+68
4.046810838610874737e+68
6.866836866987385036e+67
3.549941777187521914e+67
3.549941515072045548e+67
3.549941514965480238e+67
3.489753885133284286e+67
3.296248946478700626e+67
3.296248946478700626e+67
3.296143978101443084e+67
3.296143978101443084e+67
3.295288893542316754e+67
3.295288893542316155e+67
3.295288893533096039e+67
3.295288867187324661e+67
4.017478097067712336e+66
2.844201587618094897e+66
2.686890317861842920e+66
2.686890308087683637e+66
2.650033335327425984e+66
2.649372970922749630e+66
2.649372970922749630e+66
2.649372970922726807e+66
2.649372596927459201e+66
2.649305022698417629e+66
2.649305022698417629e+66
2.996192328291195847e+65
2.502716404083217241e+65
2.187318429226109755e+65
2.187318429226099466e+65
2.187318429226099466e+65
2.183996446640647723e+65
2.183996446639884936e+65
2.178408434659536577e+65
2.178408434355925396e+65
2.178404192088099804e+65
2.178404192088099804e+65
4.895048568971383576e+64
1.984438994759455085e+64
1.984438655960394315e+64
1.984438655936832863e+64
1.969212747093726290e+64
1.880439216082573189e+64
1.880439216082573189e+64
1.880398776105074014e+64
1.880398776105074014e+64
1.879706172002460210e+64
1.879706172002460210e+64
1.879706172002460210e+64
1.879706171994731204e+64
1.879706165929326952e+64
2.945604113092431983e+63
1.768033805449915531e+63
1.717892264413285011e+63
1.717892247886518171e+63
1.717563723709360485e+63
1.696074023564215285e+63
1.696074023564215285e+63
1.696074023564211265e+63
1.696073915115241915e+63
1.696004984249584212e+63
1.696004984249584212e+63
1.696004984249584212e+63
2.238674281891386857e+62
2.002121701756942519e+62
1.596567856515520098e+62
1.596567856515506396e+62
1.596567856515506396e+62
1.594472262728590353e+62
1.594472262728404011e+62
1.590228053583307590e+62
1.590228052914079596e+62
1.590226453376019758e+62
1.590226453376019758e+62
5.265832457165663549e+61
1.717097920245873104e+61
1.717097288863477615e+61
1.717097288855393970e+61
1.703604986839838867e+61
1.563031442672120352e+61
1.563031442672120352e+61
1.563031442672120352e+61
1.563011673546242841e+61
1.563011673546242556e+61
1.562329752077244428e+61
1.562329752077244428e+61
1.562329752077244428e+61
1.562329752055158912e+61
1.562329750135169653e+61
3.405946520741884883e+60
1.695558345208486366e+60
1.641177152338818695e+60
1.641177114794630687e+60
1.640964952013335733e+60
1.598357903263567209e+60
1.598357903263567209e+60
1.598357903263564712e+60
1.598357859131173701e+60
1.598270618163105451e+60
1.598270618163105451e+60
1.598270618163105451e+60
1.598270618163105451e+60
2.677242318875040344e+59
2.293604162234462307e+59
1.660631844843619484e+59
1.660631844843557934e+59
1.660631844843557934e+59
1.659027175710422005e+59
1.659027175710292438e+59
1.648943587162997873e+59
1.648943585371969051e+59
1.648942797308605417e+59
1.648942797308605417e+59
4.739171736810203326e+58
1.901998916063665880e+58
1.901998916063665880e+58
1.901997812043291867e+58
1.901997812036915527e+58
1.890264765698854973e+58
1.671748942063464724e+58
1.671748942063464724e+58
1.671748942063464724e+58
1.671738579421127600e+58
1.671738579421126764e+58
1.670021757089849695e+58
1.670021757089849695e+58
1.670021757089849695e+58
1.670021757027038252e+58
1.670021755616654661e+58
3.015036393634958527e+57
1.756870182040265905e+57
1.715203235747268123e+57
1.715203177306318201e+57
1.715096985195228535e+57
1.654710327351099259e+57
1.654710327351099259e+57
1.654710327351098562e+57
1.654710296942737995e+57
1.654504413481967748e+57
1.654504413481967748e+57
1.654504413481967748e+57
1.654504413481967748e+57
2.333519245292847847e+56
2.115317381379069419e+56
1.650113017275115988e+56
1.650113017275115988e+56
1.650113017274964848e+56
1.649386629789589289e+56
1.649386629789539200e+56
1.649386629789539200e+56
1.636355616208045456e+56
1.636355613694419139e+56
1.636355114758640089e+56
1.636355114758640089e+56
5.970147409328636692e+55
1.851510071732694519e+55
1.851510071732694519e+55
1.851507767937605461e+55
1.851507767935244990e+55
1.846395636707231824e+55
1.674895904583156678e+55
1.674895904583156678e+55
1.674895904583156678e+55
1.674889217378057699e+55
1.674889217378057699e+55
1.674889217378054977e+55
1.672632673719913130e+55
1.672632673719913130e+55
1.672632673719913130e+55
1.672632673630118330e+55
1.672632673077407482e+55
3.966813498683907765e+54
1.875238548641027808e+54
1.853219760424683744e+54
1.853219610188225460e+54
1.853139909376597005e+54
1.796334788580036598e+54
1.796334788580036598e+54
1.796334788580036598e+54
1.796334774580054047e+54
1.796016976336068035e+54
1.796016976336068035e+54
1.796016976336068035e+54
1.796016976336068035e+54
3.163310710096078402e+53
2.972827521607899745e+53
2.972827521607899745e+53
2.023677431495304786e+53
2.023677431495304786e+53
2.023677431494981093e+53
2.022975000532479742e+53
2.022975000532460176e+53
2.022975000532460176e+53
2.007252118998818376e+53
2.007252110669977413e+53
2.007251817380111955e+53
2.007251817380111955e+53
1.014520839825332156e+53
1.014520839825332156e+53
2.760899413139639954e+52
2.760892703262591113e+52
2.760892703261198082e+52
2.753584018999803473e+52
2.332030467167268161e+52
2.332030467167268161e+52
2.332030467167268161e+52
2.332025402602763429e+52
2.332025402602763429e+52
2.332025402602755986e+52
2.328517629047718555e+52
2.328517629047718555e+52
2.328517629047718555e+52
2.328517628664501326e+52
2.328517628380282340e+52
7.629865223306836249e+51
3.030229659048965632e+51
2.993283187397738239e+51
2.993282674017338790e+51
2.993201444251808053e+51
2.822539268974768440e+51
2.822539268974768440e+51
2.822539268974768440e+51
2.822539268974768440e+51
2.822539259803496363e+51
2.821910045480038778e+51
2.821910045480038778e+51
2.821910045480038778e+51
2.821910045480038778e+51
6.460853940820546125e+50
5.959457351006157080e+50
5.959457351006157080e+50
3.578711020404161692e+50
3.578711020404161692e+50
3.578711020401929835e+50
3.577852748668447692e+50
3.577852748668425677e+50
3.577852748668425677e+50
3.520124350178225613e+50
3.520124316626184019e+50
3.520124077291347286e+50
3.520124077291347286e+50
1.673674683155147390e+50
1.673674683155147390e+50
5.538627726511230134e+49
5.538606070485106468e+49
5.538606070483129242e+49
5.527108827595355825e+49
4.398013398838574021e+49
4.398013398838574021e+49
4.398013398838574021e+49
4.398008619322730350e+49
4.398008619322730350e+49
4.398008619322670638e+49
4.383267105125295162e+49
4.383267105125295162e+49
4.383267105125295162e+49
4.383267105125295162e+49
4.383267103346589757e+49
4.383267102991336960e+49
4.383267102991336960e+49
1.258420559375469652e+49
5.860814682527056876e+48
5.806659769534947529e+48
5.806658220154559267e+48
5.806577110107204481e+48
5.361605525209094319e+48
5.361605525209094319e+48
5.361605525209094319e+48
5.361605525209094319e+48
5.361605513535951007e+48
5.358918580770120209e+48
5.358918580770120209e+48
5.358918580770120209e+48
5.358918580770118911e+48
1.048390091476180315e+48
9.953055646711205092e+47
9.953055646711205092e+47
6.595324425900840708e+47
6.595324425900840708e+47
6.595324425890914497e+47
6.594550866302654163e+47
6.594550866302637937e+47
6.594550866302637937e+47
6.456466332074742124e+47
6.456466048068282332e+47
6.456465957546238905e+47
6.456465957546238905e+47
3.605937704397573813e+47
3.605937704397573813e+47
9.488155464853824935e+46
9.488080232336379070e+46
9.488080232335105335e+46
9.479117547157744263e+46
7.887749419426571102e+46
7.887749419426571102e+46
7.887749419426571102e+46
7.887743996600123895e+46
7.887743996600123895e+46
7.887743996599872393e+46
7.854224300395759766e+46
7.854224300395759766e+46
7.854224300395759766e+46
7.854224300395759766e+46
7.854224295815644848e+46
7.854224295565011056e+46
7.854224295565011056e+46
2.868337650086452082e+46
1.069865566104494784e+46
1.065054391023209099e+46
1.065053773976453229e+46
1.065044148641502737e+46
9.955988610268721559e+45
9.955988610268721559e+45
9.955988610268721559e+45
9.955988610268721559e+45
9.955988601424503328e+45
9.949434344681224319e+45
9.949434344681224319e+45
9.949434344681224319e+45
9.949434344681217981e+45
2.498494248432812151e+45
2.416979425524310288e+45
2.416979425524310288e+45
1.346645597619586910e+45
1.346645597619586910e+45
1.346645597616268042e+45
1.346531837286679288e+45
1.346531837286678179e+45
1.346531837286678179e+45
1.320115831671896190e+45
1.320115831671896190e+45
1.320115786873959201e+45
1.320115760785103278e+45
1.320115760785103278e+45
9.238909509823120439e+44
9.238909509823120439e+44
2.429320455968073912e+44
2.429285560846578951e+44
2.429285560846448621e+44
2.427212906707022046e+44
1.822065529294706755e+44
1.822065529294706755e+44
1.822065529294706755e+44
1.822065529294706755e+44
1.822064893465958154e+44
1.822064893465958154e+44
1.822064893465850403e+44
1.813871047922420918e+44
1.813871047922420918e+44
1.813871047922420918e+44
1.813871047922420918e+44
1.813871045030729258e+44
1.813871045009949692e+44
1.813871045009949692e+44
8.783229301242313684e+43
2.917091035660025820e+43
2.904472298401529896e+43
2.904472298401529896e+43
2.904469051533572882e+43
2.904453322559583610e+43
2.587967897523023774e+43
2.587967897523023774e+43
2.587967897523023774e+43
2.587967897523023774e+43
2.587967896594056237e+43
2.585938853080607056e+43
2.585938853080607056e+43
2.585938853080607056e+43
2.585938853080604580e+43
8.460188388536333816e+42
8.132589311763543919e+42
8.132589311763543919e+42
3.977240194549100451e+42
3.977240194549100451e+42
3.977240194514829938e+42
3.977022145934476232e+42
3.977022145934474375e+42
3.977022145934474375e+42
3.831443212224788437e+42
3.831443212224788437e+42
3.831442945222741967e+42
3.831442911060379045e+42
3.831442911060379045e+42
2.662469845222439169e+42
8.470118052995525175e+41
8.470118052995525175e+41
8.469923676451865246e+41
8.469923676451555761e+41
8.464386250891451591e+41
5.827585591921277442e+41
5.827585591921277442e+41
5.827585591921277442e+41
5.827585591921277442e+41
5.827584580850029267e+41
5.827584580850029267e+41
5.827584580848726335e+41
5.773953195225153379e+41
5.773953195225153379e+41
5.773953195225153379e+41
5.773953195225153379e+41
5.773953174493137106e+41
5.773953174451980242e+41
5.773953174451980242e+41
2.629317620285278193e+41
1.012325374106276916e+41
1.008982692202759326e+41
1.008982692202759326e+41
1.008980896762943811e+41
1.008977946056240003e+41
8.653588424821477941e+40
8.653588424821477941e+40
8.653588424821477941e+40
8.653588424821477941e+40
8.653588422791231131e+40
8.639016582015386921e+40
8.639016582015386921e+40
8.639016582015386921e+40
8.639016582015351136e+40
2.523442499883337766e+40
2.458534817135702652e+40
2.458534817135702652e+40
1.337577824211411819e+40
1.337577824211411819e+40
1.337577824183986370e+40
1.337539486021612712e+40
1.337539486021612712e+40
1.337539486021612712e+40
1.337539486021612712e+40
1.273942233643603688e+40
1.273942098385649014e+40
1.273942091003273621e+40
1.273942091003273621e+40
1.273942091003273621e+40
9.645417972483923409e+39
2.579723829149348557e+39
2.579723829149348557e+39
2.579723829149348557e+39
2.579607913663413068e+39
2.579607913663377102e+39
2.578809187286375132e+39
1.888171256427938425e+39
1.888171256427938425e+39
1.888171256427938425e+39
1.888171256427938425e+39
1.888171048955309539e+39
1.888171048955309539e+39
1.888171048954341794e+39
1.866229492596877310e+39
1.866229492596877310e+39
1.866229492596877310e+39
1.866229492596877310e+39
1.866229482672605180e+39
1.866229482667207326e+39
1.866229482667207326e+39
1.009100678546118442e+39
3.190974580424726362e+38
3.185802971753774513e+38
3.185802971753774513e+38
3.185791464277236232e+38
3.185785714263133725e+38
2.796898047753111778e+38
2.796898047753111778e+38
2.796898047753111778e+38
2.796898047753111778e+38
2.796898047486852289e+38
2.790953934555383320e+38
2.790953934555383320e+38
2.790953934555383320e+38
2.790953934555356119e+38
1.025942184227922453e+38
1.009104683633499155e+38
1.009104683633499155e+38
4.559218654350114141e+37
4.559218654204108014e+37
4.559218654204108014e+37
4.559131587571549907e+37
4.559131587571549907e+37
4.559131587571549907e+37
4.559131587571549907e+37
4.362177873646798638e+37
4.362176854094098121e+37
4.362176843227367105e+37
4.362176843227367105e+37
4.362176843227367105e+37
3.725986948689195505e+37
3.725986948689195505e+37
1.120649048407078747e+37
1.120649048407078747e+37
1.120563595950118452e+37
1.120563595950112313e+37
1.120268979144702643e+37
7.178999284923580485e+36
7.178999284923580485e+36
7.178999284923580485e+36
7.178999284923580485e+36
7.178998908391892982e+36
7.178998908391892982e+36
7.178998908385482369e+36
7.094846871592857928e+36
7.094846871592857928e+36
7.094846871592857928e+36
7.094846871592857928e+36
7.094846779379409498e+36
7.094846779372232682e+36
7.094846779372232682e+36
4.723679563043787582e+36
1.465087950901503879e+36
1.462956613924194719e+36
1.462956613924194719e+36
1.462947133936059335e+36
1.462945611680888294e+36
1.194026518328518928e+36
1.194026518328518928e+36
1.194026518328518928e+36
1.194026518328518928e+36
1.194026518283876774e+36
1.191152854946086501e+36
1.191152854946086501e+36
1.191152854946086501e+36
1.191152854946086501e+36
1.191152854946064217e+36
5.562537741972216656e+35
5.562537741972216656e+35
5.465882512323758935e+35
5.465882512323758935e+35
2.236365275037595426e+35
2.236365274811748618e+35
2.236365274811748618e+35
2.236338974844209694e+35
2.236338974844209694e+35
2.236338974844209694e+35
2.236338974844209694e+35
2.074294150496726539e+35
2.074293249864650732e+35
2.074293247604189665e+35
2.074293247604189665e+35
2.074293247604189665e+35
2.074293247604189665e+35
1.790185014574149403e+35
6.542180256569352711e+34
6.541407560320078039e+34
6.541407560320078039e+34
6.541407560320055903e+34
6.540147030695305246e+34
3.804661513438964468e+34
3.804661513438964468e+34
3.804661513438964468e+34
3.804661513438964468e+34
3.804661513438964468e+34
3.804661416148538681e+34
3.804661416136963810e+34
3.722131025374503569e+34
3.722131025374503569e+34
3.722131025374503569e+34
3.722131025374503569e+34
3.722130926223891969e+34
3.722130926221731856e+34
3.722130926221731856e+34
2.457242969512552446e+34
8.780368216057552363e+33
8.770754256559575882e+33
8.770754256559575882e+33
8.770663847116283090e+33
6.763880770573514766e+33
6.763877777022454949e+33
6.763877777022454949e+33
6.763877777022454949e+33
6.763877777022454949e+33
6.763877776865804045e+33
6.731428433324812735e+33
6.731428433324812735e+33
6.731428433324812735e+33
6.731428433324812735e+33
6.731428433324352719e+33
2.977458612519021975e+33
2.977458612519021975e+33
2.942492382159799023e+33
2.942492382159799023e+33
1.332356459132597637e+33
1.332356458819432739e+33
1.332356458819432739e+33
1.332347871112131660e+33
1.332347871112131660e+33
1.332347871112131660e+33
1.332347871112131660e+33
1.208733770887638462e+33
1.208732959432330602e+33
1.208732958592981409e+33
1.208732958592981409e+33
1.208732958592981409e+33
1.208732958592981409e+33
1.082994533408767790e+33
3.547004012629660653e+32
3.546202908698163747e+32
3.546202908698163747e+32
3.546202908698158703e+32
3.545862073775732049e+32
2.207937399201298039e+32
2.207937399201298039e+32
2.207937399201298039e+32
2.207937399201297679e+32
2.207937399201297679e+32
2.207937363372126497e+32
2.207937363356897484e+32
2.147226912855405394e+32
2.147226912855405394e+32
2.147226912855405394e+32
2.147226912855405394e+32
2.147226912855405394e+32
2.147226825303695653e+32
2.147226825303173236e+32
1.564112352226992847e+32
1.564112352226992847e+32
4.830800868544884583e+31
4.828122228615433408e+31
4.828122228615433408e+31
4.828025592221005159e+31
3.850459139964162088e+31
3.850458079135874549e+31
3.850458079135874549e+31
3.850458079135874549e+31
3.850458079135874549e+31
3.850458079098974305e+31
3.850458079098974305e+31
3.850458079098974305e+31
3.827379482833367347e+31
3.827379482833367347e+31
3.827379482832787283e+31
2.014426808094502196e+31
2.014426808094502196e+31
1.999637264292641517e+31
1.999637264292641517e+31
7.675317395668418763e+30
7.675317392910880474e+30
7.675317392910880474e+30
7.675286228760463100e+30
7.675286228760463100e+30
7.675286228760463100e+30
7.675286228760463100e+30
7.031346812299123966e+30
7.031337126654336622e+30
7.031337124589808866e+30
7.031337124589808866e+30
7.031337124589808866e+30
7.031337124589808866e+30
7.031337124589808866e+30
6.620023433157726337e+30
2.570182391874556970e+30
2.569258272993017245e+30
2.569258272993017245e+30
2.569258272993016119e+30
2.569062629089181832e+30
1.382579668216879787e+30
1.382579668216879787e+30
1.382579668216878943e+30
1.382579668216878943e+30
1.382579668216878943e+30
1.382579658004979454e+30
1.382579657989135228e+30
1.345547406470830732e+30
1.345547406470830732e+30
1.345547406470830732e+30
1.345547406470830732e+30
1.345547406470830732e+30
1.345547285200309111e+30
1.345547285200196239e+30
1.107521768490959658e+30
1.107521768490959658e+30
3.704958085373452831e+29
3.703235000316249645e+29
3.703235000316249645e+29
3.703110079927418215e+29
2.682186252359379526e+29
2.682185878196304077e+29
2.682185878196304077e+29
2.682185878196304077e+29
2.682185878196304077e+29
2.682185878196304077e+29
2.682185878196304077e+29
2.682185878186472156e+29
2.682185878186472156e+29
2.664786292409068040e+29
2.664786292409068040e+29
2.664786292408322131e+29
1.690373691747646104e+29
1.690373691747646104e+29
1.678978930411416145e+29
1.678978930411416145e+29
6.236551371362289375e+28
6.236551364940347182e+28
6.236536408946313259e+28
6.236536408946313259e+28
6.236536408946313259e+28
6.236536408946313259e+28
6.236536408946313259e+28
5.444592645188226776e+28
5.444579884491185027e+28
5.444579884491185027e+28
5.444579883811476615e+28
5.444579883811476615e+28
5.444579883811476615e+28
5.172458717441865995e+28
5.172458717441865995e+28
2.425425801890571223e+28
2.424146729221256387e+28
2.424146729221256387e+28
2.424146729221255947e+28
2.424020126821113601e+28
1.202063320470661121e+28
1.202063320470661121e+28
1.202063320470659802e+28
1.202063320470659802e+28
1.202063320470659802e+28
1.202063316231982444e+28
1.202063316189736348e+28
1.148351868811982681e+28
1.148351868811982681e+28
1.148351868811982681e+28
1.148351868811982681e+28
1.148351868811982681e+28
1.148351674723528228e+28
1.148351674723477651e+28
9.565030292902381616e+27
9.565030292902381616e+27
3.706639992188684871e+27
3.706639992188684871e+27
3.705386218985685282e+27
3.705191807555087256e+27
2.506678693825623239e+27
2.506678514381232104e+27
2.506678514381232104e+27
2.506678514381232104e+27
2.506678514381232104e+27
2.506678514381232104e+27
2.506678514381232104e+27
2.506678514381232104e+27
2.506678514381232104e+27
2.506678514375931359e+27
2.506678514375931359e+27
2.477131814094241074e+27
2.477131814091967834e+27
2.477131814091967834e+27
1.561907689896345742e+27
1.554820471352977518e+27
1.554820471352977518e+27
6.368075763230228179e+26
6.368075748517731807e+26
6.368067186174497625e+26
6.368067186174497625e+26
6.368067186174497625e+26
6.368067186174497625e+26
6.368067186174497625e+26
5.367277510624992802e+26
5.367258233451347427e+26
5.367258233451347427e+26
5.367258233043608658e+26
5.367258233043608658e+26
5.367258233043608658e+26
5.172274698409391509e+26
5.160923781906142491e+26
2.308361009093610258e+26
2.308361009093610258e+26
2.308361009093610258e+26
2.308361009093609915e+26
2.308297972625414865e+26
1.220979375291343885e+26
1.220979375291343885e+26
1.220979375291338902e+26
1.220979375291338902e+26
1.220979375291338902e+26
1.220979375195566457e+26
1.220979372496115603e+26
1.220979372496115603e+26
1.152254056879070627e+26
1.152254056879070627e+26
1.152254056879070627e+26
1.152253753113620985e+26
1.152253753113620985e+26
1.152253753113599339e+26
1.005204452328409443e+26
1.005204452328409443e+26
1.005204452328409443e+26
3.569218948790918086e+25
3.568580504157369398e+25
3.568228052708828998e+25
2.506491798828424992e+25
2.506491688077281606e+25
2.506491688077281606e+25
2.506491688077281606e+25
2.506491688077281606e+25
2.506491688077281606e+25
2.506491688077281606e+25
2.506491688077281606e+25
2.506491688077281606e+25
2.506491688077281606e+25
2.506491688075025889e+25
2.469514429691061826e+25
2.469514429686096844e+25
2.469514429686096844e+25
1.733458345606703860e+25
1.728656460399965874e+25
1.728656460399965874e+25
6.279981050200295677e+24
6.279981027958041956e+24
6.279975887803621264e+24
6.279975887803621264e+24
6.279975887803621264e+24
6.279975887803621264e+24
6.279975887803621264e+24
5.371346812288863769e+24
5.371309074735992240e+24
5.371309074735992240e+24
5.371309074562208200e+24
5.371309074562208200e+24
5.371309074562208200e+24
5.355951087869636643e+24
5.247556634203853876e+24
2.742641061619686833e+24
2.742641061619686833e+24
2.742641061619686833e+24
2.742641061619686833e+24
2.742586131745478510e+24
1.271468034512227169e+24
1.271468034512227169e+24
1.271468034512215358e+24
1.271468034512215358e+24
1.271468034512215358e+24
1.271468034350769148e+24
1.271468033104988382e+24
1.271468033104988382e+24
1.271468033104988382e+24
1.202744822262162602e+24
1.202744175324648096e+24
1.202744175324648096e+24
1.202744175324648096e+24
1.202744175324648096e+24
1.202744175324640043e+24
1.109700090052446544e+24
1.109700090052446544e+24
4.515585001744743971e+23
4.515585001744743971e+23
4.514954182397975813e+23
4.514245934325852589e+23
2.846283356258625577e+23
2.846283295480976224e+23
2.846283295480976224e+23
2.846283295480976224e+23
2.846283295480976224e+23
2.846283295480976224e+23
2.846283295480976224e+23
2.846283295480975553e+23
2.846283295480975553e+23
2.846283295480975553e+23
2.802446713023273349e+23
2.802446713022335167e+23
2.802446713012395673e+23
2.802446713012395673e+23
2.216091876383275688e+23
2.211244605384960330e+23
2.211244551482415115e+23
8.409002298172249001e+22
8.409002298172249001e+22
8.409002298172249001e+22
8.408998376054951248e+22
8.408998376054951248e+22
8.408998376054951248e+22
6.739633701409138724e+22
6.739633701409138724e+22
6.739633701409138724e+22
6.739559112575339725e+22
6.739559112484314101e+22
6.739559112484314101e+22
6.739559112484314101e+22
6.717325514287748638e+22
6.611595311776344624e+22
4.051563523092158349e+22
4.051563523092158349e+22
4.051563523092158349e+22
4.051563523092158349e+22
4.051512508881475469e+22
4.051512508881475469e+22
1.806773941810384549e+22
1.806773941810347219e+22
1.806773941810347219e+22
1.806773941810347219e+22
1.806773941173114372e+22
1.806773941173114372e+22
1.806773941173114372e+22
1.806773940336184630e+22
1.806773940336184630e+22
1.659436177761122648e+22
1.659434631681270193e+22
1.659434631681270193e+22
1.659434631681270193e+22
1.659434631681270193e+22
1.659434631681270193e+22
1.659434631681265159e+22
1.548833908410860490e+22
7.316166057616128082e+21
7.316166057616128082e+21
7.315461307937222296e+21
7.313750926194829689e+21
4.327350078354578997e+21
4.327350031615255904e+21
4.327350031615255904e+21
4.327350031615255904e+21
4.327350031615255904e+21
4.327350031615255904e+21
4.327350031615255904e+21
4.327350031615254331e+21
4.327350031615254331e+21
4.217666688064390955e+21
4.217666688064390955e+21
4.217666688063650136e+21
4.217666688019645596e+21
4.217666688019645596e+21
3.385495053384895431e+21
3.380677011221029847e+21
3.380676853045721563e+21
1.427621303604367065e+21
1.427621303604367065e+21
1.427621303604367065e+21
1.427620927499909464e+21
1.427620927499909464e+21
1.427620927499909464e+21
1.427620927499909464e+21
1.093404749426984223e+21
1.093386689120935346e+21
1.093386689120935346e+21
1.093386689112582783e+21
1.093386689112582783e+21
1.093386689112582783e+21
1.087003878681533350e+21
6.623005083815704003e+20
6.578860830593681981e+20
6.578860830593681981e+20
6.578860830593681981e+20
6.578860830593681981e+20
6.578860830593681981e+20
6.578816079825323950e+20
3.121249865456270705e+20
3.121249865456052470e+20
3.121249865456052470e+20
3.121249863068553052e+20
3.121249863068553052e+20
3.121249863068553052e+20
3.121249863068553052e+20
3.121249863068553052e+20
3.121249862197760492e+20
2.808163873596723692e+20
2.808159800546047427e+20
2.808159800546047427e+20
2.808159800546047427e+20
2.808159800546047427e+20
2.808159800546047427e+20
2.670809480234433249e+20
2.670809480234429972e+20
1.220115075612438036e+20
1.220049861932890358e+20
1.220049861932890358e+20
1.219529738594218312e+20
7.473203848364267930e+19
7.473203848364267930e+19
7.473203799765188608e+19
7.473203799765188608e+19
7.473203799765188608e+19
7.473203799765188608e+19
7.473203799765188608e+19
7.473203799765180416e+19
7.473203799765180416e+19
7.236953716571395686e+19
7.236953716408745165e+19
7.236953716408745165e+19
7.236953716408196301e+19
7.236953716408196301e+19
6.135650607793414144e+19
6.130382633434809139e+19
6.130382154947076096e+19
2.421803652491857510e+19
2.421803652491857510e+19
2.421803652491857510e+19
2.421803275148788531e+19
2.421803275148788531e+19
2.421803275148788531e+19
2.421803275148788531e+19
1.885078764917380710e+19
1.885020064519678771e+19
1.885020064519678771e+19
1.885020064519678771e+19
1.885020064513435648e+19
1.885020064513435648e+19
1.885020064513435648e+19
1.871250571729003315e+19
1.273141747007013478e+19
1.267701571743837594e+19
1.267701571743837594e+19
1.267701571743837594e+19
5.469812450022941696e+18
5.469812450022103040e+18
5.469801664973749248e+18
5.469801664973749248e+18
5.469801664973749248e+18
5.469801664973749248e+18
5.469801664973749248e+18
5.469801664973749248e+18
5.469801658228566016e+18
5.469801658228566016e+18
5.469801658228566016e+18
5.469801657556062208e+18
4.939837666433226752e+18
4.939823884032005120e+18
4.939823884032005120e+18
4.939823884032005120e+18
4.939823884032005120e+18
4.939823884032005120e+18
4.795492638136978432e+18
4.795492638136976384e+18
2.512668000925252096e+18
2.512571575866230272e+18
2.512571575866230272e+18
2.510968481751607808e+18
1.392598318560861184e+18
1.392598318560861184e+18
1.392598314317012992e+18
1.392598314317012992e+18
1.392598314317012992e+18
1.392598314317009408e+18
1.392598314317009408e+18
1.392598314317009408e+18
1.392598314317009408e+18
1.347585015105033984e+18
1.347585015053151232e+18
1.347585015053151232e+18
1.347585015053151232e+18
1.347585015053112576e+18
1.212731576525971968e+18
1.212731371763589120e+18
1.212013670666266624e+18
5.296269461012455680e+17
5.296269461012455680e+17
5.296269461012455680e+17
5.296269461012455680e+17
5.296269007183302400e+17
5.296269007183302400e+17
3.825793712633447040e+17
3.825793712633447040e+17
3.825617968165829760e+17
3.825617968165829760e+17
3.825617968165829760e+17
3.825617968165829760e+17
3.825617968160571520e+17
3.825617968160571520e+17
3.794502529865383040e+17
2.881302487714185600e+17
2.871579386312776640e+17
2.871579386312776640e+17
2.871579386312776640e+17
2.871579386310648640e+17
2.871579386310648640e+17
1.264904751394891520e+17
1.264903300997771040e+17
1.264903300997771040e+17
1.264903300997771040e+17
1.264903300997771040e+17
1.264903300997771040e+17
1.264903297053284640e+17
1.264903297053284640e+17
1.264903297053284640e+17
1.264903297053284640e+17
1.264903296979747680e+17
1.096916186947564320e+17
1.096911247155932320e+17
1.096911247155932320e+17
1.096911247155932320e+17
1.096911247155932320e+17
1.096911247155932320e+17
1.071934749672337760e+17
1.071934749672337440e+17
6.397119074167965600e+16
6.396961897434972800e+16
6.391257512107309600e+16
6.391257512107309600e+16
6.391257512107309600e+16
3.417940416961838000e+16
3.417940416961838000e+16
3.417940411734538800e+16
3.417940411734538800e+16
3.417940411734519600e+16
3.417940411734519600e+16
3.417940411734519600e+16
3.417940411734519600e+16
3.417940411734519600e+16
3.253302148255971200e+16
3.253302147925310400e+16
3.253302147925310400e+16
3.253302147925266000e+16
3.253302147925266000e+16
2.974875738971830400e+16
2.974874843356837200e+16
2.974874843356837200e+16
2.973788557908809200e+16
1.449389123320901400e+16
1.449389123320901400e+16
1.449389123320901400e+16
1.449389053824460200e+16
1.449389053824460200e+16
1.449389053824460200e+16
1.001212332680362800e+16
1.001146243299179800e+16
1.001146243299179800e+16
1.001146243299179800e+16
1.001146243299179800e+16
1.001146243298471200e+16
1.001146243298471200e+16
9.880579654505952000e+15
7.672883583161910000e+15
7.655524675210483000e+15
7.655524675210483000e+15
7.655524675210483000e+15
7.655524675193942000e+15
7.655524675193942000e+15
3.599866432886618000e+15
3.599864030822627000e+15
3.599864030822627000e+15
3.599864030822627000e+15
3.599864030822627000e+15
3.599864030822627000e+15
3.599864007600022000e+15
3.599864007600022000e+15
3.599864007600022000e+15
3.036623138107274000e+15
3.036623138107274000e+15
3.036623138023875000e+15
3.036602351016306000e+15
3.036602351016306000e+15
3.036602351016306000e+15
3.036602351016306000e+15
2.988132337045579500e+15
2.988132337045579500e+15
1.803724961085371750e+15
1.803724961085371750e+15
1.803699410265127250e+15
1.800901807465423500e+15
1.800901807465423500e+15
1.800901807465423500e+15
9.919517370410283750e+14
9.919517370410283750e+14
9.919517361746312500e+14
9.919517361746312500e+14
9.919517361746312500e+14
9.919517361746133750e+14
9.919517361746133750e+14
9.919517361746133750e+14
9.919517361746133750e+14
9.919517361746133750e+14
9.919517359511643750e+14
9.335985490690775000e+14
9.335985490690720000e+14
9.335985490690720000e+14
9.335980647256618750e+14
8.745309165313280000e+14
8.745309165313280000e+14
8.743389345493558750e+14
4.207393364843748125e+14
4.207393364843748125e+14
4.207393364843748125e+14
4.207393364843748125e+14
4.207393249602928750e+14
4.206672900689965000e+14
2.937123109347396250e+14
2.937123109347396250e+14
2.937123109347396250e+14
2.937123109347396250e+14
2.937123109347396250e+14
2.937123109346483125e+14
2.889337734209590000e+14
2.889337734209590000e+14
2.384753426499400000e+14
2.384753426499399688e+14
2.381321873409047812e+14
2.381321873409047812e+14
2.381321873397414375e+14
2.381321873397414375e+14
1.071806608676787031e+14
1.071806608676787031e+14
1.071806608676787031e+14
1.071806189659149688e+14
1.071806189659149688e+14
1.071806189659149688e+14
1.071806189659149688e+14
1.071806178355447031e+14
1.071806178355447031e+14
9.054468675959007812e+13
9.054468675847995312e+13
9.054468675847995312e+13
9.054468675847995312e+13
9.054354593958582812e+13
9.054354593958582812e+13
9.054354593958582812e+13
9.054354593958582812e+13
8.965686625859740625e+13
5.995271865581700781e+13
5.995271865581700781e+13
5.995271865581700781e+13
5.995271865581700781e+13
5.982126631618230469e+13
5.982071326531050781e+13
5.982071326531050781e+13
3.076520174607459766e+13
3.076520174607459766e+13
3.076520174607459766e+13
3.076520173359725391e+13
3.076520173359725391e+13
3.076520173359600391e+13
3.076520173359600391e+13
3.076520172179371875e+13
2.890122451550461719e+13
2.890122451550461719e+13
2.890122451550461719e+13
2.890122451550461719e+13
2.890122451550455469e+13
2.890122451550455469e+13
2.890122451550455469e+13
2.890119586393460156e+13
2.771624221285314844e+13
2.771624221285314844e+13
2.771244729623610547e+13
1.490471917129289453e+13
1.490471917129289453e+13
1.490471895477465625e+13
1.490471895477465625e+13
1.490087216444567969e+13
9.715018983946888672e+12
9.715018983946888672e+12
9.715018983946888672e+12
9.715018983946888672e+12
9.715018983946888672e+12
9.715018983945644531e+12
9.541367093461705078e+12
9.541367093461699219e+12
9.541367093461699219e+12
8.348597914554022461e+12
8.348597914554022461e+12
8.340318248289346680e+12
8.340318248289346680e+12
8.340318248210988281e+12
8.340318248210988281e+12
4.017302161413305176e+12
4.017302161413305176e+12
4.017301280089921387e+12
4.017301280089921387e+12
4.017301182064191406e+12
4.017301182064191406e+12
4.017301182064191406e+12
4.017301182064191406e+12
3.239517772412611816e+12
3.239517772412611816e+12
3.239517772394903809e+12
3.239455625330650879e+12
3.239455625330650879e+12
3.239455625330650879e+12
3.239455625330650879e+12
3.239455625330650879e+12
3.217055839741429688e+12
3.217055839741429688e+12
2.359382486833567871e+12
2.359382486833567871e+12
2.352613813615234375e+12
2.352613813615234375e+12
2.352601007317549805e+12
2.352601007317549805e+12
1.216426528568335205e+12
1.216426528568335205e+12
1.216426528568335205e+12
1.216426528568335205e+12
1.216426528325256836e+12
1.216426528325149902e+12
1.216426528325149902e+12
1.216426527186208496e+12
1.117109808139331787e+12
1.117109808139331787e+12
1.117109808139331787e+12
1.117109808139331787e+12
1.117109808139331787e+12
1.117109808139330566e+12
1.117107986428801758e+12
1.117107986428801758e+12
1.117107986428801758e+12
1.081925130363245850e+12
6.417191493961009521e+11
6.417191493961009521e+11
6.416886894470477295e+11
6.414514963972596436e+11
6.414514913998350830e+11
6.414514913998350830e+11
4.065326597760729980e+11
4.065326597760729980e+11
4.065326597760729980e+11
4.065326597760729980e+11
4.065326597760729980e+11
4.065326597760482788e+11
3.960176124960886230e+11
3.960176124960880737e+11
3.960176124960880737e+11
3.960176124960880737e+11
3.546351728346563110e+11
3.546351728259111328e+11
3.546351728259111328e+11
3.546351728259111328e+11
3.544114177197698975e+11
1.831571055184815063e+11
1.831571055184815063e+11
1.831571055184815063e+11
1.831570826895495911e+11
1.831570740181203003e+11
1.831570740181203003e+11
1.831570740181203003e+11
1.831570740181203003e+11
1.436220197224301758e+11
1.436220197224301758e+11
1.436220197224301758e+11
1.436179557691808777e+11
1.436179557687864380e+11
1.436179557687864380e+11
1.436179557687864380e+11
1.436179557687864380e+11
1.429572699382861023e+11
1.084754489531057434e+11
1.084754489531057434e+11
1.079774880340622559e+11
1.079774880340622559e+11
1.079774880340622559e+11
1.079771518621136475e+11
1.079771518621136475e+11
1.079771518621136475e+11
5.753985467743013763e+10
5.753985467743013763e+10
5.753985467743013763e+10
5.753985467741537476e+10
5.753985467125143433e+10
5.753985467125143433e+10
5.753985456279905701e+10
5.203668727886518860e+10
5.203668727886518860e+10
5.203668727886518860e+10
5.203668727886518860e+10
5.203668727886518860e+10
5.203668727886518860e+10
5.203655576932834625e+10
5.203655576932833099e+10
5.203655576932833099e+10
5.088261511795925903e+10
5.088261511795925903e+10
3.112373327577357101e+10
3.112284037661948395e+10
3.112284037661948395e+10
3.110339229511982346e+10
1.977409033155955124e+10
1.977409027773775864e+10
1.977409027773775864e+10
1.977409027773775864e+10
1.977409027773775864e+10
1.977409027773775864e+10
1.977409027773775864e+10
1.977409027773723602e+10
1.915206629020061493e+10
1.915206629020061493e+10
1.915206629020054245e+10
1.915206629020054245e+10
1.915206629020054245e+10
1.915206628911509323e+10
1.765998486037346268e+10
1.765306868983411407e+10
1.765306868983411407e+10
1.765306868983411407e+10
9.211246712672657013e+09
9.211245982995445251e+09
9.211245328628499985e+09
9.211245328628499985e+09
9.211245328628499985e+09
9.211245328628499985e+09
9.211245328628499985e+09
7.179058021474381447e+09
7.179058021474381447e+09
7.178704017226193428e+09
7.178704017226193428e+09
7.178704017217357635e+09
7.178704017217357635e+09
7.178704017217357635e+09
7.158097936250241280e+09
7.158097936250241280e+09
5.780602899937469482e+09
5.780602899937469482e+09
5.745097466558698654e+09
5.745097466558698654e+09
5.745097466558698654e+09
5.745097466558698654e+09
5.745086681142957687e+09
5.745086681142957687e+09
2.995707321700849533e+09
2.995707321700849533e+09
2.995707321700849533e+09
2.995707321699145794e+09
2.995707321699145794e+09
2.995707321549354553e+09
2.995707311769080162e+09
2.692568989999112129e+09
2.692568989999112129e+09
2.692568989999112129e+09
2.692568989999112129e+09
2.692568989999112129e+09
2.692568989999112129e+09
2.692556714284211159e+09
2.692556714284211159e+09
2.692556714284211159e+09
2.653750421675439358e+09
2.653750421675439358e+09
1.774240694352770090e+09
1.774207809564962864e+09
1.774207809564962864e+09
1.772618884786048174e+09
1.079192176680481672e+09
1.079192175243239164e+09
1.079192175243239164e+09
1.079192175243239164e+09
1.079192175243239164e+09
1.079192175243239164e+09
1.079192175243239164e+09
1.079192175243239164e+09
1.079192175243227482e+09
1.041446177358747244e+09
1.041446177358737826e+09
1.041446177358737826e+09
1.041446177358737826e+09
1.041446177251954675e+09
9.850495439785904884e+08
9.848056448329641819e+08
9.848056448329641819e+08
9.848056448329641819e+08
5.578224061431384087e+08
5.578223128473894596e+08
5.578223128473894596e+08
5.578222913322726488e+08
5.578222913322726488e+08
5.578222913322726488e+08
5.578222913322726488e+08
5.578222913322726488e+08
4.171148748745558858e+08
4.170848231967003345e+08
4.170848231964750290e+08
4.170848231964750290e+08
4.170848231964750290e+08
4.170848231964750290e+08
4.170848231964750290e+08
4.170848231964750290e+08
4.162957367412150502e+08
3.549890431400947571e+08
3.522554288673501611e+08
3.522554288673501611e+08
3.522554288673501611e+08
3.522554288673501611e+08
3.522550653499669433e+08
1.911846561664502323e+08
1.911846561664502323e+08
1.911846561664502323e+08
1.911846561662193835e+08
1.911846561662193835e+08
1.911846561662193835e+08
1.911846561616106927e+08
1.911846547728277147e+08
1.675017711088844836e+08
1.675017711088844836e+08
1.675017711088844836e+08
1.675017711088844836e+08
1.675017711088844836e+08
1.675005764483956397e+08
1.675005764483956397e+08
1.675005764483956397e+08
1.675005764483956397e+08
1.657913410114298761e+08
1.196251467226441205e+08
1.196251467226441205e+08
1.196238064737419784e+08
1.196238064737419784e+08
1.194761601416291744e+08
7.248064004979963601e+07
7.248064000082643330e+07
7.248064000082643330e+07
7.248064000082643330e+07
7.248064000082643330e+07
7.248064000082643330e+07
7.248064000082643330e+07
7.248064000082643330e+07
7.248064000082494318e+07
7.248064000082494318e+07
6.916744810910913348e+07
6.916744810910913348e+07
6.916744810910882056e+07
6.916744809268747270e+07
6.916744809268747270e+07
6.630995442792315781e+07
6.630004470381049067e+07
6.630004470381049067e+07
4.037344053289428353e+07
4.037342824280311167e+07
4.037342824280311167e+07
4.037342739141973108e+07
4.037342739141973108e+07
4.037342739141973108e+07
4.037342739141973108e+07
2.956603479387481138e+07
2.956603479387481138e+07
2.956294755818932503e+07
2.956294755818932503e+07
2.956294755818183720e+07
2.956294755818183720e+07
2.956294755818183720e+07
2.956294755818183720e+07
2.956294755818183720e+07
2.919170369018791616e+07
2.915702455802745372e+07
2.564196984022738412e+07
2.564196984022738412e+07
2.564196984022738412e+07
2.564196984022738412e+07
2.564195528916418180e+07
1.453429915571185388e+07
1.453429915571185015e+07
1.453429915566533990e+07
1.453429915566533990e+07
1.453429915566533990e+07
1.453429915566533990e+07
1.453429895382395945e+07
1.453429895364771970e+07
1.251958678237546422e+07
1.251958678237546422e+07
1.251958678237546422e+07
1.251958678237546422e+07
1.251958678237546422e+07
1.251945031640878692e+07
1.251945031640878692e+07
1.251945031640878692e+07
1.251945031640878692e+07
1.243355457322737202e+07
1.243355457322737202e+07
1.243355457322737202e+07
9.362575245766550303e+06
9.362513228147864342e+06
9.362513228147864342e+06
9.344727551149606705e+06
9.344727551149606705e+06
5.726066388869449496e+06
5.726066386847027577e+06
5.726066386847027577e+06
5.726066386847027577e+06
5.726066386847027577e+06
5.726066386847027577e+06
5.726066386847027577e+06
5.726066386846699752e+06
5.726066386846699752e+06
5.419044930489066988e+06
5.419044930489066988e+06
5.419044930489056744e+06
5.419044927954252809e+06
5.419044927954252809e+06
5.419044927954252809e+06
5.259836117936618626e+06
5.259365079326741397e+06
5.259360814805230126e+06
3.334368117605950683e+06
3.334368117605950683e+06
3.334368117605950683e+06
3.334368079181693029e+06
3.334368079181693029e+06
3.334368079181693029e+06
2.422882456481496338e+06
2.422474505432996433e+06
2.422474505432996433e+06
2.422474505432996433e+06
2.422474505432727281e+06
2.422474505432727281e+06
2.422474505432727281e+06
2.422474505432727281e+06
2.422474505432727281e+06
2.385259866532506887e+06
2.167353329801210668e+06
2.165908497771561611e+06
2.165908497771561611e+06
2.165908497771560214e+06
1.250825429040594492e+06
1.250825199937999947e+06
1.250825199937999947e+06
1.250825199937999947e+06
1.250825199929337483e+06
1.250825199929337483e+06
1.250825199929337483e+06
1.250825169362143613e+06
1.250825169362143613e+06
1.250825169362143613e+06
1.250825169362143613e+06
1.250825169362143613e+06
1.250825169355160091e+06
1.250825169355160091e+06
1.066726613925072365e+06
1.066707118399485014e+06
1.066707118399485014e+06
1.066707118399485014e+06
1.066707118399485014e+06
1.066707118399485014e+06
1.061985002798123285e+06
1.061985002798123285e+06
8.487918746498310938e+05
8.487885019902948989e+05
8.487885019902948989e+05
8.487885019902948989e+05
8.466014626542554470e+05
5.134468062942916877e+05
5.134468062072925968e+05
5.134468062072925968e+05
5.134468062072925968e+05
5.134468062072925968e+05
5.134468062072925968e+05
5.134468062072925968e+05
5.134468062072263565e+05
5.134468062072263565e+05
4.828769602703233832e+05
4.828769598587832879e+05
4.828769598587832879e+05
4.828769598587832879e+05
4.828769598587829387e+05
4.828769598587829387e+05
4.732349539679728332e+05
4.732342745382292778e+05
4.732090441064502229e+05
3.228560978291686624e+05
3.228560978291686624e+05
3.228560978291686624e+05
3.228560959018158610e+05
3.228560959018158610e+05
3.228560959018158610e+05
2.285191136801005050e+05
2.285191136801005050e+05
2.284647855105366325e+05
2.284647855105366325e+05
2.284647855105366325e+05
2.284647855105261260e+05
2.284647855105261260e+05
2.284647855105261260e+05
2.243510349705574627e+05
2.093929198172116303e+05
2.093036651686639525e+05
2.093036651686636324e+05
2.093036651686636324e+05
1.281067079130955535e+05
1.281067079112375795e+05
1.281066950540724065e+05
1.281066950540724065e+05
1.281066950540724065e+05
1.281066950540724065e+05
1.281066950540724065e+05
1.281066887445934990e+05
1.281066887445934990e+05
1.281066887445934990e+05
1.281066887445934990e+05
1.281066887445934990e+05
1.281066887442716834e+05
1.067273326926276641e+05
1.067273326926276641e+05
1.067244109441545443e+05
1.067244109441545443e+05
1.067244109441545443e+05
1.067244109441545443e+05
1.067244109441545443e+05
1.064111772071863234e+05
8.941230511722245137e+04
8.941230511722245137e+04
8.941230511722245137e+04
8.941210488671269559e+04
8.910992039040468808e+04
8.910992039040468808e+04
5.526879458498710301e+04
5.526879458498710301e+04
5.526879458055846771e+04
5.526879458055846771e+04
5.526879458054278075e+04
5.526879458054278075e+04
5.526879458054278075e+04
5.526879458054278075e+04
5.526879458054278075e+04
5.526879458054278075e+04
5.130638608167978236e+04
5.130638599025383155e+04
5.130638599025383155e+04
5.130638599025380972e+04
5.130638599025380972e+04
5.058184219763340661e+04
5.058172598680014926e+04
5.058018380936385802e+04
3.675828939764774987e+04
3.675828939764774987e+04
3.675828939764774987e+04
3.675828939764774987e+04
3.675828928788894700e+04
2.586100139841966666e+04
2.585233177879470168e+04
2.585233177879470168e+04
2.585233177879470168e+04
2.585233177879470168e+04
2.585233177879470168e+04
2.585233177879470168e+04
2.585233177879470168e+04
2.585233177879425784e+04
2.525839182313146375e+04
2.525839182313146375e+04
2.398217198542572805e+04
2.397590699490649422e+04
2.397590699490639963e+04
2.397590699362574742e+04
2.397590699362574742e+04
1.548367177875607194e+04
1.548367177875607194e+04
1.548367177875607194e+04
1.548367095360218809e+04
1.548367095360218809e+04
1.548367095360218809e+04
1.548367095360218809e+04
1.548367095360218809e+04
1.548366957364863993e+04
1.548366957364863993e+04
1.272214594077777474e+04
1.272214594076728645e+04
1.272214594076728645e+04
1.272162859821478196e+04
1.272162859821478196e+04
1.272162859821478196e+04
1.272162859821478196e+04
1.269779150671256139e+04
1.269779150671256139e+04
1.104050638428302773e+04
1.104050638428302773e+04
1.098836071750332485e+04
1.098834743171079754e+04
1.098834743171079754e+04
6.997319290300192733e+03
6.997319290300192733e+03
6.997319290300192733e+03
6.997319290065638597e+03
6.997319290065638597e+03
6.997319290060690946e+03
6.997319290060690946e+03
6.997319264600783754e+03
6.997319264600783754e+03
6.433363611089516780e+03
6.433363611089516780e+03
6.433363611089516780e+03
6.433363611089516780e+03
6.433363611089516780e+03
6.433363611089516780e+03
6.433340184738004609e+03
6.372107538458360068e+03
6.372107538458360068e+03
6.372000014635973457e+03
4.851388759522311375e+03
4.851388759522311375e+03
4.851388759522311375e+03
4.851388753204995737e+03
4.847932352119791176e+03
4.847932352119791176e+03
3.414485532598629561e+03
3.414485532598629561e+03
3.414485532598629561e+03
3.414485532598629561e+03
3.414485532598629561e+03
3.414485532598629561e+03
3.414485532598615464e+03
3.321988486656035548e+03
3.321988486655999623e+03
3.202086253245758144e+03
3.202086253245758144e+03
3.201595524065404334e+03
3.201595524065404334e+03
3.201595524065404334e+03
3.201595523723518454e+03
2.156536580773196420e+03
2.156536580773196420e+03
2.156536580773196420e+03
2.156536580773196420e+03
2.156536527883341478e+03
2.156536194301868363e+03
2.156536194301868363e+03
2.156536194301868363e+03
2.156536194301868363e+03
1.755597355824113265e+03
1.755597355823751059e+03
1.755485709647838803e+03
1.755485709647838803e+03
1.755485709647838803e+03
1.755485709647838803e+03
1.755485709647838803e+03
1.753490132520925954e+03
1.578434975163963827e+03
1.578434975163963827e+03
1.578434975163963827e+03
1.568892008465353229e+03
1.568892008465353229e+03
1.568891113554657522e+03
1.019529922805901606e+03
1.019529922805901606e+03
1.019529922805901606e+03
1.019529922805901606e+03
1.019529922796866003e+03
1.019529922796866003e+03
1.019529922795293487e+03
1.019529922795293487e+03
1.019529916059866991e+03
9.298170732167503729e+02
9.298170732167503729e+02
9.298170732167503729e+02
9.298115273554628857e+02
9.298115273554628857e+02
9.298115273554628857e+02
9.241725940207892336e+02
9.241725940207892336e+02
9.241725940207892336e+02
7.433717896921646116e+02
7.433669543542932843e+02
7.433669543542932843e+02
7.433669543542932843e+02
7.426395930497398012e+02
7.426395927811246338e+02
5.209596417860997235e+02
5.209596417860997235e+02
5.209596417860997235e+02
5.209596417860997235e+02
5.209596417860997235e+02
5.209596417860996098e+02
5.047610832675023858e+02
5.047610832675023858e+02
5.047610832674901076e+02
5.047610832674901076e+02
4.924518419227930508e+02
4.924518418219960836e+02
4.924134880777032208e+02
4.924134880777032208e+02
4.924134880777032208e+02
3.520355642542271539e+02
3.520355642542271539e+02
3.520354635128629752e+02
3.520354609554223089e+02
3.520354609554223089e+02
3.520354609554223089e+02
3.520354609554223089e+02
2.823792134003217598e+02
2.823792134003217598e+02
2.823533184791114081e+02
2.823533184791114081e+02
2.823533184791069175e+02
2.823533184791069175e+02
2.823533184791069175e+02
2.821826462896864314e+02
2.821826462896864314e+02
2.616659278081659750e+02
2.596878452091041822e+02
2.596878452091041822e+02
2.596878452091041822e+02
2.596878007182216948e+02
2.596878007182216948e+02
1.757997844858961969e+02
1.757997844858961969e+02
1.757997844858961969e+02
1.757997844858961685e+02
1.757997844853135234e+02
1.757997844851850857e+02
1.757997844851850857e+02
1.757997822155901986e+02
1.583663517679700021e+02
1.583663517679700021e+02
1.583663517679700021e+02
1.583663517679700021e+02
1.583663517679700021e+02
1.583649094342162869e+02
1.583649094342162869e+02
1.583649094342162869e+02
1.578229712031285317e+02
1.578229712031285317e+02
1.334686413022388081e+02
1.334686413022388081e+02
1.334683584568768993e+02
1.334683584568768993e+02
1.332912941970308509e+02
1.332912941970308509e+02
9.462599830195927098e+01
9.462599829987398437e+01
9.462599829987398437e+01
9.462599829987398437e+01
9.462599829987398437e+01
9.462599829987398437e+01
9.462599829987398437e+01
9.111187992430315319e+01
9.111187992429816518e+01
9.111187992429816518e+01
9.111187992429816518e+01
9.111187988519461101e+01
9.111187988519461101e+01
8.977350883712649932e+01
8.977119584967526578e+01
8.977119584967526578e+01
6.804054773870930717e+01
6.804051399929059585e+01
6.804051395360947652e+01
6.804051395360947652e+01
6.804051395360947652e+01
6.804051395360947652e+01
6.804051395360947652e+01
5.421217041617824606e+01
5.421217041617824606e+01
5.420496088929136391e+01
5.420496088929135681e+01
5.420496088929135681e+01
5.419354262364352337e+01
5.162487086694154925e+01
5.111658166277094750e+01
5.111658166277094750e+01
5.111658166277094750e+01
5.111658166277094750e+01
5.111658166277094750e+01
5.111658166277094750e+01
5.111658083851847323e+01
3.618499623910693686e+01
3.618499623910691554e+01
3.618499623882717486e+01
3.618499623882717486e+01
3.618499623882717486e+01
3.618499623882700433e+01
3.618499537676984801e+01
3.227271095693854619e+01
3.227271095693854619e+01
3.227271095693854619e+01
3.227271095693854619e+01
3.227225848602342495e+01
3.227225848602342495e+01
3.227225848602342495e+01
3.227225848602342495e+01
3.223133220920258424e+01
3.223133220920258424e+01
2.869768260135377957e+01
2.869767634885127805e+01
2.869767634885127805e+01
2.864354251988824274e+01
2.066986084321312589e+01
2.066986084321004213e+01
2.066986084321004213e+01
2.066986084321004213e+01
2.066986084321004213e+01
2.066986084321004213e+01
2.066986084320712536e+01
1.977835642742640943e+01
1.977835642742640943e+01
1.977835642742640943e+01
1.977835642742640943e+01
1.977835641090625884e+01
1.966288756516024350e+01
1.966288756516024350e+01
1.966283450723108928e+01
1.597116884900381706e+01
1.597115480609125804e+01
1.597115480609125804e+01
1.597115480601317117e+01
1.597115480601317117e+01
1.597115480601317117e+01
1.597115480601317117e+01
1.264497569757480377e+01
1.264238054872151906e+01
1.264238054872151906e+01
1.264238054872151906e+01
1.264238054872151906e+01
1.264238054872151906e+01
1.247979155762977754e+01
1.222560430817416055e+01
1.222532652036795575e+01
1.222532652036795575e+01
1.222532651890524846e+01
1.222532651890524846e+01
9.219024146479712911e+00
9.219024146479698700e+00
9.219024146316906254e+00
9.219024146316906254e+00
9.219024146316906254e+00
9.219023723618260391e+00
9.219023723618260391e+00
8.117577362569296184e+00
8.117577362569296184e+00
8.117577362569296184e+00
8.117577362569296184e+00
8.117387948131771225e+00
8.117387948131771225e+00
8.117387948131771225e+00
8.117387948131771225e+00
8.116148496116062816e+00
8.116148496116062816e+00
7.683833469426431861e+00
7.683833469426431861e+00
7.683833455519969213e+00
7.663087099279237258e+00
5.714404784836013995e+00
5.714404784836013995e+00
5.714404784836013995e+00
5.714404784836013995e+00
5.714404784836013995e+00
5.714404784836013995e+00
5.714404784834016482e+00
5.714404784834016482e+00
5.714404784834016482e+00
5.417801879769515772e+00
5.417801870405508424e+00
5.417801870405508424e+00
5.417801870405508424e+00
5.413637892066157420e+00
5.413637767288814295e+00
5.413637767288814295e+00
5.413627091347415821e+00
4.853187338019617769e+00
4.853187338019615993e+00
4.853187338019615993e+00
4.853187338019615993e+00
3.839203245300776501e+00
3.839203245300776501e+00
3.837923517286954134e+00
3.837923517286954134e+00
3.837923517286954134e+00
3.837923517286954134e+00
3.837923517286954134e+00
3.837923517286954134e+00
3.772376664437793625e+00
3.761074233569447589e+00
3.761073417914347239e+00
3.761073417914347239e+00
3.761073417914347239e+00
3.181842502073512158e+00
3.181842502073498391e+00
3.181842502073477075e+00
3.181842502073477075e+00
3.181842501926987588e+00
3.181842501926987588e+00
3.181842168759386080e+00
3.181842168759386080e+00
3.181842168759386080e+00
3.181842168759386080e+00
2.755462242609355794e+00
2.755462242609355794e+00
2.755462242609355794e+00
2.755345479485131310e+00
2.755345479485131310e+00
2.755345479485131310e+00
2.755341048346695132e+00
2.730404088813653374e+00
2.730404088813653374e+00
2.730404088813278118e+00
2.718912823073096785e+00
2.718912823073096785e+00
2.229437436847882203e+00
2.229437436847882203e+00
2.229437436847882203e+00
2.229437436847882203e+00
2.229437436845585374e+00
2.229437436845585374e+00
2.229437436845585374e+00
2.082468143831197160e+00
2.082468134677074811e+00
2.082468134677074811e+00
2.082468134677074811e+00
2.082468134677074811e+00
2.082449033974166142e+00
2.082440582343839441e+00
2.082440582339893709e+00
2.039129427766843694e+00
2.039129427766843694e+00
2.039129427766843694e+00
1.697345241041673169e+00
1.696246677991344320e+00
1.696246677991344320e+00
1.696246677991344320e+00
1.696246677991344320e+00
1.696246677991344320e+00
1.696246677991344320e+00
1.696246677991344320e+00
1.696246677991344320e+00
1.654270048451754960e+00
1.654202418289949961e+00
1.654202418256229157e+00
1.654202418256200735e+00
1.654202417994219410e+00
1.593207852317453765e+00
1.593207852317453765e+00
1.593207852317453765e+00
1.593207852317453765e+00
1.593207405412625288e+00
1.593207405412625288e+00
1.593207405412625288e+00
1.593207405412625288e+00
1.593207405412625288e+00
1.396821274510425592e+00
1.396821274510425592e+00
1.396689460549018102e+00
1.396689460549018102e+00
1.396689460305685415e+00
1.396488884282744980e+00
1.396488884282744980e+00
1.396488884282744980e+00
1.396488884282744980e+00
1.386585096192824551e+00
1.316123532448940869e+00
1.316123532448940869e+00
1.316123532448940869e+00
1.316123532448940869e+00
1.316123532443645106e+00
1.316123532443644883e+00
1.223617652000610567e+00
1.223617635091674316e+00
1.223617635091674316e+00
1.223617635091674316e+00
1.223617635091674316e+00
1.223604815743849494e+00
1.223604814334509960e+00
1.223604814334509960e+00
1.223131230306956363e+00
1.223131230306956363e+00
1.223131230306956363e+00
1.223131230306956363e+00
1.223131230306956363e+00
1.156348002541273123e+00
1.154664623661797229e+00
1.154664623661797229e+00
1.154664623661797229e+00
1.154664623661797229e+00
1.154664623661797229e+00
1.119573707826360787e+00
1.119573701205911931e+00
1.119573701205911931e+00
1.119573701205826222e+00
1.119573700563784246e+00
1.119573700563784246e+00
1.118674437159712376e+00
1.118674437159712376e+00
1.118674437159712376e+00
1.118674437159712376e+00
1.118673469187526859e+00
1.118673469187526859e+00
1.118673469187526859e+00
1.068248893073936889e+00
1.068248893073936889e+00
1.067994190270227461e+00
1.067994190270227461e+00
1.067994190270227461e+00
1.067994190270227461e+00
1.067994165202431844e+00
1.057512131050368565e+00
1.057512131050368565e+00
1.057512131050368565e+00
1.056174210034665828e+00
1.056174210034665828e+00
1.056174210034665828e+00
1.056174210016419313e+00
1.056174210016418202e+00
1.056174210016418202e+00
1.056174154671027710e+00
1.056174154671027710e+00
1.026399433566488772e+00
1.026369629817877493e+00
1.026369629817877493e+00
1.026369629817877493e+00
1.026369629817877493e+00
1.026369558577359564e+00
1.026369558577359564e+00
1.026369558577359564e+00
1.026369558577359564e+00
1.023965193449607236e+00
1.023965193449607236e+00
1.022431545441969458e+00
1.022431545441969458e+00
1.022431545441969458e+00
1.009041007683274982e+00
1.009041007682902169e+00
1.009041007682902169e+00
1.009041007682902169e+00
1.009041005391711820e+00
1.009041005391711820e+00
1.009041005391711820e+00
1.009040849154392516e+00
1.009040849154392516e+00
1.009040849154392516e+00
1.009038246935228589e+00
1.009038246935228589e+00
1.009038246935228589e+00
1.007707152402555817e+00
1.007295947942939085e+00
1.007295947942939085e+00
1.007295947942939085e+00
1.007295947942939085e+00
1.007295947942939085e+00
1.007295947942939085e+00
1.002813272435272296e+00
1.002813272435272296e+00
1.002813014989187179e+00
1.002813014989187179e+00
1.002813014989187179e+00
1.002813014989181406e+00
1.002813014916915213e+00
1.002813014916915213e+00
1.002813014916915213e+00
1.002812850054415339e+00
1.001956670095309754e+00
1.001956670095309754e+00
1.001956670095309754e+00
1.001905135337127328e+00
1.001905135337127328e+00
1.001905135337127328e+00
1.001905135337127328e+00
1.001905135337127328e+00
1.001905135337127328e+00
1.000808258776039184e+00
1.000808258776039184e+00
1.000807945198763704e+00
1.000807945198763704e+00
1.000404781028589873e+00
1.000404781026980050e+00
1.000404781026980050e+00
1.000404781026979828e+00
1.000404773585373164e+00
1.000404773585373164e+00
1.000404773585373164e+00
1.000404773585373164e+00
1.000404773585373164e+00
1.000404773585372942e+00
1.000404773585372942e+00
1.000400132164035671e+00
1.000399852168577297e+00
1.000399852168577297e+00
1.000399852168577297e+00
1.000206032303857517e+00
1.000206032303857517e+00
1.000206032303857517e+00
1.000206032303857517e+00
1.000068317780081317e+00
1.000068317780081317e+00
1.000068317780080873e+00
1.000068317780080873e+00
1.000068317780080873e+00
1.000068317780055782e+00
1.000068317542576191e+00
1.000068317542576191e+00
1.000068020023209048e+00
1.000067837888831912e+00
1.000067837888831912e+00
1.000067837888831912e+00
1.000043288438704048e+00
1.000043288438704048e+00
1.000043288438704048e+00
1.000043288438704048e+00
1.000043288438704048e+00
1.000043288438704048e+00
1.000043288438704048e+00
1.000043288438704048e+00
1.000009349082733534e+00
1.000009349082733090e+00
1.000009349082733090e+00
1.000009263022958006e+00
1.000009263017642924e+00
1.000009263017642702e+00
1.000009263017642702e+00
1.000009263017642702e+00
1.000009249524993260e+00
1.000009249524993260e+00
1.000009249524993260e+00
1.000009249524993260e+00
1.000009249524993260e+00
1.000007031954781134e+00
1.000007031954781134e+00
1.000007031954781134e+00
1.000007031954780690e+00
1.000001022443429699e+00
1.000001022443429699e+00
1.000001022443429699e+00
1.000000993019668938e+00
1.000000993019668938e+00
1.000000993019668938e+00
1.000000993019668938e+00
1.000000993019668938e+00
1.000000993019668938e+00
1.000000993019585893e+00
1.000000992588720550e+00
1.000000992588720550e+00
1.000000992588720550e+00
1.000000850347443349e+00
1.000000850347442904e+00
1.000000850347442904e+00
1.000000850347442904e+00
1.000000088804530174e+00
1.000000088804530174e+00
1.000000088804530174e+00
1.000000088804530174e+00
1.000000088804530174e+00
1.000000088804530174e+00
1.000000081551532860e+00
1.000000081551532860e+00
1.000000081551532860e+00
1.000000081551532860e+00
1.000000081541888131e+00
1.000000081541887242e+00
1.000000081541887242e+00
1.000000081541887242e+00
1.000000075090426099e+00
1.000000075090426099e+00
1.000000006293219057e+00
1.000000006293219057e+00
1.000000006293219057e+00
1.000000006293219057e+00
1.000000006293219057e+00
1.000000006293219057e+00
1.000000005008901738e+00
1.000000005008901738e+00
1.000000005008901738e+00
1.000000005008901738e+00
1.000000005008901738e+00
1.000000005008901738e+00
1.000000005008750970e+00
1.000000005008750970e+00
1.000000005008750970e+00
1.000000005008750970e+00
1.000000004802730880e+00
1.000000004802730880e+00
1.000000000389818400e+00
1.000000000389818400e+00
1.000000000389818400e+00
1.000000000389818400e+00
1.000000000389818400e+00
1.000000000389818400e+00
1.000000000227064811e+00
1.000000000227064811e+00
1.000000000227064811e+00
1.000000000227064811e+00
1.000000000227064811e+00
1.000000000227064811e+00
1.000000000227064811e+00
1.000000000227064811e+00
1.000000000222453167e+00
1.000000000222451613e+00
1.000000000222451613e+00
1.000000000022300162e+00
1.000000000022300162e+00
1.000000000022300162e+00
1.000000000007597256e+00
1.000000000007597256e+00
1.000000000007597256e+00
1.000000000007597256e+00
1.000000000007597256e+00
1.000000000007597256e+00
1.000000000007597256e+00
1.000000000007597256e+00
1.000000000007597256e+00
1.000000000007597256e+00
1.000000000007597256e+00
1.000000000007525092e+00
1.000000000001133538e+00
1.000000000001133538e+00
1.000000000000190514e+00
1.000000000000190514e+00
1.000000000000190514e+00
1.000000000000190514e+00
1.000000000000190514e+00
1.000000000000190514e+00
1.000000000000190514e+00
1.000000000000190514e+00
1.000000000000190514e+00
1.000000000000190514e+00
1.000000000000190514e+00
1.000000000000190514e+00
1.000000000000190514e+00
1.000000000000047296e+00
1.000000000000046629e+00
1.000000000000003775e+00
1.000000000000003775e+00
1.000000000000003775e+00
1.000000000000003775e+00
1.000000000000003775e+00
1.000000000000003775e+00
1.000000000000003775e+00
1.000000000000003775e+00
1.000000000000003775e+00
1.000000000000003775e+00
1.000000000000003775e+00
1.000000000000003775e+00
1.000000000000003775e+00
1.000000000000003775e+00
1.000000000000003775e+00
1.000000000000003775e+00
1.000000000000001554e+00
1.000000000000000222e+00
1.000000000000000222e+00
1.000000000000000222e+00
1.000000000000000222e+00
1.000000000000000222e+00
1.000000000000000222e+00
1.000000000000000222e+00
1.000000000000000222e+00
1.000000000000000222e+00
1.000000000000000222e+00
1.000000000000000222e+00
1.000000000000000222e+00
1.000000000000000222e+00
1.000000000000000222e+00
1.000000000000000222e+00
1.000000000000000222e+00
1.000000000000000222e+00
1.000000000000000222e+00
1.000000000000000222e+00
1.000000000000000222e+00
1.000000000000000222e+00
1.000000000000000222e+00
1.000000000000000222e+00
1.000000000000000222e+00
1.000000000000000222e+00
1.000000000000000222e+00
1.000000000000000222e+00
1.000000000000000222e+00
1.000000000000000222e+00
1.000000000000000222e+00
1.000000000000000222e+00
1.000000000000000222e+00
1.000000000000000222e+00
1.000000000000000222e+00
1.000000000000000222e+00
1.000000000000000222e+00
1.000000000000000222e+00
1.000000000000000222e+00
1.000000000000000222e+00
1.000000000000000222e+00
1.000000000000000222e+00
1.000000000000000222e+00
1.000000000000000222e+00
1.000000000000000222e+00
1.000000000000000222e+00
1.000000000000000222e+00
1.000000000000000222e+00
1.000000000000000222e+00
1.000000000000000222e+00
1.000000000000000222e+00
1.000000000000000222e+00
1.000000000000000222e+00
1.000000000000000222e+00
1.000000000000000222e+00
1.000000000000000222e+00
1.000000000000000222e+00
1.000000000000000222e+00
1.000000000000000222e+00
1.000000000000000222e+00
1.000000000000000222e+00
1.000000000000000222e+00
1.000000000000000222e+00
1.000000000000000222e+00
1.000000000000000222e+00
1.000000000000000222e+00
1.000000000000000222e+00
1.000000000000000222e+00
1.000000000000000222e+00
1.000000000000000222e+00
1.000000000000000222e+00
1.000000000000000222e+00
1.000000000000000222e+00
1.000000000000000222e+00
1.000000000000000222e+00
1.000000000000000222e+00
1.000000000000000222e+00
1.000000000000000222e+00
1.000000000000000222e+00
1.000000000000000222e+00
1.000000000000000222e+00
1.000000000000000222e+00
1.000000000000000222e+00
1.000000000000000222e+00
1.000000000000000222e+00
1.000000000000000222e+00
1.000000000000000222e+00
1.000000000000000222e+00
1.000000000000000222e+00
1.000000000000000222e+00
1.000000000000000222e+00
1.000000000000000222e+00
1.000000000000000222e+00
1.000000000000000222e+00
1.000000000000000222e+00
1.000000000000000222e+00
1.000000000000000222e+00
1.000000000000000222e+00
1.000000000000000222e+00
1.000000000000000222e+00
1.000000000000000222e+00
1.000000000000000222e+00
1.000000000000000222e+00
1.000000000000000222e+00
1.000000000000000222e+00
1.000000000000000222e+00
1.000000000000000222e+00
1.000000000000000222e+00
1.000000000000000222e+00
1.000000000000000222e+00
1.000000000000000222e+00
1.000000000000000222e+00
1.000000000000000222e+00
1.000000000000000222e+00
1.000000000000000222e+00
1.000000000000000222e+00
1.000000000000000222e+00
1.000000000000000222e+00
1.000000000000000222e+00
1.000000000000000222e+00
1.000000000000000222e+00
1.000000000000000222e+00
1.000000000000000222e+00
1.000000000000000222e+00
1.000000000000000222e+00
1.000000000000000222e+00
1.000000000000000222e+00
1.000000000000000222e+00
1.000000000000000222e+00
1.000000000000000222e+00
1.000000000000000222e+00
1.000000000000000222e+00
1.000000000000000222e+00
1.000000000000000222e+00
1.000000000000000222e+00
1.000000000000000222e+00
1.000000000000000222e+00
1.000000000000000222e+00
1.000000000000000222e+00
1.000000000000000222e+00
1.000000000000000222e+00
1.000000000000000222e+00
1.000000000000000222e+00
1.000000000000000222e+00
1.000000000000000222e+00
1.000000000000000222e+00
1.000000000000000222e+00
1.000000000000000222e+00
1.000000000000000222e+00
1.000000000000000222e+00
1.000000000000000222e+00
1.000000000000000222e+00
1.000000000000000222e+00
1.000000000000000222e+00
1.000000000000000222e+00
1.000000000000000222e+00
1.000000000000000222e+00
1.000000000000000222e+00
1.000000000000000222e+00
1.000000000000000222e+00
1.000000000000000222e+00
1.000000000000000222e+00
1.000000000000000222e+00
1.000000000000000222e+00
1.000000000000000222e+00
1.000000000000000222e+00
1.000000000000000222e+00
1.000000000000000222e+00
1.000000000000000222e+00
1.000000000000000222e+00
1.000000000000000222e+00
1.000000000000000222e+00
1.000000000000000222e+00
1.000000000000000222e+00
1.000000000000000222e+00
1.000000000000000222e+00
1.000000000000000222e+00
1.000000000000000222e+00
1.000000000000000222e+00
1.000000000000000222e+00
1.000000000000000222e+00
1.000000000000000222e+00
1.000000000000000222e+00
1.000000000000000222e+00
1.000000000000000222e+00
1.000000000000000222e+00
1.000000000000000222e+00
1.000000000000000222e+00
1.000000000000000222e+00
1.000000000000000222e+00
1.000000000000000222e+00
1.000000000000000222e+00
1.000000000000000222e+00
1.000000000000000222e+00
1.000000000000000222e+00
1.000000000000000222e+00
1.000000000000000222e+00
1.000000000000000222e+00
1.000000000000000222e+00
1.000000000000000222e+00
1.000000000000000222e+00
1.000000000000000222e+00
1.000000000000000222e+00
1.000000000000000222e+00
1.000000000000000222e+00
1.000000000000000222e+00
1.000000000000000222e+00
1.000000000000000222e+00
1.000000000000000222e+00
1.000000000000000222e+00
1.000000000000000222e+00
1.000000000000000222e+00
1.000000000000000222e+00
1.000000000000000222e+00
1.000000000000000222e+00
1.000000000000000222e+00
1.000000000000000222e+00
1.000000000000000222e+00
1.000000000000000222e+00
1.000000000000000222e+00
1.000000000000000222e+00
1.000000000000000222e+00
1.000000000000000222e+00
