8.088460674087661472e+89
1.756844692536150536e+89
1.181587018765878227e+89
1.065698192893318648e+89
2.555037393483160953e+88
2.495748743134188445e+88
4.369563844813461214e+87
2.305531038041723432e+87
1.813304814872031454e+87
1.769496402549766621e+87
9.066396207148287165e+86
1.400871988183645227e+86
1.399027485902386533e+86
5.368427198606719148e+85
3.323369491674660342e+85
3.088260160099731508e+85
3.079833094949569558e+85
2.515504434609550245e+85
5.405145794956861696e+84
1.489425882990383372e+84
1.489268347262938807e+84
6.583537927850982139e+83
6.583530050195154737e+83
5.518753425731217143e+83
5.460121438523065038e+83
2.243629779335844655e+83
2.207117615864760752e+83
4.979970724903026520e+82
4.979802085196322278e+82
1.480062571797965169e+82
1.480053842213680099e+82
1.040625840596537326e+82
1.040625828960968252e+82
1.040625776026675806e+82
1.006434770220981170e+82
1.004462392784650786e+82
7.401094890099320267e+81
1.963287051406398761e+81
3.966319922216877943e+80
3.965444790846896329e+80
2.159272527063165609e+80
2.159271753942926087e+80
2.159270643962192475e+80
1.980651445021159028e+80
1.980651444064709110e+80
1.963983857814002413e+80
1.963983855424632382e+80
8.434356861933251230e+79
8.185842859893643131e+79
1.306593995293930976e+79
1.306578789137798575e+79
5.135437687116591705e+78
5.135355351008970857e+78
4.248291768081095607e+78
4.248291675993299525e+78
4.248291605241377169e+78
4.122390221087837282e+78
4.122390221018714572e+78
4.118051778655375938e+78
2.989999809624905509e+78
5.312335253897097343e+77
5.312335253871889241e+77
5.304680822585797888e+77
1.450785188204057363e+77
1.010203749175566522e+77
1.010202423442594252e+77
1.010202228601998003e+77
9.243243805411288765e+76
9.243243795519610655e+76
9.195540254458838084e+76
9.195540248258269666e+76
9.195540248254063345e+76
2.573641751071477202e+76
2.513648844895196638e+76
5.003103564029627378e+75
2.715093621911750393e+75
2.714981273067676400e+75
2.714976007591124129e+75
2.714976007591080340e+75
2.184050091458823905e+75
2.184049900778901951e+75
2.184049878642652263e+75
2.140037658916230364e+75
2.140037658827771237e+75
2.139099433865510381e+75
1.181422671404123272e+75
2.127925098897899730e+74
2.124761027043494770e+74
2.124761027040641702e+74
8.443791978919594505e+73
8.443791978919591994e+73
5.416269752001019820e+73
5.416251147743226601e+73
5.416250484718696365e+73
5.084495649258145015e+73
5.084495625809201649e+73
5.084495625809201022e+73
5.072886123115428135e+73
5.072886121780237752e+73
5.072886121774159006e+73
1.119092469635622865e+73
1.073030574499908064e+73
3.111896780217337966e+72
3.111516568081832518e+72
1.444466546145285221e+72
1.444464781779471025e+72
1.444464781779465336e+72
1.235210033862735215e+72
1.235209736123599491e+72
1.235209736123599491e+72
1.235209731113847538e+72
1.223794097338678713e+72
1.223794097112045524e+72
1.223794097112045524e+72
1.223430842017582585e+72
5.679864775300099926e+71
1.379006898076796175e+71
1.373524138838221426e+71
4.348580585133828305e+70
4.348580585133280897e+70
4.348580585133277219e+70
4.348549688088587159e+70
3.157839167452649706e+70
3.157839007986708906e+70
3.064349977702747918e+70
3.064349936123288549e+70
3.064349936123288549e+70
3.064349936123288549e+70
3.059354790330729744e+70
3.059354790108211391e+70
3.059354790090890514e+70
7.579176927257553199e+69
7.067729021827574015e+69
1.553029040855876268e+69
1.552637393838380068e+69
8.850316301118465819e+68
8.850311614631340969e+68
8.850311614631325644e+68
8.170199601304202302e+68
8.170196245232165565e+68
8.170196245232165565e+68
8.170196235188935924e+68
8.110954907390568828e+68
8.110954902530694066e+68
8.110954902530694066e+68
8.109825722138848300e+68
3.880030324266406113e+68
6.817114180785799642e+67
6.783794149057379508e+67
2.830780249152151663e+67
2.830780249152002604e+67
2.830780249151989434e+67
2.830726093284305366e+67
2.365150647025585207e+67
2.365150606035472614e+67
2.302859242192399646e+67
2.302859181693343448e+67
2.302859181693343448e+67
2.302859181693343448e+67
2.300861649728875750e+67
2.300861649647961183e+67
2.300861649600135948e+67
3.816386081576865709e+66
3.627989878774677899e+66
1.070980586066150489e+66
1.070517079233310060e+66
7.554248072956031441e+65
7.554246508418359378e+65
7.554246508418359378e+65
7.554234640780813421e+65
6.968142309002150293e+65
6.968142309002145616e+65
6.968142309002145616e+65
6.968142304305563103e+65
6.937564924629078823e+65
6.937564915468835534e+65
6.937564915468835534e+65
2.271932133089734356e+65
2.271891532127808023e+65
4.940733734313546809e+64
4.940733734313546809e+64
4.915795154946547171e+64
2.713614013645391897e+64
2.713614013645338698e+64
2.713614013645279069e+64
2.713490147229048885e+64
2.218039614744365032e+64
2.218039591568297364e+64
2.178931165746606022e+64
2.178930941710852921e+64
2.178930941710852921e+64
2.178930941710852921e+64
2.178930941710852921e+64
2.178111094544757920e+64
2.178111094516430511e+64
2.178111094406009970e+64
3.010230538252188688e+63
2.761182005429592619e+63
1.123676699278500808e+63
1.122949695069830880e+63
7.397834972946184941e+62
7.397834008334539148e+62
7.397834008334539148e+62
7.397805679683828004e+62
6.990406816772538112e+62
6.990406816772538112e+62
6.990406816772535371e+62
6.990406816772534458e+62
6.990406814926002955e+62
6.976272471618055017e+62
6.976272433304163889e+62
6.976272433304163889e+62
1.882977198189960752e+62
5.551645981521222743e+61
5.551630395497445486e+61
5.551630395497445486e+61
5.482805542536752801e+61
2.646808125107940700e+61
2.646808125107795121e+61
2.646808125107781419e+61
2.646640187130442246e+61
2.293143906063837742e+61
2.293143896386238326e+61
2.293143278755943828e+61
2.273809517218649469e+61
2.273809517218649469e+61
2.273809517218649469e+61
2.273809517218649469e+61
2.273809517218649469e+61
2.273235470076046207e+61
2.273235469578544199e+61
2.273235469570357221e+61
3.655140029875244423e+60
3.196575554339441345e+60
1.066554866058697844e+60
1.065113581304136380e+60
7.903808211141014044e+59
7.903807780991025233e+59
7.903807780991025233e+59
7.903761697762091300e+59
7.903761697762091300e+59
7.903761697762082380e+59
7.684512429028286355e+59
7.684512429028286355e+59
7.684512428436205138e+59
7.673524884548956890e+59
7.673524769167787842e+59
7.673524769167787842e+59
2.266190061328353659e+59
2.266190061328353659e+59
2.266190061328353659e+59
5.141669888073489120e+58
5.141664665256136312e+58
5.064540947258242575e+58
2.978637637466335087e+58
2.978637637465571287e+58
2.978637637465565712e+58
2.978637637465565712e+58
2.978169326813262103e+58
2.758881451864573403e+58
2.758881448147785696e+58
2.758880174098365429e+58
2.740854580784561909e+58
2.740854580784561909e+58
2.740854580784561909e+58
2.740854580784561909e+58
2.740854580784561909e+58
2.740528689101898587e+58
2.740528687302155415e+58
2.740528687297957857e+58
3.243795860890502839e+57
2.943285791939762810e+57
1.279088918955224633e+57
1.276375779120378859e+57
1.071804041287080858e+57
1.071804020298909784e+57
1.071804020298909784e+57
1.071804020298909784e+57
1.071804020298909784e+57
1.071785359453422896e+57
1.071785359453416449e+57
1.045773400542469825e+57
1.045773400542469825e+57
1.045773400542469825e+57
1.045773370002077870e+57
1.045773369963398970e+57
1.044977874060742957e+57
1.044977874060742957e+57
1.044977874060742957e+57
2.156138816582959775e+56
6.545880960598118143e+55
6.545880960598118143e+55
6.545878714495324239e+55
6.445661748064712267e+55
6.445661748055814836e+55
4.576609815335418567e+55
4.576609815335418567e+55
4.576609815335415300e+55
4.575161912058505422e+55
4.242146756150061458e+55
4.242146753050347165e+55
4.242140119798050558e+55
4.225447200314138636e+55
4.225447200314137547e+55
4.225447200314137547e+55
4.225447200314137547e+55
4.225447200314137547e+55
4.225447194216782239e+55
4.225241664874085835e+55
4.225241664871893328e+55
4.630212601915401140e+54
3.948936035757485034e+54
2.193998837070141395e+54
2.187602088594776598e+54
1.807472723276189765e+54
1.807472702222130949e+54
1.807472702222130949e+54
1.807403190647838107e+54
1.807403190647792849e+54
1.807403190647792849e+54
1.807403190647792849e+54
1.778263648943120497e+54
1.778263648943120497e+54
1.778263648943120497e+54
1.778263454484539016e+54
1.778263454459964504e+54
1.777652887905545983e+54
1.777652887905545983e+54
3.157565496298690706e+53
3.157565496298690706e+53
1.243482462152968158e+53
1.243482462152968158e+53
1.243482176248257076e+53
1.201474444718233714e+53
1.201474444713828334e+53
8.066834096250716215e+52
8.066834096250716215e+52
8.066834096250714088e+52
8.063226957320684229e+52
7.649767584923463627e+52
7.649767582708640138e+52
7.649739329165829177e+52
7.635306734774840817e+52
7.635306734774836563e+52
7.635306734774836563e+52
7.635306734774836563e+52
7.635306734774836563e+52
7.635306734774836563e+52
7.635306690933424256e+52
7.635069969478886557e+52
7.635069969477774259e+52
9.879900572946534359e+51
7.838292613899069006e+51
3.878962153428595065e+51
3.878962153428595065e+51
3.855367952838006543e+51
3.367729203200825600e+51
3.367729187140320674e+51
3.367729187140320674e+51
3.367729187140095370e+51
3.367535660230257854e+51
3.367535660230257854e+51
3.367535660230257854e+51
3.340474367453118076e+51
3.340474367453118076e+51
3.340474367453118076e+51
3.340473468632041056e+51
3.339713394972687519e+51
3.339713394959213135e+51
3.339713394959213135e+51
6.698641512058776443e+50
2.161270632092986308e+50
2.161270632092986308e+50
2.072172997475670757e+50
2.072172997446814048e+50
2.072172822990536560e+50
2.072172822990536560e+50
2.072172822990536560e+50
1.558322345175865502e+50
1.556729803748527837e+50
1.556729803748527837e+50
1.514788904012518239e+50
1.514780019340824822e+50
1.514780019205824896e+50
1.512782707199486534e+50
1.512782707199484250e+50
1.512782707199484250e+50
1.512782707199484250e+50
1.512782707199484250e+50
1.512782707199484250e+50
1.512782707199484250e+50
1.512782684656735316e+50
1.512762265496580188e+50
1.512762265496495034e+50
1.580750721171236770e+49
1.327294701919340896e+49
1.327294701919340896e+49
7.923028339120487948e+48
7.853567826355035094e+48
7.283533504332025792e+48
7.283533504332025792e+48
7.283533492654219148e+48
7.283533492651899489e+48
7.282462018526619683e+48
7.282462018526619683e+48
7.282462018526619683e+48
7.237736262849192205e+48
7.237736262849192205e+48
7.237736262849192205e+48
7.237732878898339531e+48
7.236948747148201814e+48
7.236948747135833762e+48
7.236948747135833762e+48
1.104461762747067304e+48
4.695304708686105505e+47
4.695304708492042598e+47
4.502583238141662236e+47
4.502583238141662236e+47
4.502583238141662236e+47
4.502583110100298325e+47
4.502583110100298325e+47
3.783323907750143040e+47
3.783323907750143040e+47
3.783323907750143040e+47
3.776687078988906479e+47
3.776687078988906479e+47
3.689274708710970251e+47
3.689212323207167839e+47
3.689212323050646050e+47
3.689212323050618466e+47
3.689212323050618466e+47
3.686607532038392261e+47
3.686607532038392261e+47
3.686607532038392261e+47
3.686607532038392261e+47
3.686607424671782508e+47
3.686607424671782508e+47
3.686588573671493891e+47
4.025127778461346925e+46
4.025127778461339319e+46
3.066526669474290914e+46
3.066526669474290914e+46
2.168789173928383977e+46
2.144993573634566030e+46
1.994602277447930506e+46
1.994602277447930506e+46
1.994602277445650763e+46
1.994033809408418570e+46
1.994033807697553713e+46
1.994033807697553713e+46
1.994033807697553713e+46
1.986647581730664966e+46
1.986647581730664966e+46
1.986647581730664966e+46
1.986644563662191497e+46
1.986552721215185834e+46
1.986552721214015792e+46
1.986552721214015285e+46
2.856560962225234504e+45
2.856560961649180478e+45
1.481611438005197356e+45
1.481611438005197356e+45
1.363239012708206727e+45
1.363239012708206727e+45
1.363238989765513972e+45
1.363238989765513972e+45
1.363238989765513972e+45
1.133166627796815996e+45
1.133166627796815996e+45
1.130440218727227953e+45
1.130440218727227953e+45
1.113094469646130114e+45
1.113054289334679967e+45
1.113054289334679967e+45
1.113054289316793101e+45
1.113054289316759508e+45
1.113054289316759508e+45
1.112685572183412490e+45
1.112685572183412490e+45
1.112685456404450514e+45
1.112685456404450514e+45
1.112685456404450514e+45
1.112682099801855430e+45
1.112682099801855430e+45
1.476888400509889015e+44
1.019888752811012491e+44
1.019888752811012095e+44
6.865123011137874356e+43
6.713559673900451032e+43
6.713559673900451032e+43
6.382593963076946623e+43
6.382593963058226989e+43
6.379927081603875461e+43
6.379927079405116678e+43
6.379927079405116678e+43
6.368151276923880811e+43
6.368151276923880811e+43
6.368151276923880811e+43
6.368151276923880811e+43
6.368151276923880811e+43
6.368129335277359655e+43
6.368129335277359655e+43
6.367944872846614521e+43
6.367944872845508297e+43
6.367944872845504336e+43
6.367944872845504336e+43
1.050048939527396526e+43
1.050048938605961855e+43
4.765842541375992498e+42
4.296974572143036640e+42
4.296974572143036640e+42
4.296974543526202530e+42
4.296974543526202530e+42
3.767219695515401508e+42
3.767219695515401508e+42
3.747900090468726072e+42
3.747900090468726072e+42
3.747900090468726072e+42
3.718038870164006108e+42
3.717833450346594356e+42
3.717833450346594356e+42
3.717833450346294155e+42
3.717833450346294155e+42
3.717833450327935505e+42
3.717029250450403956e+42
3.717028336268713588e+42
3.717028336268713588e+42
3.717028336268713588e+42
3.717028336268713588e+42
3.717028336268713588e+42
3.717023633612322227e+42
4.272801364677518767e+41
3.179230793503574557e+41
3.179230793503574170e+41
2.385699409198085753e+41
2.314755089744638907e+41
2.314755089744638907e+41
2.314755089715492383e+41
2.252161522956881138e+41
2.250027899064536758e+41
2.250027899064536758e+41
2.250027898812950590e+41
2.250027898812950590e+41
2.247163341277359439e+41
2.247163341277359439e+41
2.247163341277359439e+41
2.247150821852233700e+41
2.247150821852233700e+41
2.247150821852233700e+41
2.247150821852233700e+41
2.247121984773217187e+41
2.247121984773213318e+41
2.247121984773062831e+41
2.247121984773062831e+41
2.247121954915481034e+41
3.076624918507912121e+40
3.076624918507912121e+40
1.733618533914015109e+40
1.568435661985509245e+40
1.568435658478040676e+40
1.452537271970134970e+40
1.441345763552349923e+40
1.441345763552349923e+40
1.441345763552349923e+40
1.441345763552349923e+40
1.441345763552349923e+40
1.432696055667330887e+40
1.432499978591691735e+40
1.432499978591691735e+40
1.432499978591164160e+40
1.432499978591164160e+40
1.432499978588183916e+40
1.432350073100373839e+40
1.432349451068863681e+40
1.432349451068863681e+40
1.432349451068863681e+40
1.432349451068863681e+40
1.432349451068863681e+40
1.432348808656100935e+40
2.826634434396646534e+39
1.236217361007762851e+39
1.236217361007762851e+39
1.029276833733803170e+39
9.943883765424461897e+38
9.943883765424461897e+38
9.943883765043884494e+38
9.717110487742876982e+38
9.701603944869262455e+38
9.701603944869262455e+38
9.701603944869262455e+38
9.701603944357788608e+38
9.694914067093141945e+38
9.694914067093141945e+38
9.694764257925865547e+38
9.694764257925865547e+38
9.694764257925865547e+38
9.694764257925865547e+38
9.694764257925865547e+38
9.694764257925783945e+38
9.694714880434474716e+38
9.694714880434270709e+38
9.694714880434270709e+38
9.694714625783517230e+38
9.694714625783517230e+38
1.389733632595489802e+38
1.070837974153566260e+38
7.545647397721620040e+37
7.465745057667459186e+37
6.949801125901348932e+37
6.949801118370735606e+37
6.949801118370735606e+37
6.949801118370735606e+37
6.949801118370735606e+37
6.949801118370735606e+37
6.949801118370735606e+37
6.924494431782084054e+37
6.922705285216464784e+37
6.922705285207748240e+37
6.922705285207748240e+37
6.922705285202688696e+37
6.922383200911749664e+37
6.922373860531401950e+37
6.922373860531401950e+37
6.922373860531401950e+37
6.922373860531401950e+37
6.922373860531401950e+37
6.922373860531401950e+37
6.922372219746769304e+37
1.301381963557856416e+37
6.775371055637919411e+36
6.264988956291303724e+36
6.264988956291303724e+36
5.224460715919464545e+36
5.224460715919464545e+36
5.224460715919464545e+36
5.224460715438085986e+36
5.224460715438085986e+36
5.212575015568308119e+36
5.133729028186584775e+36
5.133729028186584775e+36
5.133729028082481386e+36
5.132005116460105487e+36
5.132005116460105487e+36
5.131841124963130935e+36
5.131841124963130935e+36
5.131841124963130935e+36
5.131841124963130935e+36
5.131841124963130935e+36
5.131841124962966832e+36
5.131825995376760604e+36
5.131825995376760604e+36
5.131825995376728728e+36
5.131825995376728728e+36
5.131825536645454154e+36
8.672423460993532077e+35
6.157886740724769073e+35
4.185800291702689744e+35
4.099939613981708513e+35
3.900308147631748427e+35
3.900308145907712036e+35
3.900308145907712036e+35
3.900308145907712036e+35
3.900308145907712036e+35
3.900308145907712036e+35
3.898802201986940719e+35
3.891462419105349791e+35
3.891462419105349791e+35
3.891462419092729267e+35
3.891462419092729267e+35
3.891462419091851202e+35
3.891351123869336590e+35
3.891339593126128300e+35
3.891339593126128300e+35
3.891339593126128300e+35
3.891339593126128300e+35
3.891339593126128300e+35
8.150478399665499469e+34
8.150478399665499469e+34
3.831578495092911649e+34
3.831578458553631425e+34
3.831578458553631425e+34
3.479360330289606847e+34
3.055117030089834699e+34
3.055117030089834699e+34
3.055117029031556982e+34
3.055117029031556982e+34
3.055117029031556982e+34
3.040815010481784323e+34
3.040815010481784323e+34
3.015956577315995922e+34
3.015956577296267129e+34
3.015956577296267129e+34
3.015806302465665664e+34
3.015155673554405637e+34
3.015155673554405637e+34
3.015155673554405637e+34
3.015155673554146921e+34
3.015155673554146921e+34
3.015155673554146921e+34
3.015155673554146921e+34
3.015155673554146921e+34
3.015151877225451541e+34
3.015151258587277756e+34
3.015151258587270839e+34
4.535849959105230060e+33
3.405295513170124814e+33
2.565988430351221135e+33
2.495590656257644085e+33
2.426057586546523064e+33
2.426057586180254025e+33
2.426057586180254025e+33
2.426057586180254025e+33
2.426057586180254025e+33
2.424003297369896307e+33
2.424003297369896307e+33
2.424003297338413768e+33
2.420898921953155824e+33
2.420898921953155824e+33
2.420898921953155824e+33
2.420898921953155824e+33
2.420898921952946280e+33
2.420887080483223890e+33
2.420855771449816466e+33
2.420855771449816466e+33
2.420855771449816466e+33
2.420855771449816466e+33
4.330894016502667377e+32
4.330894016502666657e+32
2.472050464812274586e+32
2.472050464812274586e+32
2.472050456460694594e+32
2.472050456460694594e+32
2.472050456460694594e+32
2.244202025892058266e+32
2.073362174361348928e+32
2.073362172457212955e+32
2.073362172457212955e+32
2.073362172457212955e+32
2.073362172457212955e+32
2.058921514453861433e+32
2.046432702575188543e+32
2.046432702575188543e+32
2.046432702569581741e+32
2.046188669112134150e+32
2.045970934105966342e+32
2.045970934105199650e+32
2.045970934105199650e+32
2.045970934105199650e+32
2.045970934105199650e+32
2.045970934105199650e+32
2.045970934105199650e+32
2.045970934105199650e+32
2.045969974278009649e+32
2.045969218466604744e+32
2.045969218466603303e+32
3.520874516757721976e+31
2.341419552152209963e+31
1.940032036441596336e+31
1.877776792686717697e+31
1.877776792686717697e+31
1.834514720955986158e+31
1.834514720826708530e+31
1.834514720826708530e+31
1.831935128862567412e+31
1.831935128862567412e+31
1.831935128792320715e+31
1.831935128792320715e+31
1.831935128792320715e+31
1.830645568426329492e+31
1.830645568426329492e+31
1.830645568426329492e+31
1.830645568426329492e+31
1.830645568426329492e+31
1.830645568426329492e+31
1.830621684495637321e+31
1.830621684495637321e+31
1.830621684495586430e+31
1.830611854110244093e+31
1.830611854110229231e+31
1.830611854110229231e+31
3.417084676209767598e+30
2.210570566515949673e+30
2.210570566515949673e+30
1.877403316890923091e+30
1.877403313917530649e+30
1.877403313917530649e+30
1.877403309775059195e+30
1.877403309775059195e+30
1.745810561300272063e+30
1.745810561300272063e+30
1.745810561300272063e+30
1.729929130200602708e+30
1.729929130200602708e+30
1.723505392890045988e+30
1.723505392890045988e+30
1.723125091232750551e+30
1.723125091231058886e+30
1.723040301194400850e+30
1.723040301192276277e+30
1.723040301192276277e+30
1.723040301192276277e+30
1.723040301192276277e+30
1.723040301192276277e+30
1.723040301192276277e+30
1.723038410355694065e+30
1.723038410355694065e+30
1.723037990144877216e+30
1.723037990144876935e+30
3.644878379749483704e+29
2.202766971471412153e+29
1.816193836065394754e+29
1.712311519956901249e+29
1.712311519956901249e+29
1.712311519956901249e+29
1.685958239381887535e+29
1.685958239335420239e+29
1.685958239335420239e+29
1.685958239177551128e+29
1.682573441203088389e+29
1.682573441203088389e+29
1.682573441203088389e+29
1.682573441203088389e+29
1.681975896263402874e+29
1.681975896263402874e+29
1.681975896263402874e+29
1.681975896263402874e+29
1.681975896263402874e+29
1.681931594239992451e+29
1.681931594239992451e+29
1.681926471832941373e+29
1.681926471832927299e+29
1.681926471832927299e+29
1.681926471832877337e+29
3.591660960013906253e+28
2.207094627555557620e+28
1.805479929709926457e+28
1.805479916196103478e+28
1.805479916196103478e+28
1.805479915025811009e+28
1.805479915025811009e+28
1.805479915025811009e+28
1.715109806584069366e+28
1.715109806584069366e+28
1.685397789525870867e+28
1.685397789525870867e+28
1.685397789525870867e+28
1.682043998146191834e+28
1.682043998146191834e+28
1.681480982760937127e+28
1.681480982760401005e+28
1.681431141764652668e+28
1.681431141759283972e+28
1.681431141759283972e+28
1.681431141759283972e+28
1.681431141759283972e+28
1.681431141759283972e+28
1.681427185239991463e+28
1.681427185239991463e+28
1.681427014943586329e+28
1.681427014943586329e+28
1.681427014943586329e+28
3.378112391452892634e+27
3.378112391452892634e+27
2.167965648428814905e+27
2.167965648428814905e+27
1.881472558789974721e+27
1.881472558789974721e+27
1.743876527227933062e+27
1.728765072857564300e+27
1.728765072857564300e+27
1.728765072857564300e+27
1.728765072272068036e+27
1.721822668166173724e+27
1.721822668150049386e+27
1.721436355214984074e+27
1.721436355214984074e+27
1.721436355214984074e+27
1.721436355214984074e+27
1.721436355214984074e+27
1.721436355214984074e+27
1.721436355214984074e+27
1.721364219325033195e+27
1.721361935958147492e+27
1.721361935958142270e+27
1.721361935958142270e+27
1.721361935958142270e+27
1.721361935958003456e+27
3.360920023137566096e+26
2.355736569978983235e+26
2.355736519426921637e+26
1.933439823076576481e+26
1.933439823076576481e+26
1.933439822630076835e+26
1.933439822630076835e+26
1.875336685877433999e+26
1.875336685877433999e+26
1.875336685877433999e+26
1.831026128131592477e+26
1.831026128131592477e+26
1.831026128131592477e+26
1.828581076031868066e+26
1.828581076031868066e+26
1.827280954117169537e+26
1.827280954116948947e+26
1.827280954094584194e+26
1.827280954094584194e+26
1.827255904981979797e+26
1.827255904981979797e+26
1.827248641491958294e+26
1.827248641491958294e+26
1.827248641491958294e+26
1.827248641491958294e+26
1.827248641491958294e+26
1.827248574581286419e+26
1.827248574581286419e+26
4.411687037759484407e+25
4.411687037759484407e+25
2.454820565214205022e+25
2.454820565214205022e+25
2.454820565214205022e+25
2.242511849340328065e+25
2.063949295549454975e+25
2.063949295549454975e+25
2.063949295549454545e+25
2.050852319085745321e+25
2.050852317275183389e+25
2.038610391266060198e+25
2.038610391258179792e+25
2.038610391258179792e+25
2.038379901729291664e+25
2.038379901729291664e+25
2.038379901729291664e+25
2.038379901729291664e+25
2.038182209605862124e+25
2.038182209605862124e+25
2.038182209605862124e+25
2.038182209605862124e+25
2.038181144562635818e+25
2.038181144562633671e+25
2.038181144561947765e+25
2.038181144561947765e+25
4.482083388917666747e+24
4.482083104447022825e+24
4.482083104447022825e+24
3.415033217589254874e+24
2.536714659691864858e+24
2.536714659691864858e+24
2.536714659423899701e+24
2.474620189637203982e+24
2.403998121487638079e+24
2.403998121487638079e+24
2.403998121487638079e+24
2.403998121487638079e+24
2.403998121487638079e+24
2.402203407541818494e+24
2.399387811168145379e+24
2.399387811168145379e+24
2.399387811168145379e+24
2.399387811083412922e+24
2.399387811083412922e+24
2.399387811083317091e+24
2.399373441748771780e+24
2.399373441748771780e+24
2.399373441748771780e+24
2.399348961650018764e+24
2.399348961650018764e+24
2.399348961650018764e+24
2.399348961650018764e+24
2.399348961650018764e+24
2.399348961650018764e+24
2.399348921428083024e+24
7.347983805122345917e+23
3.739260411846670407e+23
3.739260411846670407e+23
3.739260411846670407e+23
3.433604766455602589e+23
2.999162459857818894e+23
2.999162459857818894e+23
2.999162459857816209e+23
2.999162453838643352e+23
2.987364740049159041e+23
2.963517332082424042e+23
2.963517332082424042e+23
2.963517332082424042e+23
2.963517332078236449e+23
2.963517332078236449e+23
2.963355272856796576e+23
2.963355272856796576e+23
2.962830770505948112e+23
2.962830770505948112e+23
2.962830770505948112e+23
2.962830770505948112e+23
2.962830770505948112e+23
2.962830770502763461e+23
2.962829985861657113e+23
2.962829985861656442e+23
2.962829985861656442e+23
2.962829985861656442e+23
2.962827556096473448e+23
7.732731402203163315e+22
7.732731402203163315e+22
4.925691480886241080e+22
4.064225760955233573e+22
3.995860902577716383e+22
3.798808938938039167e+22
3.798808938786917555e+22
3.798808938786917555e+22
3.798808938786917555e+22
3.798808938786917555e+22
3.797317427976294367e+22
3.797317427976294367e+22
3.790848417985510926e+22
3.790848417985510926e+22
3.790848417656723630e+22
3.790848417656723630e+22
3.790848417656723630e+22
3.790848417656723630e+22
3.790848417656674137e+22
3.790835912596214356e+22
3.790835912596214356e+22
3.790759197872510678e+22
3.790759197872510678e+22
3.790759197872510678e+22
3.790759197872510678e+22
3.790759197872510678e+22
3.790759197872510678e+22
3.790759172624787020e+22
1.015240283745490357e+22
6.378417253322013540e+21
6.378417253322013540e+21
5.334931469563355726e+21
5.061363790848247988e+21
5.061363790848232260e+21
5.061363790848232260e+21
5.061363790848232260e+21
5.061363757340463989e+21
4.987014128168819753e+21
4.987014128168819753e+21
4.976142521266023170e+21
4.976142521266023170e+21
4.976142521266023170e+21
4.976142521263609348e+21
4.975983215935093735e+21
4.974622835844666360e+21
4.974622835844666360e+21
4.974622835844666360e+21
4.974622835844666360e+21
4.974622835844666360e+21
4.974622835830708765e+21
4.974622835830708765e+21
4.974622279578887913e+21
4.974622279578887913e+21
4.974622279578887913e+21
4.974613680215364207e+21
4.974613680215364207e+21
4.974613680215364207e+21
1.264303484037916787e+21
8.363886244793812255e+20
7.252953073686775071e+20
6.788367102823533117e+20
6.724435352880160440e+20
6.724435352783337554e+20
6.724435352783337554e+20
6.724435352783337554e+20
6.724435352783337554e+20
6.702287655208469135e+20
6.700668757922891694e+20
6.700668757922891694e+20
6.700668757922891694e+20
6.700668757922891694e+20
6.700668755914945987e+20
6.700668755914945987e+20
6.700668755914945987e+20
6.700668755914945987e+20
6.700668755914945987e+20
6.700668755914915840e+20
6.700658930661752832e+20
6.700658930661752832e+20
6.700438433702173737e+20
6.700438433702173737e+20
6.700438433702173737e+20
6.700438433702173737e+20
1.682310845083434680e+20
1.187024482505213215e+20
1.187024482505213215e+20
1.187024481999004631e+20
1.187024481999004631e+20
1.187024481998990705e+20
9.892918559850294477e+19
9.573674948277990195e+19
9.573674797768672870e+19
9.573674797768672870e+19
9.573674797768672870e+19
9.573674797768672870e+19
9.381375023102430413e+19
9.381375023102430413e+19
9.367952087081625190e+19
9.367952087079942554e+19
9.367952087079942554e+19
9.367952087079942554e+19
9.362681108008013005e+19
9.362539285171609600e+19
9.362539285171609600e+19
9.362539285171609600e+19
9.362539285074976768e+19
9.362539285074976768e+19
9.362539285074976768e+19
9.362539285074976768e+19
9.362539285074976768e+19
9.362538882192134963e+19
9.362510860320646758e+19
9.362510860320646758e+19
2.794346114648097997e+19
1.645660096543888794e+19
1.495692283578124902e+19
1.495692283578124902e+19
1.388119025719469056e+19
1.378773769801937715e+19
1.378773769793927373e+19
1.378773769793927373e+19
1.378773769793927373e+19
1.378773769793927373e+19
1.378773769793927373e+19
1.378773769793927373e+19
1.378773769793927373e+19
1.372016596985190605e+19
1.372016595928300134e+19
1.372016595928299930e+19
1.371845973351512883e+19
1.371845973351512883e+19
1.371845973351512883e+19
1.371845973351512883e+19
1.371845973351512883e+19
1.371845973351512883e+19
1.371744911842031206e+19
1.371744911842029363e+19
1.371744069875463782e+19
1.371744069875463782e+19
1.371744069875463782e+19
3.811642568490842624e+18
3.811642568490559488e+18
2.899637835101725696e+18
2.899637835101725696e+18
2.899637834507317248e+18
2.228117516799135488e+18
2.228117516799135488e+18
2.228117516799135488e+18
2.228117516799135488e+18
2.228117441801678336e+18
2.171265392714807040e+18
2.171265392714807040e+18
2.171265392714807040e+18
2.117219601231658240e+18
2.117219601231658240e+18
2.115499282780334336e+18
2.115499282780334336e+18
2.115499282780205824e+18
2.113546140125578240e+18
2.113546140125578240e+18
2.113531362215449600e+18
2.113531362153626880e+18
2.113531362153626880e+18
2.113531362153626880e+18
2.113531362153626880e+18
2.113531362153626880e+18
2.113531362153626880e+18
2.113515746845768704e+18
2.113515706444967424e+18
2.113515706444967424e+18
2.113515706444967424e+18
7.642885712498453760e+17
4.216821227403273600e+17
3.870159607587833600e+17
3.443879324691147520e+17
3.443879324691147520e+17
3.443879324691147520e+17
3.443879324691147520e+17
3.443879324691147520e+17
3.443879324691147520e+17
3.429377308970970880e+17
3.429377308963552000e+17
3.429377308963552000e+17
3.429377308963548800e+17
3.406464347530017920e+17
3.406464341536480000e+17
3.406464341536480000e+17
3.406464341536480000e+17
3.406249265333278720e+17
3.406249265333278720e+17
3.406249265333278720e+17
3.406249265333278720e+17
3.406249265333278720e+17
3.405796404117620480e+17
3.405796404117620480e+17
3.405795382771000960e+17
3.405795382771000960e+17
3.405795382770999680e+17
3.405795382768156800e+17
3.405795382768156800e+17
1.082335146922934560e+17
8.253458980414004800e+16
6.046146013066903200e+16
6.046145409183931200e+16
6.046145408797010400e+16
6.046145408797010400e+16
6.046145408797010400e+16
5.940011369143424800e+16
5.940011369143424800e+16
5.940011369143424800e+16
5.694533916561115200e+16
5.694533916561115200e+16
5.694533916561115200e+16
5.691988302560820000e+16
5.691988302560820000e+16
5.684227720879034400e+16
5.684227720878919200e+16
5.684206686899485600e+16
5.684206686488112800e+16
5.684206686488112800e+16
5.684206686488112800e+16
5.684206686488112800e+16
5.684206686488112800e+16
5.684206686488112800e+16
5.684124588452524000e+16
5.684124588452524000e+16
5.684124544703036800e+16
5.684124544703036800e+16
2.140717031439309600e+16
1.218312220040953800e+16
1.218312220040953800e+16
1.218312220040953800e+16
1.218312220040953800e+16
1.143869783126142200e+16
1.143869783126142200e+16
1.143869783126142200e+16
1.143869783126142200e+16
9.897702240211154000e+15
9.897702240211154000e+15
9.897702240211154000e+15
9.873166659691566000e+15
9.873166659691536000e+15
9.873166604634392000e+15
9.873166604626728000e+15
9.756540039337456000e+15
9.756540039337456000e+15
9.756192842452938000e+15
9.756192842452938000e+15
9.756192842452938000e+15
9.756192842452938000e+15
9.756192842452938000e+15
9.756192842452938000e+15
9.756192842452938000e+15
9.754153033852102000e+15
9.754151779608846000e+15
9.754151779608846000e+15
9.754151779608846000e+15
9.754151779608846000e+15
9.754151779587396000e+15
3.102973756114527000e+15
2.534103374272156000e+15
2.534102603178665000e+15
1.845766027953264000e+15
1.845766027953264000e+15
1.845766027908328500e+15
1.825406607687579000e+15
1.825406607687579000e+15
1.825406607687579000e+15
1.727988732675312500e+15
1.727988732675312500e+15
1.727988732675312500e+15
1.727988732675312500e+15
1.727527389882508750e+15
1.727527389882508750e+15
1.723119991046740500e+15
1.723119991046728500e+15
1.723119990633346250e+15
1.723119990633346250e+15
1.723117096775409250e+15
1.723117096775409250e+15
1.723117096775409250e+15
1.723075671260425250e+15
1.723075671260425250e+15
1.723075671260425250e+15
1.723075671260425250e+15
1.723075671260425250e+15
1.723075671260425250e+15
1.723075671260425250e+15
1.723075671260425250e+15
1.723075666250558000e+15
7.618104532557702500e+14
3.928177594571388125e+14
3.928177594571388125e+14
3.928177594571388125e+14
3.928177594571388125e+14
3.928177594571388125e+14
3.766569609761653750e+14
3.217739401473819375e+14
3.217739401473790000e+14
3.212631942915856875e+14
3.212631942915856875e+14
3.212631900543206250e+14
3.212631900543206250e+14
3.160318969465496875e+14
3.160318969464606875e+14
3.160264428761488125e+14
3.160264428761488125e+14
3.160264428761488125e+14
3.160264428761488125e+14
3.160264428761488125e+14
3.158943535130225625e+14
3.158943535130225625e+14
3.158943535130225625e+14
3.158943371200347500e+14
3.158943371200347500e+14
3.158943371200347500e+14
3.158943371175745625e+14
3.158943371175745625e+14
1.150510897507181406e+14
1.150510024758670000e+14
1.150510024758670000e+14
9.831797466125725000e+13
6.535190314107921875e+13
6.535190314107921875e+13
6.484797187885035938e+13
6.484797187822175781e+13
6.079692860691551562e+13
6.079692860691551562e+13
6.079692860691551562e+13
6.079692860691551562e+13
6.079692860691551562e+13
6.078837741088549219e+13
6.055642725687135938e+13
6.055642725687135938e+13
6.055642725687135938e+13
6.055642721976021875e+13
6.055642721976021094e+13
6.055642721976007031e+13
6.055638268093296094e+13
6.055638268093296094e+13
6.055638268093296094e+13
6.055322455781716406e+13
6.055322455781716406e+13
6.055322455781716406e+13
6.055322455781716406e+13
6.055322455781716406e+13
6.055322455781716406e+13
6.055322455781716406e+13
6.055322455781716406e+13
6.055322455781716406e+13
6.055322448769770312e+13
2.104272005946983594e+13
1.600097763840609766e+13
1.546896612212391406e+13
1.243267707461855078e+13
1.243267707461855078e+13
1.243267707461855078e+13
1.243267707461855078e+13
1.243267707461806836e+13
1.243267672616647852e+13
1.242125347161497852e+13
1.216228407037963477e+13
1.216228407037963477e+13
1.216228407037963477e+13
1.216228407037845312e+13
1.216228407037845312e+13
1.216218340855455273e+13
1.215386001713528320e+13
1.215386001713528320e+13
1.215386001713528320e+13
1.215386001713528320e+13
1.215386001713528320e+13
1.215386001713528320e+13
1.215386001687057617e+13
1.215385974186000977e+13
1.215385974186000977e+13
1.215385974186000977e+13
1.215379962208485938e+13
1.215379962208485938e+13
5.120975637155761719e+12
5.120975637155761719e+12
3.083573535104850098e+12
2.829584105160073730e+12
2.569161386745524902e+12
2.557464120397100098e+12
2.557464120388334961e+12
2.557464120388334961e+12
2.557464120388334961e+12
2.557275545673770508e+12
2.557275545673770508e+12
2.543639211881058105e+12
2.543639211881058105e+12
2.543639211881058105e+12
2.543639208285682617e+12
2.543639208285680664e+12
2.543639208285680664e+12
2.543639208285680664e+12
2.543639208285680664e+12
2.543639208285680664e+12
2.543639208285678711e+12
2.543638317699406738e+12
2.543638317699406738e+12
2.543638317699406738e+12
2.543401194489126465e+12
2.543401194489126465e+12
2.543401194489126465e+12
2.543401194489126465e+12
2.543401194489126465e+12
9.735107392898352051e+11
9.735107392898352051e+11
7.565045682381289062e+11
7.565045681400096436e+11
7.565045681400096436e+11
7.565045681400096436e+11
5.817715735353137207e+11
5.710802941754102783e+11
5.710802941753363037e+11
5.710802941753363037e+11
5.710802487926132812e+11
5.710802487926132812e+11
5.522323517202312012e+11
5.519513854575173340e+11
5.519513854575173340e+11
5.519513854575173340e+11
5.519513854574989014e+11
5.519513854574989014e+11
5.519490359089102783e+11
5.513789052672110596e+11
5.513789052672110596e+11
5.513789052672110596e+11
5.513789052672110596e+11
5.513789052672110596e+11
5.513789052372961426e+11
5.513789052372961426e+11
5.513789001628510742e+11
5.513789001628510742e+11
5.513789001628510742e+11
5.513736344257416992e+11
5.513736344257416992e+11
2.476945325570391235e+11
1.498027487628380432e+11
1.406219909553876953e+11
1.406219909553876953e+11
1.248108194799784088e+11
1.244661849660331879e+11
1.244661849658763580e+11
1.244661849658763580e+11
1.244661849658763580e+11
1.244661849658763580e+11
1.233441393482869568e+11
1.233391681345312195e+11
1.233391676127140198e+11
1.233391676127140198e+11
1.233391676127136993e+11
1.233391676127136993e+11
1.233391676127136993e+11
1.233391676127136993e+11
1.233391676127136993e+11
1.233391676127136993e+11
1.233391676127136993e+11
1.233391676127136993e+11
1.233391676127136688e+11
1.233391488396814728e+11
1.233206010939602509e+11
1.233206010939602509e+11
1.233206010939602509e+11
1.233206010939602509e+11
1.233206010939602509e+11
4.857743654076554871e+10
4.000449361767601013e+10
4.000449361767601013e+10
4.000449361765605927e+10
4.000449361558338928e+10
4.000449361558338928e+10
3.019758434211896133e+10
3.019758434211896133e+10
2.983628376906536484e+10
2.983627849728149033e+10
2.983627849728149033e+10
2.983627849728149033e+10
2.855578784671974564e+10
2.855578784671974564e+10
2.855578784671974564e+10
2.854727182464877319e+10
2.854727182464844513e+10
2.854727182464844513e+10
2.849414406367702866e+10
2.849414406367702866e+10
2.849408792497885895e+10
2.849408792004734039e+10
2.849408792004734039e+10
2.849408792004734039e+10
2.849408792004734039e+10
2.849408792004734039e+10
2.849408792004734039e+10
2.849408781767567825e+10
2.849361995743689728e+10
2.849361995743689728e+10
2.849361995743689728e+10
1.462287698785448265e+10
8.312444299835868835e+09
7.953391492514318466e+09
6.937077739923007965e+09
6.937077739923007965e+09
6.924999657385643005e+09
6.924999657385643005e+09
6.924999657382431984e+09
6.924999657382431984e+09
6.924999657382431984e+09
6.924999657382431984e+09
6.837967232229566574e+09
6.837967163973324776e+09
6.837967163973271370e+09
6.837967163973271370e+09
6.837967163973271370e+09
6.837967163973271370e+09
6.837967163973271370e+09
6.837830184477428436e+09
6.837830184477428436e+09
6.837830184477428436e+09
6.837830184477428436e+09
6.837830184477428436e+09
6.835842987245693207e+09
6.835842987245693207e+09
6.835842551634975433e+09
6.835842551634975433e+09
6.835842551634975433e+09
6.835842551634975433e+09
6.835842551599007607e+09
3.002246173961052895e+09
2.576933953124287605e+09
1.825459536589386940e+09
1.825459536589386940e+09
1.825459536560830593e+09
1.825458880017796278e+09
1.825458880017796278e+09
1.825458880017796278e+09
1.810439420994840860e+09
1.810439420994840860e+09
1.810439420994840860e+09
1.715021179801197052e+09
1.715021179801197052e+09
1.714745747683471441e+09
1.714745747683471441e+09
1.714745747683471441e+09
1.709929896874176025e+09
1.709929896874169588e+09
1.709928369694453716e+09
1.709928368938667297e+09
1.709928368938667297e+09
1.709928368938667059e+09
1.709928368938667059e+09
1.709928368938667059e+09
1.709928368938667059e+09
1.709928368938667059e+09
1.709869629377375126e+09
1.709869626938212633e+09
1.709869626938212633e+09
1.000310292515414476e+09
5.627632177457373142e+08
5.627632177457373142e+08
5.439229602602264881e+08
4.543435560846015215e+08
4.543435560846015215e+08
4.543435560846015215e+08
4.543435560846015215e+08
4.543435560846015215e+08
4.543435560846015215e+08
4.538787270856246948e+08
4.538787270856246948e+08
4.538787270856246948e+08
4.538787270856103897e+08
4.538787270855365396e+08
4.462665516636315584e+08
4.462665419913767576e+08
4.462665419913767576e+08
4.462621346512284875e+08
4.462621346512284875e+08
4.462621346512284875e+08
4.462621346512284875e+08
4.462621346512284875e+08
4.462621346512284875e+08
4.462621346512284875e+08
4.460493221173078418e+08
4.460493221173078418e+08
4.460493098450445533e+08
4.460493098450445533e+08
4.460493098450445533e+08
4.460493098385273218e+08
4.460493098385273218e+08
2.188340444830866754e+08
1.925781567596577704e+08
1.318497567336613387e+08
1.318496373202142119e+08
1.318496373202142119e+08
1.318496373194171637e+08
1.311451119702976644e+08
1.311451119702976644e+08
1.311451119702976644e+08
1.215085032487115264e+08
1.215085032487115264e+08
1.215085032487115264e+08
1.215085032487115264e+08
1.214980583717148602e+08
1.214980583717148602e+08
1.210043102332862020e+08
1.210043102332860678e+08
1.210043101073657721e+08
1.210042595039420128e+08
1.210042595039420128e+08
1.210042595039419383e+08
1.209968624591821581e+08
1.209968624591821581e+08
1.209968624591821581e+08
1.209968624591821581e+08
1.209968623938348442e+08
1.209968623938348442e+08
1.209968623938348442e+08
7.712366600882636011e+07
4.414621018172127008e+07
4.414621018172127008e+07
4.414621018172127008e+07
4.414621018172127008e+07
4.414621018172127008e+07
4.414621018172127008e+07
4.309636527432243526e+07
3.492750616616799682e+07
3.492750616616799682e+07
3.492750616616799682e+07
3.490674613884221017e+07
3.490674613883860409e+07
3.490674407567435503e+07
3.402830468573037535e+07
3.402830468573037535e+07
3.402830468572854996e+07
3.402830468572854996e+07
3.402813512895461917e+07
3.402813512895461917e+07
3.402813512895461917e+07
3.402813512895461917e+07
3.402813512895461917e+07
3.400284110389990360e+07
3.400284110389990360e+07
3.400284110389990360e+07
3.400284072234753519e+07
3.400284072234753519e+07
3.400284072234753519e+07
3.400284072108750045e+07
3.400284072108750045e+07
1.792435772219096124e+07
1.792430222455029562e+07
1.629306480742478184e+07
1.629306480742478184e+07
1.096731883824384585e+07
1.093042235692502931e+07
1.093042235692502931e+07
1.093042235690096393e+07
9.946131675487505272e+06
9.946131675487505272e+06
9.946131675487505272e+06
9.946131675487505272e+06
9.945668591260358691e+06
9.945668591260358691e+06
9.880723616490934044e+06
9.880723587219264358e+06
9.880723587219264358e+06
9.880723587219264358e+06
9.880723587219245732e+06
9.880723587219242007e+06
9.880721782038608566e+06
9.879713326391255483e+06
9.879713326391255483e+06
9.879713326391255483e+06
9.879713326391255483e+06
9.879713326391255483e+06
9.879713326391255483e+06
9.879713326391255483e+06
9.879713326391255483e+06
9.879713324477203190e+06
9.879713324477203190e+06
9.879713324477203190e+06
4.739623193625823595e+06
3.950415314683688805e+06
3.950415314683688805e+06
3.886417485135086812e+06
3.077546921489160974e+06
3.077546921489160974e+06
3.077546921489160974e+06
3.077546921488228254e+06
3.077546921488228254e+06
3.077546921488228254e+06
3.077546518197627738e+06
3.076479789085522760e+06
2.975137652342712041e+06
2.975137652342665941e+06
2.975137652342665941e+06
2.975137652342665941e+06
2.975130717850827612e+06
2.971327871815189254e+06
2.971327871815189254e+06
2.971327871815189254e+06
2.971327871815189254e+06
2.971327871815189254e+06
2.971327871815189254e+06
2.971327871479738038e+06
2.971327858679723926e+06
2.971327858679723926e+06
2.971327858679723926e+06
2.971296675129281823e+06
1.745000825390088139e+06
1.097890455703084823e+06
1.049282695033386583e+06
1.049282695033386583e+06
9.382124706061123870e+05
9.364232437661230797e+05
9.364232437655393733e+05
9.364232437655393733e+05
9.364232437655393733e+05
9.364012818191387923e+05
9.278050458918601507e+05
9.278050458918601507e+05
9.278050458918601507e+05
9.278050458918601507e+05
9.278050394013747573e+05
9.278050394013692858e+05
9.278050394013692858e+05
9.278050394013692858e+05
9.278050394013692858e+05
9.278049694748035399e+05
9.278049694748035399e+05
9.276300078528027516e+05
9.276300078528027516e+05
9.276300078528027516e+05
9.276300078528027516e+05
9.276300078528027516e+05
9.276300078528027516e+05
9.276300078528027516e+05
4.849330774214196717e+05
4.200709408850569162e+05
4.200709408736233599e+05
4.200709408736233599e+05
4.200709408736233599e+05
4.200709408736233599e+05
3.177651314245409449e+05
3.150042977924014558e+05
3.150042977920608246e+05
3.150042977920608246e+05
3.150042113983876770e+05
3.150042113983876770e+05
3.018835291771655320e+05
3.018286054359239060e+05
3.018286054359239060e+05
3.018286054359239060e+05
3.018286054359230911e+05
3.018282918854925083e+05
3.012426995686498121e+05
3.012426995686498121e+05
3.012426995686498121e+05
3.012426995686498121e+05
3.012426994819425745e+05
3.012426994819425745e+05
3.012426990472181933e+05
3.012426990472181933e+05
3.012426990472181351e+05
3.012363917911933386e+05
3.012363917911933386e+05
3.012363917911933386e+05
1.958370557548151701e+05
1.229327141558006115e+05
1.188534862591357232e+05
1.031739742351706227e+05
1.030581207139313628e+05
1.030581207139185281e+05
1.030581207139185281e+05
1.017649914846758620e+05
1.017649914846758620e+05
1.017649914846758620e+05
1.017638519852409372e+05
1.017638503886594408e+05
1.017638503886571561e+05
1.017638503886571561e+05
1.017638503886571561e+05
1.017638503886571561e+05
1.017638503886571561e+05
1.017638503886571561e+05
1.017638503886571561e+05
1.017638503886571561e+05
1.017323416756833321e+05
1.017323388977711147e+05
1.017323388977711147e+05
1.017323388977711147e+05
1.017323388977711147e+05
1.017323388977711147e+05
1.017323388977711147e+05
5.792442138537224673e+04
5.162432269112523500e+04
5.162432269112523500e+04
5.162432269089519832e+04
3.810683459591032442e+04
3.810683459573958680e+04
3.810683459573958680e+04
3.810683459573958680e+04
3.789374962680338649e+04
3.789372502474160137e+04
3.789372502474160137e+04
3.789372502474160137e+04
3.577398878691691061e+04
3.577398878691691061e+04
3.577398878691691061e+04
3.577060003776416124e+04
3.577060003776416124e+04
3.577060003776415397e+04
3.566820049203667440e+04
3.566818602362193633e+04
3.566818599876632652e+04
3.566818599876632652e+04
3.566818599876631197e+04
3.566818599876631197e+04
3.566818599876631197e+04
3.566818599876631197e+04
3.566686217797140853e+04
3.566686216691319714e+04
2.508847918732115795e+04
2.508847918732115795e+04
1.594017718093547774e+04
1.556947050859822957e+04
1.321147512771255788e+04
1.320312543574885240e+04
1.320312543574885240e+04
1.320312543574875235e+04
1.320312543574875235e+04
1.296394710607770867e+04
1.296394710607770867e+04
1.296394710607770867e+04
1.296394659619999038e+04
1.296394659619905906e+04
1.296388549267413691e+04
1.296388549267413691e+04
1.296388549267413691e+04
1.296388549267413691e+04
1.296388549267413691e+04
1.296388549267413691e+04
1.296388549267413691e+04
1.296388549267413691e+04
1.295751450603359990e+04
1.295751450603359990e+04
1.295751442425910682e+04
1.295751442425910682e+04
1.295751442425910682e+04
1.295751442425910682e+04
1.295751442396277344e+04
7.913568500031255098e+03
7.265482074233319508e+03
5.275833972786869708e+03
5.275833972786869708e+03
5.275826833003152387e+03
5.275826833001588057e+03
5.257843669444524494e+03
5.257843669444524494e+03
5.257843669444524494e+03
5.257843669444524494e+03
4.896896925799029304e+03
4.896896925799029304e+03
4.896687108730110594e+03
4.896687108730110594e+03
4.874974508882792179e+03
4.874974508882792179e+03
4.874974018452388009e+03
4.874974009315580588e+03
4.874974009315575131e+03
4.874974009315575131e+03
4.874665852242431356e+03
4.874665852242431356e+03
4.874665852242431356e+03
4.874665852143663869e+03
3.725921396929815273e+03
2.382357917830565839e+03
2.382357917830565839e+03
2.345686647601441109e+03
1.949656797537073999e+03
1.949656797537073999e+03
1.949656797537073999e+03
1.949656797537073999e+03
1.949656797537073999e+03
1.949055767058900301e+03
1.949055767058900301e+03
1.949055767058900301e+03
1.949055767058470337e+03
1.949055594511705522e+03
1.902599074445036422e+03
1.902599074445036422e+03
1.902599074445036422e+03
1.902599074445036422e+03
1.902596686293581115e+03
1.902596686293581115e+03
1.902596686293581115e+03
1.902596686293581115e+03
1.901042028606243775e+03
1.901042028606243775e+03
1.901042028606243775e+03
1.901042027764603063e+03
1.901042027764603063e+03
1.901042027639083699e+03
1.901042027639083699e+03
1.901042027639083699e+03
1.267105583457044531e+03
1.192292545561184170e+03
1.192288001552862625e+03
8.458985546374599380e+02
8.458985546374599380e+02
8.443685600360672652e+02
8.443685600360660146e+02
7.750633749884424333e+02
7.750633749884424333e+02
7.750633749884424333e+02
7.750538369166105213e+02
7.750538369166105213e+02
7.701860452905115153e+02
7.701860418761624487e+02
7.701860418761624487e+02
7.701860360229696880e+02
7.701860360229696880e+02
7.701860360229665048e+02
7.700988707225012604e+02
7.700988707225012604e+02
7.700988707225012604e+02
7.700988707224247491e+02
7.700988707224247491e+02
7.700988707224247491e+02
6.343578200964313965e+02
4.190753234840580035e+02
4.190753234840580035e+02
4.190753234840580035e+02
4.190753234840580035e+02
4.153015462994356426e+02
3.354719402854548207e+02
3.354719402854548207e+02
3.354719402854548207e+02
3.354719402854548207e+02
3.354719402852041412e+02
3.354396435476497231e+02
3.354395798594850362e+02
3.251187769032338224e+02
3.251187769032338224e+02
3.251187769032338224e+02
3.251187769032338224e+02
3.251187435590018140e+02
3.251187435590018140e+02
3.251187435590018140e+02
3.247119220519771829e+02
3.247119220519771829e+02
3.247119220519771829e+02
3.247119220519771829e+02
3.247119220512153674e+02
3.247119220512153674e+02
3.247119219963889236e+02
3.247119219963889236e+02
3.247081024393866073e+02
2.360788721864660147e+02
2.360788721864660147e+02
1.646528560235748273e+02
1.603332301268624178e+02
1.603332301268624178e+02
1.602333704685339058e+02
1.440587684379374593e+02
1.440587684379374593e+02
1.440587684379374593e+02
1.440586108803823322e+02
1.427914612946254067e+02
1.427914612946254067e+02
1.427914598321357005e+02
1.427914598321357005e+02
1.427914598321336541e+02
1.427914598321336541e+02
1.427914598258918772e+02
1.427646007163083937e+02
1.427646007163083937e+02
1.427646007163083937e+02
1.427646007163083937e+02
1.427646007163083937e+02
1.427646007163083937e+02
1.427646007163083937e+02
1.427646007163083937e+02
9.467701601670407285e+01
8.710534946914302168e+01
8.710534946914302168e+01
8.710534946914302168e+01
6.874786658568999087e+01
6.856241099574521058e+01
6.856241099558842222e+01
6.856241099558842222e+01
6.856241099558842222e+01
6.856241099558842222e+01
6.856238084133838129e+01
6.573999013579151551e+01
6.573939705722828819e+01
6.573939705722828819e+01
6.573939705722828819e+01
6.573939705722828819e+01
6.573939705722828819e+01
6.573939701493333132e+01
6.561383255118339264e+01
6.561383255118339264e+01
6.561383255118339264e+01
6.561383252328650428e+01
6.561383252328649007e+01
6.561383252328647586e+01
6.561383252328647586e+01
6.561243431931849557e+01
5.246225914299928661e+01
3.685418369891225154e+01
3.685418369891225154e+01
3.645527409334546576e+01
3.207205716187946365e+01
3.207014550421254739e+01
3.207014550421254739e+01
3.165634350438326905e+01
3.165634326834507917e+01
3.165634326834507917e+01
3.165634245372266875e+01
3.165634245372115174e+01
3.165634245372115174e+01
3.165634245372115174e+01
3.165634245372115174e+01
3.165634245372115174e+01
3.165634245372108779e+01
3.165634245372108779e+01
3.164637152842817258e+01
3.164637152842817258e+01
3.164637152842817258e+01
3.164637152842817258e+01
3.164637152842817258e+01
3.164637152842817258e+01
2.306557297673617057e+01
2.221202394293881710e+01
2.221202394293881710e+01
2.221202394293881710e+01
1.709740806643226207e+01
1.709740806631075927e+01
1.709191032483264649e+01
1.709189352423688746e+01
1.709189352423688746e+01
1.616620534101653206e+01
1.616620534101653206e+01
1.616620534101653206e+01
1.616620422832831139e+01
1.616620422832831139e+01
1.616620422832831139e+01
1.611602130030092184e+01
1.611602130030037827e+01
1.611602130030037827e+01
1.611602130030037827e+01
1.611602128122701316e+01
1.611602128122699895e+01
1.611602128122699895e+01
1.611538409052687015e+01
1.611538409052687015e+01
1.611538409052687015e+01
1.449596184411590727e+01
1.045383513229535488e+01
1.043834327951213048e+01
8.907054807688734144e+00
8.907050233112540738e+00
8.907050233112540738e+00
8.907050233112540738e+00
8.737339672522329792e+00
8.737339116156281449e+00
8.737339116154842600e+00
8.737339116150998564e+00
8.737339116150998564e+00
8.737339116150998564e+00
8.737339116150998564e+00
8.737339116150998564e+00
8.737339116150998564e+00
8.732314488956671283e+00
8.732314488956671283e+00
8.732314488956671283e+00
8.732314488956671283e+00
8.732314488956671283e+00
8.732314488956671283e+00
8.732314488956671283e+00
7.361152610550271369e+00
7.361152610295026655e+00
7.361152610295026655e+00
7.318238777836195474e+00
5.520422919935212391e+00
5.520409680498152838e+00
5.520409680498152838e+00
5.520391893399508199e+00
5.520391893399508199e+00
5.105566061299430025e+00
5.105566061299430025e+00
5.105566061275711220e+00
5.105566061275711220e+00
5.105566061275711220e+00
5.078844381725797774e+00
5.078844381725797774e+00
5.078844381725797774e+00
5.078844364743016371e+00
5.078844364743001272e+00
5.078844364743001272e+00
5.078425658516458441e+00
5.078425658516458441e+00
4.994353996407302709e+00
4.022075313344768865e+00
4.022004062616592712e+00
3.299754733013540164e+00
3.299754733013540164e+00
3.299754732879361718e+00
3.299754732879361718e+00
3.299754732879361718e+00
3.299754732879361718e+00
3.198636870621422101e+00
3.198636870619235850e+00
3.198636307352670460e+00
3.198636307352670460e+00
3.198636307352670460e+00
3.198636307352670460e+00
3.198636307352670460e+00
3.198636307352670460e+00
3.198636307352670460e+00
3.195035493458441511e+00
3.195035493458441511e+00
3.195035493458441511e+00
3.195035493458441511e+00
3.195035493458441511e+00
3.195035493027334805e+00
3.094201575547668170e+00
3.094201575547668170e+00
3.093964978476149152e+00
2.475496015140707495e+00
2.475478399773015870e+00
2.475478399773015870e+00
2.475478399773015870e+00
2.475478399008618879e+00
2.475478399008618879e+00
2.209483364468680655e+00
2.209483364468680655e+00
2.209483364468680655e+00
2.187600746527095463e+00
2.187600722725992153e+00
2.187600722725992153e+00
2.187600722725959290e+00
2.187600722725959290e+00
2.187185162602738764e+00
2.187185162602738764e+00
2.186693332497644082e+00
2.081360158395066939e+00
2.081360158395066939e+00
2.081360154317249300e+00
2.081360154317249300e+00
1.726504359569052793e+00
1.726504359569052793e+00
1.726504359569052793e+00
1.726504359569052793e+00
1.726504359569052793e+00
1.726504359563343138e+00
1.726504359563343138e+00
1.726503273728592358e+00
1.637033190800533333e+00
1.637033190800533333e+00
1.637033190800533333e+00
1.637033190800533333e+00
1.637033190800533333e+00
1.637033190800533333e+00
1.632895466713326860e+00
1.632895466713326860e+00
1.632895466713326860e+00
1.632895466713326860e+00
1.632895465862713280e+00
1.632895465862713280e+00
1.632052179189275476e+00
1.632011216132196241e+00
1.535268856868352128e+00
1.535268844418880008e+00
1.535268844418879786e+00
1.535268844418879786e+00
1.352085401581403667e+00
1.352085401581403667e+00
1.352085401581403667e+00
1.352085401581403667e+00
1.325279903349642963e+00
1.325279845550598745e+00
1.325279845550598745e+00
1.325279845550491498e+00
1.325279845550491498e+00
1.324610020446884917e+00
1.324610020446884917e+00
1.324610020446884917e+00
1.324610020446884917e+00
1.324610020446884917e+00
1.324610020446884917e+00
1.323351403033683038e+00
1.323351364545383380e+00
1.323351364545383380e+00
1.245523874942157549e+00
1.245523874942157549e+00
1.245523874942157549e+00
1.245523874919710838e+00
1.245520851513142846e+00
1.245520851513142846e+00
1.162360056418845433e+00
1.162360056418845433e+00
1.162360056418845433e+00
1.162360056418845433e+00
1.162360056418845433e+00
1.162360056418845433e+00
1.155490567769400290e+00
1.155490567769400290e+00
1.155490567769400290e+00
1.155490564951064281e+00
1.155400362234275891e+00
1.155400362234274114e+00
1.155400362234274114e+00
1.155400271955744573e+00
1.153803386249027785e+00
1.153803386249027785e+00
1.153803386249027785e+00
1.100237920595104724e+00
1.100237920595104724e+00
1.068331449416070722e+00
1.068331449416070722e+00
1.068331449416070722e+00
1.068331248468742167e+00
1.068331248468214811e+00
1.068331248468214811e+00
1.066894222044241447e+00
1.066894222044241447e+00
1.066894222044241447e+00
1.066894222044241447e+00
1.066894222044241447e+00
1.066894222044241447e+00
1.066894222044241447e+00
1.066894047377639820e+00
1.066894047377639820e+00
1.065229214588889528e+00
1.065229214588889528e+00
1.065229214480251985e+00
1.065229214480251985e+00
1.065229214480251985e+00
1.065219499068694509e+00
1.034939908085948490e+00
1.034939908085948490e+00
1.034939908085948490e+00
1.034939908085948490e+00
1.034939908085948490e+00
1.025093677070997300e+00
1.025093677070997300e+00
1.025093677070997300e+00
1.025093665203697046e+00
1.025093665203686166e+00
1.024859123483918610e+00
1.024859123483918610e+00
1.024859123483918610e+00
1.024858854594020707e+00
1.024858854594020707e+00
1.023485721051422770e+00
1.023485721051422770e+00
1.023485721051422770e+00
1.010067737681808575e+00
1.010066948537396536e+00
1.010066948534277254e+00
1.010066948534277254e+00
1.010066948534277254e+00
1.010066948534277254e+00
1.010066948534277254e+00
1.007738270879763753e+00
1.007738270879763753e+00
1.007738270879763753e+00
1.007738270879763753e+00
1.007738270879763753e+00
1.007738270879763753e+00
1.007738270879763531e+00
1.007738270359583854e+00
1.007738270359583854e+00
1.007737952424595296e+00
1.007709222562384044e+00
1.007709222562384044e+00
1.007709222562384044e+00
1.007709222562384044e+00
1.007709222562384044e+00
1.006844664961632940e+00
1.006844664961632940e+00
1.006844664961632940e+00
1.006844664961632940e+00
1.002365996230234257e+00
1.002365946380483708e+00
1.002365946380415096e+00
1.002365946380415096e+00
1.001959088548075361e+00
1.001959088548075361e+00
1.001959088548075361e+00
1.001959088548074917e+00
1.001959088548074917e+00
1.001959088548074917e+00
1.001958807679284247e+00
1.001958807679284247e+00
1.001554715939290352e+00
1.001554715939290352e+00
1.001554715922882366e+00
1.001552152172469956e+00
1.001552152172469956e+00
1.001552152172469956e+00
1.001552152172469956e+00
1.001552152172469956e+00
1.001552152172469956e+00
1.000456047937925641e+00
1.000456047937925641e+00
1.000456047937925641e+00
1.000456047937925641e+00
1.000456047937925641e+00
1.000456045685556461e+00
1.000456045685556461e+00
1.000456045685556461e+00
1.000456045685556461e+00
1.000456045685556461e+00
1.000456045685556017e+00
1.000404665174406293e+00
1.000404665174405183e+00
1.000404482917386595e+00
1.000404482917386595e+00
1.000404482917386595e+00
1.000266713744148328e+00
1.000266549717809372e+00
1.000266549717809372e+00
1.000266549717442999e+00
1.000266549717442999e+00
1.000072781496952334e+00
1.000072781496952334e+00
1.000072781496952334e+00
1.000072781496952334e+00
1.000072781496952334e+00
1.000072781496951890e+00
1.000072781496951890e+00
1.000072781496951890e+00
1.000072781496951890e+00
1.000072781496951890e+00
1.000072781425080048e+00
1.000072781425080048e+00
1.000068143083808536e+00
1.000068057013913769e+00
1.000068057013913769e+00
1.000068057013913769e+00
1.000068057013913769e+00
1.000034115976764948e+00
1.000034115976764948e+00
1.000034115976764948e+00
1.000034108540671651e+00
1.000034108540671651e+00
1.000034108540671651e+00
1.000034108540671651e+00
1.000034108540671651e+00
1.000009560746457193e+00
1.000009560746457193e+00
1.000009560746451420e+00
1.000009560746450976e+00
1.000009560746450976e+00
1.000009560746450976e+00
1.000009531322187950e+00
1.000009233837797273e+00
1.000009233837797273e+00
1.000009233836188560e+00
1.000003224298373405e+00
1.000003224298373405e+00
1.000003224298373405e+00
1.000003224298373405e+00
1.000003224298373405e+00
1.000003224298373405e+00
1.000003224298373405e+00
1.000003224298373405e+00
1.000003224298373405e+00
1.000003224298373405e+00
1.000003224060924900e+00
1.000003224060924900e+00
1.000001006517436064e+00
1.000001006517436064e+00
1.000001006517436064e+00
1.000001006517436064e+00
1.000001006517435842e+00
1.000001006517435842e+00
1.000000999264425428e+00
1.000000999264425428e+00
1.000000999264425428e+00
1.000000985771998918e+00
1.000000224228879908e+00
1.000000224228854817e+00
1.000000224228854817e+00
1.000000224228854817e+00
1.000000224228854817e+00
1.000000224228854817e+00
1.000000224228854817e+00
1.000000224228854817e+00
1.000000224228854817e+00
1.000000081987796108e+00
1.000000081987796108e+00
1.000000081982481026e+00
1.000000080698163485e+00
1.000000080698163485e+00
1.000000080698163485e+00
1.000000080698163485e+00
1.000000080698163485e+00
1.000000080698163485e+00
1.000000080698163485e+00
1.000000080698163485e+00
1.000000080698163485e+00
1.000000080698163485e+00
1.000000080267298808e+00
1.000000080267298808e+00
1.000000080267298808e+00
1.000000011470090877e+00
1.000000011470090877e+00
1.000000011470090877e+00
1.000000011470090655e+00
1.000000011470090655e+00
1.000000011470090655e+00
1.000000011470090655e+00
1.000000005018630622e+00
1.000000005018630622e+00
1.000000005018547578e+00
1.000000004855793989e+00
1.000000004855793989e+00
1.000000004855793989e+00
1.000000004855793989e+00
1.000000004855793989e+00
1.000000004855793989e+00
1.000000004855793989e+00
1.000000000442881509e+00
1.000000000433237002e+00
1.000000000433237002e+00
1.000000000433237002e+00
1.000000000433237002e+00
1.000000000433237002e+00
1.000000000433237002e+00
1.000000000433237002e+00
1.000000000433237002e+00
1.000000000433237002e+00
1.000000000433237002e+00
1.000000000433237002e+00
1.000000000227216690e+00
1.000000000212513784e+00
1.000000000212513784e+00
1.000000000212513784e+00
1.000000000212513784e+00
1.000000000212513784e+00
1.000000000212512896e+00
1.000000000212512896e+00
1.000000000212512896e+00
1.000000000212512896e+00
1.000000000012361445e+00
1.000000000012210899e+00
1.000000000012210899e+00
1.000000000012210899e+00
1.000000000012210899e+00
1.000000000012210899e+00
1.000000000012210899e+00
1.000000000012210899e+00
1.000000000007599255e+00
1.000000000006656009e+00
1.000000000006656009e+00
1.000000000006656009e+00
1.000000000006656009e+00
1.000000000006656009e+00
1.000000000006656009e+00
1.000000000006656009e+00
1.000000000006656009e+00
1.000000000006656009e+00
1.000000000006656009e+00
1.000000000006656009e+00
1.000000000006656009e+00
1.000000000000264455e+00
1.000000000000264455e+00
1.000000000000264455e+00
1.000000000000262901e+00
1.000000000000262901e+00
1.000000000000262901e+00
1.000000000000262901e+00
1.000000000000262901e+00
1.000000000000220046e+00
1.000000000000220046e+00
1.000000000000148104e+00
1.000000000000148104e+00
1.000000000000148104e+00
1.000000000000148104e+00
1.000000000000148104e+00
1.000000000000148104e+00
1.000000000000148104e+00
1.000000000000004885e+00
1.000000000000004885e+00
1.000000000000004885e+00
1.000000000000004885e+00
1.000000000000004885e+00
1.000000000000004885e+00
1.000000000000004885e+00
1.000000000000004885e+00
1.000000000000004885e+00
1.000000000000004885e+00
1.000000000000004885e+00
1.000000000000003553e+00
1.000000000000003553e+00
1.000000000000003553e+00
1.000000000000003553e+00
1.000000000000002887e+00
1.000000000000002887e+00
1.000000000000002887e+00
1.000000000000002887e+00
1.000000000000002887e+00
1.000000000000000666e+00
1.000000000000000666e+00
1.000000000000000666e+00
1.000000000000000666e+00
1.000000000000000666e+00
1.000000000000000666e+00
1.000000000000000666e+00
1.000000000000000666e+00
1.000000000000000666e+00
1.000000000000000666e+00
1.000000000000000666e+00
1.000000000000000666e+00
1.000000000000000666e+00
1.000000000000000666e+00
1.000000000000000666e+00
1.000000000000000666e+00
1.000000000000000666e+00
1.000000000000000666e+00
1.000000000000000666e+00
1.000000000000000666e+00
1.000000000000000666e+00
1.000000000000000666e+00
1.000000000000000666e+00
1.000000000000000666e+00
1.000000000000000666e+00
1.000000000000000666e+00
1.000000000000000666e+00
1.000000000000000666e+00
1.000000000000000666e+00
1.000000000000000666e+00
1.000000000000000666e+00
1.000000000000000666e+00
1.000000000000000666e+00
1.000000000000000666e+00
1.000000000000000666e+00
1.000000000000000666e+00
1.000000000000000666e+00
1.000000000000000666e+00
1.000000000000000666e+00
1.000000000000000666e+00
1.000000000000000666e+00
1.000000000000000666e+00
1.000000000000000666e+00
1.000000000000000666e+00
1.000000000000000666e+00
1.000000000000000666e+00
1.000000000000000666e+00
1.000000000000000666e+00
1.000000000000000666e+00
1.000000000000000666e+00
1.000000000000000666e+00
1.000000000000000666e+00
1.000000000000000666e+00
1.000000000000000666e+00
1.000000000000000666e+00
1.000000000000000666e+00
1.000000000000000666e+00
1.000000000000000666e+00
1.000000000000000666e+00
1.000000000000000666e+00
1.000000000000000666e+00
1.000000000000000666e+00
1.000000000000000666e+00
1.000000000000000666e+00
1.000000000000000666e+00
1.000000000000000666e+00
1.000000000000000666e+00
1.000000000000000666e+00
1.000000000000000666e+00
1.000000000000000666e+00
1.000000000000000666e+00
1.000000000000000666e+00
1.000000000000000666e+00
1.000000000000000666e+00
1.000000000000000666e+00
1.000000000000000666e+00
1.000000000000000666e+00
1.000000000000000666e+00
1.000000000000000666e+00
1.000000000000000666e+00
1.000000000000000666e+00
1.000000000000000666e+00
1.000000000000000666e+00
1.000000000000000666e+00
1.000000000000000666e+00
1.000000000000000666e+00
1.000000000000000666e+00
1.000000000000000666e+00
1.000000000000000666e+00
1.000000000000000666e+00
1.000000000000000666e+00
1.000000000000000666e+00
1.000000000000000666e+00
1.000000000000000666e+00
1.000000000000000666e+00
1.000000000000000666e+00
1.000000000000000666e+00
1.000000000000000666e+00
1.000000000000000666e+00
1.000000000000000666e+00
1.000000000000000666e+00
1.000000000000000666e+00
1.000000000000000666e+00
1.000000000000000666e+00
1.000000000000000666e+00
1.000000000000000666e+00
1.000000000000000666e+00
1.000000000000000666e+00
1.000000000000000666e+00
1.000000000000000666e+00
1.000000000000000666e+00
1.000000000000000666e+00
1.000000000000000666e+00
1.000000000000000666e+00
1.000000000000000666e+00
1.000000000000000666e+00
1.000000000000000666e+00
1.000000000000000666e+00
1.000000000000000666e+00
1.000000000000000666e+00
1.000000000000000666e+00
1.000000000000000666e+00
1.000000000000000666e+00
1.000000000000000666e+00
1.000000000000000666e+00
1.000000000000000666e+00
1.000000000000000666e+00
1.000000000000000666e+00
1.000000000000000666e+00
1.000000000000000666e+00
1.000000000000000666e+00
1.000000000000000666e+00
1.000000000000000666e+00
1.000000000000000666e+00
1.000000000000000666e+00
1.000000000000000666e+00
1.000000000000000666e+00
1.000000000000000666e+00
1.000000000000000666e+00
1.000000000000000666e+00
1.000000000000000666e+00
1.000000000000000666e+00
1.000000000000000666e+00
1.000000000000000666e+00
1.000000000000000666e+00
1.000000000000000666e+00
1.000000000000000666e+00
1.000000000000000666e+00
1.000000000000000666e+00
1.000000000000000666e+00
1.000000000000000666e+00
1.000000000000000666e+00
1.000000000000000666e+00
1.000000000000000666e+00
1.000000000000000666e+00
1.000000000000000666e+00
1.000000000000000666e+00
1.000000000000000666e+00
1.000000000000000666e+00
1.000000000000000666e+00
1.000000000000000666e+00
1.000000000000000666e+00
1.000000000000000666e+00
1.000000000000000666e+00
1.000000000000000666e+00
1.000000000000000666e+00
1.000000000000000666e+00
1.000000000000000666e+00
1.000000000000000666e+00
1.000000000000000666e+00
1.000000000000000666e+00
1.000000000000000666e+00
1.000000000000000666e+00
1.000000000000000666e+00
1.000000000000000666e+00
1.000000000000000666e+00
1.000000000000000666e+00
1.000000000000000666e+00
1.000000000000000666e+00
1.000000000000000666e+00
1.000000000000000666e+00
1.000000000000000666e+00
1.000000000000000666e+00
1.000000000000000666e+00
1.000000000000000666e+00
1.000000000000000666e+00
1.000000000000000666e+00
1.000000000000000666e+00
1.000000000000000666e+00
1.000000000000000666e+00
1.000000000000000666e+00
1.000000000000000666e+00
1.000000000000000666e+00
1.000000000000000666e+00
1.000000000000000666e+00
1.000000000000000666e+00
1.000000000000000666e+00
1.000000000000000666e+00
1.000000000000000666e+00
1.000000000000000666e+00
1.000000000000000666e+00
1.000000000000000666e+00
1.000000000000000666e+00
1.000000000000000666e+00
1.000000000000000666e+00
1.000000000000000666e+00
1.000000000000000666e+00
1.000000000000000666e+00
1.000000000000000666e+00
1.000000000000000666e+00
1.000000000000000666e+00
1.000000000000000666e+00
1.000000000000000666e+00
1.000000000000000666e+00
1.000000000000000666e+00
1.000000000000000666e+00
1.000000000000000666e+00
1.000000000000000666e+00
1.000000000000000666e+00
1.000000000000000666e+00
1.000000000000000666e+00
1.000000000000000666e+00
1.000000000000000666e+00
1.000000000000000666e+00
1.000000000000000666e+00
1.000000000000000666e+00
1.000000000000000666e+00
1.000000000000000666e+00
1.000000000000000666e+00
1.000000000000000666e+00
1.000000000000000666e+00
1.000000000000000666e+00
1.000000000000000666e+00
1.000000000000000666e+00
1.000000000000000666e+00
1.000000000000000666e+00
1.000000000000000666e+00
1.000000000000000666e+00
1.000000000000000666e+00
1.000000000000000666e+00
1.000000000000000666e+00
1.000000000000000666e+00
1.000000000000000666e+00
1.000000000000000666e+00
1.000000000000000666e+00
1.000000000000000666e+00
1.000000000000000666e+00
1.000000000000000666e+00
1.000000000000000666e+00
1.000000000000000666e+00
1.000000000000000666e+00
1.000000000000000666e+00
1.000000000000000666e+00
1.000000000000000666e+00
1.000000000000000666e+00
1.000000000000000666e+00
1.000000000000000666e+00
1.000000000000000666e+00
1.000000000000000666e+00
1.000000000000000666e+00
