8.088460674087661472e+89
4.616603287468511309e+89
1.510166066422320113e+89
2.749017024301552046e+88
2.183976197482715947e+88
4.263016122157279462e+87
4.213242780507794413e+87
1.290008967792060887e+87
1.181740485092927729e+87
1.180241864988828555e+87
1.452913779836080583e+86
1.410913914999178929e+86
1.410730731535596546e+86
6.957639305326780877e+85
6.769931573793122093e+85
3.809406944565139675e+85
5.830691884454540362e+84
5.826691837393834857e+84
5.826609065277821866e+84
4.075656590530273142e+84
4.048297460734735854e+84
1.363497209920014087e+84
1.342514902801302253e+84
2.966942697265300862e+83
2.966930678673830626e+83
2.546541307334931774e+83
2.546538669630251977e+83
2.543234137055848585e+83
2.092281847118974423e+83
4.919053535618662608e+82
4.918499303714044282e+82
1.789203062010145635e+82
1.694545516498606629e+82
1.694545373665687743e+82
9.389982592611369863e+81
2.080164575042787561e+81
2.078897245918041152e+81
2.078847210594094971e+81
1.189088512664519781e+81
1.189088387389750136e+81
1.170999595649078482e+81
3.489365928226176763e+80
3.454970049401985819e+80
3.454970044095938688e+80
1.035308352634897689e+80
1.035306267040352793e+80
8.080665792192974634e+79
8.080653179908009791e+79
8.080653178721225830e+79
8.054635283470971193e+79
6.884863787697528203e+79
1.268339050755432418e+79
1.268286535629485975e+79
5.866429283418590398e+78
5.866429283319013512e+78
5.866429259916169679e+78
5.384955200643024680e+78
5.384954515689669755e+78
3.290640566555675670e+78
5.399989844604734999e+77
5.398772254942335672e+77
5.398507894624767847e+77
3.597483067559958955e+77
3.597482815055995998e+77
3.597482815049670062e+77
3.517238582939099406e+77
3.517238582937408136e+77
1.273750485607686534e+77
1.267187594646641249e+77
1.267187591257112177e+77
2.787681690177990387e+76
2.787678360420621204e+76
2.332620464935384608e+76
2.332612231270477776e+76
2.332612231140943143e+76
2.322042422982754382e+76
2.170529410609658158e+76
4.850487612755001247e+75
4.850318481939778221e+75
1.709043260981381939e+75
1.709043260941249666e+75
1.709043258339597086e+75
1.601563683189827033e+75
1.601563208520078027e+75
1.601563208520062360e+75
1.261311667071970964e+75
2.152480944858864830e+74
2.152054913971100960e+74
2.151849860358404510e+74
1.178823650381939654e+74
1.178823614868675162e+74
1.178823614868130310e+74
1.156547608979244033e+74
1.156547608978375533e+74
6.335918287919089934e+73
6.300177208277238678e+73
6.300177142637105005e+73
1.169343837450629674e+73
1.169343070030586482e+73
8.736323371750177744e+72
8.736266990363863912e+72
8.736266990218144133e+72
8.698062488413929193e+72
8.224495604315744548e+72
2.859255164377038738e+72
2.859255164377038738e+72
2.859178183396293128e+72
2.859178183396275473e+72
7.734056103828749312e+71
7.734056103184864813e+71
7.734056098911997526e+71
6.870940949863241154e+71
6.870936684951829329e+71
6.870936684951794020e+71
5.475503534797725389e+71
1.366623162049917763e+71
1.366398206505805130e+71
1.366185245202195915e+71
5.928607563268303192e+70
5.928607491230575864e+70
5.928607491230575864e+70
5.928607491228945289e+70
5.700213166111183291e+70
5.700213166094655633e+70
3.006734685356891205e+70
2.996169211085400769e+70
2.996169138613244057e+70
7.539785354182965115e+69
7.539782795429507420e+69
7.539782795429507420e+69
4.885686767335559629e+69
4.885641337615004240e+69
4.885641337561055800e+69
4.836501293565784175e+69
4.641834142172555542e+69
1.393054737543908413e+69
1.393054737543908413e+69
1.393054737543908413e+69
1.393040082647141300e+69
4.849468242764837875e+68
4.849468242764796689e+68
4.849468241528974087e+68
4.849468239540306345e+68
4.054557254338165679e+68
4.054553428064489877e+68
4.054553428064481257e+68
3.387303696925990761e+68
6.647228050741477245e+67
6.646801190630227481e+67
6.644717085905828357e+67
3.489636484295997574e+67
3.489636454750975933e+67
3.489636454750975933e+67
3.489636454750975933e+67
3.489636454750975335e+67
3.489636454750575449e+67
3.296144177744769856e+67
3.296144177717789553e+67
1.963733192412517131e+67
1.960112823989788062e+67
1.960112744077722180e+67
3.709425951806216073e+66
3.709425218655451772e+66
3.709425218655451772e+66
2.686267881356149677e+66
2.686211074749098672e+66
2.686211074737560058e+66
2.649372606419937871e+66
2.601444418996888114e+66
9.592410365094043960e+65
9.592410365094043960e+65
9.592410365094043960e+65
9.592328108242120240e+65
9.592328108242120240e+65
2.498368714283837028e+65
2.498368714283783713e+65
2.498368713438714002e+65
2.498368713065254735e+65
2.183996774371493406e+65
2.183996774371493406e+65
2.183992182294418718e+65
2.183992182294417783e+65
2.012719811427369245e+65
4.806146113100943051e+64
4.805881950267481591e+64
4.803170714953066851e+64
1.969168732406691615e+64
1.969168725750195302e+64
1.969168725750195302e+64
1.969168725750195302e+64
1.969168725750194718e+64
1.969168725750136550e+64
1.880399074263052982e+64
1.880399074240430398e+64
1.434950058536819449e+64
1.432661095332767413e+64
1.432660918747832918e+64
2.808284195127790010e+63
2.808283897812039798e+63
2.808283897812039798e+63
1.717621436679796252e+63
1.717563629015913741e+63
1.717563629013751815e+63
1.693617739140565434e+63
1.672719428084339457e+63
8.884144025874605825e+62
8.884144025874605825e+62
8.884094102384980803e+62
8.884094102384980803e+62
1.998834410178506769e+62
1.998834410178506769e+62
1.998834410178419308e+62
1.998834407940987725e+62
1.998834407831451832e+62
1.594476746804844805e+62
1.594476746804844805e+62
1.594470654571152654e+62
1.594470654571152425e+62
1.485242136573596187e+62
5.145397067349900981e+61
5.145182838854491445e+61
5.140755445039231039e+61
1.703582123464291077e+61
1.703582121181429801e+61
1.703582121181429801e+61
1.703582121181429801e+61
1.703582121181428088e+61
1.703582121181400114e+61
1.563012194840243083e+61
1.563012194840243083e+61
1.563012194775591331e+61
1.197295848787093989e+61
1.196167592010192160e+61
1.196167285611818273e+61
3.192873374373493728e+60
3.192873198268053108e+60
3.192873198268053108e+60
1.641040143052002694e+60
1.640964943033644525e+60
1.640964943032376059e+60
1.640964943032376059e+60
1.625429413732532129e+60
1.583615016507660147e+60
7.960325090358346222e+59
7.960325090358346222e+59
7.960306724536940073e+59
7.960306724536940073e+59
2.290560606131835408e+59
2.290560606131835408e+59
2.290560606131360402e+59
2.290560598818027260e+59
2.290560598818027260e+59
2.290560598725551422e+59
1.659035777440022706e+59
1.659035777440022706e+59
1.659026377930708432e+59
1.659026377930707986e+59
1.573817323441506644e+59
4.675033868539973945e+58
4.674952829725031402e+58
4.666910857719136907e+58
1.890252607658670677e+58
1.890252605851776492e+58
1.890252605851776492e+58
1.890252605851776492e+58
1.890252605851768687e+58
1.890252605851755028e+58
1.671739431083371522e+58
1.671739431083371522e+58
1.671739430899282494e+58
1.357861679953516214e+58
1.357196427877026295e+58
1.357195865740188809e+58
1.357195865740188809e+58
2.894583650381884474e+57
2.894583650381884474e+57
2.894583557330839709e+57
2.894583557330839709e+57
1.715277919081461698e+57
1.715097010967272538e+57
1.715097010966731048e+57
1.715097010966731048e+57
1.707282061744896620e+57
1.647434858327131143e+57
9.532394011623361854e+56
9.532394011623361854e+56
9.532377080233943921e+56
9.532377080233943921e+56
2.114156626566356795e+56
2.114156626566356795e+56
2.114156626565350212e+56
2.114156617686424371e+56
2.114156617686424371e+56
2.114156617655647600e+56
1.649406581725976150e+56
1.649406581725976150e+56
1.649386122857051135e+56
1.649386122857051135e+56
1.609683917511710588e+56
5.934273643310853544e+55
5.934189697364379456e+55
5.917236236438182660e+55
1.846389801320680658e+55
1.846389800647171203e+55
1.846389800647171203e+55
1.846389800647171203e+55
1.846389800647152419e+55
1.846389800647149152e+55
1.674891102319582675e+55
1.674891102319582675e+55
1.674891102056241691e+55
1.514204028127681110e+55
1.513672111147688572e+55
1.513670571379270413e+55
1.513670571379270413e+55
3.870417014322772745e+54
3.870417014322772745e+54
3.870416949329494686e+54
3.870416949329494686e+54
1.853416699626719772e+54
1.853140044711733826e+54
1.853140044711566066e+54
1.853140044711566066e+54
1.847266373831670341e+54
1.790815285997538790e+54
1.314128015864263872e+54
1.314128015864263872e+54
1.314126758768953149e+54
1.314126758768952979e+54
2.971398268070646467e+53
2.971398268070646467e+53
2.971398268067812766e+53
2.971398229445057609e+53
2.971398229445057609e+53
2.971398229428926523e+53
2.023015015457338459e+53
2.023015015457338459e+53
2.022974702622742656e+53
2.022974702622742656e+53
2.022974702622742656e+53
1.984381836382879343e+53
1.008645429552202198e+53
1.008635955242426094e+53
1.004712074780082364e+53
2.753583633867821824e+52
2.753583633470365107e+52
2.753583633470365107e+52
2.753583633470365107e+52
2.753583633470365107e+52
2.753583633470305026e+52
2.753583633470301836e+52
2.332030190645451438e+52
2.332030190645451438e+52
2.332030189521237188e+52
2.129724875390502538e+52
2.129313730706020657e+52
2.129309739602945997e+52
2.129309739602945997e+52
7.402926571626881135e+51
7.402926571626881135e+51
7.402926508537469584e+51
7.402926508537469584e+51
2.993780808981798569e+51
2.993201947353798499e+51
2.993201947353644308e+51
2.993201947353644308e+51
2.993201947353644308e+51
2.987208492054123860e+51
2.817209621449482458e+51
2.061076819802527002e+51
2.061076819802527002e+51
2.061075999303387350e+51
2.061075999303386685e+51
5.957357555789162373e+50
5.957357555789162373e+50
5.957357555764078179e+50
5.957357555764078179e+50
5.957357352410853031e+50
5.957357352387981171e+50
3.577953629684629107e+50
3.577953629684629107e+50
3.577953629684629107e+50
3.577852501413237716e+50
3.577852501413237716e+50
3.577852501413237716e+50
3.530412671970528559e+50
1.675996975501220558e+50
1.675990034598720258e+50
1.663213050409435597e+50
5.527122853413973331e+49
5.527122852849113741e+49
5.527122852849113741e+49
5.527122852849113741e+49
5.527122852849113741e+49
5.527122852848582050e+49
5.527122852848579973e+49
4.398022279136794547e+49
4.398022279136794547e+49
4.398022273899369879e+49
4.110355128707442292e+49
4.109948737836054173e+49
4.109936813130508195e+49
4.109936813130508195e+49
1.234843352512079422e+49
1.234843352512079422e+49
1.234843346320209342e+49
1.234843346320209342e+49
5.809158063249200264e+48
5.806578646065345051e+48
5.806578646065217191e+48
5.806578646065217191e+48
5.806578646065217191e+48
5.800588123212347650e+48
5.356498864414461066e+48
4.209422884771362192e+48
4.209422884771362192e+48
4.209421677559628309e+48
4.209421677559623117e+48
9.952219979140686221e+47
9.952219979140686221e+47
9.952219979048990258e+47
9.952219979048990258e+47
9.952219523908655297e+47
9.952219523894629605e+47
6.594957277326946688e+47
6.594957277326946688e+47
6.594957277326946688e+47
6.594550570021936418e+47
6.594550570021936418e+47
6.594550570021936418e+47
6.551496166330393879e+47
3.635388386772222575e+47
3.635376867632442142e+47
3.593015164174276873e+47
9.479184825313055979e+46
9.479184824947984776e+46
9.479184824947984776e+46
9.479184824947984776e+46
9.479184824947984776e+46
9.479184824947984776e+46
9.479184824945934224e+46
9.479184824945932196e+46
7.887796003941835556e+46
7.887796003941835556e+46
7.887795990431194163e+46
7.633562307649396078e+46
7.633067879618625906e+46
7.633019189488784019e+46
7.633019189488784019e+46
2.838298760466100759e+46
2.838298760466100759e+46
2.838298753278120771e+46
2.838298753278120771e+46
1.065658851922471571e+46
1.065044764749221200e+46
1.065044764749221200e+46
1.065044764749214608e+46
1.065044764749214608e+46
1.065044764749214608e+46
9.955993994084482857e+45
9.949779311187921413e+45
8.771680938310575753e+45
8.771680938310575753e+45
8.771680938310544061e+45
8.771679786458793029e+45
8.771679786458793029e+45
2.416999695110668190e+45
2.416999695067294891e+45
2.416999695067294891e+45
2.416999377286326040e+45
2.416999377285040008e+45
1.346651791179807461e+45
1.346651791179807461e+45
1.346651791179807461e+45
1.346531810146198174e+45
1.346531810146198174e+45
1.346531810146198174e+45
1.340188398894085666e+45
9.336778328425207946e+44
9.336761632686186869e+44
9.208986427560392011e+44
2.427246629113707429e+44
2.427246629076497922e+44
2.427246629076497922e+44
2.427246629076497922e+44
2.427246629076497922e+44
2.427246629076497922e+44
2.427246629075419627e+44
2.427246629075419627e+44
1.822084532584995523e+44
1.822084532584995523e+44
1.822084524050634516e+44
1.773944400585966778e+44
1.773885728046845122e+44
1.773867122259077814e+44
1.773867122259077814e+44
8.688351050625948680e+43
8.688351050625948680e+43
8.688351040155687531e+43
8.688351040155687531e+43
2.906549525154535115e+43
2.904456568963757777e+43
2.904456568963757777e+43
2.904456568963747874e+43
2.904456568963747874e+43
2.587970474980452496e+43
2.587970474980452496e+43
2.587047527137895157e+43
2.303325230835861196e+43
2.303325230835861196e+43
2.303325230835843865e+43
2.303325107373737108e+43
2.303325107373737108e+43
8.133685377110761324e+42
8.133685376529309553e+42
8.133685376529309553e+42
8.133685376529309553e+42
8.133682830254710245e+42
8.133682830251862983e+42
3.977501712949181420e+42
3.977501712949181420e+42
3.977501712949181420e+42
3.977022109160318557e+42
3.977022109160318557e+42
3.977022109160318557e+42
3.964842960630917945e+42
2.726209779400048569e+42
2.726207566699188922e+42
2.657003878781975507e+42
8.464578370570604797e+41
8.464578370482153981e+41
8.464578370482153981e+41
8.464578370482153981e+41
8.464578370482153981e+41
8.464578370482153981e+41
8.464578370466630213e+41
8.464578370466630213e+41
8.464578370466630213e+41
5.827676657640626335e+41
5.827676595870182076e+41
5.718613604099946113e+41
5.718518819946886513e+41
5.718518819946886513e+41
5.718430219629882805e+41
5.718430219629882805e+41
2.617743376961411406e+41
2.617743376961411406e+41
2.617743375103562060e+41
2.617743375103562060e+41
2.617743375103562060e+41
1.010604995155950427e+41
1.008979741842667317e+41
1.008979741842667317e+41
1.008979741842665770e+41
1.008979741842665770e+41
8.653601634239947114e+40
8.651997211199375281e+40
8.651997211199375281e+40
7.933829974455078810e+40
7.933829974455078810e+40
7.933829974454837025e+40
7.933829688127693949e+40
7.933829688127693949e+40
7.933829688127693949e+40
7.933829684213335282e+40
2.459584943889786741e+40
2.459584943889786741e+40
2.459583876980108000e+40
2.459583876979781107e+40
1.337888281008366471e+40
1.337888281008366471e+40
1.337888281008366471e+40
1.337539477911084614e+40
1.337539477911084614e+40
1.337539477911084614e+40
1.335394901915811178e+40
9.993615796642077114e+39
9.993609984675088234e+39
9.634255904800962450e+39
2.578924699399781773e+39
2.578924699399781773e+39
2.578924699389474169e+39
2.578924699389474169e+39
2.578924699389474169e+39
2.578924699389473565e+39
2.578924699379278694e+39
2.578924699379278694e+39
2.578924699379278694e+39
1.888233181509824899e+39
1.888233151794900036e+39
1.870267509642892909e+39
1.870247692645053517e+39
1.870247692645053517e+39
1.870186767208231194e+39
1.870186767208231194e+39
1.010256560358310131e+39
1.010256560358310131e+39
1.010256560010921670e+39
1.010256560010921670e+39
1.010256560010921670e+39
3.192129497941200517e+38
3.185797224244999251e+38
3.185797224244999251e+38
3.185797224244998118e+38
3.185797224244998118e+38
2.796906919202892756e+38
2.796579288683754469e+38
2.674917005196015378e+38
2.674917005196015378e+38
2.674917005195821195e+38
2.674917005195821195e+38
2.674917005195821195e+38
2.674916964334442435e+38
2.674916964334442435e+38
2.674916962295574306e+38
1.009839121165124229e+38
1.009839121165124229e+38
1.009837964925826413e+38
1.009837964925775600e+38
4.560714910800705668e+37
4.560714910800705668e+37
4.560714910800705668e+37
4.559131575847291917e+37
4.559131575847291917e+37
4.559131575847291917e+37
4.554258552355124040e+37
4.554258552355124040e+37
3.865232727421970762e+37
3.865231635919038559e+37
3.722731298406759812e+37
3.722731298406759812e+37
1.120354362230751935e+37
1.120354362228962158e+37
1.120354362228962158e+37
1.120354362228962158e+37
1.120354362228961686e+37
1.120354362220145264e+37
1.120354362220145264e+37
1.120354362220145264e+37
1.120354362220145264e+37
7.179349910106154210e+36
7.179349633938212033e+36
7.128459014480000452e+36
7.128459014480000452e+36
7.128422871849574756e+36
7.128422871849574756e+36
7.128077104276211319e+36
4.738386766949013541e+36
4.738386766949013541e+36
4.738386766245978315e+36
4.738386766245978315e+36
4.738386766245978315e+36
1.466499723796067549e+36
1.462955095503305461e+36
1.462955095503305461e+36
1.462955095503304871e+36
1.194032835962763672e+36
1.194032835962763672e+36
1.193957867240111599e+36
1.150297123519896477e+36
1.150297123519896477e+36
1.150297123519731785e+36
1.150297123519731785e+36
1.150297123519731785e+36
1.150297123519731785e+36
1.150297116568259568e+36
1.150297114144283609e+36
5.471781340388180939e+35
5.471781340388180939e+35
5.471768078537607224e+35
5.471768078537444155e+35
2.237349913797943117e+35
2.237349913797943117e+35
2.236338972442596355e+35
2.236338972442596355e+35
2.236338972442596355e+35
2.236338972442596355e+35
2.236338972442596355e+35
2.234866376734786383e+35
1.908529478019854839e+35
1.908529233206135465e+35
1.789241710549001940e+35
1.789241710549001940e+35
6.540920037339228204e+34
6.540920037332557861e+34
6.540920037332557861e+34
6.540920037332557861e+34
6.540920037332551405e+34
6.540920037139351275e+34
6.540920037139351275e+34
6.540920037139351275e+34
6.540919141600288875e+34
3.804922798914514728e+34
3.804922798914514728e+34
3.786934658152273497e+34
3.786934658152273497e+34
3.786934658152273497e+34
3.786675740882668733e+34
3.786666358564986985e+34
2.485204423853860102e+34
2.485204423853860102e+34
2.485204423642382016e+34
2.485204423642382016e+34
2.485204423642382016e+34
8.815810730130477733e+33
8.770749277872833238e+33
8.770749277872833238e+33
8.770749277872833238e+33
6.763931579525762541e+33
6.763931579525762541e+33
6.763931579525762541e+33
6.763710258145082077e+33
6.585927486082372471e+33
6.585927486082372471e+33
6.585927486078903330e+33
6.585927486078903330e+33
6.585927486078903330e+33
6.585927486078903330e+33
6.585927455037168583e+33
6.585927430119017305e+33
2.948644190197488067e+33
2.948644190197488067e+33
2.948633971686397117e+33
2.948633971686362530e+33
1.333614211726387502e+33
1.333614211726387502e+33
1.332347870405498575e+33
1.332347870405498575e+33
1.332347870405498575e+33
1.332347870405498575e+33
1.332347870405498575e+33
1.331866879219930706e+33
1.180806385394995128e+33
1.180806282919362145e+33
1.082677276663338608e+33
1.082677276663338608e+33
3.546663630101544746e+32
3.546663630100118726e+32
3.546663630100118726e+32
3.546663630100118726e+32
3.546663630100106476e+32
3.546663629878198630e+32
3.546663629878198630e+32
3.546663629878198630e+32
3.546662931254197149e+32
2.208247889518456058e+32
2.208247889518456058e+32
2.208247889518456058e+32
2.208247889518456058e+32
2.202661739705102357e+32
2.202352782521734798e+32
2.202349312012025544e+32
1.593158708627399546e+32
1.593158708627399546e+32
1.593158708564227914e+32
1.593158708564227914e+32
1.593158708564227914e+32
1.593158708564227914e+32
4.858157042613874265e+31
4.828120604905091417e+31
4.828120604905091417e+31
4.828120604905091417e+31
3.850519571797213967e+31
3.850519571797213967e+31
3.796841870474922678e+31
3.796765609796361642e+31
3.796765609791858493e+31
3.796765609791858493e+31
3.796765609791858493e+31
3.796765609791858493e+31
3.796765582417979708e+31
3.796765582417979708e+31
3.796765576398313523e+31
2.005914109274311604e+31
2.005914109274311604e+31
2.005897428586558346e+31
2.005897428586549564e+31
7.684522718645596529e+30
7.684522718645596529e+30
7.675286229058206204e+30
7.675286229058206204e+30
7.675286229058206204e+30
7.675286229058206204e+30
7.675286229058206204e+30
7.673540510474196364e+30
7.673540510474196364e+30
7.186264840779420760e+30
7.186264564891534312e+30
6.618733056907752879e+30
6.618733056907752879e+30
2.569987866175174594e+30
2.569987866174763641e+30
2.569987866174763641e+30
2.569987866174737745e+30
2.569987866174737745e+30
2.569987865865572386e+30
2.569987865865572386e+30
2.569987865865572386e+30
2.569986571925913406e+30
1.382847217580961366e+30
1.382847217580961366e+30
1.382847217580961366e+30
1.382847217580961366e+30
1.382847217580961366e+30
1.380449837047051396e+30
1.380183204289549579e+30
1.380182213557328741e+30
1.130880425020320528e+30
1.130880425020320528e+30
1.130880425002842762e+30
1.130880425002842762e+30
1.130880425002842762e+30
1.130880425002842762e+30
1.105982907122481643e+30
3.703234378911195060e+29
3.703234378911195060e+29
3.703234378911195060e+29
2.682251461455294333e+29
2.682251461449330934e+29
2.682251461449330934e+29
2.653673956084954810e+29
2.653646877996018093e+29
2.653646877996018093e+29
2.653646877996017741e+29
2.653646877996017741e+29
2.653646830828444894e+29
2.653646830828444894e+29
2.653646829213786560e+29
1.685884488233057350e+29
1.685884488233057350e+29
1.685858598093426522e+29
1.685858598093422651e+29
6.246019167229867138e+28
6.246019167229867138e+28
6.236536414476799572e+28
6.236536414476799572e+28
6.236536414476799572e+28
6.236536414476799572e+28
6.236536414476799572e+28
6.235698546892369536e+28
6.235698546892369536e+28
6.235698546892369536e+28
5.881325067820541572e+28
5.881324966353258893e+28
5.881324966353258893e+28
5.171893799623453594e+28
2.425301581644555752e+28
2.425301581644330132e+28
2.425301581644268560e+28
2.425301580673067740e+28
2.425301580673067740e+28
2.425301580673067740e+28
2.425301580673067740e+28
2.425299048603242692e+28
2.425299048603242692e+28
1.202377740887700556e+28
1.202377740887700556e+28
1.202377740887700556e+28
1.202377740887700556e+28
1.202377740887700556e+28
1.202063316231928348e+28
1.200745716541460673e+28
1.200745304790591680e+28
9.925778010412309035e+27
9.925778010329196951e+27
9.925778010329196951e+27
9.925778010329196951e+27
9.925778010329196951e+27
9.556684559148726303e+27
9.556684559148726303e+27
3.705386028988764835e+27
3.705386028988764835e+27
3.705386028988764835e+27
2.506767586452626893e+27
2.506767586452626893e+27
2.506767586434254603e+27
2.488562080127402080e+27
2.488549004231571332e+27
2.488549004231570782e+27
2.488549004231570782e+27
2.488548913084610455e+27
2.488548913084610455e+27
2.488548913084610455e+27
1.566439057910627969e+27
1.566439057563328529e+27
1.566439057563328529e+27
1.566404312349210845e+27
1.566404312349209471e+27
6.387422259171339821e+26
6.387422259171339821e+26
6.368067200314481041e+26
6.368067200314481041e+26
6.368067200314481041e+26
6.368067200314481041e+26
6.368067200314481041e+26
6.368067200314481041e+26
6.367587490249095823e+26
6.094996049344623057e+26
6.094996049344623057e+26
6.094996049344623057e+26
6.094995982077073416e+26
5.171976089254947742e+26
2.310569480406484774e+26
2.310569480406397500e+26
2.310569480406199932e+26
2.310569478469296469e+26
2.310569478469296469e+26
2.310569478469296469e+26
2.310569478469296469e+26
2.310565905953063783e+26
1.221613627880915789e+26
1.221613627880915789e+26
1.221613627880915789e+26
1.221613627880915789e+26
1.221613627880915789e+26
1.221613627880915789e+26
1.220979372591868978e+26
1.220232570557443944e+26
1.220232308074676380e+26
1.056552851346998424e+26
1.056552851346998424e+26
1.056552851342990876e+26
1.056552851342990876e+26
1.056552851342990876e+26
1.004698279223313355e+26
3.568580571101678598e+25
3.568580571101678598e+25
3.568580571101678598e+25
3.568580571101678598e+25
3.568580571101678598e+25
2.506665737594332909e+25
2.506665737553966659e+25
2.506665737553964511e+25
2.496637109684471041e+25
2.496628985696192196e+25
2.496628843086188723e+25
2.496628843086188723e+25
2.496628843086188723e+25
2.496628843086188723e+25
2.496628843086188723e+25
1.746774688262044970e+25
1.746774688262044970e+25
1.746774688078254514e+25
1.746690237236833567e+25
1.746690237236833567e+25
1.746690237236833567e+25
1.746690237236832923e+25
6.303624496080893398e+24
6.279975909811491103e+24
6.279975909811491103e+24
6.279975909811491103e+24
6.279975909811491103e+24
6.279975909811491103e+24
6.279687921146780879e+24
6.279687921146780879e+24
6.279687921146780879e+24
6.131198083383583167e+24
6.131198083383583167e+24
6.131198054415389187e+24
5.262132419490756969e+24
2.746617371215815195e+24
2.746617371215774393e+24
2.746617371215160213e+24
2.746617366960562925e+24
2.746617366960562925e+24
2.746617366960562925e+24
2.746617366960562925e+24
2.746607499505432468e+24
1.272331654515640412e+24
1.272331654515640412e+24
1.272331654515640412e+24
1.272331654515640412e+24
1.272331654515640412e+24
1.272331654515640412e+24
1.271468033266437545e+24
1.270968024400288226e+24
1.270967903213060432e+24
1.167522821162772585e+24
1.167522821162772585e+24
1.167522821161144390e+24
1.167522821161144390e+24
1.109319658001105569e+24
4.514954941306367776e+23
4.514954941306367776e+23
4.514954941306367776e+23
4.514954941306367776e+23
4.514954941306367776e+23
4.514954941306367776e+23
2.846565201783955107e+23
2.846565201703034568e+23
2.846565201703028528e+23
2.838572494960168524e+23
2.838572494960168524e+23
2.838572134617655940e+23
2.838567665404952739e+23
2.838567665404952739e+23
2.838567665404952739e+23
2.838567665404952739e+23
2.238618202669312020e+23
2.238618202669312020e+23
2.238618202568882599e+23
2.238444072762626875e+23
2.238444072762626875e+23
2.238444072762626875e+23
8.448039496698396095e+22
8.448039496698396095e+22
8.408998453873653422e+22
8.408998453873653422e+22
8.408998453873653422e+22
8.408998453873653422e+22
8.408998453873653422e+22
8.408998453873653422e+22
8.408778704052303797e+22
8.408778704052303797e+22
8.243751991707578873e+22
6.633068948018515516e+22
6.633068948018515516e+22
6.633068936738480167e+22
4.059617165130427741e+22
4.059617165128341494e+22
4.059617165128310456e+22
4.059617146960363074e+22
4.059617146960363074e+22
4.059617146960363074e+22
4.059590084124840296e+22
4.059590084124840296e+22
4.059590084124840296e+22
4.059590084124840296e+22
1.808378571470808495e+22
1.808378571470808495e+22
1.808378571470808495e+22
1.808378571470808495e+22
1.806773940973448305e+22
1.806344192898302476e+22
1.806344111458004186e+22
1.676062348329061083e+22
1.676062348329061083e+22
1.676062348327891082e+22
1.548519381792939888e+22
1.548519381792939888e+22
7.315464180062155178e+21
7.315464180062155178e+21
7.315464180062155178e+21
7.315464180062155178e+21
7.315464180062155178e+21
7.315464180062155178e+21
7.315464179017496658e+21
4.327949791607508697e+21
4.327949791607487201e+21
4.327949791607487201e+21
4.327948739947042177e+21
4.320077948162316173e+21
4.320074504144616423e+21
4.320074504144616423e+21
4.320074504144616423e+21
3.451163590564349215e+21
3.451163590564349215e+21
3.451163590481133175e+21
3.451163590481133175e+21
3.450782880424514290e+21
3.450782880424514290e+21
3.450782880424514290e+21
1.439975146660493525e+21
1.439975146660493525e+21
1.439975146660493525e+21
1.427620955697728979e+21
1.427620955697728979e+21
1.427620955697728979e+21
1.427620955697728979e+21
1.427620955697728979e+21
1.427599882935365009e+21
1.427599882935365009e+21
1.407246108994323350e+21
1.081412978601434153e+21
1.081412977556135084e+21
1.081412977556135084e+21
6.602207952746931814e+20
6.602207952736148521e+20
6.602207892409425592e+20
6.602207892409404621e+20
6.602207892409404621e+20
6.602142044130773565e+20
6.602142044130773565e+20
6.602142044130773565e+20
6.602142044130773565e+20
6.602142044130773565e+20
3.126490606035879199e+20
3.126490606035879199e+20
3.126490606035879199e+20
3.126490606035879199e+20
3.121249864585474212e+20
3.120823129821347185e+20
3.120823045068813107e+20
2.952103397968960553e+20
2.952103397968960553e+20
2.952103397968960553e+20
2.952103397968048292e+20
2.670500642765740114e+20
1.220050618175733924e+20
1.220050618175733924e+20
1.220050618175733924e+20
1.220050618175733924e+20
1.220050618175733924e+20
1.220050618175733924e+20
1.220050618175733924e+20
1.220050617810944819e+20
1.220050617810944819e+20
1.220050617810911396e+20
7.475159511629361971e+19
7.475156625496573542e+19
7.467338878584242176e+19
7.467338878584242176e+19
7.467335291099208090e+19
7.467335291099208090e+19
6.300451122175722291e+19
6.299063778627934618e+19
6.299063778558220698e+19
6.299063778558220698e+19
6.299063778558220698e+19
6.299063778558220698e+19
6.299063778558220698e+19
2.447697759520843776e+19
2.447697759520843776e+19
2.447697759520843776e+19
2.421803349831387136e+19
2.421803349831387136e+19
2.421803349831387136e+19
2.421803349831387136e+19
2.421803349831387136e+19
2.421782207540597555e+19
2.402173070500494541e+19
2.402173070500494541e+19
1.873163959194897203e+19
1.873163958406213632e+19
1.873163958406213632e+19
1.274027169306389299e+19
1.274027169301348557e+19
1.274027148635509146e+19
1.274027148635508941e+19
1.274027148635507302e+19
1.274027148635507302e+19
1.274027148635507302e+19
1.274000335735398605e+19
1.274000335735398605e+19
5.481505857475597312e+18
5.481505857475597312e+18
5.481505857475597312e+18
5.481505857475597312e+18
5.469801664302083072e+18
5.469801664302083072e+18
5.469344741070695424e+18
5.469344741070695424e+18
5.469344741070695424e+18
5.469344675610291200e+18
5.292964433138638848e+18
4.795154366536363008e+18
4.795154366535870464e+18
2.512575129120883712e+18
2.512575129120883712e+18
2.512575129120883712e+18
2.512575129120883712e+18
2.512575129120883712e+18
2.512575129120883712e+18
2.512575129120883712e+18
2.512575129120883712e+18
2.512575127697609216e+18
2.512575127697432064e+18
1.393092362575894016e+18
1.393092362575894016e+18
1.393091266450532096e+18
1.393091266450532096e+18
1.392144298453603072e+18
1.392143984893577728e+18
1.248699676645986560e+18
1.248699676645986560e+18
1.248303601547646464e+18
1.248303601542048256e+18
1.248303601542048256e+18
1.248303601542048256e+18
1.248303601542048256e+18
1.248303601542048256e+18
5.364417131157427200e+17
5.364417131157427200e+17
5.364417131157427200e+17
5.296269397789285760e+17
5.296269397789285760e+17
5.296269397789285760e+17
5.296269397789285760e+17
5.296269397789285760e+17
5.296243969928258560e+17
5.263484530086362240e+17
3.808657362470947840e+17
3.808657362470947840e+17
3.808657361804240640e+17
3.808657361804240640e+17
3.808657361804240640e+17
2.889456718789662720e+17
2.889456718765809920e+17
2.889456602526440320e+17
2.889456602526438400e+17
2.889456602526438400e+17
2.889456602526437120e+17
2.889456602526437120e+17
2.889356354507487360e+17
2.889356354507487360e+17
1.268342150896959520e+17
1.268342150896959520e+17
1.268342150896959520e+17
1.264903300924646720e+17
1.264903300924646720e+17
1.264903300924646720e+17
1.264903300924646720e+17
1.264903300924646720e+17
1.264841850680626720e+17
1.231747815497204800e+17
1.231747808708420640e+17
1.071895332852147360e+17
1.071895332852099040e+17
6.396978689333138400e+16
6.396978689333138400e+16
6.396978689333138400e+16
6.396978689333138400e+16
6.396978689333138400e+16
6.396978689333138400e+16
6.396978689333138400e+16
6.396978689333138400e+16
6.396978679244660800e+16
6.396978679243604000e+16
3.419575953150223200e+16
3.419571152416762400e+16
3.419571152416762400e+16
3.419571152416762400e+16
3.418135907069332800e+16
3.418135520550023600e+16
3.112107582979816800e+16
3.110756850192357200e+16
3.110756850192357200e+16
3.110756850192357200e+16
3.110756850185516400e+16
3.110756850185516400e+16
3.110756850185516400e+16
3.110756850185516400e+16
3.110756850185516400e+16
1.481175079711950800e+16
1.449389266483999200e+16
1.449389266483999200e+16
1.449389266483999200e+16
1.449389266483999200e+16
1.449389266483999200e+16
1.449389266483999200e+16
1.449385372617991400e+16
1.001210576080096000e+16
9.982569426251090000e+15
9.982569426251090000e+15
9.982569426251090000e+15
9.982569425349802000e+15
9.982569425038474000e+15
7.734246852478062000e+15
7.734246852478062000e+15
7.734246247109517000e+15
7.734246247109507000e+15
7.734246247109507000e+15
7.734246247109507000e+15
7.734246247109506000e+15
7.733851860812237000e+15
7.733851860812237000e+15
3.617092562967701500e+15
3.617092562967701500e+15
3.617092562967701500e+15
3.617092562967701500e+15
3.599864030709078500e+15
3.599864030709078500e+15
3.599864030709078500e+15
3.599864030709078500e+15
3.599762258246145000e+15
3.531847960766569500e+15
3.531847949783091000e+15
2.988082350048090000e+15
2.988082350048090000e+15
1.803706747270967750e+15
1.803706747270947000e+15
1.803706747270947000e+15
1.803706747270947000e+15
1.803706747270947000e+15
1.803706747270947000e+15
1.803706747270947000e+15
1.803706741440919500e+15
1.803706741440001500e+15
1.803706741440001500e+15
9.928021305237262500e+14
9.927999085568402500e+14
9.927999085568402500e+14
9.927999085568402500e+14
9.925524965909647500e+14
9.925524324571518750e+14
9.917046826910392500e+14
9.253175293416641250e+14
9.253175293416641250e+14
9.253175293416641250e+14
9.253175293407578750e+14
9.253175293407578750e+14
9.253175293407578750e+14
9.253175293407578750e+14
9.253175293407578750e+14
9.253175293407578750e+14
4.321974350905117500e+14
4.207394233696121875e+14
4.207394233696121875e+14
4.207394233696121875e+14
4.207394233696121875e+14
4.207394233696121875e+14
4.207394233696121875e+14
2.937474734670131250e+14
2.937471587302842500e+14
2.932266760389255625e+14
2.932266760389255625e+14
2.932266760389255625e+14
2.932266760194000000e+14
2.932266760077573125e+14
2.413922052415641250e+14
2.413922052415641250e+14
2.413922052415630625e+14
2.413921728613493750e+14
2.413921728613493750e+14
2.413921728613493750e+14
2.413684594105203125e+14
2.413684594105203125e+14
2.413684594105203125e+14
1.078314017427704219e+14
1.078314017427704219e+14
1.078314017427704219e+14
1.078314017427704219e+14
1.071806189645951406e+14
1.071806189645951406e+14
1.071806189645951406e+14
1.071806189645951406e+14
1.071788436177204375e+14
1.059386508132467344e+14
1.059386506652978750e+14
1.059386506652978750e+14
8.965674321862804688e+13
5.995266363879676562e+13
5.995266363879648438e+13
5.995266363879648438e+13
5.995266363879648438e+13
5.995266363879648438e+13
5.995266363879648438e+13
5.995266363872275000e+13
5.995266328504708594e+13
5.995266328504708594e+13
5.995266328504708594e+13
3.080006442725251562e+13
3.080006442725251562e+13
3.079993242005093750e+13
3.079524615926226562e+13
3.079524615926226562e+13
3.079524523495952344e+13
3.076052511249093359e+13
3.076052511249093359e+13
2.942173284607955859e+13
2.942173284607955859e+13
2.942173284607955859e+13
2.942173284607955859e+13
2.942173284607955859e+13
2.942173284606814062e+13
2.942173284606814062e+13
2.942173284606814062e+13
1.538545402238972070e+13
1.490472657770354297e+13
1.490472657770354297e+13
1.490472657770354297e+13
1.490472657770354297e+13
1.490472657770354297e+13
9.716657245015951172e+12
9.716657245015951172e+12
9.716652089170060547e+12
9.705438401020296875e+12
9.705438401020296875e+12
9.705438399845730469e+12
9.705438399845730469e+12
9.705438399845730469e+12
9.705438399845607422e+12
9.705438399686662109e+12
9.705435168615394531e+12
8.473940140140199219e+12
8.473940140140199219e+12
8.473940140140199219e+12
8.473940140140199219e+12
8.472696570586714844e+12
8.472696570586714844e+12
8.472696570586714844e+12
4.047764435793315430e+12
4.017301280080870605e+12
4.017301280080870605e+12
4.017301280080870605e+12
4.017301280080870605e+12
4.017301280080870605e+12
4.017263938780219727e+12
4.017263938780219727e+12
3.982873312425335449e+12
3.982873312425335449e+12
3.982873309819377441e+12
3.217093244265848145e+12
2.359402605643858887e+12
2.359402605643858887e+12
2.359402605643858887e+12
2.359402605643854004e+12
2.359402605643854004e+12
2.359402605643854004e+12
2.359402605643854004e+12
2.359402605637583008e+12
2.359402571825230469e+12
2.359402571825230469e+12
2.359402571825229980e+12
2.359369605825960938e+12
1.218233581795065674e+12
1.218233581795065674e+12
1.218123812268997070e+12
1.218123812268997070e+12
1.216317084193886963e+12
1.216317084193886963e+12
1.216317066225370850e+12
1.216317066225370850e+12
1.174723960142214111e+12
1.174723960142214111e+12
1.174723960142214111e+12
1.174723960142007812e+12
1.174723960142007812e+12
1.174723960142007812e+12
1.174723960142007812e+12
6.732648673452955322e+11
6.416892858500859375e+11
6.416892858500859375e+11
6.416892858500859375e+11
6.416892858500859375e+11
6.416892858500859375e+11
4.066281603541651611e+11
4.063340135915393677e+11
4.063339012334514771e+11
4.063339012334514771e+11
4.063339012334514771e+11
4.063339011063660278e+11
4.063339011063660278e+11
4.063339011063541260e+11
4.063339011063541260e+11
4.063336600857310791e+11
4.063336600857310791e+11
4.063336600825737305e+11
3.628854278198622437e+11
3.628854278198622437e+11
3.628095592317094116e+11
3.628095592317094116e+11
3.628095592317094116e+11
3.628095592317094116e+11
1.853746424451134644e+11
1.853746424451134644e+11
1.831570826912408447e+11
1.831570826912408447e+11
1.831570826912408447e+11
1.831570826912408447e+11
1.831570826912408447e+11
1.831561154350338440e+11
1.820829400881704102e+11
1.820829400881704102e+11
1.820829400264456482e+11
1.429607125391585999e+11
1.429607125391585999e+11
1.429607125391585999e+11
1.084774310942327576e+11
1.084774310942326660e+11
1.084774310942326660e+11
1.084774310934144287e+11
1.084774280516747437e+11
1.084774280516747437e+11
1.084774280516747437e+11
1.084774280516747131e+11
1.084751096514499054e+11
5.768095622491533661e+10
5.768095622491533661e+10
5.768095622491533661e+10
5.768095622491533661e+10
5.768095622491533661e+10
5.768095622491533661e+10
5.767788951064892578e+10
5.753680294209927368e+10
5.753680294209927368e+10
5.753680248642282867e+10
5.753680248642282867e+10
5.612932629124613190e+10
5.612932629124190521e+10
5.612932629124190521e+10
5.612932629124190521e+10
5.612932629124190521e+10
5.088035413920138550e+10
3.112288731836521530e+10
3.112288731836521530e+10
3.112288731836521530e+10
3.112288731836521530e+10
3.112288731836521530e+10
3.112288731836521530e+10
1.978196808038347626e+10
1.978196806756487656e+10
1.977329038825414658e+10
1.977328737287139130e+10
1.977328737287139130e+10
1.977328737286964798e+10
1.977328737286964798e+10
1.977326838411849976e+10
1.977326838411849976e+10
1.818683396118137360e+10
1.818683396118137360e+10
1.818683396112466431e+10
1.818683396112466431e+10
1.818683396112466431e+10
1.818019125052782440e+10
1.818019125052782440e+10
1.818019125052782440e+10
9.352744758667690277e+09
9.352744758667690277e+09
9.211246058542158127e+09
9.211246058542158127e+09
9.211246058542158127e+09
9.211246058542158127e+09
9.211218333107471466e+09
9.211218333107471466e+09
9.177319507960260391e+09
9.177319507960260391e+09
9.177319507960260391e+09
9.177319506554471970e+09
7.158433606252136230e+09
7.158433606252136230e+09
5.780821806919008255e+09
5.780821806919008255e+09
5.780821806919006348e+09
5.780821806820114136e+09
5.780821519429135323e+09
5.780821519429128647e+09
5.780821519429128647e+09
5.780821519429128647e+09
5.780591980241690636e+09
3.005332664518879890e+09
3.005332664518879890e+09
3.005332664518879890e+09
3.005332664518879890e+09
3.005332664518879890e+09
3.005332664518879890e+09
3.005332664518879890e+09
2.995707321551057816e+09
2.995613573296244144e+09
2.995613562222256660e+09
2.947657879104685307e+09
2.947657879104685307e+09
2.947657879104597569e+09
2.947657879104597569e+09
2.947657879104597569e+09
2.653688776895006180e+09
1.774213139088952065e+09
1.774213139088952065e+09
1.774213139088952065e+09
1.774213139088952065e+09
1.774213139088952065e+09
1.774213139088952065e+09
1.774213139088952065e+09
1.079782883061028481e+09
1.079782883061028481e+09
1.079782881790380716e+09
1.079782881790159464e+09
1.079489821709100723e+09
1.079489741136193752e+09
1.079487768026005983e+09
1.079487768026005983e+09
1.019015430014536619e+09
1.019015430014536619e+09
1.019015430014536619e+09
1.019015430014536619e+09
1.019015430013191819e+09
1.019015430013191819e+09
1.018491079775363445e+09
1.018491079775363445e+09
1.018491079775363445e+09
5.684721596359565258e+08
5.684721596359565258e+08
5.578223846582493782e+08
5.578223846582493782e+08
5.578223846582493782e+08
5.578223846582493782e+08
5.578223846582493782e+08
5.578223846582493782e+08
5.578214730643552542e+08
5.578214730643552542e+08
5.564109210285125971e+08
5.564109210285125971e+08
4.163252190168835521e+08
4.163252189950292706e+08
4.163252189950292706e+08
4.163252189950292706e+08
3.550104810342245698e+08
3.550104810218162537e+08
3.550104810218161941e+08
3.550104432339540124e+08
3.550104432339529395e+08
3.549886739429121614e+08
3.549886739429121614e+08
3.549886739429121614e+08
1.919870536633674204e+08
1.919870536633674204e+08
1.919870536633674204e+08
1.919870536633674204e+08
1.919870536633674204e+08
1.919870536633674204e+08
1.919870536633674204e+08
1.911846561618415415e+08
1.911812328721585572e+08
1.911812325314328074e+08
1.889577500897765160e+08
1.889577500897765160e+08
1.889577500897765160e+08
1.889577500897741020e+08
1.889577500897741020e+08
1.657899378480356634e+08
1.196244162052723318e+08
1.196244162052723318e+08
1.196244162052723318e+08
1.196244162052723318e+08
1.196244162052723318e+08
1.196244162052723318e+08
1.196244162052723318e+08
1.196244162052723318e+08
7.253517589718312025e+07
7.253517569727718830e+07
7.253517569724395871e+07
7.253495166796334088e+07
7.252309418077485263e+07
7.252309143359838426e+07
7.252309143359838426e+07
7.252309143359838426e+07
7.252309143359838426e+07
6.938789459557095170e+07
6.938789459552970529e+07
6.933819189214618504e+07
6.933819189214618504e+07
6.933819189214618504e+07
6.933819189214618504e+07
6.933819189214618504e+07
4.148021527282699943e+07
4.148021527282699943e+07
4.148021527282699943e+07
4.037343968709182739e+07
4.037343968709182739e+07
4.037343968709182739e+07
4.037343968709182739e+07
4.037343968709182739e+07
4.037343968709182739e+07
4.037343968709182739e+07
4.037340361400406063e+07
4.030709919350895286e+07
4.030709919350895286e+07
2.953044838539024070e+07
2.953044838466270268e+07
2.953044838466270268e+07
2.593033869697471336e+07
2.593033869466678798e+07
2.593033362499306351e+07
2.593033362499306351e+07
2.593033362499287352e+07
2.593033362499287352e+07
2.592795894330175593e+07
2.592795894330175593e+07
2.592795894330175593e+07
1.462574504899239354e+07
1.462574504899239354e+07
1.462574504899239354e+07
1.462574504899239354e+07
1.453429915553561039e+07
1.453429915553561039e+07
1.453429915553561039e+07
1.453414970033046044e+07
1.441851155050818622e+07
1.441851153768488765e+07
1.441851153768488765e+07
1.441851153768488765e+07
1.441851153768488765e+07
1.243357993486436084e+07
1.243357993486430496e+07
9.362589626369468868e+06
9.362589626369468868e+06
9.362589626369468868e+06
9.362589626369468868e+06
9.362589626369468868e+06
9.362589626369468868e+06
9.362589626369468868e+06
9.362589542613841593e+06
9.362589542594540864e+06
5.732768135501263663e+06
5.732768135501263663e+06
5.732768135501263663e+06
5.732739521691457368e+06
5.732179979290056974e+06
5.732179979290056974e+06
5.732179865731980652e+06
5.554341872785602696e+06
5.554341872785602696e+06
5.548077372562184930e+06
5.548077372560773976e+06
5.548077372560773976e+06
5.548077372560773976e+06
5.548077372560773976e+06
5.548077372560773976e+06
3.448129084944145754e+06
3.448129084944145754e+06
3.334369794221919961e+06
3.334369794221919961e+06
3.334369794221919961e+06
3.334369794221919961e+06
3.334369794221919961e+06
3.334369794221919961e+06
3.334369794221919961e+06
3.334369794221919961e+06
3.334368166185944807e+06
3.330949716707029846e+06
2.421077039802194107e+06
2.421077039802194107e+06
2.421077039776030462e+06
2.196884726276521105e+06
2.196884726276521105e+06
2.196884725859926548e+06
2.196883981782008428e+06
2.196883981781960465e+06
2.196883981781960465e+06
2.196883981781960465e+06
2.196548580723815598e+06
2.196548580723815598e+06
2.196548580723815598e+06
2.196548580723815598e+06
1.260983591535825515e+06
1.260983591535825515e+06
1.260983591535825515e+06
1.250825199931016890e+06
1.250825199931016890e+06
1.250825199931016890e+06
1.250817875692104222e+06
1.250817875692104222e+06
1.250817875692104222e+06
1.244329997494369047e+06
1.244329996983399615e+06
1.061999067909282632e+06
8.488008594345090678e+05
8.488008594345080201e+05
8.488008594345080201e+05
8.488008594345080201e+05
8.488008594345080201e+05
8.488008594345080201e+05
8.488008594345080201e+05
8.488008594345080201e+05
8.488008594345080201e+05
8.488008453586801188e+05
8.488008453586801188e+05
8.488008453546912642e+05
5.142549524781425716e+05
5.142504215229914989e+05
5.142504215229913825e+05
5.142504215229913825e+05
5.142206281546459650e+05
5.142206232653961051e+05
5.033004161925765802e+05
5.025306338893554639e+05
5.025306338893554639e+05
5.025306338893554639e+05
5.025306338893045904e+05
5.025306338893045904e+05
5.025306338893045904e+05
5.025306338893045904e+05
5.025306338893045904e+05
3.362415263055012911e+05
3.228564123208110686e+05
3.228564123208110686e+05
3.228564123208110686e+05
3.228564123208110686e+05
3.228564123208110686e+05
3.228564123208110686e+05
3.228564123208110686e+05
3.228563306587666739e+05
2.285192312904249411e+05
2.284129307533704268e+05
2.284129307533704268e+05
2.284129307533704268e+05
2.284129307523473399e+05
2.284129306602641591e+05
2.129269696506230102e+05
2.129269696506230102e+05
2.129268321031503147e+05
2.129268321031389351e+05
2.129268321031389351e+05
2.129268321031389351e+05
2.129268321031389351e+05
2.128796640619061654e+05
2.128796640619061654e+05
2.128796640619061654e+05
1.294375252127149579e+05
1.294375252127149579e+05
1.294375252127149579e+05
1.281066950556086813e+05
1.281066950556086813e+05
1.281066950556086813e+05
1.281066950556086813e+05
1.281066950556086813e+05
1.281062840205143730e+05
1.276552320641458791e+05
1.276552320405200880e+05
1.064138025505654368e+05
1.064138025505654368e+05
8.941415866801046650e+04
8.941415866801042284e+04
8.941415866801042284e+04
8.941415866801042284e+04
8.941415866801042284e+04
8.941415866801042284e+04
8.941415866801042284e+04
8.941415866801042284e+04
8.941415559430365101e+04
8.941415559339852189e+04
8.941415559339852189e+04
5.538567846030632791e+04
5.538489160986315983e+04
5.538489160986313800e+04
5.538489160986313800e+04
5.538304264602065814e+04
5.538304239685831271e+04
5.526695311188779306e+04
5.442714579117434187e+04
5.442714579117434187e+04
5.442714579117434187e+04
5.442714579117237008e+04
5.442714579117237008e+04
5.442714579117237008e+04
5.442714579117237008e+04
5.442714579117237008e+04
3.874865982347943645e+04
3.874865982347943645e+04
3.675835070673321752e+04
3.675835070673321752e+04
3.675835070673321752e+04
2.586103179897504742e+04
2.586102949711605470e+04
2.586102949711605470e+04
2.585374455470670364e+04
2.585374455470670364e+04
2.585374455470670364e+04
2.585374455470670364e+04
2.585374453149144392e+04
2.585374453144813378e+04
2.451824390503550967e+04
2.451821660038848131e+04
2.451821660038539267e+04
2.451821660038539267e+04
2.451821660038539267e+04
2.451821660038539267e+04
2.451042377971327733e+04
2.451042377971327733e+04
2.451042377971327733e+04
1.570485045007959889e+04
1.570485045007959889e+04
1.548367095412080198e+04
1.548367095412080198e+04
1.548367095412080198e+04
1.548367095412080198e+04
1.548367095412080198e+04
1.548364457445416519e+04
1.548364457445416519e+04
1.544834759147407203e+04
1.544834759033081173e+04
1.544834759033081173e+04
1.269829009758455140e+04
1.104088331688323160e+04
1.104088331688323160e+04
1.104088331688323160e+04
1.104088331688323160e+04
1.104088331688323160e+04
1.104088331688323160e+04
1.104088331688323160e+04
1.104088331661165648e+04
1.104088261495564075e+04
1.104088261495564075e+04
7.018585758868518496e+03
7.018585758868510311e+03
7.018428300918004425e+03
7.018428300918004425e+03
7.018428300918004425e+03
7.018297858904604254e+03
6.997189631514153916e+03
6.997189618372569385e+03
6.997189618372569385e+03
6.924813524368430080e+03
6.924813524368430080e+03
6.924813524368430080e+03
6.924813524368370963e+03
6.924813524368370963e+03
6.924813524368370963e+03
6.924813524368370963e+03
5.165338140872276199e+03
5.165338140872276199e+03
4.851402087260497865e+03
4.851402087260497865e+03
4.851402087260497865e+03
4.851402087260497865e+03
3.416206378092220803e+03
3.415647831278333342e+03
3.415647698598510487e+03
3.415647698598510487e+03
3.415647692531991197e+03
3.415647692531991197e+03
3.415647692530812492e+03
3.415647692530812492e+03
3.415641089013225155e+03
3.415641089013225155e+03
3.289011907771015103e+03
3.289011907769743175e+03
3.289011907769743175e+03
3.289011907769743175e+03
3.287422912778262344e+03
3.287422912778262344e+03
2.195139741137160399e+03
2.195139741137160399e+03
2.156536528037926928e+03
2.156536528037926928e+03
2.156536528037926928e+03
2.156536528037926928e+03
2.156536528037926928e+03
2.156534837179906845e+03
2.156534837179906845e+03
2.153524091267188851e+03
2.153524091267188851e+03
2.153524091226875044e+03
2.153524091226875044e+03
1.753600627614317773e+03
1.578524508960332923e+03
1.578524508960332923e+03
1.578524508960332923e+03
1.578524508960332923e+03
1.578524508877223525e+03
1.578524330149896059e+03
1.578524330149896059e+03
1.578524330149896059e+03
1.578524330149896059e+03
1.578524330149888101e+03
1.578434069311708299e+03
1.023551285509736999e+03
1.023551285509736999e+03
1.023551285509736999e+03
1.023542118391657027e+03
1.019520827569128187e+03
1.019520827569128187e+03
1.019520827062876378e+03
1.012745265861461689e+03
1.012745265861461689e+03
1.012745265861461689e+03
1.012745265861461007e+03
1.012745265861461007e+03
9.241706044168745393e+02
9.241706044168745393e+02
7.433705024128499872e+02
7.433705024128499872e+02
7.433705024128499872e+02
7.433705024128499872e+02
7.433705024128499872e+02
5.213192156153587575e+02
5.213192156153587575e+02
5.213192138543049623e+02
5.212762319436728831e+02
5.212762263361820487e+02
5.212762263357709571e+02
5.212762263357709571e+02
5.212744832813547191e+02
5.212744832813547191e+02
5.081571320096788327e+02
5.081571320096788327e+02
5.081571320096642808e+02
5.081571320096642808e+02
5.081571320096642808e+02
5.078171356874130993e+02
5.078171356874130993e+02
3.598389117542538997e+02
3.598389117542538997e+02
3.598389117542538997e+02
3.598389117542538997e+02
3.520355617482941284e+02
3.520355617482941284e+02
3.520355617482941284e+02
3.520355617482941284e+02
3.520355617482941284e+02
3.520354799883055534e+02
3.520354799883055534e+02
3.517702118692188265e+02
2.822085221451567350e+02
2.822085221448257357e+02
2.822085221448257357e+02
2.822085221448257357e+02
2.616881775800758305e+02
2.616881775800758305e+02
2.616881775800758305e+02
2.616881775516123412e+02
2.616881218839500320e+02
2.616881218839467351e+02
2.616881218839467351e+02
2.616881218839467351e+02
2.616658826366296466e+02
1.767040803413160006e+02
1.767040803413160006e+02
1.767040803413160006e+02
1.767040803413160006e+02
1.757997844857677308e+02
1.757997844857677308e+02
1.757997844857677308e+02
1.757992937734411214e+02
1.757992937662437214e+02
1.751317149547777205e+02
1.751317149547777205e+02
1.751317149547777205e+02
1.578240100130702501e+02
1.334693842421756926e+02
1.334693842421756926e+02
1.334693842421756926e+02
1.334693842421756926e+02
1.334693842421756926e+02
1.334693842421756926e+02
9.471571819215222376e+01
9.471571753334889365e+01
9.471571753334889365e+01
9.471571753317977027e+01
9.471314287032311086e+01
9.471314278180706481e+01
9.471262688596468138e+01
9.471262688596468138e+01
9.326721960504637821e+01
9.326721960504634978e+01
9.326721960504633557e+01
9.326721960504633557e+01
9.326721960504633557e+01
9.318072163724387735e+01
9.318072163724387735e+01
6.998134874626040869e+01
6.998134874626040869e+01
6.998134874626040869e+01
6.804054771483822606e+01
6.804054771483822606e+01
6.804054771483822606e+01
6.804054771483822606e+01
6.804054771483822606e+01
6.804054625443679072e+01
6.802255612430238330e+01
6.802255612430238330e+01
6.802255612430238330e+01
5.420076961021635498e+01
5.420076961021597839e+01
5.420076961021597839e+01
5.163142895699558466e+01
5.163142894443833342e+01
5.163140951633810971e+01
5.163140951633810971e+01
5.163140951633650388e+01
5.162487002621494980e+01
3.643896757260137065e+01
3.643896757260137065e+01
3.643896757260137065e+01
3.643896757260137065e+01
3.643896757260137065e+01
3.643896757260137065e+01
3.643896757260137065e+01
3.618499623910676632e+01
3.618498629840013336e+01
3.618498629839067604e+01
3.613354243517289888e+01
3.613354243517289888e+01
3.223177633012082310e+01
3.223177633012082310e+01
2.869803467840320010e+01
2.869803467840320010e+01
2.869803467840320010e+01
2.869803467840320010e+01
2.869803467840320010e+01
2.869803467840320010e+01
2.069822211634889797e+01
2.069822183428657070e+01
2.069822183428657070e+01
2.069822183419503858e+01
2.069803571634398764e+01
2.069797692492991459e+01
2.069797692479876616e+01
2.069797692479875906e+01
2.069797692479875906e+01
2.057155501409546616e+01
2.057155501409546616e+01
2.054372319706661543e+01
2.054372319706661543e+01
2.054372319706661543e+01
2.054372319706661543e+01
1.654749003443251354e+01
1.654749003443251354e+01
1.597116885969973410e+01
1.597116885969973410e+01
1.597116885969973410e+01
1.597116885969973410e+01
1.597116885969973410e+01
1.597116885969973410e+01
1.597116885720335588e+01
1.597116885720335588e+01
1.597069478675207321e+01
1.264468733295093550e+01
1.264468733295093550e+01
1.264468733295093550e+01
1.238380875050026653e+01
1.238380874402374232e+01
1.238380030111009411e+01
1.238380030110904606e+01
1.238380030110904606e+01
1.238131123749436213e+01
1.238131123749436213e+01
1.238131123749436213e+01
9.307448221802239630e+00
9.307448221802239630e+00
9.307448221802239630e+00
9.307448221802239630e+00
9.219024146479712911e+00
9.219024146479712911e+00
9.219024126461251356e+00
9.217425459436402235e+00
9.217425459436402235e+00
9.217425459436402235e+00
9.217425459436402235e+00
8.116338164951875100e+00
7.684003470379749068e+00
7.684003470379749068e+00
7.684003470379749068e+00
7.684003470379749068e+00
7.684003470379749068e+00
7.684003470379749068e+00
7.684003470379749068e+00
7.684003176725656026e+00
7.684003176612560715e+00
5.726027654916006959e+00
5.725933407364979466e+00
5.725933407364979466e+00
5.725933407364979466e+00
5.725933407364974137e+00
5.725933267776386337e+00
5.725933267776384561e+00
5.721282380589252092e+00
5.709772460430531993e+00
5.709772460430531993e+00
5.709772460430531993e+00
5.709772460430531993e+00
5.709772460430531993e+00
5.089850058203366778e+00
5.089850058203366778e+00
4.853195925460827453e+00
4.853195925460827453e+00
4.853195925460827453e+00
4.853195925460827453e+00
4.853195925460827453e+00
4.853195925460778604e+00
3.839208619227128860e+00
3.839207769330380771e+00
3.839207769330380771e+00
3.839207769330380771e+00
3.827501946670429867e+00
3.827501941996885204e+00
3.827496605467747059e+00
3.827496605466850887e+00
3.827496605466850887e+00
3.826224668649027993e+00
3.826224668649027993e+00
3.826224668649027993e+00
3.826224668649027993e+00
3.826224668649027993e+00
3.228347478749849397e+00
3.181842502073490397e+00
3.181842502073490397e+00
3.181842502073490397e+00
3.181842502072980583e+00
3.181842502072980583e+00
3.181836592985135770e+00
3.181836592985135770e+00
2.755458061062705521e+00
2.730518993044452003e+00
2.730518993044452003e+00
2.730518993044452003e+00
2.730518993044452003e+00
2.730518993044452003e+00
2.730518747688942316e+00
2.730518747581062833e+00
2.730518747581062833e+00
2.730518747581062833e+00
2.237234770991410215e+00
2.237234770991410215e+00
2.237157797114635915e+00
2.237157797114629254e+00
2.237157797110075119e+00
2.237157797110075119e+00
2.229437436843359599e+00
2.229415544970448693e+00
2.229415544970448693e+00
2.229415544970448693e+00
2.229415544970448693e+00
2.229415544970448693e+00
2.179847757005276776e+00
2.039137540272928373e+00
2.039137540272928373e+00
2.039137540272928373e+00
2.039137540272928373e+00
2.039137540272928373e+00
1.697350861937488853e+00
1.697350861901985919e+00
1.697350861901985919e+00
1.697350855820590532e+00
1.697350855820590532e+00
1.697350855820590532e+00
1.697279657393691688e+00
1.697274043051638870e+00
1.697274043050307712e+00
1.697274043050307712e+00
1.697274043050307712e+00
1.696175572130361076e+00
1.696175572130361076e+00
1.696175572130361076e+00
1.632106369696462167e+00
1.593207852560497795e+00
1.593207852560497795e+00
1.593207852560497795e+00
1.593207852560497795e+00
1.593207852560497795e+00
1.593207852243872402e+00
1.593207852243872402e+00
1.593207852243872402e+00
1.396821617973909024e+00
1.396821617973909024e+00
1.396621003994056087e+00
1.396621003994056087e+00
1.396621003994056087e+00
1.396621003994056087e+00
1.396621003994056087e+00
1.396621003807310357e+00
1.396620660385934576e+00
1.325161740751494843e+00
1.325043103900658492e+00
1.325043103900640507e+00
1.325043103900640507e+00
1.325043103900640507e+00
1.316123532448940869e+00
1.316123532448940869e+00
1.316123532448940869e+00
1.316123530818419152e+00
1.316123530818419152e+00
1.316123530818419152e+00
1.316123530818419152e+00
1.316123530818419152e+00
1.315575638399844038e+00
1.223144056633842736e+00
1.223144056633842736e+00
1.156359466458825702e+00
1.156359466458825702e+00
1.156359466458825702e+00
1.156359466458825702e+00
1.156359451357657608e+00
1.156359451353569323e+00
1.156348002541273123e+00
1.156348002541273123e+00
1.156347995478761659e+00
1.156347995478761659e+00
1.156347995478761659e+00
1.154664616619833772e+00
1.154664616619833550e+00
1.153708122453694696e+00
1.153708122453694696e+00
1.153708122453694696e+00
1.118674437800808663e+00
1.118674437800808663e+00
1.118674437800808663e+00
1.118674437800808663e+00
1.118674437800808663e+00
1.118674437800808663e+00
1.118674437800808663e+00
1.068249776334071477e+00
1.068249776334071477e+00
1.068249751254276347e+00
1.068249751254276347e+00
1.068249751254276347e+00
1.068249750669750586e+00
1.068248867994261220e+00
1.068248867994183060e+00
1.067994165202431844e+00
1.067994165202431844e+00
1.066629606971332578e+00
1.066629606971332578e+00
1.056174210034665828e+00
1.056174210034665828e+00
1.056174210034665828e+00
1.056174210034665828e+00
1.056174210034665828e+00
1.056174210034665828e+00
1.056174210034665828e+00
1.026399485852601545e+00
1.026399414607939153e+00
1.026399414607939153e+00
1.026399414607939153e+00
1.024858471690593076e+00
1.024858419578546620e+00
1.024858419578546620e+00
1.024858419578546620e+00
1.024858419578546620e+00
1.024858419561365919e+00
1.024828705237690318e+00
1.024828705237690318e+00
1.024828705237690318e+00
1.024828705237688986e+00
1.022431545441969458e+00
1.022431545441969458e+00
1.022431545441969458e+00
1.022431385030422080e+00
1.022431385030422080e+00
1.009040851445954790e+00
1.009040851445954790e+00
1.009040851445954790e+00
1.009040851445954790e+00
1.009040851445954790e+00
1.009040851445954790e+00
1.007709750046212660e+00
1.007709750046212660e+00
1.007709750046212660e+00
1.007709750046212660e+00
1.007709747761064145e+00
1.007707152402927520e+00
1.007707152402927520e+00
1.007707152402555817e+00
1.007295947942939085e+00
1.007295688190090743e+00
1.007295688190090743e+00
1.007295688190090743e+00
1.002813014989187179e+00
1.002813014989187179e+00
1.002813014989187179e+00
1.002813014989187179e+00
1.002813014989187179e+00
1.002813014989187179e+00
1.001956834748566560e+00
1.001956834748566338e+00
1.001956834748566338e+00
1.001956834748566338e+00
1.001956520451124932e+00
1.001956355870120108e+00
1.001956355870120108e+00
1.001956355797977372e+00
1.001904821072125307e+00
1.001904821072125307e+00
1.001904821072119534e+00
1.001904821072119534e+00
1.001904821072119534e+00
1.000807945198763704e+00
1.000807945198763704e+00
1.000807945198763704e+00
1.000807945198763704e+00
1.000807945198763482e+00
1.000404781028589651e+00
1.000404781028589651e+00
1.000404781028589651e+00
1.000404781028589651e+00
1.000404781028589651e+00
1.000404781028589651e+00
1.000404501030528914e+00
1.000404501030528914e+00
1.000404501030528914e+00
1.000404493588926469e+00
1.000399852170187120e+00
1.000399852168577297e+00
1.000206032303857517e+00
1.000206032303857073e+00
1.000206032303857073e+00
1.000206032303857073e+00
1.000206032303857073e+00
1.000206032303857073e+00
1.000068317780080873e+00
1.000068317780080873e+00
1.000068317780080873e+00
1.000068317780080873e+00
1.000068135645595380e+00
1.000068135645595380e+00
1.000068135645595380e+00
1.000068135645595380e+00
1.000068135645595380e+00
1.000068135645595380e+00
1.000067838126336150e+00
1.000067838126335706e+00
1.000067837888856337e+00
1.000067837888856337e+00
1.000043288438728473e+00
1.000043288438703382e+00
1.000043288438703382e+00
1.000043288438703382e+00
1.000043288438703382e+00
1.000009349082733090e+00
1.000009349082733090e+00
1.000009349082733090e+00
1.000009349082733090e+00
1.000009263022958006e+00
1.000009263022958006e+00
1.000009263022958006e+00
1.000009263022958006e+00
1.000009263022958006e+00
1.000009263022957562e+00
1.000009263022957562e+00
1.000009263022957562e+00
1.000009263022957562e+00
1.000009249530308120e+00
1.000007031960095993e+00
1.000007031954780912e+00
1.000001022443429921e+00
1.000001022443429921e+00
1.000001022443429921e+00
1.000001022443429699e+00
1.000001022443429699e+00
1.000001022443429699e+00
1.000000993019668938e+00
1.000000993019668938e+00
1.000000993019668938e+00
1.000000993019668716e+00
1.000000993019668716e+00
1.000000993019668716e+00
1.000000993019668716e+00
1.000000993019668716e+00
1.000000993019668716e+00
1.000000993019668716e+00
1.000000850778391293e+00
1.000000850347525949e+00
1.000000850347525949e+00
1.000000088804613219e+00
1.000000088804613219e+00
1.000000088804530174e+00
1.000000088804530174e+00
1.000000081551532860e+00
1.000000081551532860e+00
1.000000081551532860e+00
1.000000081551532860e+00
1.000000081551532860e+00
1.000000081551532860e+00
1.000000081551532638e+00
1.000000081551532638e+00
1.000000081551532638e+00
1.000000081551532638e+00
1.000000081551532638e+00
1.000000075100071717e+00
1.000000006302864675e+00
1.000000006293219945e+00
1.000000006293219945e+00
1.000000005008902626e+00
1.000000005008902626e+00
1.000000005008902626e+00
1.000000005008901738e+00
1.000000005008901738e+00
1.000000005008901738e+00
1.000000005008901738e+00
1.000000005008901738e+00
1.000000005008901738e+00
1.000000005008901738e+00
1.000000005008901738e+00
1.000000005008901738e+00
1.000000005008901738e+00
1.000000005008901738e+00
1.000000000595989258e+00
1.000000000389969168e+00
1.000000000389969168e+00
1.000000000389969168e+00
1.000000000389969168e+00
1.000000000389969168e+00
1.000000000227215580e+00
1.000000000227064811e+00
1.000000000227064811e+00
1.000000000227064811e+00
1.000000000227064811e+00
1.000000000227064811e+00
1.000000000227064811e+00
1.000000000227064811e+00
1.000000000227064811e+00
1.000000000227064811e+00
1.000000000227064811e+00
1.000000000227064811e+00
1.000000000026913582e+00
1.000000000026913582e+00
1.000000000012210455e+00
1.000000000007598810e+00
1.000000000007598810e+00
1.000000000007598810e+00
1.000000000007598810e+00
1.000000000007597256e+00
1.000000000007597256e+00
1.000000000007597256e+00
1.000000000007597256e+00
1.000000000007597256e+00
1.000000000007597256e+00
1.000000000007597256e+00
1.000000000007597256e+00
1.000000000007597256e+00
1.000000000007597256e+00
1.000000000007597256e+00
1.000000000007597256e+00
1.000000000001205702e+00
1.000000000000262457e+00
1.000000000000190514e+00
1.000000000000190514e+00
1.000000000000190514e+00
1.000000000000190514e+00
1.000000000000190514e+00
1.000000000000190514e+00
1.000000000000190514e+00
1.000000000000190514e+00
1.000000000000190514e+00
1.000000000000190514e+00
1.000000000000190514e+00
1.000000000000190514e+00
1.000000000000147660e+00
1.000000000000004663e+00
1.000000000000004663e+00
1.000000000000004663e+00
1.000000000000004663e+00
1.000000000000003775e+00
1.000000000000003775e+00
1.000000000000003775e+00
1.000000000000003775e+00
1.000000000000003775e+00
1.000000000000003775e+00
1.000000000000003775e+00
1.000000000000003775e+00
1.000000000000003775e+00
1.000000000000003775e+00
1.000000000000003775e+00
1.000000000000003775e+00
1.000000000000002442e+00
1.000000000000002442e+00
1.000000000000000222e+00
1.000000000000000222e+00
1.000000000000000222e+00
1.000000000000000222e+00
1.000000000000000222e+00
1.000000000000000222e+00
1.000000000000000222e+00
1.000000000000000222e+00
1.000000000000000222e+00
1.000000000000000222e+00
1.000000000000000222e+00
1.000000000000000222e+00
1.000000000000000222e+00
1.000000000000000222e+00
1.000000000000000222e+00
1.000000000000000222e+00
1.000000000000000222e+00
1.000000000000000222e+00
1.000000000000000222e+00
1.000000000000000222e+00
1.000000000000000222e+00
1.000000000000000222e+00
1.000000000000000222e+00
1.000000000000000222e+00
1.000000000000000222e+00
1.000000000000000222e+00
1.000000000000000222e+00
1.000000000000000222e+00
1.000000000000000222e+00
1.000000000000000222e+00
1.000000000000000222e+00
1.000000000000000222e+00
1.000000000000000222e+00
1.000000000000000222e+00
1.000000000000000222e+00
1.000000000000000222e+00
1.000000000000000222e+00
1.000000000000000222e+00
1.000000000000000222e+00
1.000000000000000222e+00
1.000000000000000222e+00
1.000000000000000222e+00
1.000000000000000222e+00
1.000000000000000222e+00
1.000000000000000222e+00
1.000000000000000222e+00
1.000000000000000222e+00
1.000000000000000222e+00
1.000000000000000222e+00
1.000000000000000222e+00
1.000000000000000222e+00
1.000000000000000222e+00
1.000000000000000222e+00
1.000000000000000222e+00
1.000000000000000222e+00
1.000000000000000222e+00
1.000000000000000222e+00
1.000000000000000222e+00
1.000000000000000222e+00
1.000000000000000222e+00
1.000000000000000222e+00
1.000000000000000222e+00
1.000000000000000222e+00
1.000000000000000222e+00
1.000000000000000222e+00
1.000000000000000222e+00
1.000000000000000222e+00
1.000000000000000222e+00
1.000000000000000222e+00
1.000000000000000222e+00
1.000000000000000222e+00
1.000000000000000222e+00
1.000000000000000222e+00
1.000000000000000222e+00
1.000000000000000222e+00
1.000000000000000222e+00
1.000000000000000222e+00
1.000000000000000222e+00
1.000000000000000222e+00
1.000000000000000222e+00
1.000000000000000222e+00
1.000000000000000222e+00
1.000000000000000222e+00
1.000000000000000222e+00
1.000000000000000222e+00
1.000000000000000222e+00
1.000000000000000222e+00
1.000000000000000222e+00
1.000000000000000222e+00
1.000000000000000222e+00
1.000000000000000222e+00
1.000000000000000222e+00
1.000000000000000222e+00
1.000000000000000222e+00
1.000000000000000222e+00
1.000000000000000222e+00
1.000000000000000222e+00
1.000000000000000222e+00
1.000000000000000222e+00
1.000000000000000222e+00
1.000000000000000222e+00
1.000000000000000222e+00
1.000000000000000222e+00
1.000000000000000222e+00
1.000000000000000222e+00
1.000000000000000222e+00
1.000000000000000222e+00
1.000000000000000222e+00
1.000000000000000222e+00
1.000000000000000222e+00
1.000000000000000222e+00
1.000000000000000222e+00
1.000000000000000222e+00
1.000000000000000222e+00
1.000000000000000222e+00
1.000000000000000222e+00
1.000000000000000222e+00
1.000000000000000222e+00
1.000000000000000222e+00
1.000000000000000222e+00
1.000000000000000222e+00
1.000000000000000222e+00
1.000000000000000222e+00
1.000000000000000222e+00
1.000000000000000222e+00
1.000000000000000222e+00
1.000000000000000222e+00
1.000000000000000222e+00
1.000000000000000222e+00
1.000000000000000222e+00
1.000000000000000222e+00
1.000000000000000222e+00
1.000000000000000222e+00
1.000000000000000222e+00
1.000000000000000222e+00
1.000000000000000222e+00
1.000000000000000222e+00
1.000000000000000222e+00
1.000000000000000222e+00
1.000000000000000222e+00
1.000000000000000222e+00
1.000000000000000222e+00
1.000000000000000222e+00
1.000000000000000222e+00
1.000000000000000222e+00
1.000000000000000222e+00
1.000000000000000222e+00
1.000000000000000222e+00
1.000000000000000222e+00
1.000000000000000222e+00
1.000000000000000222e+00
1.000000000000000222e+00
1.000000000000000222e+00
1.000000000000000222e+00
1.000000000000000222e+00
1.000000000000000222e+00
1.000000000000000222e+00
1.000000000000000222e+00
1.000000000000000222e+00
1.000000000000000222e+00
1.000000000000000222e+00
1.000000000000000222e+00
1.000000000000000222e+00
1.000000000000000222e+00
1.000000000000000222e+00
1.000000000000000222e+00
1.000000000000000222e+00
1.000000000000000222e+00
1.000000000000000222e+00
1.000000000000000222e+00
1.000000000000000222e+00
1.000000000000000222e+00
1.000000000000000222e+00
1.000000000000000222e+00
1.000000000000000222e+00
1.000000000000000222e+00
1.000000000000000222e+00
1.000000000000000222e+00
1.000000000000000222e+00
1.000000000000000222e+00
1.000000000000000222e+00
1.000000000000000222e+00
1.000000000000000222e+00
1.000000000000000222e+00
1.000000000000000222e+00
1.000000000000000222e+00
1.000000000000000222e+00
1.000000000000000222e+00
1.000000000000000222e+00
1.000000000000000222e+00
1.000000000000000222e+00
1.000000000000000222e+00
1.000000000000000222e+00
1.000000000000000222e+00
1.000000000000000222e+00
1.000000000000000222e+00
1.000000000000000222e+00
1.000000000000000222e+00
1.000000000000000222e+00
1.000000000000000222e+00
1.000000000000000222e+00
1.000000000000000222e+00
1.000000000000000222e+00
1.000000000000000222e+00
1.000000000000000222e+00
1.000000000000000222e+00
1.000000000000000222e+00
1.000000000000000222e+00
1.000000000000000222e+00
1.000000000000000222e+00
1.000000000000000222e+00
1.000000000000000222e+00
1.000000000000000222e+00
1.000000000000000222e+00
1.000000000000000222e+00
1.000000000000000222e+00
1.000000000000000222e+00
1.000000000000000222e+00
1.000000000000000222e+00
1.000000000000000222e+00
1.000000000000000222e+00
1.000000000000000222e+00
1.000000000000000222e+00
1.000000000000000222e+00
1.000000000000000222e+00
1.000000000000000222e+00
1.000000000000000222e+00
1.000000000000000222e+00
1.000000000000000222e+00
