2.459405197523080031e+79
2.459405058963197320e+79
2.459405058717169048e+79
2.459405058661501300e+79
2.068446422833560728e+78
2.068445588078445676e+78
2.067654134851529247e+78
2.067654134348169403e+78
2.067654134326904136e+78
2.067653819104833842e+78
3.513178831214657676e+76
3.331976887837625621e+76
3.331976886552264804e+76
3.331976886368172696e+76
3.232106920936557734e+76
3.232106832405532917e+76
3.232106830200429541e+76
3.232106828167778899e+76
3.232106827489485851e+76
3.231896669930408558e+76
2.635762909089888231e+76
2.634704495968304221e+76
2.634235005181900724e+76
2.634235005144578624e+76
2.634235005144386434e+76
2.634235005144291625e+76
1.294854216630956702e+76
1.294854207301951323e+76
1.294854204866530017e+76
1.246339720955103464e+76
1.246339479412793203e+76
1.246338927046787092e+76
1.246338926868732893e+76
1.246338305925474768e+76
1.246338104130432665e+76
1.246338055633519590e+76
1.246338055539767610e+76
1.173120367776453897e+76
1.173120367773634364e+76
1.172248249398804608e+76
1.172248213318673839e+76
1.172248213318264874e+76
1.172248213218168382e+76
1.172248213218128530e+76
1.172248212893537972e+76
1.172243070310237582e+76
1.172243070300893076e+76
1.172243070300878453e+76
1.172243070300817229e+76
1.172243070298222988e+76
1.172243063614465976e+76
1.172243063614404752e+76
1.172243063608928628e+76
1.172243059581813656e+76
1.172243059581780071e+76
1.172205735450527924e+76
1.172205735261731184e+76
1.172205735261718329e+76
1.172205735191608104e+76
1.172205343158138786e+76
2.153965670509397711e+75
2.153955883829508515e+75
2.153955883829502891e+75
2.153407679627296186e+75
2.153407259016954073e+75
2.153406557305182926e+75
2.153406557251949890e+75
2.153406557251941453e+75
2.153406557240901789e+75
2.153405790381340239e+75
2.152981041516967616e+75
2.152682944771185548e+75
2.152682944771142161e+75
2.152682944770813140e+75
2.152649631252240395e+75
2.152647963306765968e+75
2.152647948178899364e+75
2.152647948178488791e+75
2.151744053088256375e+75
2.151744053088193303e+75
2.151742119367101486e+75
2.151742119277672170e+75
2.151742119277649271e+75
2.151741899428919770e+75
1.600427932131826584e+75
1.600427822383234341e+75
2.233234879473458424e+74
2.154615578261382221e+74
1.179653175040501132e+74
1.156670654174463345e+74
1.156670654174166564e+74
1.156571829935192124e+74
1.156571829816043694e+74
1.156448817824625889e+74
1.156448803428486257e+74
2.660021064131297101e+73
9.324951502802628593e+72
9.281437608678866084e+72
9.281437608678866084e+72
9.281437586663626564e+72
9.281359764247911786e+72
9.273653076083162369e+72
9.273653076083115291e+72
9.273653076082776327e+72
9.514167368177118858e+71
8.240719618728684487e+71
8.240719237593346849e+71
8.240719237247899305e+71
6.936545729410790198e+71
6.931060979923807502e+71
6.899404628066813064e+71
6.899404628057724997e+71
6.899400785136235130e+71
6.899355961278585816e+71
6.899355961278585816e+71
9.093284808111146194e+70
6.064974245878876698e+70
5.826163881610935484e+70
5.702924546145932652e+70
5.702924546140275904e+70
5.702305616930544979e+70
5.702305616930544979e+70
5.702305616698268921e+70
5.701913927326379742e+70
5.701913756478686509e+70
1.116225016807261255e+70
5.295446493653735406e+69
5.237765690116865852e+69
5.237765690116865852e+69
4.839414436852441508e+69
4.839414432052452457e+69
4.839414432052452457e+69
4.839359922790263332e+69
4.836614830316483448e+69
4.836614830316383069e+69
4.836614830316275028e+69
6.447521834822951459e+68
5.114403376718327546e+68
5.114384709472101163e+68
5.114384591739320835e+68
4.068870915183667528e+68
4.068870914772541118e+68
4.061073598921231901e+68
4.046823206005973238e+68
4.046823206002271782e+68
4.046823206002271782e+68
4.046819799738047407e+68
4.046819799738047407e+68
4.046807432367468835e+68
6.219751026969834406e+67
6.219751026969834406e+67
3.549941515072044949e+67
3.349895585566145182e+67
3.296248946570578522e+67
3.295393807555879559e+67
3.295393807546658845e+67
3.295393807546658845e+67
3.295393807454828240e+67
3.295288893533096039e+67
3.295288746516453341e+67
7.517299086276228839e+66
2.844201578628580440e+66
2.802935625133037445e+66
2.802935625133037445e+66
2.650033337031257594e+66
2.650033335327425984e+66
2.650033335327425984e+66
2.649965727389357329e+66
2.649305396674630060e+66
2.649305396674483021e+66
2.649305396674460199e+66
2.649305396674460199e+66
2.996192376123265395e+65
2.555114470056299707e+65
2.555114435270604899e+65
2.187318429226099466e+65
2.187318428920000225e+65
2.181713426459347041e+65
2.178408434356684441e+65
2.178408434355925396e+65
2.178408434355925396e+65
2.178404351683149787e+65
2.178404351683149787e+65
2.178400109431225334e+65
2.894038197076750946e+64
2.894038197076750362e+64
1.984438655960394023e+64
1.894318440435017307e+64
1.880439216103729595e+64
1.879746582215889263e+64
1.879746582208159966e+64
1.879746582208159966e+64
1.879746582187018760e+64
1.879706171994730912e+64
1.879705974126553720e+64
3.580239530724097169e+63
1.768033788480920584e+63
1.768033788480920584e+63
1.768033788480920584e+63
1.745270965642613219e+63
1.696394378082918526e+63
1.696394377588911242e+63
1.696394377588911242e+63
1.696394377588911242e+63
1.696325420673217072e+63
1.696005092689742534e+63
1.696005092689587615e+63
1.696005092689583230e+63
1.696005092689583230e+63
2.238674300785088573e+62
1.743477411664143959e+62
1.743477400204569223e+62
1.596567856515506396e+62
1.596567855840931590e+62
1.592312498039364923e+62
1.590228052914265024e+62
1.590228052914265024e+62
1.590228052914079596e+62
1.590228052914079596e+62
1.590222637647435244e+62
1.590222637647435244e+62
1.590221038120269302e+62
2.196070382690304334e+61
2.196070382690303763e+61
1.717097288863477330e+61
1.574381549658486742e+61
1.563031442678818140e+61
1.562349503963447869e+61
1.562349503963447869e+61
1.562349503941362067e+61
1.562349503934669702e+61
1.562329752055158626e+61
1.562329411821627699e+61
2.776396730705312431e+60
1.695558305361127348e+60
1.695558305361127348e+60
1.695558305361127348e+60
1.695558305361127348e+60
1.650108365857277236e+60
1.598559191145766100e+60
1.598559190944759314e+60
1.598559190944759314e+60
1.598559190944759314e+60
1.598357903263566853e+60
1.598270662290681106e+60
1.598270662290111455e+60
1.598270662290108958e+60
1.598270662290108958e+60
2.677242331256708448e+59
1.852867224261248348e+59
1.852867218330656857e+59
1.660631844843557934e+59
1.660631843027048281e+59
1.650528798063278399e+59
1.648943585372097057e+59
1.648943585372097057e+59
1.648943585371969051e+59
1.648943585371969051e+59
1.648935287509743566e+59
1.648935287509743566e+59
1.648934499454311416e+59
2.663821404065525724e+58
2.663821404065522937e+58
1.901997812043290195e+58
1.680919507374744172e+58
1.671748942068389286e+58
1.671748942068389286e+58
1.670032098463757611e+58
1.670032098400945332e+58
1.670032098396029411e+58
1.670032098396029411e+58
1.670021757027037973e+58
1.670021203000943047e+58
3.362446025336049567e+57
1.756870120881538104e+57
1.756870120881538104e+57
1.756870120881538104e+57
1.693560360502660832e+57
1.693560360502660832e+57
1.654809173215600097e+57
1.654809173077119438e+57
1.654809173077119438e+57
1.654809173077119438e+57
1.654710327351098911e+57
1.654504443882762090e+57
1.654504443881242503e+57
1.654504443881241458e+57
1.654504443881241458e+57
2.333519251339988911e+56
2.333519245292545567e+56
1.779948261792226587e+56
1.650113017274964848e+56
1.650113014718895029e+56
1.637070566350823192e+56
1.636355613694468575e+56
1.636355613694468575e+56
1.636355613694468575e+56
1.636355613694419139e+56
1.636355613694419139e+56
1.636337619067934658e+56
1.636337619067934658e+56
1.636337120143128926e+56
1.636337120143128926e+56
2.305678929649272733e+55
2.305678929649267560e+55
1.851507767937602194e+55
1.679101392918385954e+55
1.674895904585085399e+55
1.674895904585085399e+55
1.672639342919974361e+55
1.672639342830178744e+55
1.672639342828252201e+55
1.672639342828252201e+55
1.672632673630118330e+55
1.672631449796548230e+55
2.932895243350497499e+54
1.875238394882803557e+54
1.875238394882803557e+54
1.875238394882803557e+54
1.817091661737921774e+54
1.817091661737921774e+54
1.796409678037488791e+54
1.796409678037488791e+54
1.796409677973734848e+54
1.796409677973734848e+54
1.796409677973734848e+54
1.796334788580036598e+54
1.796016990331097436e+54
1.796016990328545318e+54
1.796016990328544977e+54
1.796016990328544977e+54
3.163310714436754729e+53
3.163310710095286821e+53
2.110175197277893165e+53
2.023677431494981093e+53
2.023677423029272608e+53
2.007943663382831239e+53
2.007252110669996980e+53
2.007252110669996980e+53
2.007252110669977413e+53
2.007252110669977413e+53
2.007252110669977413e+53
2.007216644799649890e+53
2.007216644799649890e+53
2.007216351520148156e+53
2.007216351520148156e+53
3.190277577997870833e+52
3.190277577997857009e+52
2.760892703262580479e+52
2.337270506393495562e+52
2.332030467168254449e+52
2.332030467168254449e+52
2.328522678388676870e+52
2.328522678387686595e+52
2.328522678004467505e+52
2.328522678004467505e+52
2.328517628664501858e+52
2.328514521943693070e+52
4.134112066230662639e+51
3.030229132965047163e+51
3.030229132965047163e+51
3.030229132965047163e+51
2.855441737683280396e+51
2.855441737683280396e+51
2.822611499849151454e+51
2.822611499807388439e+51
2.822611499807388439e+51
2.822611499807388439e+51
2.822611499807388439e+51
2.822539268974768440e+51
2.821910054647222481e+51
2.821910054633348664e+51
2.821910054633348664e+51
2.821910054633348664e+51
6.460853945618672052e+50
6.460853940813272756e+50
3.753640939138399132e+50
3.578711020401929835e+50
3.578710985723757561e+50
3.578710985723757561e+50
3.520955112260991329e+50
3.520124316626205204e+50
3.520124316626184019e+50
3.520124316626184019e+50
3.520124316626184019e+50
3.520124316626184019e+50
3.520036842155315038e+50
3.520036842155315038e+50
3.520036842155315038e+50
3.520036602832373234e+50
3.520036602832373234e+50
6.701956235173374645e+49
6.701956235173236530e+49
5.538606070485011969e+49
4.405289961284584391e+49
4.398013398839761500e+49
4.398013398839761500e+49
4.383271852655511744e+49
4.383271852654273901e+49
4.383271850875564343e+49
4.383271850875564343e+49
4.383267103346590277e+49
4.383258274572430264e+49
8.773920753205349100e+48
5.860813104175304591e+48
5.860813104175304591e+48
5.860813104175304591e+48
5.407814483387985371e+48
5.407814483387985371e+48
5.361674680250303451e+48
5.361674680197148610e+48
5.361674680197148610e+48
5.361674680197148610e+48
5.361674680197147961e+48
5.361674680197147961e+48
5.361605525209093670e+48
5.358918592431565926e+48
5.358918592366030053e+48
5.358918592366030053e+48
5.358918592366030053e+48
1.048390091919989779e+48
1.048390091473672111e+48
6.824296578300280165e+47
6.595324425890914497e+47
6.595324331433308819e+47
6.595324331433308819e+47
6.457207743047879472e+47
6.456466241552706810e+47
6.456466241552691395e+47
6.456466241552691395e+47
6.456466241552691395e+47
6.456466241552691395e+47
6.456117894780261633e+47
6.456117894780261633e+47
6.456117894780261633e+47
6.456117610804454241e+47
6.456117610804454241e+47
1.073517592476235818e+47
1.073517592476189169e+47
9.488080232336018044e+46
7.893954388231525923e+46
7.887749419427202899e+46
7.887749419427202899e+46
7.854229677231394955e+46
7.854229677230520784e+46
7.854229672650399781e+46
7.854229672650399781e+46
7.854224295815646877e+46
7.854190739096450374e+46
1.401770677958204725e+46
1.069864943475023290e+46
1.069864943475023290e+46
1.069864943475023290e+46
9.998102373532849044e+45
9.956072720604013699e+45
9.956072720604013699e+45
9.956072720563741707e+45
9.956072720563741707e+45
9.956072720563741707e+45
9.956072720563735369e+45
9.956072720563735369e+45
9.956072720563735369e+45
9.955988610268717757e+45
9.949434353513797912e+45
9.949434353332626556e+45
9.949434353332626556e+45
9.949434353332626556e+45
2.498494248978377595e+45
2.498494248421387767e+45
1.371577706508249398e+45
1.346645597616268042e+45
1.346645550999671083e+45
1.346645550999671083e+45
1.320225127339492646e+45
1.320115786873960311e+45
1.320115786873959201e+45
1.320115786873959201e+45
1.320115786873959201e+45
1.320115786873959201e+45
1.320012750281020675e+45
1.320012750281020675e+45
1.320012750281020675e+45
1.320012724196237079e+45
1.320012724196237079e+45
2.637431890953007874e+44
2.637431890952782073e+44
2.429285560846387615e+44
1.823233270555449488e+44
1.823233270555449488e+44
1.822065529294672687e+44
1.822065529294672687e+44
1.813871678045442080e+44
1.813871678045369587e+44
1.813871675153676343e+44
1.813871675153676343e+44
1.813871045030729654e+44
1.813871045030729654e+44
1.813858381919556698e+44
3.520072971370620590e+43
2.917087760523562427e+43
2.917087760523562427e+43
2.917087760523562427e+43
2.597994160381580865e+43
2.597994160381580865e+43
2.587980385418415333e+43
2.587980385414185539e+43
2.587980385414185539e+43
2.587980385414185539e+43
2.587980385414183064e+43
2.587980385414183064e+43
2.587980385414183064e+43
2.587967897523021298e+43
2.585938854008116299e+43
2.585938853863240671e+43
2.585938853863240671e+43
2.585938853863240671e+43
8.460188389374023082e+42
8.460188388381266971e+42
4.054011799875615634e+42
3.977240194514830557e+42
3.977239906805834088e+42
3.977239906805834088e+42
3.831645322197110549e+42
3.831442945222743824e+42
3.831442945222742586e+42
3.831442945222742586e+42
3.831442945222742586e+42
3.831442945222742586e+42
3.831045246185991220e+42
3.831045246185991220e+42
3.831045246185991220e+42
3.831045212030720457e+42
3.831045212030720457e+42
9.380375961109144387e+41
9.380375961105767906e+41
8.469923676449113924e+41
5.830209845380067062e+41
5.830209845380067062e+41
5.827585591920120741e+41
5.827585591920120741e+41
5.773954187772355792e+41
5.773954187772211881e+41
5.773954167040189419e+41
5.773954167040189419e+41
5.773953174493137106e+41
5.773953174493137106e+41
5.773894378695807605e+41
1.280916184027519616e+41
1.012323566751723929e+41
1.012323566751723929e+41
1.012323566751723929e+41
8.678186487019493519e+40
8.678186487019493519e+40
8.653610129590664669e+40
8.653610129581419772e+40
8.653610129581419772e+40
8.653610129581419772e+40
8.653610129581383988e+40
8.653610129581383988e+40
8.653610129581383988e+40
8.653588424821442157e+40
8.639016584038765098e+40
8.639016582894719909e+40
8.639016582894719909e+40
8.639016582894719909e+40
8.639016582894719909e+40
2.523442499958366603e+40
2.523442499785726194e+40
1.356561702466989441e+40
1.337577824183986370e+40
1.337577675075809113e+40
1.337577675075809113e+40
1.273976877366839117e+40
1.273942098385649256e+40
1.273942098385649256e+40
1.273942098385649014e+40
1.273942098385649014e+40
1.273942098385649014e+40
1.273659468838677115e+40
1.273659468838677115e+40
1.273659468838677115e+40
1.273659461459576944e+40
1.273659461459576944e+40
2.758802239296825434e+39
2.758802239294759380e+39
2.579607913661606026e+39
1.888599416682275014e+39
1.888599416682275014e+39
1.888599416682275014e+39
1.888171256426989418e+39
1.888171256426989418e+39
1.866229695275655325e+39
1.866229695275636587e+39
1.866229685351362341e+39
1.866229685351362341e+39
1.866229482672604878e+39
1.866229482672604878e+39
1.866189994708470073e+39
3.733142240994612010e+38
3.190963035558652358e+38
3.190963035558652358e+38
3.190963035558652358e+38
2.800887737471944947e+38
2.800887737471944947e+38
2.796902479644245186e+38
2.796902479644245186e+38
2.796902479643032860e+38
2.796902479643032860e+38
2.796902479643005659e+38
2.796902479643005659e+38
2.796898047753085333e+38
2.796898047753085333e+38
2.790953934820485641e+38
2.790953934273351504e+38
2.790953934273351504e+38
2.790953934273351504e+38
2.790953934273351504e+38
1.025942184189816166e+38
1.025942184153990216e+38
4.593277633788149613e+37
4.559218654204108958e+37
4.559217540464217897e+37
4.559217540464217897e+37
4.362256560581983451e+37
4.362176854094099066e+37
4.362176854094099066e+37
4.362176854094099066e+37
4.362176854094099066e+37
4.362176854094099066e+37
4.360882371963544098e+37
4.360882371963544098e+37
4.360882371963544098e+37
4.360882361103261001e+37
4.360882361103261001e+37
1.171967270055341455e+37
1.171967270053633139e+37
1.120563595948556766e+37
7.180209046238620993e+36
7.180209046238620993e+36
7.180209046238620993e+36
7.178999284917197026e+36
7.178999284917197026e+36
7.094847239348919850e+36
7.094847147135460794e+36
7.094847147135436002e+36
7.094847147135436002e+36
7.094847147135436002e+36
7.094846779379410679e+36
7.094846779379410679e+36
7.094623822894677503e+36
1.634506905889481404e+36
1.465078443271430745e+36
1.465078443271430745e+36
1.465078443271430745e+36
1.195446921967226255e+36
1.195446921967226255e+36
1.194027532377762419e+36
1.194027532377762419e+36
1.194027532377559062e+36
1.194027532377559062e+36
1.194027532377536630e+36
1.194027532377536630e+36
1.194026518328496497e+36
1.194026518328496497e+36
1.191152854990491651e+36
1.191152854349778823e+36
1.191152854349778823e+36
1.191152854349778823e+36
1.191152854349778823e+36
5.562537740671851802e+35
5.562537740574965812e+35
2.252378403304903449e+35
2.236365274811748618e+35
2.236364227943108429e+35
2.236364227943108429e+35
2.074315876495167217e+35
2.074293249864650732e+35
2.074293249864650732e+35
2.074293249864650732e+35
2.074293249864650732e+35
2.074293249864650732e+35
2.074293249864650732e+35
2.073516658115072351e+35
2.073516658115071982e+35
2.073516658115071982e+35
2.073516655856303219e+35
2.073516655856303219e+35
6.886040286821375145e+34
6.886040286783459707e+34
6.541407560285862095e+34
3.805088068464255826e+34
3.805088068464255826e+34
3.805088068464255826e+34
3.804661513427396976e+34
3.804661513427396976e+34
3.722131118489884226e+34
3.722131019339268014e+34
3.722131019339260636e+34
3.722131019339260636e+34
3.722131019339260636e+34
3.722130926223891969e+34
3.722130926223891969e+34
3.721968105875879929e+34
9.993810870698614741e+33
8.780277608305355147e+33
8.780277608305355147e+33
8.780277608305355147e+33
8.780277608305355147e+33
6.769597022712044409e+33
6.769597022712044409e+33
6.763880770574229577e+33
6.763880770573517072e+33
6.763880770573517072e+33
6.763880770573053597e+33
6.763880770573053597e+33
6.763877777021993780e+33
6.731428433479507130e+33
6.731428433479507130e+33
6.731428425485827335e+33
6.731428425485827335e+33
6.731428425485827335e+33
6.731428425485827335e+33
2.977458610985424813e+33
1.339479150143135213e+33
1.339479150136991870e+33
1.332356458819433027e+33
1.332355472893871297e+33
1.332355472893871297e+33
1.208740027528312353e+33
1.208732959432330891e+33
1.208732959432330891e+33
1.208732959432330891e+33
1.208732959432330891e+33
1.208732959432330891e+33
1.208732959432330891e+33
1.208732959432330891e+33
1.207803158179562916e+33
1.207803158179561619e+33
1.207803158179561619e+33
1.207803157341503410e+33
1.207803157341503410e+33
3.671254571254367351e+32
3.671254571212264098e+32
3.546202908658879387e+32
2.208069546448437986e+32
2.208069546448437986e+32
2.208069546448437986e+32
2.207937399186071189e+32
2.147226946741317293e+32
2.147226946741317293e+32
2.147226859189604669e+32
2.147226859189602507e+32
2.147226859189602507e+32
2.147226859189602507e+32
2.147226825303695653e+32
2.147226825303695653e+32
2.147035703564541269e+32
5.272959171962356175e+31
4.830704124894398444e+31
4.830704124894398444e+31
4.830704124894398444e+31
4.830704124894398444e+31
3.852162608346313984e+31
3.852162608346313984e+31
3.850459139964330072e+31
3.850459139964162088e+31
3.850459139964162088e+31
3.850459139963575719e+31
3.850459139963575719e+31
3.850459139963575719e+31
3.827380531019011752e+31
3.827379482869247074e+31
3.827379482869247074e+31
3.827379476012281104e+31
3.827379476012281104e+31
3.827379476012281104e+31
3.827379476012281104e+31
2.014426806205134516e+31
7.697007931808862757e+30
7.697007931794116846e+30
7.675317392910880474e+30
7.675305851892540419e+30
7.675305851892540419e+30
7.031363280877547588e+30
7.031337126654336622e+30
7.031337126654336622e+30
7.031337126654336622e+30
7.031337126654336622e+30
7.031337126654336622e+30
7.031337126654336622e+30
7.031337126654336622e+30
7.024425108914241406e+30
7.024425108914223392e+30
7.024425108914223392e+30
7.024425106853753379e+30
7.024425106853753379e+30
2.628943202508984886e+30
2.628943202451699099e+30
2.569258272938300761e+30
1.382636328908724497e+30
1.382636328908724497e+30
1.382636328908724497e+30
1.382579668201035561e+30
1.345547416143007583e+30
1.345547294872484554e+30
1.345547294872484554e+30
1.345547294872483991e+30
1.345547294872483991e+30
1.345547294872483991e+30
1.345547285200309111e+30
1.345382381601702819e+30
1.345382381601702819e+30
3.937857172334112362e+29
3.704833048710747442e+29
3.704833048710747442e+29
3.704833048710747442e+29
3.704833048710747442e+29
3.704833048710747442e+29
2.683090039845839127e+29
2.682186252359424210e+29
2.682186252359379526e+29
2.682186252359379526e+29
2.682186252359379526e+29
2.682186252358623765e+29
2.682186252358623765e+29
2.664786661742387195e+29
2.664786292418026685e+29
2.664786292418026685e+29
2.664786280693314953e+29
2.664786280693314953e+29
2.664786280693314953e+29
2.664786280693314953e+29
1.690373687033714652e+29
6.252206437150290440e+28
6.252206437144948572e+28
6.252206437144948572e+28
6.236551364940348061e+28
6.236534621971361089e+28
6.236534621971361089e+28
5.444591283234536243e+28
5.444579884491185907e+28
5.444579884491185907e+28
5.444579884491185907e+28
5.444579884491185907e+28
5.444579884491185907e+28
5.444579884491185907e+28
5.444579884491185907e+28
5.438138740910620221e+28
5.438138740910592073e+28
5.438138740910592073e+28
5.438138740232490707e+28
5.438138740232490707e+28
2.482291765570036234e+28
2.482291765389884333e+28
2.424146729049440542e+28
2.424146729049440542e+28
1.202094452839236336e+28
1.202094452839236336e+28
1.202063320428413926e+28
1.202063320428413926e+28
1.148351872680331549e+28
1.148351678591875997e+28
1.148351678591875997e+28
1.148351678591875777e+28
1.148351678591875777e+28
1.148351678591875777e+28
1.148351674723528228e+28
1.148164969349145964e+28
1.148164969349145964e+28
3.962999647273283196e+27
3.706445449175268092e+27
3.706445449175268092e+27
3.706445449175268092e+27
3.706445449175268092e+27
2.507252416246674545e+27
2.507252416246674545e+27
2.506678693825647978e+27
2.506678693825623239e+27
2.506678693825623239e+27
2.506678693825623239e+27
2.506678693823295573e+27
2.506678693823295573e+27
2.477131989336176172e+27
2.477131814097144335e+27
2.477131814097144335e+27
2.477131791834939332e+27
2.477131791834939332e+27
2.477131791834939332e+27
1.561907681047641363e+27
1.561907681047641363e+27
6.379932467160458794e+26
6.379932467157025569e+26
6.379932467157025569e+26
6.379905229664314826e+26
6.368048612169198782e+26
5.367264315953196906e+26
5.367264315953196906e+26
5.367264315953196906e+26
5.367258233451348114e+26
5.367258233451348114e+26
5.367258233451348114e+26
5.367258233451348114e+26
5.367258233451252594e+26
5.355036387126750600e+26
5.355036387126750600e+26
5.355036387126750600e+26
5.355036387126750600e+26
5.355036386720866570e+26
5.355036386720866570e+26
5.355036384878611473e+26
2.346403619695618570e+26
2.346403619695618570e+26
2.308361008751272846e+26
1.220997011971663613e+26
1.220997011971663613e+26
1.220979375195566629e+26
1.220979375195566629e+26
1.220979034113777077e+26
1.152253755517734942e+26
1.152253755517734942e+26
1.152253755517734942e+26
1.152253755517734942e+26
1.152253755517734942e+26
1.152253753113621157e+26
1.151886378643988373e+26
1.151886378643988373e+26
3.738244944574633011e+25
3.568866371225165024e+25
3.568866371225165024e+25
3.568866371225165024e+25
3.568866371225165024e+25
2.506806748888540420e+25
2.506806748888540420e+25
2.506491798828435300e+25
2.506491798828435300e+25
2.506491798828424992e+25
2.506491798828424992e+25
2.506491798823310545e+25
2.506491798823310545e+25
2.469514537195800065e+25
2.469514429688286418e+25
2.469514429688286418e+25
2.469514395294082655e+25
2.469514395294082655e+25
2.469514395294082655e+25
1.733458328660934016e+25
1.733458328660934016e+25
6.286307237963503881e+24
6.286307237962084394e+24
6.286307237962084394e+24
6.286255548973786354e+24
6.279929442951143744e+24
5.371312835018277297e+24
5.371312835018277297e+24
5.371312835018277297e+24
5.371309074735992240e+24
5.371309074735992240e+24
5.371309074735992240e+24
5.371309074735780713e+24
5.371309074735780713e+24
5.355951088042218092e+24
5.355951088042218092e+24
5.355951088042218092e+24
5.355951088042218092e+24
5.355951087869426189e+24
5.355951087869426189e+24
5.355951085004652938e+24
2.771961433224048311e+24
2.771961433224048311e+24
2.742641060868432629e+24
1.271479840119731410e+24
1.271479840119731410e+24
1.271468034350769148e+24
1.271468034350769148e+24
1.271467311370870075e+24
1.202744176439397462e+24
1.202744176439397462e+24
1.202744176439397462e+24
1.202744176439397462e+24
1.202744176439397462e+24
1.202744175324648096e+24
1.202241703297912664e+24
4.661596951092356941e+23
4.661596951092356941e+23
4.661596951092356941e+23
4.514876555764646218e+23
4.514876555764646218e+23
4.514876555764645547e+23
2.846534043453335431e+23
2.846534043453335431e+23
2.846534043453335431e+23
2.846283356258629939e+23
2.846283356258625577e+23
2.846283356248373021e+23
2.846283356248373021e+23
2.846283356248373021e+23
2.802446771933285701e+23
2.802446771933285701e+23
2.802446713013334526e+23
2.802446626434761338e+23
2.802446626434761338e+23
2.802446626434761338e+23
2.802446626434761338e+23
2.216091822244738797e+23
8.416002701942048424e+22
8.416002701942048424e+22
8.416002701941202852e+22
8.415886393357493915e+22
8.415886393357493915e+22
8.415886393357493915e+22
8.408886182996940423e+22
6.739561631962860880e+22
6.739561631962860880e+22
6.739561631962860880e+22
6.739559112575338047e+22
6.739559112575338047e+22
6.739559112575338047e+22
6.739559112575338047e+22
6.739559112574818792e+22
6.717325514377656900e+22
6.717325514377656900e+22
6.717325514377656900e+22
6.717325514377656900e+22
6.717325514287231061e+22
6.717325505479107936e+22
6.717325505479107936e+22
6.717325505479107936e+22
4.091022965226445210e+22
4.051563519887649695e+22
1.806784086391726801e+22
1.806784086391726801e+22
1.806773941173113953e+22
1.806772108359031482e+22
1.659434632387265089e+22
1.659434632387265089e+22
1.659434632387265089e+22
1.659434632387265089e+22
1.659434632387265089e+22
1.659434632387265089e+22
1.659434631681269983e+22
1.658554796867593227e+22
1.658554796867593227e+22
7.552164781403693646e+21
7.552164781403693646e+21
7.314455346350273855e+21
7.314455346350273855e+21
7.314455346350269661e+21
4.327596670036810924e+21
4.327596670036810924e+21
4.327596670036810924e+21
4.327350078354580570e+21
4.327350078308258152e+21
4.327350078308258152e+21
4.327350078308254482e+21
4.327350078308254482e+21
4.217666732420377346e+21
4.217666732420377346e+21
4.217666688020386939e+21
4.217666441827310895e+21
4.217666441827310895e+21
4.217666441827310895e+21
4.217666441827310895e+21
3.385494894758889783e+21
1.428479786905577456e+21
1.428479786905577456e+21
1.428479786905577456e+21
1.428448961471981552e+21
1.428448961471896355e+21
1.427590515209983230e+21
1.427590515209983230e+21
1.093386909733482136e+21
1.093386909733482136e+21
1.093386909733482136e+21
1.093386689120935608e+21
1.093386689120935608e+21
1.093386689120935608e+21
1.093386689120935608e+21
1.093386689120668484e+21
1.087003878689524941e+21
1.087003878689524941e+21
1.087003878689524941e+21
1.087003878689524941e+21
1.087003878681269502e+21
1.087003875785603547e+21
1.087003875785603547e+21
6.623005073065021276e+20
6.623005073065021276e+20
6.623005073065021276e+20
3.131161499967367414e+20
3.121259936107797545e+20
3.121254904176265789e+20
3.121244831169499628e+20
2.808159801250905457e+20
2.808159801250905457e+20
2.808159801250905457e+20
2.808159801250905457e+20
2.808159801250905457e+20
2.808159801250905457e+20
2.808159800546048082e+20
2.805405864282431488e+20
2.805405864282431488e+20
1.247456490385963418e+20
1.247456490385963418e+20
1.219594896681231647e+20
1.219594896681229353e+20
1.219594896681229353e+20
1.219594896681229353e+20
1.219594896681229353e+20
7.473448522581671936e+19
7.473448522581671936e+19
7.473203848364263014e+19
7.473203848364263014e+19
7.473203848190820352e+19
7.473203848190817075e+19
7.473203848190817075e+19
7.236953761983673958e+19
7.236953761983673958e+19
7.236953716408746803e+19
7.236953049590879027e+19
7.236953049590879027e+19
7.236953049590879027e+19
7.236953049590879027e+19
6.135650128483372237e+19
6.135650128483372237e+19
2.422625366402947072e+19
2.422528415757361971e+19
2.422528415757361971e+19
2.422528415757300122e+19
2.421706767601870848e+19
2.421706767601870848e+19
2.421706767601870848e+19
1.885020293127240909e+19
1.885020293127240909e+19
1.885020293127240909e+19
1.885020293127240909e+19
1.885020064519678771e+19
1.885020064519678771e+19
1.885020064518681805e+19
1.871250571734172877e+19
1.871250571734172877e+19
1.871250571734172877e+19
1.871250571734172877e+19
1.871250571734172877e+19
1.871250563839857050e+19
1.871250563833704858e+19
1.273141743352259379e+19
1.273141743352259379e+19
1.273141743352259379e+19
5.479915793865110528e+18
5.469812443276891136e+18
5.469795544927953920e+18
5.469784759946264576e+18
4.939823884580501504e+18
4.939823884580501504e+18
4.939823884580501504e+18
4.939823884580501504e+18
4.939823884580501504e+18
4.939823884580501504e+18
4.939823884032004096e+18
4.933631220767126528e+18
4.933631220767126528e+18
4.933631220767126528e+18
2.550079395230542336e+18
2.550079395230530560e+18
2.550079395230530560e+18
2.511064783803500544e+18
2.511064783803500544e+18
2.511064783803500544e+18
1.392627939398270720e+18
1.392627939398270720e+18
1.392627939342862080e+18
1.392598318505451264e+18
1.392598318505451264e+18
1.392598318505451008e+18
1.392598318505451008e+18
1.347585019027083520e+18
1.347584766194440704e+18
1.347584766194440704e+18
1.347584762220510208e+18
1.347584762220510208e+18
1.347584762220510208e+18
1.347584762220510208e+18
1.212731371763620608e+18
1.212731371763620608e+18
5.297639471688883200e+17
5.297302498236252800e+17
5.297302498236252800e+17
5.297302498236192000e+17
5.295932661819646720e+17
5.295932661819646720e+17
5.295932661819646720e+17
3.825618204951548800e+17
3.825618204951548800e+17
3.825618204951548800e+17
3.825618204951548800e+17
3.825617968165829120e+17
3.825617968165829120e+17
3.825617968162051200e+17
3.794502529866839040e+17
3.794502529866839040e+17
3.794502529866839040e+17
3.794502529866839040e+17
3.794502529866839040e+17
3.794502494370342400e+17
3.794502494365169280e+17
3.794502494365169280e+17
2.881302467245074560e+17
2.881302467245074560e+17
1.266787775633519360e+17
1.266787775633519360e+17
1.264904747450396160e+17
1.264898178785826240e+17
1.264898178785826240e+17
1.096912337936038720e+17
1.096911247211233440e+17
1.096911247211233440e+17
1.096911247211233440e+17
1.096911247211233440e+17
1.096911247211233440e+17
1.096911247155932320e+17
1.095235040373834720e+17
1.095235040373834720e+17
1.095235040373834720e+17
1.095235040373834720e+17
1.095235040373814880e+17
6.479381909310411200e+16
6.479381909310411200e+16
6.391414408642261600e+16
6.391414408642261600e+16
6.391414408642261600e+16
3.417985287857181200e+16
3.417985287857181200e+16
3.417985287492196800e+16
3.417940416596843600e+16
3.417940416596843600e+16
3.417940416596843600e+16
3.417940416596843600e+16
3.253302152661152000e+16
3.253302152661152000e+16
3.253301081555072400e+16
3.253301076819233600e+16
3.253301076819233600e+16
3.253301076819233600e+16
3.253301076819233600e+16
2.974874843356874400e+16
1.449647119022989400e+16
1.449647119022989400e+16
1.449508573958783800e+16
1.449508573958783800e+16
1.449508573958783800e+16
1.449508573958775000e+16
1.449250627564064800e+16
1.001146276457127800e+16
1.001146276457127800e+16
1.001146276457127800e+16
1.001146276457127800e+16
1.001146276457127800e+16
1.001146243299179600e+16
1.001146243299179600e+16
1.001146243296350600e+16
9.880579654485298000e+15
9.880579654485298000e+15
9.880579654485298000e+15
9.880579654485298000e+15
9.880579479539470000e+15
9.880579479539470000e+15
9.880579479539470000e+15
9.880579479532568000e+15
7.672883477644441000e+15
7.672883477644441000e+15
3.603700160328335500e+15
3.603700160328335500e+15
3.599866409663982000e+15
3.599866409663982000e+15
3.599837196244292000e+15
3.036604060281192000e+15
3.036602351099703500e+15
3.036602351099703500e+15
3.036602351099703500e+15
3.036602351099703500e+15
3.036602351099703500e+15
3.036602351016306000e+15
3.028681471973391000e+15
3.028681471973391000e+15
3.028681471973391000e+15
3.028681471973391000e+15
3.028681471973391000e+15
3.028681471973225000e+15
1.818420748425212000e+15
1.800927279086031000e+15
1.800927279086031000e+15
1.800927279086031000e+15
9.919594648225422500e+14
9.919594648225422500e+14
9.919594645990897500e+14
9.919517368175613750e+14
9.919517368175613750e+14
9.919517368175613750e+14
9.919517368175613750e+14
9.335985498365382500e+14
9.335985498365382500e+14
9.335980654931272500e+14
9.335980647256671250e+14
9.335980647256671250e+14
9.335980647256671250e+14
9.335980647256671250e+14
8.745309165313326250e+14
4.207837870816844375e+14
4.207117369661440625e+14
4.207117369661440625e+14
4.207117369661440625e+14
4.207117369661440625e+14
4.207117369661440625e+14
4.207117369661429375e+14
4.206673015891326250e+14
2.937123165507049375e+14
2.937123165507049375e+14
2.937123165507049375e+14
2.937123165507048750e+14
2.937123165507048750e+14
2.937123165507048750e+14
2.937123109347395000e+14
2.937123109329697500e+14
2.889337734193345625e+14
2.889337734193345625e+14
2.889337734193345625e+14
2.889337734193345625e+14
2.889337652047649375e+14
2.889337652047649375e+14
2.889337652047649375e+14
2.889337652047649375e+14
2.889337652046765625e+14
2.384753370528060000e+14
1.072501211092624219e+14
1.071806597373075469e+14
1.071806597373075469e+14
1.071806597373075469e+14
1.071790612006106250e+14
9.054357584369539062e+13
9.054354594069592188e+13
9.054354594069592188e+13
9.054354594069592188e+13
9.054354594069592188e+13
9.054354594069592188e+13
9.054354594069592188e+13
9.024405757968157812e+13
9.024405757968157812e+13
9.024405757857881250e+13
9.024405757857881250e+13
9.024405757857881250e+13
9.024405757856809375e+13
6.021471120921929688e+13
5.982126631617759375e+13
5.982126631617759375e+13
3.076534802423437109e+13
3.076534802423437109e+13
3.076534801243197266e+13
3.076534801243197266e+13
3.076520173427106250e+13
3.076520173427106250e+13
3.076520173427106250e+13
3.076520173427106250e+13
2.890122452651583203e+13
2.890122452651583203e+13
2.890119587494585547e+13
2.890119586393466406e+13
2.890119586393466406e+13
2.890119586393466406e+13
2.890119586393466406e+13
2.890119586393466406e+13
2.888673556356141797e+13
2.770294308096350781e+13
1.490196948630785938e+13
1.490196948630785938e+13
1.490196948630785938e+13
1.490196948630784180e+13
1.490087238085216797e+13
1.490087238085216797e+13
9.715019075935531250e+12
9.715019075935531250e+12
9.715019075935523438e+12
9.715019075935523438e+12
9.715019075935523438e+12
9.715019075935523438e+12
9.715019075829205078e+12
9.715018983840564453e+12
9.541367093360347656e+12
9.541367093360347656e+12
9.541367093360347656e+12
9.541366540401925781e+12
9.541366540401925781e+12
9.541366540401925781e+12
9.541366540401925781e+12
9.541366540401925781e+12
8.348597491127600586e+12
8.348597491126682617e+12
4.019222027670791992e+12
4.017302063387532715e+12
4.017302063387532715e+12
4.017302063387532715e+12
4.017206492227050293e+12
3.239456198422139648e+12
3.239455625348358887e+12
3.239455625348358887e+12
3.239455625348358887e+12
3.239455625348358887e+12
3.239455625348358887e+12
3.239455625348358887e+12
3.226709258199323242e+12
3.226709258199323242e+12
3.226709258199323242e+12
3.226709258181754883e+12
3.226709258181754883e+12
3.226709258181002441e+12
2.364570646614930176e+12
2.364570646614930176e+12
2.352613813614834473e+12
1.216429952283655273e+12
1.216429951144707520e+12
1.216429951144707520e+12
1.216429951144707520e+12
1.216426527429286865e+12
1.216426527429286865e+12
1.216426527429286865e+12
1.216426527429286865e+12
1.117109808344337646e+12
1.117107986633808105e+12
1.117107986633808105e+12
1.117107986633808105e+12
1.117107986428802979e+12
1.117107986428802979e+12
1.117107986428802979e+12
1.117107986428802979e+12
1.117107986428802979e+12
1.116389324590747803e+12
6.536885140713385010e+11
6.414819338315817871e+11
6.414819338315817871e+11
6.414514963972600098e+11
4.065326617833602295e+11
4.065326617833601074e+11
4.065326617833601074e+11
4.065326617833601074e+11
4.065326617833595581e+11
4.065326617833595581e+11
4.065326617833595581e+11
4.065326617718675537e+11
4.065326617718675537e+11
4.065326597645804443e+11
3.960176124852062988e+11
3.960176124852062988e+11
3.960176124852062988e+11
3.960176124852062988e+11
3.960175719462812500e+11
3.960175719462812500e+11
3.960175719462812500e+11
3.546351403166878052e+11
3.546351403166878052e+11
3.546351403166690063e+11
1.832168378593980713e+11
1.832168378593980713e+11
1.831570968470500793e+11
1.831570968470500793e+11
1.831504876186093140e+11
1.436179698055773926e+11
1.436179557691808777e+11
1.436179557691808777e+11
1.436179557691808777e+11
1.436179557691808777e+11
1.436179557691808777e+11
1.436179557691808777e+11
1.436179557691808777e+11
1.436179557691808777e+11
1.427463814360521240e+11
1.427463814359612427e+11
1.427463814355715637e+11
1.427463814355715637e+11
1.427463814355715637e+11
1.083539820713964233e+11
1.079774880340102539e+11
1.079774880340102539e+11
1.079774876520941162e+11
5.753995003186315918e+10
5.753995003186315918e+10
5.753995003186315918e+10
5.753985456896298981e+10
5.753985456896298981e+10
5.753985456896298981e+10
5.753985456896298981e+10
5.203668728390646362e+10
5.203655577436959076e+10
5.203655577436959076e+10
5.203655577436959076e+10
5.203655576932834625e+10
5.203655576932834625e+10
5.203655576932834625e+10
5.203655576932834625e+10
5.203655576932834625e+10
5.198221158450806427e+10
3.153172235450318527e+10
3.110428407869458771e+10
3.110428407869458771e+10
1.977445077111474609e+10
1.977445077111474609e+10
1.977409033155955505e+10
1.977409033155955124e+10
1.977409033155947113e+10
1.977409033155947113e+10
1.977409033155947113e+10
1.977409033155947113e+10
1.977409033040237045e+10
1.977409027658058167e+10
1.977409027658058167e+10
1.977409027658058167e+10
1.915206628911558533e+10
1.915206628911558533e+10
1.915206628911558533e+10
1.915206313465438843e+10
1.915206313465438843e+10
1.915206313465438843e+10
1.765998217827628708e+10
1.765998217827628708e+10
1.765998217827587128e+10
1.765998217827587128e+10
9.213128681045337677e+09
9.211245982995445251e+09
9.210663203523881912e+09
9.210663203523881912e+09
7.178704414670923233e+09
7.178704017226193428e+09
7.178704017226193428e+09
7.178704017226193428e+09
7.178704017226193428e+09
7.178704017226193428e+09
7.178704017226193428e+09
7.178704017226193428e+09
7.178704017226193428e+09
7.124028115675539017e+09
7.124028115665905952e+09
7.124028115657203674e+09
7.124028115657203674e+09
7.124028115657203674e+09
7.124028115657203674e+09
5.758363717624211311e+09
5.758363681487345695e+09
5.745097430581882477e+09
2.995710244446332455e+09
2.995710244446332455e+09
2.995710244446332455e+09
2.995710244446332455e+09
2.995707311918871403e+09
2.692568990120121956e+09
2.692568990120121956e+09
2.692556714405220509e+09
2.692556714405220509e+09
2.692556714405220509e+09
2.692556714405220509e+09
2.692556714284211159e+09
2.692556714284211159e+09
2.692556714284211159e+09
2.692556714284211159e+09
2.688898890233549595e+09
2.688898890233549595e+09
1.789883300526006937e+09
1.772651710698520184e+09
1.772651710698520184e+09
1.772651710698520184e+09
1.079204343596047878e+09
1.079204343596037865e+09
1.079192176680471897e+09
1.079192176680471659e+09
1.079192176680471659e+09
1.079192176680471659e+09
1.079192176565807819e+09
1.079192176565807819e+09
1.079192176565807819e+09
1.079192176565807819e+09
1.079192176565807819e+09
1.041446178590428114e+09
1.041446177251965880e+09
1.041446177251965880e+09
1.041445852057202578e+09
1.041445852057202578e+09
1.041445852057202578e+09
9.850492530502538681e+08
9.850492530502538681e+08
5.579005574434463978e+08
5.579005574434431791e+08
5.579005574434431791e+08
5.578223128473895788e+08
5.577685677841094732e+08
5.577685677841094732e+08
4.170848352249033451e+08
4.170848231967003345e+08
4.170848231967003345e+08
4.170848231967003345e+08
4.170848231967002153e+08
4.170848231967002153e+08
4.170848231967002153e+08
4.170848231967002153e+08
4.170848231967002153e+08
4.133162972755103707e+08
4.133162972744315863e+08
4.133162972744315863e+08
4.133162972744315863e+08
4.133162972742103338e+08
4.133162972742103338e+08
3.528202480444319844e+08
3.528202433147131205e+08
3.522554241519788504e+08
1.911847618594543636e+08
1.911847618594543636e+08
1.911846547774363458e+08
1.911846547774363458e+08
1.911846547774363458e+08
1.675017711124220788e+08
1.675017711124220788e+08
1.675005764519331753e+08
1.675005764519331753e+08
1.675005764519331753e+08
1.675005764519331753e+08
1.675005764519331753e+08
1.675005764519331753e+08
1.675005764483956397e+08
1.675005764483956397e+08
1.672112383933103681e+08
1.672112383933103681e+08
1.203626156922846884e+08
1.194774970841355622e+08
1.194774970841355622e+08
1.194774970841314793e+08
7.248113208066299558e+07
7.248113208066299558e+07
7.248113208066299558e+07
7.248064004979811609e+07
7.248064004979811609e+07
7.248064004979811609e+07
7.248064003176590800e+07
7.248064003176590800e+07
7.248064003176590800e+07
7.248064003176590800e+07
7.248064003176590800e+07
6.916744813728603721e+07
6.916744809268778563e+07
6.916744809268778563e+07
6.916741202095584571e+07
6.916741202095584571e+07
6.916741202095584571e+07
6.630992127506667376e+07
6.630992127506667376e+07
4.037710275585778803e+07
4.037710275585778803e+07
4.037710275585768372e+07
4.037710275585768372e+07
4.037342824280310422e+07
4.036767174558624625e+07
2.956294801467734948e+07
2.956294801467734948e+07
2.956294801467734948e+07
2.956294755818932131e+07
2.956294755818932131e+07
2.956294755818931386e+07
2.956294755818931386e+07
2.919170369019520655e+07
2.919170369019520655e+07
2.919170369000758976e+07
2.919170369000758976e+07
2.919170369000758976e+07
2.919170369000758976e+07
2.919170369000758976e+07
2.919170369000028819e+07
2.919170369000028819e+07
2.566878758881012723e+07
2.566878695925650001e+07
2.564196921184376627e+07
1.453430362881217897e+07
1.453430362881217897e+07
1.453430362881217897e+07
1.453429895382395945e+07
1.453429895382395945e+07
1.251958678250623122e+07
1.251945031653955020e+07
1.251945031653955020e+07
1.251945031653955020e+07
1.251945031653955020e+07
1.251945031653955020e+07
1.251945031653955020e+07
1.251945031653955020e+07
1.251945031640878692e+07
1.248766855690008402e+07
1.248766855690008402e+07
9.393226124965155497e+06
9.344789333365414292e+06
9.344789333365414292e+06
9.344789333365414292e+06
9.344789333364540711e+06
9.344789333364540711e+06
5.726089586404111236e+06
5.726089586404111236e+06
5.726066388869122602e+06
5.726066388869122602e+06
5.726066386038959026e+06
5.726066386038959026e+06
5.726066386038959026e+06
5.726066386038959026e+06
5.726066386038959026e+06
5.419044929765623063e+06
5.419044929765623063e+06
5.419044927954263985e+06
5.419040400551151484e+06
5.419040400551151484e+06
5.419040400551151484e+06
5.419040400551151484e+06
5.419040400551151484e+06
5.259831852651207708e+06
3.334557440320488531e+06
3.334557440320488531e+06
3.334557440320484340e+06
3.333784773515294772e+06
3.333595538525912445e+06
3.333595538525912445e+06
3.333595538525912445e+06
2.422474525714344811e+06
2.422474525714344811e+06
2.422474525714344811e+06
2.422474505432995968e+06
2.422474505432994105e+06
2.422474505432994105e+06
2.422474505432994105e+06
2.422474505400502589e+06
2.385259866501264740e+06
2.385259866501264740e+06
2.385259866501264740e+06
2.385259866501264740e+06
2.385259866501264740e+06
2.385259866501003969e+06
2.385259755344797391e+06
2.167353238000758458e+06
2.167353238000758458e+06
2.167353238000758458e+06
1.251307133408115245e+06
1.250825398464726517e+06
1.250825398464726517e+06
1.250825169362143381e+06
1.250798364070273470e+06
1.066707118404563749e+06
1.066707118404563749e+06
1.066707118404563749e+06
1.066707118404563749e+06
1.066707118404563749e+06
1.066707118404563749e+06
1.066707118404563749e+06
1.066707118404563749e+06
1.066707118399484782e+06
1.063255197782715317e+06
1.063255197782715317e+06
8.496030818335576914e+05
8.496030818335576914e+05
8.466048179557553958e+05
8.466048179555754177e+05
8.466048179555754177e+05
8.466048179555754177e+05
5.134480404323210823e+05
5.134480404323210823e+05
5.134480404323210823e+05
5.134468062942253309e+05
5.134468062942253309e+05
5.134468058289285400e+05
5.134468058289285400e+05
5.134468058289285400e+05
5.134468058289285400e+05
4.828769599357310799e+05
4.828769598587832297e+05
4.828762524606973748e+05
4.828762524606973748e+05
4.828762524606973748e+05
4.828762524606973748e+05
4.828762524606973748e+05
4.732342745382295689e+05
4.732342745382295689e+05
3.228678421860446688e+05
3.227594028207437950e+05
3.227594028207437950e+05
3.227594028207436204e+05
3.227594028207436204e+05
3.227476663513897220e+05
2.284647864756576600e+05
2.284647864756576600e+05
2.284647864756576600e+05
2.284647864756576600e+05
2.284647855105366325e+05
2.284647855105366325e+05
2.284647855105362542e+05
2.284647855105362542e+05
2.284647855105362542e+05
2.284647855046269833e+05
2.243510349648688280e+05
2.243510349648688280e+05
2.243510349648688280e+05
2.243510349648688280e+05
2.243510156137545709e+05
2.243510156137444428e+05
2.243510156137444428e+05
2.093929029554988083e+05
1.281401325762640481e+05
1.281401325762640481e+05
1.281067016017574060e+05
1.281067016017574060e+05
1.281067016017574060e+05
1.281024920792930789e+05
1.067244198677518580e+05
1.067244109443778871e+05
1.067244109443778871e+05
1.067244109443778871e+05
1.067244109443778871e+05
1.067244109443778871e+05
1.067244109443778871e+05
1.067244109441545443e+05
1.062941588722232555e+05
1.062941588722232555e+05
8.932967272966654855e+04
8.932967272966654855e+04
8.932967272962558491e+04
8.932967272962558491e+04
8.911011926972828223e+04
8.911011926972828223e+04
8.911011926972828223e+04
8.911011926972828223e+04
5.526887109127670556e+04
5.526887109127670556e+04
5.526887109127670556e+04
5.526887098518343555e+04
5.526879447887843708e+04
5.526879447887843708e+04
5.526879447887843708e+04
5.526879447887843708e+04
5.130638599407021684e+04
5.130626643014493311e+04
5.130626642632856237e+04
5.130626642632856237e+04
5.130626642632856237e+04
5.130626642632856237e+04
5.130626642632856237e+04
5.058172598680017109e+04
3.675910387779877783e+04
3.675910387779877783e+04
3.675910387779877783e+04
3.674159018010476575e+04
3.674159018010476575e+04
3.674159018010475847e+04
3.674077647587053798e+04
3.674077647587053798e+04
2.585233183308575099e+04
2.585233183308575099e+04
2.585233183308575099e+04
2.585233183308575099e+04
2.585233183308564548e+04
2.585233183308564548e+04
2.585233177879459618e+04
2.585233177879459618e+04
2.585233177730564785e+04
2.525839182171046559e+04
2.525839182171046559e+04
2.525839182171046559e+04
2.525839182171046559e+04
2.525838814949658263e+04
2.525838814949658263e+04
2.525838814949616062e+04
2.398216867364421705e+04
2.398216867364421705e+04
1.548628302916586472e+04
1.548367039880237644e+04
1.548367039880237644e+04
1.548367039880237644e+04
1.548290409415851536e+04
1.272162915524746495e+04
1.272162915524746495e+04
1.272162859822526843e+04
1.272162859822526843e+04
1.272162859822526843e+04
1.272162859822526843e+04
1.272162859822526843e+04
1.272162859821478196e+04
1.265244336034530534e+04
1.265244336034530534e+04
1.265244336034530534e+04
1.265244336034530534e+04
1.265244336032912906e+04
1.100620721320440862e+04
1.100620721320440862e+04
1.100620721320440862e+04
1.098836071749112489e+04
6.997324677778001387e+03
6.997324677778001387e+03
6.997324677778001387e+03
6.997324652318055087e+03
6.997319264835338799e+03
6.997319264835338799e+03
6.997319264835338799e+03
6.433363611287786625e+03
6.433363611287786625e+03
6.433363611287786625e+03
6.433363611287786625e+03
6.433340184936272635e+03
6.433340184738004609e+03
6.433340184738004609e+03
6.433340184738004609e+03
6.372107538458360068e+03
4.851451087575929705e+03
4.847994597700801023e+03
4.847994597700801023e+03
4.847994597700801023e+03
4.847932358428108273e+03
4.847932358428108273e+03
4.847932358428108273e+03
3.414485535727956631e+03
3.414485535727956631e+03
3.414485535727956631e+03
3.414485535727956631e+03
3.414485535727918432e+03
3.414485535727918432e+03
3.414485535727918432e+03
3.414485532598590908e+03
3.414485532209725989e+03
3.321988486287930300e+03
3.321988486287930300e+03
3.321987694726738482e+03
3.321987694726738482e+03
3.321987694726738482e+03
3.321987694726738482e+03
3.321987694726738482e+03
3.202085517451828764e+03
3.202085517451816486e+03
3.202085517451816486e+03
2.156758885939783795e+03
2.156536247191706934e+03
2.156536247191706934e+03
2.156367785470719809e+03
2.156367785470719809e+03
1.755485744695401308e+03
1.755485709648201009e+03
1.755485709648201009e+03
1.755485709648201009e+03
1.755485709648201009e+03
1.755485709648201009e+03
1.743689833718701720e+03
1.743689833718701493e+03
1.743689833718344062e+03
1.743689833718344062e+03
1.743689833718344062e+03
1.743689833718344062e+03
1.743689833713744520e+03
1.743689833713744520e+03
1.570489343202188593e+03
1.568892008461629530e+03
1.568892008461629530e+03
1.019530300719180104e+03
1.019530293983748720e+03
1.019530293983748720e+03
1.019529916068902594e+03
1.019529916068902594e+03
1.019529916068902594e+03
1.019529916068902594e+03
9.298170732242657550e+02
9.298170732242657550e+02
9.298115273629781541e+02
9.298115273629781541e+02
9.298115273554628857e+02
9.298115273554628857e+02
9.298115273554628857e+02
9.286738294054439393e+02
7.462813280249719128e+02
7.426444189297560570e+02
7.426444189297560570e+02
7.426444189297560570e+02
7.426444189297560570e+02
7.426395930497398012e+02
5.209596419182848877e+02
5.209596419182848877e+02
5.209596419182848877e+02
5.209596419182848877e+02
5.209596419182717000e+02
5.209596419182717000e+02
5.209596418054668447e+02
5.209596416732817943e+02
5.209596416732817943e+02
5.047610831615912730e+02
5.047610831615912730e+02
5.047610831615912730e+02
5.047608760490390409e+02
5.047608760490390409e+02
5.047608760490390409e+02
5.047608760490390409e+02
4.924516446876804707e+02
4.924516446876804707e+02
4.924516446876803570e+02
3.520550659954066646e+02
3.520354635128629752e+02
3.520354635128629752e+02
3.520354635128629752e+02
3.519952184923221807e+02
2.823533201243107555e+02
2.823533184791114081e+02
2.823533184791114081e+02
2.823533184791114081e+02
2.823533184791114081e+02
2.823533184791113513e+02
2.823533184791113513e+02
2.800514718687308573e+02
2.800514718687308573e+02
2.800514718687308573e+02
2.800514718687264235e+02
2.800514718672479262e+02
2.800514718672479262e+02
2.598323840136799845e+02
2.598323840136799845e+02
2.596878452078328223e+02
2.596878402554419836e+02
1.757998026051242277e+02
1.757998026051242277e+02
1.757997822157186647e+02
1.757997822157186647e+02
1.757997822157186647e+02
1.757997822157186647e+02
1.583663517680742530e+02
1.583663517680742530e+02
1.583649094343205377e+02
1.583649094343205377e+02
1.583649094343205377e+02
1.583649094342162869e+02
1.583649094342162869e+02
1.583649094342162869e+02
1.581156883824953070e+02
1.581156883824953070e+02
1.336779281701535069e+02
1.332915762924226897e+02
1.332915762924226897e+02
9.462614047364218095e+01
9.462599830195927098e+01
9.462599830195927098e+01
9.462599830195927098e+01
9.462599830195388506e+01
9.462599830195388506e+01
9.462599830195388506e+01
9.462599825977576984e+01
9.462599825769048323e+01
9.111187988519461101e+01
9.111187988519461101e+01
9.111187988519461101e+01
9.111187988519461101e+01
9.111181938567368377e+01
9.111181938567368377e+01
9.111181938567368377e+01
9.111181938567368377e+01
8.977345010194362374e+01
8.977345010194362374e+01
6.804184271392526284e+01
6.804184271392526284e+01
6.804184271392526284e+01
6.804051399929059585e+01
6.802915778404290847e+01
6.802915778404290847e+01
5.420496091828346863e+01
5.420496088929136391e+01
5.420496088929136391e+01
5.420496088929136391e+01
5.420496088929136391e+01
5.420496088929132839e+01
5.420496088929132839e+01
5.420496088929132839e+01
5.420496088929132839e+01
5.364487149565557189e+01
5.364487149504073926e+01
5.364487149504073216e+01
5.364487149504073216e+01
5.364487149504073216e+01
5.112674001919936018e+01
5.112673829822183080e+01
5.111657994191895682e+01
3.618499578981153064e+01
3.618499578981153064e+01
3.618499578981153064e+01
3.618499537677001854e+01
3.227271095693867409e+01
3.227225848602355995e+01
3.227225848602355995e+01
3.227225848602355995e+01
3.227225848602355995e+01
3.227225848602355995e+01
3.227225848602342495e+01
3.227225848602342495e+01
3.227225848602342495e+01
3.220381502429302145e+01
2.867586626621236690e+01
2.864354874882418756e+01
2.864354874882418756e+01
2.066986408687433041e+01
2.066986408687433041e+01
2.066986408687141363e+01
2.066986084321020911e+01
2.066986084321020911e+01
2.066986084321020911e+01
2.066986084321020911e+01
2.066986082516721268e+01
2.066986082516721268e+01
1.977835641090908325e+01
1.977835641090908325e+01
1.977835641090625529e+01
1.977835641090625529e+01
1.977835641090625529e+01
1.977833487495319886e+01
1.977833487495319886e+01
1.977833487495319886e+01
1.966286627993290992e+01
1.597118981112221192e+01
1.597118981112221192e+01
1.597118981112221192e+01
1.597115480609125804e+01
1.596701504318215470e+01
1.264238054877044704e+01
1.264238054877044704e+01
1.264238054872151729e+01
1.264238054872151729e+01
1.264238054872151729e+01
1.264238054872149242e+01
1.264238054872149242e+01
1.247979155762975090e+01
1.247979155762975090e+01
1.247979155733143308e+01
1.247979155733143308e+01
1.247979155733143308e+01
1.247979155733143308e+01
1.247979155733143308e+01
1.222560430788784558e+01
1.222560356452369135e+01
1.222532577675127996e+01
9.219023724450035928e+00
9.219023724450035928e+00
9.219023723618260391e+00
8.117577362569296184e+00
8.117387948131769448e+00
8.117387948131769448e+00
8.117387948131769448e+00
8.117387948131769448e+00
8.117387948131769448e+00
8.117387948131769448e+00
8.117387948131769448e+00
8.094237873696876306e+00
7.664192040075054280e+00
7.664192040075054280e+00
7.663087113110706561e+00
7.663087113110706561e+00
7.663087113107113879e+00
5.714404792525369814e+00
5.714404792525369814e+00
5.714404784834016482e+00
5.714404784834016482e+00
5.714404784834016482e+00
5.714404774416660615e+00
5.714404774416660615e+00
5.714404774416660615e+00
5.714404774416660615e+00
5.714404774416660615e+00
5.714404774416660615e+00
5.417801870405508424e+00
5.417801870405508424e+00
5.417791178034206290e+00
5.417791178034206290e+00
5.417791178034206290e+00
5.413627216124266894e+00
4.853187438298956380e+00
4.853187438298956380e+00
4.853187438298956380e+00
4.851142635805284264e+00
4.851142635805284264e+00
4.851142535610429185e+00
3.837923517286955910e+00
3.837923517286955910e+00
3.837923517286955022e+00
3.837923517286955022e+00
3.837923517286934594e+00
3.837923517286934594e+00
3.772376664437774973e+00
3.772376664231864574e+00
3.772376664231864574e+00
3.772376664231864574e+00
3.772376664231864574e+00
3.772376664231864574e+00
3.772376664231864574e+00
3.772376195919638686e+00
3.761073767854544059e+00
3.181842752527274776e+00
3.181842168759408285e+00
3.181842168759408285e+00
3.181842168759408285e+00
3.181842168759386968e+00
3.181686475003020043e+00
2.755345479485131310e+00
2.755345479485131310e+00
2.755345479485131310e+00
2.755345479485131310e+00
2.755345479485131310e+00
2.755345479485131310e+00
2.755345479485131310e+00
2.743643766486937086e+00
2.718917137818631424e+00
2.718917137818631424e+00
2.718912823073468932e+00
2.718912823070052998e+00
2.718912823070052998e+00
2.229437436845835840e+00
2.229437436845585374e+00
2.229437436845585374e+00
2.229437426353772178e+00
2.229437426353772178e+00
2.229437426353772178e+00
2.229437426353772178e+00
2.229437426353772178e+00
2.229437426353772178e+00
2.082468134677074811e+00
2.082468134677074811e+00
2.082459682891707242e+00
2.082459682891707242e+00
2.082459682891707242e+00
2.082440582343839441e+00
2.039129427770626890e+00
2.039129427770626890e+00
2.037544105352439683e+00
2.037544105352439683e+00
2.037544105348662260e+00
1.696246677991344320e+00
1.696246677991344320e+00
1.696246677991344320e+00
1.696246677991344320e+00
1.696246677991314789e+00
1.696246677991314789e+00
1.696246677715846696e+00
1.696246677715846696e+00
1.696246677715846696e+00
1.654270048189723674e+00
1.654270048189723674e+00
1.654269566371769917e+00
1.654269566371769917e+00
1.654269566371769917e+00
1.654201936249381166e+00
1.593207405443905156e+00
1.593207405412625288e+00
1.593207405412625288e+00
1.593035923388608444e+00
1.396689460549018102e+00
1.396689460549018102e+00
1.396689460549018102e+00
1.396689460549018102e+00
1.396689460549018102e+00
1.396689460549018102e+00
1.396689460549018102e+00
1.386782837403875090e+00
1.386782837403874868e+00
1.386585096432648934e+00
1.386585096426770747e+00
1.386585096426770747e+00
1.386585096186946142e+00
1.316123532443644883e+00
1.316123532443644883e+00
1.316123532443644883e+00
1.316123532443644883e+00
1.316123512881425484e+00
1.316123512881425484e+00
1.316123512881425484e+00
1.316123512881425484e+00
1.223617635091674316e+00
1.223604815743849494e+00
1.223604815743849494e+00
1.223604815743849494e+00
1.223604815743849494e+00
1.223604814334509960e+00
1.223131230306956363e+00
1.221247952610601484e+00
1.221247952610601484e+00
1.221247952610601484e+00
1.221247952610601484e+00
1.154664623661797229e+00
1.154664623661797229e+00
1.154664623661797229e+00
1.154664623661706191e+00
1.154664623661706191e+00
1.154664623661706191e+00
1.154664623661706191e+00
1.154664622978786248e+00
1.119573707184233324e+00
1.119572737655173178e+00
1.119572737655173178e+00
1.119572731034735646e+00
1.119572731034735646e+00
1.119572731034735646e+00
1.118673469187526859e+00
1.118673469187526859e+00
1.118673469187526859e+00
1.118394156533469630e+00
1.067994190270227461e+00
1.067994190270227461e+00
1.067994190270227461e+00
1.067994190270227461e+00
1.057512155628513417e+00
1.057512155628513417e+00
1.057512155628512307e+00
1.057512155628512307e+00
1.057512155610219384e+00
1.057512131032074532e+00
1.057512131032074532e+00
1.057512131032074532e+00
1.057512131032074532e+00
1.057512131032074532e+00
1.056174210016418202e+00
1.056174210016418202e+00
1.056174154671027710e+00
1.056174154671027710e+00
1.026399433566488772e+00
1.026369629817877493e+00
1.026369629817877493e+00
1.026369629817877493e+00
1.026369629817877493e+00
1.026369629817877493e+00
1.026369558577359564e+00
1.026369558577359564e+00
1.023965193449607236e+00
1.023965193449607236e+00
1.023965193449607236e+00
1.022431545441969458e+00
1.022431545441969458e+00
1.022431545441969458e+00
1.022431545441586653e+00
1.022431545441586653e+00
1.022431543089182160e+00
1.022431543089182160e+00
1.009041005391711820e+00
1.009041005391711820e+00
1.009041005391711820e+00
1.009038403171742093e+00
1.009038403171742093e+00
1.009038403171742093e+00
1.009038246935228589e+00
1.009038246935228589e+00
1.009038246935228589e+00
1.008625955648872807e+00
1.008625955648872807e+00
1.008625955648872807e+00
1.007295947942939085e+00
1.007295947942939085e+00
1.002813272435272296e+00
1.002813272435266523e+00
1.002813272435266523e+00
1.002813272435266523e+00
1.002813272363000330e+00
1.002813272363000330e+00
1.002813272363000330e+00
1.002813272363000330e+00
1.002813272363000330e+00
1.002813272363000330e+00
1.002813014916915213e+00
1.002812850054415339e+00
1.002812850054415339e+00
1.001956670095309754e+00
1.001956670095309754e+00
1.001956670095309754e+00
1.001905135337127328e+00
1.001905135337127328e+00
1.000808258776039406e+00
1.000808258776039184e+00
1.000808258776039184e+00
1.000808258776039184e+00
1.000808258776039184e+00
1.000807945198763704e+00
1.000807945198763704e+00
1.000807945198763482e+00
1.000807945197152327e+00
1.000807945197152327e+00
1.000807937749546461e+00
1.000404773585373164e+00
1.000404773585373164e+00
1.000404773585373164e+00
1.000400132164035893e+00
1.000400132164035893e+00
1.000400132164035893e+00
1.000400132164035893e+00
1.000400132164035671e+00
1.000400132164035671e+00
1.000400132164035671e+00
1.000400132164035671e+00
1.000206312190832447e+00
1.000206032303857517e+00
1.000206032303857517e+00
1.000206032303832426e+00
1.000068317780056226e+00
1.000068317780056226e+00
1.000068317780056226e+00
1.000068317780056226e+00
1.000068317542576635e+00
1.000068317542576635e+00
1.000068317542576635e+00
1.000068317542576635e+00
1.000068020023209492e+00
1.000068020023209048e+00
1.000068020023209048e+00
1.000068020023209048e+00
1.000067837888831912e+00
1.000043288438704048e+00
1.000043288438704048e+00
1.000043288438704048e+00
1.000009349082733534e+00
1.000009349082733534e+00
1.000009349082733534e+00
1.000009349082733534e+00
1.000009349082733534e+00
1.000009349082733090e+00
1.000009349082732868e+00
1.000009349077417564e+00
1.000009349077417564e+00
1.000009349077417564e+00
1.000009335584765902e+00
1.000009249524993260e+00
1.000009249524993260e+00
1.000009249524993260e+00
1.000007031954781134e+00
1.000007031954781134e+00
1.000007031954781134e+00
1.000007031954781134e+00
1.000007031954781134e+00
1.000007031954781134e+00
1.000007031954781134e+00
1.000001022443430143e+00
1.000001022443429699e+00
1.000001022443429699e+00
1.000001022443429699e+00
1.000001022443346654e+00
1.000001022443346654e+00
1.000001022443346654e+00
1.000000993019585893e+00
1.000000992588720550e+00
1.000000992588720550e+00
1.000000992588720550e+00
1.000000992588720550e+00
1.000000850347443349e+00
1.000000850347443349e+00
1.000000850347443349e+00
1.000000850347443349e+00
1.000000850347442904e+00
1.000000088804530174e+00
1.000000088804530174e+00
1.000000088804530174e+00
1.000000088804530174e+00
1.000000081551532860e+00
1.000000081551532860e+00
1.000000081551532860e+00
1.000000081551531972e+00
1.000000081541887242e+00
1.000000081541887242e+00
1.000000081541887242e+00
1.000000081541887242e+00
1.000000075090426321e+00
1.000000075090426321e+00
1.000000075090426321e+00
1.000000075090426099e+00
1.000000075090426099e+00
1.000000006293219057e+00
1.000000006293219057e+00
1.000000006293219057e+00
1.000000006293219057e+00
1.000000006293219057e+00
1.000000005008901738e+00
1.000000005008901738e+00
1.000000005008901738e+00
1.000000005008901738e+00
1.000000005008901738e+00
1.000000005008750970e+00
1.000000005008750970e+00
1.000000005008750970e+00
1.000000004802730880e+00
1.000000004802730880e+00
1.000000004802730880e+00
1.000000000389818400e+00
1.000000000389818400e+00
1.000000000389818400e+00
1.000000000389818400e+00
1.000000000227064811e+00
1.000000000227064811e+00
1.000000000227064811e+00
1.000000000227064811e+00
1.000000000227064811e+00
1.000000000227064811e+00
1.000000000227064811e+00
1.000000000227063257e+00
1.000000000222451613e+00
1.000000000222451613e+00
1.000000000222451613e+00
1.000000000222451613e+00
1.000000000022300162e+00
1.000000000022300162e+00
1.000000000022300162e+00
1.000000000022300162e+00
1.000000000022300162e+00
1.000000000022300162e+00
1.000000000007597256e+00
1.000000000007597256e+00
1.000000000007597256e+00
1.000000000007597256e+00
1.000000000007597256e+00
1.000000000007597256e+00
1.000000000007597256e+00
1.000000000007597256e+00
1.000000000007525092e+00
1.000000000007525092e+00
1.000000000001133538e+00
1.000000000001133538e+00
1.000000000001133538e+00
1.000000000001133538e+00
1.000000000000190514e+00
1.000000000000190514e+00
1.000000000000190514e+00
1.000000000000190514e+00
1.000000000000190514e+00
1.000000000000190514e+00
1.000000000000190514e+00
1.000000000000190514e+00
1.000000000000190514e+00
1.000000000000190514e+00
1.000000000000190514e+00
1.000000000000189626e+00
1.000000000000046629e+00
1.000000000000046629e+00
1.000000000000046629e+00
1.000000000000003775e+00
1.000000000000003775e+00
1.000000000000003775e+00
1.000000000000003775e+00
1.000000000000003775e+00
1.000000000000003775e+00
1.000000000000003775e+00
1.000000000000003775e+00
1.000000000000003775e+00
1.000000000000003775e+00
1.000000000000003775e+00
1.000000000000003775e+00
1.000000000000003775e+00
1.000000000000001554e+00
1.000000000000001554e+00
1.000000000000001554e+00
1.000000000000000222e+00
1.000000000000000222e+00
1.000000000000000222e+00
1.000000000000000222e+00
1.000000000000000222e+00
1.000000000000000222e+00
1.000000000000000222e+00
1.000000000000000222e+00
1.000000000000000222e+00
1.000000000000000222e+00
1.000000000000000222e+00
1.000000000000000222e+00
1.000000000000000222e+00
1.000000000000000222e+00
1.000000000000000222e+00
1.000000000000000222e+00
1.000000000000000222e+00
1.000000000000000222e+00
1.000000000000000222e+00
1.000000000000000222e+00
1.000000000000000222e+00
1.000000000000000222e+00
1.000000000000000222e+00
1.000000000000000222e+00
1.000000000000000222e+00
1.000000000000000222e+00
1.000000000000000222e+00
1.000000000000000222e+00
1.000000000000000222e+00
1.000000000000000222e+00
1.000000000000000222e+00
1.000000000000000222e+00
1.000000000000000222e+00
1.000000000000000222e+00
1.000000000000000222e+00
1.000000000000000222e+00
1.000000000000000222e+00
1.000000000000000222e+00
1.000000000000000222e+00
1.000000000000000222e+00
1.000000000000000222e+00
1.000000000000000222e+00
1.000000000000000222e+00
1.000000000000000222e+00
1.000000000000000222e+00
1.000000000000000222e+00
1.000000000000000222e+00
1.000000000000000222e+00
1.000000000000000222e+00
1.000000000000000222e+00
1.000000000000000222e+00
1.000000000000000222e+00
1.000000000000000222e+00
1.000000000000000222e+00
1.000000000000000222e+00
1.000000000000000222e+00
1.000000000000000222e+00
1.000000000000000222e+00
1.000000000000000222e+00
1.000000000000000222e+00
1.000000000000000222e+00
1.000000000000000222e+00
1.000000000000000222e+00
1.000000000000000222e+00
1.000000000000000222e+00
1.000000000000000222e+00
1.000000000000000222e+00
1.000000000000000222e+00
1.000000000000000222e+00
1.000000000000000222e+00
1.000000000000000222e+00
1.000000000000000222e+00
1.000000000000000222e+00
1.000000000000000222e+00
1.000000000000000222e+00
1.000000000000000222e+00
1.000000000000000222e+00
1.000000000000000222e+00
1.000000000000000222e+00
1.000000000000000222e+00
1.000000000000000222e+00
1.000000000000000222e+00
1.000000000000000222e+00
1.000000000000000222e+00
1.000000000000000222e+00
1.000000000000000222e+00
1.000000000000000222e+00
1.000000000000000222e+00
1.000000000000000222e+00
1.000000000000000222e+00
1.000000000000000222e+00
1.000000000000000222e+00
1.000000000000000222e+00
1.000000000000000222e+00
1.000000000000000222e+00
1.000000000000000222e+00
1.000000000000000222e+00
1.000000000000000222e+00
1.000000000000000222e+00
1.000000000000000222e+00
1.000000000000000222e+00
1.000000000000000222e+00
1.000000000000000222e+00
1.000000000000000222e+00
1.000000000000000222e+00
1.000000000000000222e+00
1.000000000000000222e+00
1.000000000000000222e+00
1.000000000000000222e+00
1.000000000000000222e+00
1.000000000000000222e+00
1.000000000000000222e+00
1.000000000000000222e+00
1.000000000000000222e+00
1.000000000000000222e+00
1.000000000000000222e+00
1.000000000000000222e+00
1.000000000000000222e+00
1.000000000000000222e+00
1.000000000000000222e+00
1.000000000000000222e+00
1.000000000000000222e+00
1.000000000000000222e+00
1.000000000000000222e+00
1.000000000000000222e+00
1.000000000000000222e+00
1.000000000000000222e+00
1.000000000000000222e+00
1.000000000000000222e+00
1.000000000000000222e+00
1.000000000000000222e+00
1.000000000000000222e+00
1.000000000000000222e+00
1.000000000000000222e+00
1.000000000000000222e+00
1.000000000000000222e+00
1.000000000000000222e+00
1.000000000000000222e+00
1.000000000000000222e+00
1.000000000000000222e+00
1.000000000000000222e+00
1.000000000000000222e+00
1.000000000000000222e+00
1.000000000000000222e+00
1.000000000000000222e+00
1.000000000000000222e+00
1.000000000000000222e+00
1.000000000000000222e+00
1.000000000000000222e+00
1.000000000000000222e+00
1.000000000000000222e+00
1.000000000000000222e+00
1.000000000000000222e+00
1.000000000000000222e+00
1.000000000000000222e+00
1.000000000000000222e+00
1.000000000000000222e+00
1.000000000000000222e+00
1.000000000000000222e+00
1.000000000000000222e+00
1.000000000000000222e+00
1.000000000000000222e+00
1.000000000000000222e+00
1.000000000000000222e+00
1.000000000000000222e+00
1.000000000000000222e+00
1.000000000000000222e+00
1.000000000000000222e+00
1.000000000000000222e+00
1.000000000000000222e+00
1.000000000000000222e+00
1.000000000000000222e+00
1.000000000000000222e+00
1.000000000000000222e+00
1.000000000000000222e+00
1.000000000000000222e+00
1.000000000000000222e+00
1.000000000000000222e+00
1.000000000000000222e+00
1.000000000000000222e+00
1.000000000000000222e+00
1.000000000000000222e+00
1.000000000000000222e+00
1.000000000000000222e+00
1.000000000000000222e+00
1.000000000000000222e+00
1.000000000000000222e+00
1.000000000000000222e+00
1.000000000000000222e+00
1.000000000000000222e+00
1.000000000000000222e+00
1.000000000000000222e+00
1.000000000000000222e+00
1.000000000000000222e+00
1.000000000000000222e+00
1.000000000000000222e+00
1.000000000000000222e+00
1.000000000000000222e+00
1.000000000000000222e+00
1.000000000000000222e+00
1.000000000000000222e+00
1.000000000000000222e+00
1.000000000000000222e+00
1.000000000000000222e+00
1.000000000000000222e+00
1.000000000000000222e+00
1.000000000000000222e+00
1.000000000000000222e+00
1.000000000000000222e+00
1.000000000000000222e+00
1.000000000000000222e+00
1.000000000000000222e+00
1.000000000000000222e+00
1.000000000000000222e+00
1.000000000000000222e+00
1.000000000000000222e+00
1.000000000000000222e+00
1.000000000000000222e+00
