8.088460674087661472e+89
4.616603287468511309e+89
3.132739290546016596e+88
2.749017024301552046e+88
2.183976197482715947e+88
4.263016122157279462e+87
1.294637082458731044e+87
1.290008967792060887e+87
1.181740485092927729e+87
1.180241864988828555e+87
1.452913779836080583e+86
1.410913914999178929e+86
6.958084852049489800e+85
6.957639305326780877e+85
6.769931573793122093e+85
6.768814342711646055e+85
6.248864906916205729e+84
5.830608998653554234e+84
4.077613301050105456e+84
4.075656590530273142e+84
4.048297460734735854e+84
1.363497209920014087e+84
2.977067292749856536e+83
2.977063687777439589e+83
2.966939116771203078e+83
2.546547523621249461e+83
2.546538669630252516e+83
2.543234137055849124e+83
5.133036894418874013e+82
4.919053535618663956e+82
1.789276397538464366e+82
1.789203062010145635e+82
1.789202902774205449e+82
1.694545373665687743e+82
1.694212987966726522e+82
2.308087274554454161e+81
2.080114478696308814e+81
1.189503025926822988e+81
1.189088512664519992e+81
1.189088387389750346e+81
1.170999595649078693e+81
1.170999589553765432e+81
3.489365922813954832e+80
1.038375536230926924e+80
1.035308352634897689e+80
1.035306282308930342e+80
8.080665885208443656e+79
8.080653179908009791e+79
8.054635284650125278e+79
8.054635283470971193e+79
8.054635281593800656e+79
1.303205528703203788e+79
1.268339050708886360e+79
5.866541637092363436e+78
5.866429283319013512e+78
5.866428470405239510e+78
5.384954535408677284e+78
5.384954515689669755e+78
5.382325582669598823e+78
5.767822880345323369e+77
5.399725365033831795e+77
3.598023667229682708e+77
3.597483067559958955e+77
3.597483067558189523e+77
3.597482815054226567e+77
3.517238582943454851e+77
3.517238556830189184e+77
3.517238556824141954e+77
1.273750482182957035e+77
2.790845051651914646e+76
2.787681690177990387e+76
2.787669930617479208e+76
2.332614562646220596e+76
2.332612231270477776e+76
2.322042423111117878e+76
2.322042422982754382e+76
2.322042422241909985e+76
4.922261117646383798e+75
4.850487612431736734e+75
1.709064258970402611e+75
1.709043260941249666e+75
1.709042720424403762e+75
1.601563210804789596e+75
1.601563208520078027e+75
1.600428243699155230e+75
2.233234961509442341e+74
2.152275810055253848e+74
2.152275810055251086e+74
1.178951468727189585e+74
1.178823650381939403e+74
1.178823650381037258e+74
1.178823614867772766e+74
1.156547608978899797e+74
1.156547586858603187e+74
1.156547586858078673e+74
6.335918221532087865e+73
1.170569426134052578e+73
1.169343837450629674e+73
1.169333736508985127e+73
8.736271273885544183e+72
8.736266990363863912e+72
8.736266990363694430e+72
8.698062488558208377e+72
8.698062488413761281e+72
2.914418997019991581e+72
2.914418996105673650e+72
2.859255163496987506e+72
7.734112428950443187e+71
7.734056103184864813e+71
7.734056103184864813e+71
6.870940953235626811e+71
6.870936688324210082e+71
6.870936684951829329e+71
6.865555159111834955e+71
1.439359117030611320e+71
1.366410130624679520e+71
1.366410130624679520e+71
1.366410130624678049e+71
5.929031018074782059e+70
5.928607563268303192e+70
5.928607563250423260e+70
5.928607491212697158e+70
5.700213166096163609e+70
5.700212903782631360e+70
5.700212903781123384e+70
3.006734612372712408e+70
7.546458486280800560e+69
7.539785354182965115e+69
7.539677159829370983e+69
4.885642411985032395e+69
4.885641337615005773e+69
4.885641337615005773e+69
4.885641337615005773e+69
4.885641337614589700e+69
4.836501293618246861e+69
4.836501293565378830e+69
1.410087535791726722e+69
1.410087534746862259e+69
1.393054736524100252e+69
4.849486001440533516e+68
4.849468241528975045e+68
4.849468241528975045e+68
4.054557255728313935e+68
4.054553429454635738e+68
4.054553428064489877e+68
4.046810837632719230e+68
6.866836866705743484e+67
6.645143678366454144e+67
6.645143678366454144e+67
6.645143678366451750e+67
6.645143678366449355e+67
6.644717085905825962e+67
3.489636484295996377e+67
3.489636484265755929e+67
3.489636454720734289e+67
3.296144177718145739e+67
3.296143951741995979e+67
3.296143951741995979e+67
3.296143951741639195e+67
1.963733112204980122e+67
3.710720607183234515e+66
3.709425951806215324e+66
3.709317631438493164e+66
2.686211459217186386e+66
2.686211074749098298e+66
2.686211074749098298e+66
2.686211074749098298e+66
2.686211074749098298e+66
2.686211074748485449e+66
2.649372606430565817e+66
2.649372606419341484e+66
9.656826638499416444e+65
9.656826625873922374e+65
9.592410352635642787e+65
2.498374293440585729e+65
2.498368713438714470e+65
2.498368713438714470e+65
2.183996774656880480e+65
2.183992182579804857e+65
2.183992182294419186e+65
2.178404192107792428e+65
4.895048568981327049e+64
4.803434579807823271e+64
4.803434579807823271e+64
4.803434579807823271e+64
4.803434579807818594e+64
4.803434579807817425e+64
4.803170714953061005e+64
1.969168732406690446e+64
1.969168732381881748e+64
1.969168725725385727e+64
1.880399074240483305e+64
1.880398770035198736e+64
1.880398770035198736e+64
1.880398770035145830e+64
1.434949881387174752e+64
2.809162563086812338e+63
2.808284195127790010e+63
2.808129668493224965e+63
1.717563740230447929e+63
1.717563629015913376e+63
1.717563629015913376e+63
1.717563629015913376e+63
1.717563629015913376e+63
1.717563629015268123e+63
1.696073931224873899e+63
1.696073931222765683e+63
8.949595851746624572e+62
8.949595806892445109e+62
8.884143981672373013e+62
1.998836935087242828e+62
1.998834407940988182e+62
1.998834407940988182e+62
1.594476746874546102e+62
1.594470654640853265e+62
1.594470654571152654e+62
1.590226453975930099e+62
5.265832457823476302e+61
5.140969305001362942e+61
5.140969305001362942e+61
5.140969305001362942e+61
5.140969305001362942e+61
5.140969305001362942e+61
5.140969305001349241e+61
5.140755445039217337e+61
1.703582123464289649e+61
1.703582123387486026e+61
1.703582121104624750e+61
1.563012194775615023e+61
1.563011671624576852e+61
1.563011671624576852e+61
1.563011671624553445e+61
1.197295541810441297e+61
3.193676691611184333e+60
3.192873374373493014e+60
3.192588715905117616e+60
1.640964989550250844e+60
1.640964943033644169e+60
1.640964943033644169e+60
1.640964943033644169e+60
1.640964943033644169e+60
1.640964943033644169e+60
1.640964943031207857e+60
1.598357894741819306e+60
1.598357894740615780e+60
7.997404988306606098e+59
7.997404899154834951e+59
7.960325002025625248e+59
2.290562119483238313e+59
2.290562119483238313e+59
2.290560598818027260e+59
2.290560598818027260e+59
1.659035777488535525e+59
1.659026377979220581e+59
1.659026377930708655e+59
1.648942799051769258e+59
1.564740114003427975e+59
4.666991617961445121e+58
4.666991617961445121e+58
4.666991617961445121e+58
4.666991617961445121e+58
4.666991617961445121e+58
4.666991617961397174e+58
4.666910857719089518e+58
1.890252607658662872e+58
1.890252607658662872e+58
1.890252607423303874e+58
1.890252605616409689e+58
1.671739430899293087e+58
1.671738578007842961e+58
1.671738578007842961e+58
1.671738578007832369e+58
1.357861117265462567e+58
2.894886136598378735e+57
2.894583650381884823e+57
2.894068505046973499e+57
1.715097043635565883e+57
1.715097010967272538e+57
1.715097010967272538e+57
1.715097010967272538e+57
1.715097010967272538e+57
1.715097010967272538e+57
1.715097010967272538e+57
1.654710351340281963e+57
1.654710351334115458e+57
1.654710351333611601e+57
9.556707230489400374e+56
9.556707049062088528e+56
9.532393831097550663e+56
2.114157450530852504e+56
2.114157450530852504e+56
2.114156617686424371e+56
2.114156617686424371e+56
1.649406581744708994e+56
1.649386122875783544e+56
1.649386122857051135e+56
1.636355117253975875e+56
1.597270336932240713e+56
5.917319703413992460e+55
5.917319703413992460e+55
5.917319703413992460e+55
5.917319703413992460e+55
5.917319703413992460e+55
5.917319703413798635e+55
5.917236236437988835e+55
1.846389801320661874e+55
1.846389801320661874e+55
1.846389801000630936e+55
1.846389800327121481e+55
1.674891102056244685e+55
1.674889216823854508e+55
1.674889216823854508e+55
1.674889216823851514e+55
1.514202487276898515e+55
3.870764696300422153e+54
3.870417014322772065e+54
3.869210764604059835e+54
1.853140059611155152e+54
1.853140044711733485e+54
1.853140044711733485e+54
1.853140044711733485e+54
1.853140044711733485e+54
1.853140044711733145e+54
1.853140044711733145e+54
1.796334915745361974e+54
1.796334915735005139e+54
1.796334915734847589e+54
1.317097818210351175e+54
1.317097818210351175e+54
1.317097742325067219e+54
1.314127940315264476e+54
2.971398872155102512e+53
2.971398872155102512e+53
2.971398229445057184e+53
2.971398229445057184e+53
2.023015015464815738e+53
2.022974702630219510e+53
2.022974702622742656e+53
2.007251825701908221e+53
1.969250893371882723e+53
1.969250893371882723e+53
1.004721475517387924e+53
1.004721475517387924e+53
1.004721475517387924e+53
1.004721475517387924e+53
1.004721475517307958e+53
1.004712074780002398e+53
2.753583633867761743e+52
2.753583633867761743e+52
2.753583632300370650e+52
2.753583631902913933e+52
2.332030189521239315e+52
2.332025402317688155e+52
2.332025402317688155e+52
2.332025402317688155e+52
2.332025402317688155e+52
2.332025402317686294e+52
2.129720882746013356e+52
7.403423469977056506e+51
7.402926571626881135e+51
7.399388081485911641e+51
2.993201957667667982e+51
2.993201947353798499e+51
2.993201947353798499e+51
2.993201947353798499e+51
2.993201947353798499e+51
2.993201947353797169e+51
2.993201947353797169e+51
2.822539716341951878e+51
2.822539716285644451e+51
2.822539716285507208e+51
2.063928261450425353e+51
2.063928261450425353e+51
2.063928017370034740e+51
2.061076576366068928e+51
5.957358037894816271e+50
5.957358037894816271e+50
5.957357352410853031e+50
5.957357352410853031e+50
3.577953629692879875e+50
3.577852501421488068e+50
3.577852501413238131e+50
3.520124110837558138e+50
3.474192981109650953e+50
1.663219885886559552e+50
1.663219885886559552e+50
1.663219885886559552e+50
1.663219885886559552e+50
1.663219885886559552e+50
1.663219885886559552e+50
1.663219885886077707e+50
1.663213050408953544e+50
5.527122853413441640e+49
5.527122853413441640e+49
5.527122845141619476e+49
5.527122844576759886e+49
4.398022273899370918e+49
4.398008618965083904e+49
4.398008618965083904e+49
4.398008618965083904e+49
4.398008618965083904e+49
4.398008618965081827e+49
4.110343201643557157e+49
1.234880035510788380e+49
1.234843352512079163e+49
1.233678416911307437e+49
5.806578659756457662e+48
5.806578646065345051e+48
5.806578646065345051e+48
5.806578646065345051e+48
5.806578646065345051e+48
5.806578646065334667e+48
5.806578646065334667e+48
5.806578645753195847e+48
5.361606834512875643e+48
5.361606834512766604e+48
4.212576747225322101e+48
4.212576747225322101e+48
4.212575931768484833e+48
4.209422070371050243e+48
9.952220198713793284e+47
9.952220198713793284e+47
9.952219523908655297e+47
9.952219523908655297e+47
6.594957277333106862e+47
6.594550570028095780e+47
6.594550570028095780e+47
6.594550570021938041e+47
6.456466048071891790e+47
6.415190172825134436e+47
3.593026416421195806e+47
3.593026416421195806e+47
3.593026416421195806e+47
3.593026416421195806e+47
3.593026416421195806e+47
3.593026416421195806e+47
3.593026416418249583e+47
3.593015164171331867e+47
9.479184825311005427e+46
9.479184825311005427e+46
9.479184805798789905e+46
9.479184805433718701e+46
7.887795990431196191e+46
7.887743996347345238e+46
7.887743996347345238e+46
7.887743996347345238e+46
7.887743996347345238e+46
7.887743996347345238e+46
7.633513611211615279e+46
2.838367120674808138e+46
2.838298760466101266e+46
2.833946711684371684e+46
1.065044765761328144e+46
1.065044764749221200e+46
1.065044764749221200e+46
1.065044764749221200e+46
1.065044764749221200e+46
1.065044764749216636e+46
1.065044764749216636e+46
1.065044764664998494e+46
9.955993993348564780e+45
9.955993993348507736e+45
8.776510698429842363e+45
8.776510698429842363e+45
8.776506508388420455e+45
8.771676752308195428e+45
2.416999464741213262e+45
2.416999464741213262e+45
2.416999377286326040e+45
2.416999377286326040e+45
2.416999377286326040e+45
1.346651791180206296e+45
1.346531810146597167e+45
1.346531810146597167e+45
1.346531810146198015e+45
1.320115805585844310e+45
9.238909729256446839e+44
9.209002669457680494e+44
9.209002669457680494e+44
9.209002669457680494e+44
9.209002669457680494e+44
9.209002669457680494e+44
9.209002669457680494e+44
9.209002669442159697e+44
9.208986427544869629e+44
2.427246629112629134e+44
2.427246629112629134e+44
2.427246613967891343e+44
2.427246613930681837e+44
1.822084524050634912e+44
1.822064893444990024e+44
1.822064893444990024e+44
1.822064893444990024e+44
1.822064893444990024e+44
1.822064893444990024e+44
1.773925793567386004e+44
8.688491801465984468e+43
8.688351050625948680e+43
8.669676173194795108e+43
8.669676173194795108e+43
2.904456570133829982e+43
2.904456568963757777e+43
2.904456568963757777e+43
2.904456568963757777e+43
2.904456568963757777e+43
2.904456568963730048e+43
2.904456568963730048e+43
2.904456568222302504e+43
2.587970474391787744e+43
2.587970474391780316e+43
2.304056810467463875e+43
2.304056810467463875e+43
2.304054767240475278e+43
2.303323188439889368e+43
8.133682984211076189e+42
8.133682830254709007e+42
8.133682830254709007e+42
8.133682830254709007e+42
8.133682830254709007e+42
3.977501712949861668e+42
3.977022109160998805e+42
3.977022109160998805e+42
3.977022109160318557e+42
3.831443178093594369e+42
2.662469974169056860e+42
2.657005980571555756e+42
2.657005980571555756e+42
2.657005980571555447e+42
2.657005980571555447e+42
2.657005980571555447e+42
2.657005980571555447e+42
2.657005980556260388e+42
2.657005980556260388e+42
2.657003878766680139e+42
8.464578370555082576e+41
8.464578370555082576e+41
8.464578240238258071e+41
8.464578240149805708e+41
5.827676595870182076e+41
5.827676595870182076e+41
5.827584580808104106e+41
5.827584580808104106e+41
5.827584580808104106e+41
5.827584580808104106e+41
5.718525000845848422e+41
2.617763238773104323e+41
2.617743376961411406e+41
2.606866529487630429e+41
2.606866529487630429e+41
1.008979742118675140e+41
1.008979741842667317e+41
1.008979741842667317e+41
1.008979741842667317e+41
1.008979741842667317e+41
1.008979741842628245e+41
1.008979741842628245e+41
1.008979741842628245e+41
1.008979741209546289e+41
8.653601629582857307e+40
8.653601629582846668e+40
8.653601629582846668e+40
7.935179073955021527e+40
7.935167968993763249e+40
7.933818869354926561e+40
2.459583904498309049e+40
2.459583876980108000e+40
2.459583876980108000e+40
2.459583876980108000e+40
2.459583876980108000e+40
1.337888281008463185e+40
1.337539477911181328e+40
1.337539477911181328e+40
1.337539477911084614e+40
1.273942226286017319e+40
9.645418747989850730e+39
9.634261306304844668e+39
9.634261306304844668e+39
9.634261306304841041e+39
9.634261306304841041e+39
9.634261306304841041e+39
9.634261306304841041e+39
9.634261306162558934e+39
9.634261306162558934e+39
9.634255904658676717e+39
2.578924699389586297e+39
2.578924699389586297e+39
2.578924643960118955e+39
2.578924643949811049e+39
1.888233151794900036e+39
1.888233151794900036e+39
1.888171048949783539e+39
1.888171048949783539e+39
1.888171048949783539e+39
1.888171048949783539e+39
1.870206582914962593e+39
1.010262342661362408e+39
1.010256560358310131e+39
1.003941158572678660e+39
1.003941158572678660e+39
3.185797224590452071e+38
3.185797224245000007e+38
3.185797224245000007e+38
3.185797224245000007e+38
3.185797224244724598e+38
3.185797224244724598e+38
3.185797224244724598e+38
3.185797221352680873e+38
3.185797221352680873e+38
2.796906916973607477e+38
2.796906916973606722e+38
2.796906916973606722e+38
2.675216745767443158e+38
2.675216745767443158e+38
2.675208631291594396e+38
2.674908890499360472e+38
1.009837970749483328e+38
1.009837964925826413e+38
1.009837964925826413e+38
1.009837964925826413e+38
4.560714910800808616e+37
4.559131575847395809e+37
4.559131575847395809e+37
4.559131575847395809e+37
4.559131575847291917e+37
4.362177862913633146e+37
3.725987692637362389e+37
3.722732310911890315e+37
3.722732310911885593e+37
3.722732310911885593e+37
3.722732310911885593e+37
3.722732310911885593e+37
3.722732310814541091e+37
3.722732310814541091e+37
3.722732310814541091e+37
1.120354453925155384e+37
1.120354362221935041e+37
1.120354362221935041e+37
1.120354294968598810e+37
1.120354294966809034e+37
7.179349633938212033e+36
7.179349633938212033e+36
7.178998908384546160e+36
7.178998908384546160e+36
7.178998908384546160e+36
7.178998908384546160e+36
7.128113243400480602e+36
4.738402736515329524e+36
4.738402736515329524e+36
4.738386766949013541e+36
4.701579631347488430e+36
4.701579631347488430e+36
1.462955095570321154e+36
1.462955095503305166e+36
1.462955095503305166e+36
1.462955095503038943e+36
1.462955095503038943e+36
1.462955095503038943e+36
1.462955095503038943e+36
1.462955091582279413e+36
1.194032833350781302e+36
1.194032833350781302e+36
1.194032833350781154e+36
1.194032833350781154e+36
1.194032833350781154e+36
1.150366706984226945e+36
1.150360845358155941e+36
1.150291260178803195e+36
5.471768094267005700e+35
5.471768078537607962e+35
5.471768078537607962e+35
5.471768078537607962e+35
5.471768078537607962e+35
5.465725394185022243e+35
2.236338972442624025e+35
2.236338972442624025e+35
2.236338972442596723e+35
2.074294148430545473e+35
1.790185685534080734e+35
1.790185685534075569e+35
1.789241925716234326e+35
1.789241925716234326e+35
1.789241925716234326e+35
1.789241925716234326e+35
1.789241925571667930e+35
1.789241925571667930e+35
1.789241925571667930e+35
6.540920324697604627e+34
6.540920037146020696e+34
6.540920037146020696e+34
6.540919141606959218e+34
6.540919141600288875e+34
3.804922798914514728e+34
3.804922798914514728e+34
3.804661416146281722e+34
3.804661416146281722e+34
3.804661416146281722e+34
3.804661416146281722e+34
3.804661416146281722e+34
3.786675740882668733e+34
2.485208465142941321e+34
2.485208465142941321e+34
2.485204423853860102e+34
2.449724265268755159e+34
2.449724265268755159e+34
8.770749278136233143e+33
8.770749277872833238e+33
8.770749277872833238e+33
8.770749277866681248e+33
8.770749277866681248e+33
8.770749277866681248e+33
8.770749277866681248e+33
8.770749222813111430e+33
6.763931546779703133e+33
6.763931546779703133e+33
6.763931546779703133e+33
6.763931546779703133e+33
6.763931546779703133e+33
6.763877776865805198e+33
6.586086314044652082e+33
6.585876477962519723e+33
2.948633976681260633e+33
2.948633971686397117e+33
2.948633971686397117e+33
2.948633971686397117e+33
2.948633971686397117e+33
2.942450491688075233e+33
1.332347870405505493e+33
1.332347870405505493e+33
1.332347870405498575e+33
1.208733770306044327e+33
1.208733770306029627e+33
1.082995185028605565e+33
1.082995185028605565e+33
1.082677362814528737e+33
1.082677362814528737e+33
1.082677362814528737e+33
1.082677362607738430e+33
1.082677362607738430e+33
3.546663722328849827e+32
3.546663722328849827e+32
3.546663629879624650e+32
3.546663629879624650e+32
3.546662931255623169e+32
3.546662931254197870e+32
2.208247889518456419e+32
2.208247889518456419e+32
2.207937363371574175e+32
2.207937363371574175e+32
2.207937363371574175e+32
2.207937363371574175e+32
2.202352782521735159e+32
2.202352782521735159e+32
1.593160524723191543e+32
1.593160524723191543e+32
1.593158708627399546e+32
1.561306038344218592e+32
1.561306038344218592e+32
4.828120604963108589e+31
4.828120604905091417e+31
4.828120604905091417e+31
4.828120604897809096e+31
4.828120604897809096e+31
4.828120604897809096e+31
4.828120604897809096e+31
4.828120560632348995e+31
3.850519543638106467e+31
3.850519543638106467e+31
3.850519543638106467e+31
3.850519543638106467e+31
3.850519543638106467e+31
3.850458079098974305e+31
3.796782080276251639e+31
3.796705821999454430e+31
2.005897430266763547e+31
2.005897428586558346e+31
2.005897428586558346e+31
2.005897428586558346e+31
1.999616110098111837e+31
1.999616110098111837e+31
7.675286229058217463e+30
7.675286229058217463e+30
7.675286229058205079e+30
7.675286229058205079e+30
7.031346812549001688e+30
7.031346812548805781e+30
7.031346812548805781e+30
6.620032020830116053e+30
6.620032020830116053e+30
6.618733290939963513e+30
6.618733288889374398e+30
6.618733288889374398e+30
6.618733288889374398e+30
2.569987901150839743e+30
2.569987901150839743e+30
2.569987865865982776e+30
2.569987865865982776e+30
2.569986571926324360e+30
2.569986571926324360e+30
2.569986571925912843e+30
1.382847217580961084e+30
1.382847217580961084e+30
1.382579658004860953e+30
1.382579658004860953e+30
1.382579658004860953e+30
1.382579658004860953e+30
1.380183204289549298e+30
1.380183204289549298e+30
1.130881090165965279e+30
1.130881090165965279e+30
1.130881090165965279e+30
1.130880425020320528e+30
1.105982907139198301e+30
3.703234378929936368e+29
3.703234378911194357e+29
3.703234378911193653e+29
3.703234378899826990e+29
3.703234378899826990e+29
3.703234378899826990e+29
3.703234378899826990e+29
3.703234287041259989e+29
2.682251413259405435e+29
2.682251413259405435e+29
2.682251413259405435e+29
2.682251413259405435e+29
2.682251413259405435e+29
2.682251413259405435e+29
2.682185878186471452e+29
2.653609762847953088e+29
2.653582686069049467e+29
1.685858598745109702e+29
1.685858598745109702e+29
1.685858598093426522e+29
1.685858598093426522e+29
1.678968090121671278e+29
6.236536414476803970e+28
6.236536414476803970e+28
6.236536414476803970e+28
6.236536414476798693e+28
6.236536414476798693e+28
5.444592649403319830e+28
5.444592649403319830e+28
5.444592649403007569e+28
5.444592649403007569e+28
5.172470238867231941e+28
5.171893878087971376e+28
5.171893873671488254e+28
5.171893873671488254e+28
2.425301597927983870e+28
2.425301597927983870e+28
2.425301597927983870e+28
2.425301580673293360e+28
2.425301580673293360e+28
2.425299048603467872e+28
2.425299048603467872e+28
2.425299048603467872e+28
1.202377740887755971e+28
1.202377740887700556e+28
1.202063316231928128e+28
1.202063316231928128e+28
1.202063316231928128e+28
1.202063316231928128e+28
1.200745716541460453e+28
1.200745716541460453e+28
9.925780824008842376e+27
9.925780824008842376e+27
9.556687167463677864e+27
9.556684559225771282e+27
9.556684559225771282e+27
3.705386029000346541e+27
3.705386028988764285e+27
3.705386028988763186e+27
3.705386028948620566e+27
3.705386028948620566e+27
3.705386028948620566e+27
3.705385826871703414e+27
3.705385826871703414e+27
2.506767493947840624e+27
2.506767493947840624e+27
2.506767493947840624e+27
2.506767493947840624e+27
2.506767493947840624e+27
2.506767493947840624e+27
2.506678514375930809e+27
2.488474297127593101e+27
2.488461222154237216e+27
1.566404312696494891e+27
1.566404312696494891e+27
1.566404312349210570e+27
1.554815366715723502e+27
1.554815366715723502e+27
6.368067200314483789e+26
6.368067200314483789e+26
6.368067200314483789e+26
6.368067200314481041e+26
6.368067200314481041e+26
6.368067200314481041e+26
5.367277520669802554e+26
5.367277520668735340e+26
5.367277520668735340e+26
5.172292610112510965e+26
5.172292600406604369e+26
5.171976127985626911e+26
5.171976127985626911e+26
5.171976127985626911e+26
2.310569488136496819e+26
2.310569488136496819e+26
2.310569478469383742e+26
2.310569478469383742e+26
2.310565905953151057e+26
2.310565905953151057e+26
2.310565905953151057e+26
1.221613627880940184e+26
1.221613627880915789e+26
1.220979372591868978e+26
1.220979372591868978e+26
1.220979372591868978e+26
1.220979372591868978e+26
1.220979372591868978e+26
1.220232570557443944e+26
1.220232570557443944e+26
1.056553048134810548e+26
1.056553048134810548e+26
1.004698457172456774e+26
1.004698279226937276e+26
1.004698279226937276e+26
3.568580571106250590e+25
3.568580571106246295e+25
3.568580571101674303e+25
3.568580571019862477e+25
3.568580571019862477e+25
3.568580279657818223e+25
3.568580279657818223e+25
3.568580279657818223e+25
2.506665593795037530e+25
2.506665593795037530e+25
2.506665593795037530e+25
2.506665593795037530e+25
2.506665593795037530e+25
2.506665593795037530e+25
2.506491688075025889e+25
2.496464450040384145e+25
2.496456327175723720e+25
1.746690237420606198e+25
1.746690237420606198e+25
1.746690237236833567e+25
1.728652565502166476e+25
6.279975909811492177e+24
6.279975909811492177e+24
6.279975909811492177e+24
6.279975909811492177e+24
6.279975909811492177e+24
6.279975909811491103e+24
6.279975909811491103e+24
6.279975909811491103e+24
5.371346828388959921e+24
5.371346828386611648e+24
5.371346828386611648e+24
5.371346812115077581e+24
5.262334643107459011e+24
5.262132425209960116e+24
5.262132425209960116e+24
5.262132425209960116e+24
2.746617372773962222e+24
2.746617366960604264e+24
2.746617366960604264e+24
2.746607499505473270e+24
2.746607499505473270e+24
2.746607499505473270e+24
1.272331654515649271e+24
1.272331654515649271e+24
1.272331654515640412e+24
1.271468033266437813e+24
1.271468033266437813e+24
1.271468033266437813e+24
1.271468033266437813e+24
1.271468033266437813e+24
1.271468033266437813e+24
1.270968024400288494e+24
1.167522923425751301e+24
1.167522923425751301e+24
1.109319750323702587e+24
1.109319658002575388e+24
1.109319658002575388e+24
4.514954941308803157e+23
4.514954941308787722e+23
4.514954941105212983e+23
4.514954941102777602e+23
4.514954941102777602e+23
4.514954029464964731e+23
4.514954029464964731e+23
4.514954029464964731e+23
2.846564839328390756e+23
2.846564839328390756e+23
2.846564839328390756e+23
2.846564839328390756e+23
2.846564839328390756e+23
2.846564839328390756e+23
2.846283295480008514e+23
2.838292169533201150e+23
2.838287701202040321e+23
2.238444072863040191e+23
2.238444072863040191e+23
2.211241893296272457e+23
2.211241893198284456e+23
8.408998453873653422e+22
8.408998453873653422e+22
8.408998453873653422e+22
8.408998453873653422e+22
8.408998453873653422e+22
8.408998453873653422e+22
8.408998453873653422e+22
8.408998453864704455e+22
6.739633751391651181e+22
6.739633751391651181e+22
6.739633751391651181e+22
6.739633701318111422e+22
6.633205637535910540e+22
6.633068899510379767e+22
6.633068899510379767e+22
4.059617151185636137e+22
4.059617151185636137e+22
4.059590088350057156e+22
4.059590084124871334e+22
4.059590084124871334e+22
4.059590084124871334e+22
4.059590084124871334e+22
1.808378571470814786e+22
1.808378571470814786e+22
1.808378571470808495e+22
1.806773940973448305e+22
1.806773940973448305e+22
1.806773940973448305e+22
1.806773940973448305e+22
1.806773940973448305e+22
1.806773940973448305e+22
1.806344192898302476e+22
1.676062418445317387e+22
1.548519441644974296e+22
1.548519441644974296e+22
1.548519381793938552e+22
1.548519381793938552e+22
7.315464180064385499e+21
7.315464180064323633e+21
7.315464179019664065e+21
7.315464179019664065e+21
7.315464179017435841e+21
7.315461174361036161e+21
7.315461174361036161e+21
7.315461174361036161e+21
4.327948739947042177e+21
4.327948739947042177e+21
4.327948739947042177e+21
4.327948739947042177e+21
4.327350031614474715e+21
4.327350031614474715e+21
4.327350031614474715e+21
4.319481415317149188e+21
3.450785077953153729e+21
3.450782880507711980e+21
3.450782880507711980e+21
3.380674902185854632e+21
3.380674902106003472e+21
1.427620955697728979e+21
1.427620955697728979e+21
1.427620955697728979e+21
1.427620955697728979e+21
1.427620955697728979e+21
1.427620955697728979e+21
1.427620955697728979e+21
1.427620955692687163e+21
1.427620955692686901e+21
1.093404765964640584e+21
1.093404765964640584e+21
1.093404765964640584e+21
1.093404749418631266e+21
1.081425054188261212e+21
1.081425054188261212e+21
1.081412962413474087e+21
6.602207896305574871e+20
6.602207896305574871e+20
6.602142048026866483e+20
6.602142044130793226e+20
6.602142044130793226e+20
6.602142044130793226e+20
6.602142044130793226e+20
3.126490606035883786e+20
3.126490606035883786e+20
3.121249864585478799e+20
3.121249864585478799e+20
3.121249864585473556e+20
3.121249864585473556e+20
3.121249864585473556e+20
3.121249864585473556e+20
3.121249864585473556e+20
3.120823129821346529e+20
2.952103473805329695e+20
2.670500704824772198e+20
2.670500704824772198e+20
2.670500642766486241e+20
1.220050618175889572e+20
1.220050618175889572e+20
1.220050618175856312e+20
1.220050617811067044e+20
1.220050617811067044e+20
1.220050617810911232e+20
1.220049848979758940e+20
1.220049848979758940e+20
1.220049848979758940e+20
1.220049848979758940e+20
7.475156625496571904e+19
7.475156625496571904e+19
7.475156625496571904e+19
7.473203799764603699e+19
7.473203799764603699e+19
7.473203799764603699e+19
7.465390134833407590e+19
7.465390134833407590e+19
6.299066331392556237e+19
6.299063778627933798e+19
6.130380215678010982e+19
6.130380215611981005e+19
2.421803349831387136e+19
2.421803349831387136e+19
2.421803349831387136e+19
2.421803349831387136e+19
2.421803349831387136e+19
2.421803349831387136e+19
2.421803349831387136e+19
2.421803349813172224e+19
2.421803349813171405e+19
2.421803349813171405e+19
1.885078810154480845e+19
1.885078764911137178e+19
1.885078764911137178e+19
1.885078764911137178e+19
1.873176562823074202e+19
1.873163914510780006e+19
1.274027149000353997e+19
1.274000336100229734e+19
1.274000336100229734e+19
1.274000335735400038e+19
1.274000335735400038e+19
1.274000335735400038e+19
1.274000335735400038e+19
1.274000335735400038e+19
5.481505857475600384e+18
5.469801664302085120e+18
5.469801664302085120e+18
5.469801664302083072e+18
5.469801664302083072e+18
5.469801664302083072e+18
5.469801664302083072e+18
5.469344741070695424e+18
5.292964494445071360e+18
5.292964494445071360e+18
4.795154416853193728e+18
4.795154416853193728e+18
4.795154366536363008e+18
2.512575129121018368e+18
2.512575129120841216e+18
2.512575129120841216e+18
2.512575127697566720e+18
2.512575127697566720e+18
2.512575127697566720e+18
2.512575127697431552e+18
2.512575127697431552e+18
2.512571562051282944e+18
2.512571562051282944e+18
1.393091266450531840e+18
1.393091266450531840e+18
1.393091266450531840e+18
1.392598314316971520e+18
1.392598314316971520e+18
1.392598314316971520e+18
1.392598314316971520e+18
1.392598314316971520e+18
1.391652016152331264e+18
1.248303853659239680e+18
1.248303601547646208e+18
1.212013637562156032e+18
5.296269397799363200e+17
5.296269397799363200e+17
5.296269397789285760e+17
5.296269397789285760e+17
5.296269397789285760e+17
5.296269397789285760e+17
5.296269397789285760e+17
5.296269397789285760e+17
5.296269397789285760e+17
5.296269397709145600e+17
5.296269397709140480e+17
5.296269397709140480e+17
3.825793916409333760e+17
3.825793712628188800e+17
3.825793712628188800e+17
3.825793712628188800e+17
3.808670310206030080e+17
3.808657160469827200e+17
3.808482986834818560e+17
2.889356354891191040e+17
2.889356354891191040e+17
2.889356354891191040e+17
2.889356354507489280e+17
2.889356354507489280e+17
2.889356354507489280e+17
2.889356354507489280e+17
1.268342150896959680e+17
1.268342150896959680e+17
1.264903300924646880e+17
1.264903300924646720e+17
1.264903300924646720e+17
1.264903300924646720e+17
1.264903300924646720e+17
1.096916189914226720e+17
1.096869977500269600e+17
1.071895337993213120e+17
1.071895337993213120e+17
1.071895337993213120e+17
1.071895332852147360e+17
1.071895332851850880e+17
6.396978689332254400e+16
6.396978679243776800e+16
6.396978679243776800e+16
6.396978679243776800e+16
6.396978679243776800e+16
6.396978679243776800e+16
6.396961879124653600e+16
6.396961879124480800e+16
6.396961879124480800e+16
3.419571152416762400e+16
3.419571152416762400e+16
3.419571152416762400e+16
3.417940411734490000e+16
3.417940411734490000e+16
3.417940411734490000e+16
3.417940411734490000e+16
3.417940411734490000e+16
3.416506534666350000e+16
3.110757170321173200e+16
3.110756850192357200e+16
2.973789160587470400e+16
2.973789160587470400e+16
1.449389266485484400e+16
1.449389266483999200e+16
1.449389266483999200e+16
1.449389266483999200e+16
1.449389266483999200e+16
1.449389266483999200e+16
1.449389266483999200e+16
1.449389266483999200e+16
1.449389266418369000e+16
1.449389266418365800e+16
1.449389266418365800e+16
1.001212434125963400e+16
1.001212332679654200e+16
1.001212332679654200e+16
9.982586888757900000e+15
9.982586888757900000e+15
9.982568417457028000e+15
9.981911419559348000e+15
7.733851861353206000e+15
7.733851861353206000e+15
7.733851861353206000e+15
7.733851860812239000e+15
7.733851860812239000e+15
7.733851860812239000e+15
7.733851860812239000e+15
7.733851860812239000e+15
3.617092562967701500e+15
3.599864030709078500e+15
3.599864030709078000e+15
3.599864030709078000e+15
3.599864030709078000e+15
3.036623154550681000e+15
3.036623154550681000e+15
3.036550737337269000e+15
2.988082357909872500e+15
2.988082357909872500e+15
2.988082357909872500e+15
2.988082357909872500e+15
2.988082357907352500e+15
2.988082350045570000e+15
1.803706747270049250e+15
1.803706741440021750e+15
1.803706741440021750e+15
1.803706741440021750e+15
1.803706741440021750e+15
1.803706741440021750e+15
1.803699407400525500e+15
1.803699407400525500e+15
1.803699407400505000e+15
9.927999085568402500e+14
9.919517361746247500e+14
9.919517361746247500e+14
9.919517361746247500e+14
9.919517361746247500e+14
9.919517361746247500e+14
9.919517361746247500e+14
9.917047467153441250e+14
9.917047467153441250e+14
9.253175850809912500e+14
9.253175293416641250e+14
8.743393097645580000e+14
8.743393097645580000e+14
4.207394233697995625e+14
4.207394233696122500e+14
4.207394233696122500e+14
4.207394233696122500e+14
4.207394233696122500e+14
4.207394233696122500e+14
4.207394233696122500e+14
4.207394233696090625e+14
4.207394233294093125e+14
4.207394233294093125e+14
2.937474734474166250e+14
2.937474254982025625e+14
2.937474254982025625e+14
2.937474254982025625e+14
2.932269418623231250e+14
2.932266282400560625e+14
2.931916380709050000e+14
2.931916380709050000e+14
2.931916380709050000e+14
2.413684594184090625e+14
2.413684594184090625e+14
2.413684594105203125e+14
2.413684594105203125e+14
2.413684594105203125e+14
2.413684594105203125e+14
2.413684594105203125e+14
1.078314017427704219e+14
1.071806189645951406e+14
1.071806189645951406e+14
1.071806189645951406e+14
1.071806189645951406e+14
9.054468756535206250e+13
9.054468756535206250e+13
8.965798563415954688e+13
8.965674332459456250e+13
8.965674332459456250e+13
8.965674332442964062e+13
8.965674332442964062e+13
8.965674332442964062e+13
8.965674332442964062e+13
8.965674253347035938e+13
8.965674242750384375e+13
8.965674242750384375e+13
5.995266328504735938e+13
5.995266328504735938e+13
5.995266328504735938e+13
5.995216312433600781e+13
5.995216312433600781e+13
5.995216312433571875e+13
3.079993242005092969e+13
3.079993242005092969e+13
3.076520173359717578e+13
3.076520173359717578e+13
3.076520173359717578e+13
3.076520173359717578e+13
3.076520173359717578e+13
3.076052603471063281e+13
2.942173368977052734e+13
2.942173368977052734e+13
2.942173284607955078e+13
2.942173284607955078e+13
2.771247290038299609e+13
1.490472657770647070e+13
1.490472657770647070e+13
1.490472657770354102e+13
1.490472657770354102e+13
1.490472657770354102e+13
1.490472657770354102e+13
1.490472657770354102e+13
1.490472657770324805e+13
1.490472657493315430e+13
1.490472657493315430e+13
9.716657243838544922e+12
9.716654005293152344e+12
9.716654005293152344e+12
9.716654005293152344e+12
9.705440312723261719e+12
9.703809062737371094e+12
9.703809062737371094e+12
9.703803920517449219e+12
8.472696570707847656e+12
8.472696570707847656e+12
8.472696570707847656e+12
8.472696570707847656e+12
8.472696570707847656e+12
8.472696570586714844e+12
8.472696570586714844e+12
8.472696570586714844e+12
4.047764435793315430e+12
4.017301280080870605e+12
4.017301280080870605e+12
4.017301280080870605e+12
4.017301280080870605e+12
4.017301280080870605e+12
4.017301280080870605e+12
3.239517836149658203e+12
3.217117193191463379e+12
3.217093245966055176e+12
3.217093245954396484e+12
3.217093245954396484e+12
3.217093245954396484e+12
3.217093245954395996e+12
3.217093183090892578e+12
3.217093183090892578e+12
3.217093183090892578e+12
3.217093183090892578e+12
2.359402572739724121e+12
2.359402571825234863e+12
2.359402571825234863e+12
2.359369605825965820e+12
2.359369605825965820e+12
2.359369605825960938e+12
2.359369605825960938e+12
1.218233581795065674e+12
1.216426528325255371e+12
1.216426528325255371e+12
1.216426528325255371e+12
1.216426528325255371e+12
1.216317084193886963e+12
1.216317084193886963e+12
1.216317084193886963e+12
1.174723976902841309e+12
1.174723976902841309e+12
1.174723960142214111e+12
1.081840245172547363e+12
1.081840245172547363e+12
6.416892858501474609e+11
6.416892858501474609e+11
6.416892858500859375e+11
6.416892858500859375e+11
6.416892858500561523e+11
6.416892855331146240e+11
6.416892855331146240e+11
6.416892855331146240e+11
6.416892855331146240e+11
6.416886844458651123e+11
4.066279188570494385e+11
4.066279188570494385e+11
4.066279188570494385e+11
4.066279188570494385e+11
4.063337724436856079e+11
4.062386511137034912e+11
4.062386511137034912e+11
4.062385388083480225e+11
3.628095592342266235e+11
3.628095592342266235e+11
3.628095592342266235e+11
3.628095592342266235e+11
3.628095592317094116e+11
3.628095592317094116e+11
3.544113322482881470e+11
1.831570826912408447e+11
1.831570826912408447e+11
1.831570826912408447e+11
1.831570826912408447e+11
1.831570826912408447e+11
1.831570826912408447e+11
1.831570826912408447e+11
1.436220250554112549e+11
1.436220250554112549e+11
1.436220250539769287e+11
1.429613018691946411e+11
1.429607125757874146e+11
1.429607125757873535e+11
1.429607125757873535e+11
1.429607072928353577e+11
1.429607072928353577e+11
1.084774280735826416e+11
1.084774280735826416e+11
1.084774280516748047e+11
1.084774280516748047e+11
1.084774280516748047e+11
1.084751096514499969e+11
1.084751096514499969e+11
1.084751096514499969e+11
1.084751096514499054e+11
5.768095622491533661e+10
5.768095622491533661e+10
5.753985467126617432e+10
5.753985467126617432e+10
5.753985467126617432e+10
5.753985467126617432e+10
5.753680294209927368e+10
5.753680294209927368e+10
5.612932672490156555e+10
5.612932629124613190e+10
5.088035413920485687e+10
5.088035413920485687e+10
5.088035413920485687e+10
5.088035413920485687e+10
3.112288731836650848e+10
3.112288731836521530e+10
3.112288731836089325e+10
3.112288728663153076e+10
3.112288728663153076e+10
3.112288728663153076e+10
3.112288728663153076e+10
3.112288728663153076e+10
3.112284024328949356e+10
1.978194906213578033e+10
1.978194906213578033e+10
1.978194906213578033e+10
1.978194906213578033e+10
1.978194906213578033e+10
1.977409027773723221e+10
1.977409027773723221e+10
1.976541950697472763e+10
1.976541950697472763e+10
1.976541649399208069e+10
1.818019125058448792e+10
1.818019125058448792e+10
1.818019125052782440e+10
1.818019125052782440e+10
1.765306628730884933e+10
1.765306628730884933e+10
9.211246058542158127e+09
9.211246058542158127e+09
9.211246058542158127e+09
9.211246058542158127e+09
9.211246058542158127e+09
9.211246058542158127e+09
9.211246058542158127e+09
7.179058464847859383e+09
7.179058464695343971e+09
7.179058464695343971e+09
7.179058464695332527e+09
7.158450351754158974e+09
7.158433606955797195e+09
7.158433166269076347e+09
7.158433166269076347e+09
5.780821519986916542e+09
5.780821519986916542e+09
5.780821519429130554e+09
5.780821519429130554e+09
5.780821519429130554e+09
5.780591980241692543e+09
5.780591980241692543e+09
5.780591980241692543e+09
3.005332664518879890e+09
3.005332664518879890e+09
3.005332664518879414e+09
2.995707321551057339e+09
2.995707321551057339e+09
2.995707321551057339e+09
2.995707321551057339e+09
2.995613573296243668e+09
2.947657889826951504e+09
2.947657889826951504e+09
2.947657889826951504e+09
2.947657889826951504e+09
2.653688785585330009e+09
2.653688776895076752e+09
2.653688776895076752e+09
1.774213139088984013e+09
1.774213139088984013e+09
1.774213139088386536e+09
1.774213139088354588e+09
1.774213135657803774e+09
1.774213135657803774e+09
1.774213135657803774e+09
1.774207805680374622e+09
1.774207805680374622e+09
1.774207805680374622e+09
1.079780907608211994e+09
1.079780907608211994e+09
1.079780907608211994e+09
1.079780907608211994e+09
1.079780907608211994e+09
1.079780907608211994e+09
1.079780907608211994e+09
1.079192175243227482e+09
1.078899435674178600e+09
1.078899355189380169e+09
1.018491079776706934e+09
1.018491079776706934e+09
1.018491079776706934e+09
1.018491079775363445e+09
9.848055778688310385e+08
5.578223846582493782e+08
5.578223846582493782e+08
5.578223846582493782e+08
5.578223846582493782e+08
5.578223846582493782e+08
5.578223846582493782e+08
5.578223846582493782e+08
4.171149270567277670e+08
4.171149270567277670e+08
4.171149270395984054e+08
4.171149270395984054e+08
4.171149270395968556e+08
4.171148748743305802e+08
4.163256748124853969e+08
4.163251670318893194e+08
4.163251670318893194e+08
3.550104432498440146e+08
3.550104432498440146e+08
3.550104432498440146e+08
3.550104432339529395e+08
3.549886739429121614e+08
3.549886739429121614e+08
3.549886739429121614e+08
3.549886739429121614e+08
1.919870536633674204e+08
1.919870536633674204e+08
1.919870536633674204e+08
1.911846561618415415e+08
1.911846561618415415e+08
1.911846561618415415e+08
1.911846561618415415e+08
1.911846561618415415e+08
1.911812328721585572e+08
1.911812328721585572e+08
1.889577504226228893e+08
1.889577504226228893e+08
1.657899381042679846e+08
1.657899381042679846e+08
1.657899378480375111e+08
1.657899378480375111e+08
1.196244162052733004e+08
1.196244162051829398e+08
1.196244156614720970e+08
1.196244156614711583e+08
1.196244156614711583e+08
1.196238063403429240e+08
7.253495166796335578e+07
7.253495166796335578e+07
7.253495166796335578e+07
7.253495166796335578e+07
7.253495166796335578e+07
7.253495166796335578e+07
7.253495166796335578e+07
7.253495166796335578e+07
7.248064000082609057e+07
7.248064000082609057e+07
7.248064000082609057e+07
7.246880026249441504e+07
6.933819440337386727e+07
6.933819189218740165e+07
6.933819189218740165e+07
6.630004242295441777e+07
6.630004242295441777e+07
6.630004242295441777e+07
6.630004242291674763e+07
4.037343968709182739e+07
4.037343968709182739e+07
4.037343968709182739e+07
4.037343968709182739e+07
4.037343968709182739e+07
4.037343968709182739e+07
4.037343968709182739e+07
4.037343968149687350e+07
2.956604138484735414e+07
2.956604138484710455e+07
2.956603479386731610e+07
2.956603479386731610e+07
2.953046110616848618e+07
2.953046110616848618e+07
2.953044180727645755e+07
2.953044180727645755e+07
2.593033362555383891e+07
2.592795894386261702e+07
2.592795894386261702e+07
2.592795894330175966e+07
2.592795894330175966e+07
2.592795894330175966e+07
2.592795894330175966e+07
1.462574504899239540e+07
1.453429915553561412e+07
1.453429915553561412e+07
1.453429915553561412e+07
1.453429915553561412e+07
1.453429915553561412e+07
1.453429915553561412e+07
1.453429915553561412e+07
1.453429915553561412e+07
1.453414970033046231e+07
1.441851155050818995e+07
1.441851155050818995e+07
1.243357994440003484e+07
1.243357994440003484e+07
1.243357993486436270e+07
9.362589626369502395e+06
9.362589626369502395e+06
9.362589626350201666e+06
9.362589542594574392e+06
9.362589542594572529e+06
9.362589542594540864e+06
9.362513222740989178e+06
9.362513222740989178e+06
9.362513222740989178e+06
9.362513222740989178e+06
5.732739521691458300e+06
5.732739521691458300e+06
5.732739521691458300e+06
5.732739521691458300e+06
5.732739521691458300e+06
5.726066386847016402e+06
5.726066386847016402e+06
5.726066386847016402e+06
5.725508146282854490e+06
5.548077478943029419e+06
5.548077478943029419e+06
5.548077372562185861e+06
5.548077372562185861e+06
5.259364986117471009e+06
3.334369794222429860e+06
3.334369794221919961e+06
3.334369794221919961e+06
3.334369794221919961e+06
3.334369794221919961e+06
3.334369794221919961e+06
3.334369794221919961e+06
3.334369794221919961e+06
3.334369794221919961e+06
3.334369793262240477e+06
3.334369793262129184e+06
2.422883361523526721e+06
2.422883361523526721e+06
2.422882456481227186e+06
2.422882456481227186e+06
2.421076993931728881e+06
2.421076993931728881e+06
2.421076135602837894e+06
2.196883981803502422e+06
2.196548580745351501e+06
2.196548580745351501e+06
2.196548580723815598e+06
2.196548580723815598e+06
2.196548580723815598e+06
2.196548580723815598e+06
2.196548580723815598e+06
1.260983591535825515e+06
1.260983591535825515e+06
1.250825199931016890e+06
1.250825199931016890e+06
1.250825199931016890e+06
1.250825199931016890e+06
1.250825199931016890e+06
1.250825199931016890e+06
1.250825199931016890e+06
1.250817875692104222e+06
1.066721309246094665e+06
1.061999068281478947e+06
1.061999068281478947e+06
1.061999068281478947e+06
1.061999067909282632e+06
8.488008594345090678e+05
8.488008594305202132e+05
8.488008453546923120e+05
8.488008453546919627e+05
8.488008453546919627e+05
8.488008453546919627e+05
8.487885017525437288e+05
8.487885017525426811e+05
8.487885017525426811e+05
8.487885017525426811e+05
8.487885017525426811e+05
5.142504215229913825e+05
5.142504215229913825e+05
5.142504215229913825e+05
5.134468062072921311e+05
5.134468062072921311e+05
5.134171058792531257e+05
5.134171058792531257e+05
5.134171058792531257e+05
5.134171058792531257e+05
5.025306385588334524e+05
5.025306338893554639e+05
4.732097197185525438e+05
3.228564123208320816e+05
3.228564123208110686e+05
3.228564123208110686e+05
3.228564123208110686e+05
3.228564123208110686e+05
3.228564123208110686e+05
3.228564123208110686e+05
3.228564123208110686e+05
3.228564121368363849e+05
3.228564121368102496e+05
3.228564121368102496e+05
3.228564121368102496e+05
2.285192721099038026e+05
2.285191136800899403e+05
2.285191136800899403e+05
2.284128132524277898e+05
2.284127723788764852e+05
2.284127723788764852e+05
2.283584947547379124e+05
2.128796640627947345e+05
2.128796640627947345e+05
2.128796640627947345e+05
2.128796640619060781e+05
2.128796640619060781e+05
2.128796640619060781e+05
2.128796640619060781e+05
2.128796640619060781e+05
1.294375252127149579e+05
1.281066950556086813e+05
1.281066950556086813e+05
1.281066950556086813e+05
1.281066950556086813e+05
1.281066950556086813e+05
1.281066950556086813e+05
1.067273370731819450e+05
1.067270517829980963e+05
1.064138025669828639e+05
1.064138025669828639e+05
1.064138025669828639e+05
1.064138025669828639e+05
1.064138025657008548e+05
1.064138025492834277e+05
8.941415866710533737e+04
8.941415559339856554e+04
8.941415559339856554e+04
8.941415559339849278e+04
8.941415559339849278e+04
8.941415559339849278e+04
8.941415559339849278e+04
8.941210487512219697e+04
8.941210487512219697e+04
8.941210487512215332e+04
5.538489160986313800e+04
5.526879458055844589e+04
5.526879458055844589e+04
5.526879458055844589e+04
5.526879458055844589e+04
5.526879458055844589e+04
5.526879458055844589e+04
5.526695336000667885e+04
5.442714603180995618e+04
5.442714603180995618e+04
5.442714579117434187e+04
5.058029989415861201e+04
5.058029989415861201e+04
3.675835070673411246e+04
3.675835070673321752e+04
3.675835070673321752e+04
3.675835070673321752e+04
3.675835070673321752e+04
3.675835070673321752e+04
3.675835065980449872e+04
3.675835065979755746e+04
3.675835065979755746e+04
2.586103177574326401e+04
2.586100139841922282e+04
2.586100139841922282e+04
2.586100139841922282e+04
2.585371647183820460e+04
2.585371647183820460e+04
2.585371417128128451e+04
2.584504943607679525e+04
2.451042377975220734e+04
2.451042377975220734e+04
2.451042377975220734e+04
2.451042377971328096e+04
2.451042377971328096e+04
2.451042377971328096e+04
2.451042377971328096e+04
1.570485045007959889e+04
1.548367095412080198e+04
1.548367095412080198e+04
1.548367095412080198e+04
1.548367095412080198e+04
1.548367095412080198e+04
1.548367095412080198e+04
1.272214687274492280e+04
1.269830784079400291e+04
1.269829009835700344e+04
1.269829009835700344e+04
1.269829009835700344e+04
1.269829009799777305e+04
1.269829009799777305e+04
1.269828916987143566e+04
1.269828916987141019e+04
1.269828916987141019e+04
1.104088261553959092e+04
1.104088261495562256e+04
1.104088261495562256e+04
1.104088261495562256e+04
1.104049297151102655e+04
1.104049297151102655e+04
1.104049297151102655e+04
1.104049297151102473e+04
7.018428300918006244e+03
6.997319290065637688e+03
6.997319290065637688e+03
6.997319290065637688e+03
6.997319290065637688e+03
6.997319290065637688e+03
6.997189631514155735e+03
6.997189631514155735e+03
6.924813537239559082e+03
6.924813524368430990e+03
6.924813524368430990e+03
6.924813524368430990e+03
6.372023006607272691e+03
4.851402087260526969e+03
4.851402087260526969e+03
4.851402087260526969e+03
4.851402087260497865e+03
4.851402087260497865e+03
4.851402087258119536e+03
4.851402075019625954e+03
4.851402075019625954e+03
4.851402075019625954e+03
4.851402075019625954e+03
3.416206372022537835e+03
3.416199766344570889e+03
3.416199766344570889e+03
3.416199766344570889e+03
3.416199766344570889e+03
3.415641221692534600e+03
3.413927548310569364e+03
3.413927548310569364e+03
3.413927415764360376e+03
3.287422912779532908e+03
3.287422912779532908e+03
3.287422912779532908e+03
3.287422912778262344e+03
3.287422912778262344e+03
3.287422912778262344e+03
2.195139741137160399e+03
2.156536528037926928e+03
2.156536528037926928e+03
2.156536528037926928e+03
2.156536528037926928e+03
2.156536528037926928e+03
2.156536528037926928e+03
1.755597577000853562e+03
1.753601745676323844e+03
1.753600627641048959e+03
1.753600627538481604e+03
1.753600627538471599e+03
1.753600627538471599e+03
1.753600627538471599e+03
1.753600406966826995e+03
1.753600406966826995e+03
1.578524330171547945e+03
1.578524330149888101e+03
1.578524330149888101e+03
1.578524330149888101e+03
1.578524330149888101e+03
1.578434069311708299e+03
1.023551285509736999e+03
1.023551285509736999e+03
1.023551285509736999e+03
1.019529922796865776e+03
1.019529922796865776e+03
1.019529922796865776e+03
1.019529922796865776e+03
1.019520827569128187e+03
1.019520827569128187e+03
1.019520827569128187e+03
1.012745266361006998e+03
1.012745265861461689e+03
9.241706044168752214e+02
9.241706044168752214e+02
9.241706044168752214e+02
7.433705024128505556e+02
7.433705024128505556e+02
7.433705024128502146e+02
7.433705024120141616e+02
7.433704988312493924e+02
7.433704988312493924e+02
7.433704988312493924e+02
7.433704988312493924e+02
7.433704988312493924e+02
7.433669540851512920e+02
5.213174705119811279e+02
5.213174705119811279e+02
5.213174705119811279e+02
5.213174705119811279e+02
5.209596417860996098e+02
5.209167191448283347e+02
5.209167191448283347e+02
5.209167135450695696e+02
5.078171356874276512e+02
5.078171356874276512e+02
5.078171356874276512e+02
5.078171356874130993e+02
4.924134831747668954e+02
3.520355617482941284e+02
3.520355617482941284e+02
3.520355617482941284e+02
3.520355617482941284e+02
3.520355617482941284e+02
3.520355617482941284e+02
3.520355617482941284e+02
2.823792782521789491e+02
2.823792782190364505e+02
2.823792782190364505e+02
2.822085746542452966e+02
2.822085746542414313e+02
2.822085221120504457e+02
2.822084573717037870e+02
2.822084573717037870e+02
2.822084573717037870e+02
2.616881218842313501e+02
2.616881218839467351e+02
2.616881218839467351e+02
2.616881218839467351e+02
2.616881218839467351e+02
2.616658826366296466e+02
2.616658826366296466e+02
1.767040803413160006e+02
1.767040803413160006e+02
1.767040803413160006e+02
1.757997844857677308e+02
1.757997844857677308e+02
1.757997844857677308e+02
1.757997844857677308e+02
1.757992937734411214e+02
1.757992937734411214e+02
1.751317149619206077e+02
1.751317149619206077e+02
1.578240100188710926e+02
1.578240100130702501e+02
1.578240100130702501e+02
1.578240100130702501e+02
1.334693842421756926e+02
1.334693842418398617e+02
1.334693842418398617e+02
1.334693842418398617e+02
1.334693829336373483e+02
1.334693829336373199e+02
1.334683584527283244e+02
9.471520160928808707e+01
9.471520160928808707e+01
9.471520160928808707e+01
9.471520160928808707e+01
9.471520160928808707e+01
9.471520160928808707e+01
9.462599829987399858e+01
9.462599829987399858e+01
9.462599829987399858e+01
9.462342851232725138e+01
9.462342842397880815e+01
9.318072163724389156e+01
9.318072163724389156e+01
8.977119580812150446e+01
8.977119580812149024e+01
6.804054771483822606e+01
6.804054771483822606e+01
6.804054771483822606e+01
6.804054771483822606e+01
6.804054771483822606e+01
6.804054771483822606e+01
5.421219184886514597e+01
5.421219183502118710e+01
5.421219183502118710e+01
5.421219183501941785e+01
5.421217041617823895e+01
5.420074911327722589e+01
5.420074818656001270e+01
5.420074818656001270e+01
5.163140951633684494e+01
5.163140951633684494e+01
5.162487002621529797e+01
5.162487002621494980e+01
5.162487002621494980e+01
5.162487002621494980e+01
5.162487002621494980e+01
5.162487002621494980e+01
3.643896757260137065e+01
3.618499623910676632e+01
3.618499623910676632e+01
3.618499623910676632e+01
3.618499623910676632e+01
3.618499623910676632e+01
3.618499623910676632e+01
3.618498629840013336e+01
3.613354243518232778e+01
3.613354243518232778e+01
3.223177633012832644e+01
3.223177633012832644e+01
3.223177633012082310e+01
2.869803467840320010e+01
2.869803467840320010e+01
2.869803467822724485e+01
2.869803413599753483e+01
2.869803413599753483e+01
2.869803413599752062e+01
2.869767634884533081e+01
2.069803571634398409e+01
2.069803571634398409e+01
2.069803571634398409e+01
2.069803571634398409e+01
2.069803571634398409e+01
2.069803571634398409e+01
2.066986084321004213e+01
2.066986084321004213e+01
2.066980221174456389e+01
2.054372319719582052e+01
2.054372319706661898e+01
2.054372319706661898e+01
1.966283452344309879e+01
1.597116885969973410e+01
1.597116885969973410e+01
1.597116885969973410e+01
1.597116885969973410e+01
1.597116885969973410e+01
1.597116885969973410e+01
1.597116885969973410e+01
1.597116884892746924e+01
1.264498450036852972e+01
1.264498450036743726e+01
1.264497569757479845e+01
1.264467852538345838e+01
1.264467852381868163e+01
1.264467852381868163e+01
1.264467852381868163e+01
1.238380030110904428e+01
1.238131123749436036e+01
1.238131123749436036e+01
1.238131123749436036e+01
1.238131123749436036e+01
1.238131123749436036e+01
1.238131123749436036e+01
9.307448221802237853e+00
9.219024146479709358e+00
9.219024146479709358e+00
9.219024146479709358e+00
9.219024146479709358e+00
9.219024146479709358e+00
9.219024146479709358e+00
9.219024126461247803e+00
9.219024126461247803e+00
9.217425459436398683e+00
8.116338164951873324e+00
8.116338164951873324e+00
8.116338164951873324e+00
8.116338164951873324e+00
7.684003470379748180e+00
7.684003470266652869e+00
7.684003176612558939e+00
7.684003176612549169e+00
7.684003176612549169e+00
7.683833455519965661e+00
7.683833455519965661e+00
5.725933407364973249e+00
5.725933407364973249e+00
5.725933407364973249e+00
5.725933407364973249e+00
5.725933407364973249e+00
5.714404784836012219e+00
5.714404784836012219e+00
5.714404645808954797e+00
5.709772460430532881e+00
5.709772460430532881e+00
5.709772460430531105e+00
5.709772460430531105e+00
5.413637776640221944e+00
4.853195925460827453e+00
4.853195925460827453e+00
4.853195925460827453e+00
4.853195925460827453e+00
4.853195925460827453e+00
4.853195917946828253e+00
4.853195917945386739e+00
3.839208614524081131e+00
3.839208614524081131e+00
3.839203245300775613e+00
3.839203245300775613e+00
3.839203245300775613e+00
3.839202395406406954e+00
3.839202395406406954e+00
3.839202395406375867e+00
3.837922667959052792e+00
3.826224668649027993e+00
3.826224668649027993e+00
3.826224668649027993e+00
3.826224668649027993e+00
3.826224668649027993e+00
3.228347478749849397e+00
3.228347478749849397e+00
3.181842502073490397e+00
3.181842502073490397e+00
3.181842502073490397e+00
3.181842502073490397e+00
3.181842502073490397e+00
2.755462492577891886e+00
2.755462492577509526e+00
2.755458061062705521e+00
2.755458061062705521e+00
2.755458061062705521e+00
2.755458060952846733e+00
2.730518992936572520e+00
2.730518747581062833e+00
2.730518747581052619e+00
2.730518747581052619e+00
2.730404088813277674e+00
2.730404088813277674e+00
2.730404088813277674e+00
2.730404088813277674e+00
2.730404088813277674e+00
2.237157797114629254e+00
2.229437436847881759e+00
2.229437436847881759e+00
2.229437436847881759e+00
2.229437436843359599e+00
2.229437436843359599e+00
2.229415544970448693e+00
2.229415544970448693e+00
2.082449043126178179e+00
2.039137540272928373e+00
2.039137540272928373e+00
2.039137540272928373e+00
2.039137540272928373e+00
2.039137540272928373e+00
2.039137531495788469e+00
2.039137531493866895e+00
2.039137531493866895e+00
1.697350855854762308e+00
1.697345241041673169e+00
1.697345241041673169e+00
1.697345241041673169e+00
1.697345241041673169e+00
1.697345241006170458e+00
1.697345241006170458e+00
1.696246677955887572e+00
1.696175572130361076e+00
1.696175572130361076e+00
1.696175572130361076e+00
1.696175572130361076e+00
1.696175572130361076e+00
1.632106369696462167e+00
1.593207852560497795e+00
1.593207852560497795e+00
1.593207852560497795e+00
1.593207852560497795e+00
1.593207852560497795e+00
1.396821618217287675e+00
1.396821617973909024e+00
1.396821617973909024e+00
1.396821617787109782e+00
1.396821274267067148e+00
1.396620660385934576e+00
1.396620660385934576e+00
1.396620660385914370e+00
1.396620660385914370e+00
1.396620660385914370e+00
1.396620660385914370e+00
1.396488884282744980e+00
1.396488884282744980e+00
1.396488884282744980e+00
1.325043103900640507e+00
1.316123532448940869e+00
1.316123532448940869e+00
1.316123532448940869e+00
1.316123532448940869e+00
1.316123530818419152e+00
1.316123530818419152e+00
1.223617650595819173e+00
1.223617650595819173e+00
1.223617650595819173e+00
1.223144056633842736e+00
1.223144056633842736e+00
1.223144056633842736e+00
1.223144056633842736e+00
1.223144056633842736e+00
1.223144039737993127e+00
1.223144039733419008e+00
1.156359451353569323e+00
1.156348002541273123e+00
1.156348002541273123e+00
1.156348002541273123e+00
1.156348002541273123e+00
1.154664623661797229e+00
1.154664623661797229e+00
1.154664623661797229e+00
1.154664616619833550e+00
1.154664616619833550e+00
1.154664616619833550e+00
1.154664616619833550e+00
1.153708122453694696e+00
1.118674437800808663e+00
1.118674437800808663e+00
1.118674437800808663e+00
1.068249776334071477e+00
1.068249776334071477e+00
1.068249776334071477e+00
1.068249775749545716e+00
1.068249775749545716e+00
1.068249775749467778e+00
1.068248893073936889e+00
1.068248867994183060e+00
1.068248867994183060e+00
1.068248867994183060e+00
1.068248867994183060e+00
1.067994165202431844e+00
1.067994165202431844e+00
1.066629606971332578e+00
1.056174210034665828e+00
1.056174210034665828e+00
1.056174210034665828e+00
1.056174210034665828e+00
1.056174210034665828e+00
1.056174210034665828e+00
1.056174210034665828e+00
1.026399485852601545e+00
1.026399485852601545e+00
1.026399414607939153e+00
1.026399414607939153e+00
1.026399414607939153e+00
1.026399414607939153e+00
1.026399414590706938e+00
1.026399362321834596e+00
1.026399362321833486e+00
1.026369558577359564e+00
1.024828705237688986e+00
1.024828705237688986e+00
1.024828705237688986e+00
1.022431545441969458e+00
1.022431545441969458e+00
1.022431545441969458e+00
1.022431545441969458e+00
1.022431545441969458e+00
1.022431545441969458e+00
1.022431545441969458e+00
1.009041007683274982e+00
1.009040851445954790e+00
1.009040851445954790e+00
1.009040851445954790e+00
1.007709750046212660e+00
1.007709747761064145e+00
1.007709747761064145e+00
1.007709747760692442e+00
1.007709747760692442e+00
1.007709747760692442e+00
1.007707152402555817e+00
1.007707152402555817e+00
1.007707152402555817e+00
1.007707152402555817e+00
1.007295947942939085e+00
1.007295947942939085e+00
1.007295688190090743e+00
1.007295688190090743e+00
1.002813014989187179e+00
1.002813014989187179e+00
1.002813014989187179e+00
1.002813014989187179e+00
1.002813014989187179e+00
1.001956834748566560e+00
1.001956834748566560e+00
1.001956834748566560e+00
1.001956834748566560e+00
1.001956834748566338e+00
1.001956834676423602e+00
1.001956670095315527e+00
1.001956670095309754e+00
1.001956670095309754e+00
1.001905135337127328e+00
1.001904821072119534e+00
1.001904821072119534e+00
1.000807945198763704e+00
1.000807945198763704e+00
1.000807945198763704e+00
1.000807945198763704e+00
1.000807945198763704e+00
1.000807945198763704e+00
1.000807945198763704e+00
1.000404781028589873e+00
1.000404781028589651e+00
1.000404781028589651e+00
1.000404501030528914e+00
1.000404501030528914e+00
1.000404493588926469e+00
1.000404493587316423e+00
1.000404493587316423e+00
1.000399852168577297e+00
1.000399852168577297e+00
1.000399852168577297e+00
1.000399852168577297e+00
1.000206032303857517e+00
1.000206032303857517e+00
1.000206032303857517e+00
1.000206032303857073e+00
1.000206032303857073e+00
1.000206032303857073e+00
1.000068317780080873e+00
1.000068317780080873e+00
1.000068317780080873e+00
1.000068317780080873e+00
1.000068317780080873e+00
1.000068317780080873e+00
1.000068317780080873e+00
1.000068135645595380e+00
1.000068135645595380e+00
1.000068135408115788e+00
1.000068135408115788e+00
1.000067837888857003e+00
1.000067837888831912e+00
1.000043288438704048e+00
1.000043288438703382e+00
1.000043288438703382e+00
1.000043288438703382e+00
1.000043288438703382e+00
1.000009349082733090e+00
1.000009349082733090e+00
1.000009349082733090e+00
1.000009349082733090e+00
1.000009349082733090e+00
1.000009263022958006e+00
1.000009263022958006e+00
1.000009263022958006e+00
1.000009263022958006e+00
1.000009249530308564e+00
1.000009249530308564e+00
1.000009249530308120e+00
1.000009249524993038e+00
1.000007031954780912e+00
1.000007031954780690e+00
1.000007031954780690e+00
1.000007031954780690e+00
1.000007031954780690e+00
1.000007031954780690e+00
1.000001022443429699e+00
1.000001022443429699e+00
1.000001022443429699e+00
1.000001022443429699e+00
1.000000993019668938e+00
1.000000993019668938e+00
1.000000993019668938e+00
1.000000993019668938e+00
1.000000993019668938e+00
1.000000993019668716e+00
1.000000993019668716e+00
1.000000993019668716e+00
1.000000993019668716e+00
1.000000992588803150e+00
1.000000850347525949e+00
1.000000850347442904e+00
1.000000088804530174e+00
1.000000088804530174e+00
1.000000088804530174e+00
1.000000088804530174e+00
1.000000088804530174e+00
1.000000088804530174e+00
1.000000081551532860e+00
1.000000081551532860e+00
1.000000081551532638e+00
1.000000081551532638e+00
1.000000081551532638e+00
1.000000081551532638e+00
1.000000081551532638e+00
1.000000081551532638e+00
1.000000075100071717e+00
1.000000075090426988e+00
1.000000075090426988e+00
1.000000075090426988e+00
1.000000006293219945e+00
1.000000006293219057e+00
1.000000006293219057e+00
1.000000006293219057e+00
1.000000005008901738e+00
1.000000005008901738e+00
1.000000005008901738e+00
1.000000005008901738e+00
1.000000005008901738e+00
1.000000005008901738e+00
1.000000005008901738e+00
1.000000005008901738e+00
1.000000005008901738e+00
1.000000005008901738e+00
1.000000005008901738e+00
1.000000004802881426e+00
1.000000000389969168e+00
1.000000000389818400e+00
1.000000000227064811e+00
1.000000000227064811e+00
1.000000000227064811e+00
1.000000000227064811e+00
1.000000000227064811e+00
1.000000000227064811e+00
1.000000000227064811e+00
1.000000000227064811e+00
1.000000000227064811e+00
1.000000000227064811e+00
1.000000000227064811e+00
1.000000000227064811e+00
1.000000000227064811e+00
1.000000000227064811e+00
1.000000000026913582e+00
1.000000000022301938e+00
1.000000000022301938e+00
1.000000000022301938e+00
1.000000000022301938e+00
1.000000000007598810e+00
1.000000000007597256e+00
1.000000000007597256e+00
1.000000000007597256e+00
1.000000000007597256e+00
1.000000000007597256e+00
1.000000000007597256e+00
1.000000000007597256e+00
1.000000000007597256e+00
1.000000000007597256e+00
1.000000000007597256e+00
1.000000000007597256e+00
1.000000000007597256e+00
1.000000000001205702e+00
1.000000000000262457e+00
1.000000000000190514e+00
1.000000000000190514e+00
1.000000000000190514e+00
1.000000000000190514e+00
1.000000000000190514e+00
1.000000000000190514e+00
1.000000000000190514e+00
1.000000000000190514e+00
1.000000000000190514e+00
1.000000000000190514e+00
1.000000000000190514e+00
1.000000000000190514e+00
1.000000000000190514e+00
1.000000000000190514e+00
1.000000000000190514e+00
1.000000000000047296e+00
1.000000000000004663e+00
1.000000000000004663e+00
1.000000000000003775e+00
1.000000000000003775e+00
1.000000000000003775e+00
1.000000000000003775e+00
1.000000000000003775e+00
1.000000000000003775e+00
1.000000000000003775e+00
1.000000000000003775e+00
1.000000000000003775e+00
1.000000000000003775e+00
1.000000000000003775e+00
1.000000000000002442e+00
1.000000000000002442e+00
1.000000000000000222e+00
1.000000000000000222e+00
1.000000000000000222e+00
1.000000000000000222e+00
1.000000000000000222e+00
1.000000000000000222e+00
1.000000000000000222e+00
1.000000000000000222e+00
1.000000000000000222e+00
1.000000000000000222e+00
1.000000000000000222e+00
1.000000000000000222e+00
1.000000000000000222e+00
1.000000000000000222e+00
1.000000000000000222e+00
1.000000000000000222e+00
1.000000000000000222e+00
1.000000000000000222e+00
1.000000000000000222e+00
1.000000000000000222e+00
1.000000000000000222e+00
1.000000000000000222e+00
1.000000000000000222e+00
1.000000000000000222e+00
1.000000000000000222e+00
1.000000000000000222e+00
1.000000000000000222e+00
1.000000000000000222e+00
1.000000000000000222e+00
1.000000000000000222e+00
1.000000000000000222e+00
1.000000000000000222e+00
1.000000000000000222e+00
1.000000000000000222e+00
1.000000000000000222e+00
1.000000000000000222e+00
1.000000000000000222e+00
1.000000000000000222e+00
1.000000000000000222e+00
1.000000000000000222e+00
1.000000000000000222e+00
1.000000000000000222e+00
1.000000000000000222e+00
1.000000000000000222e+00
1.000000000000000222e+00
1.000000000000000222e+00
1.000000000000000222e+00
1.000000000000000222e+00
1.000000000000000222e+00
1.000000000000000222e+00
1.000000000000000222e+00
1.000000000000000222e+00
1.000000000000000222e+00
1.000000000000000222e+00
1.000000000000000222e+00
1.000000000000000222e+00
1.000000000000000222e+00
1.000000000000000222e+00
1.000000000000000222e+00
1.000000000000000222e+00
1.000000000000000222e+00
1.000000000000000222e+00
1.000000000000000222e+00
1.000000000000000222e+00
1.000000000000000222e+00
1.000000000000000222e+00
1.000000000000000222e+00
1.000000000000000222e+00
1.000000000000000222e+00
1.000000000000000222e+00
1.000000000000000222e+00
1.000000000000000222e+00
1.000000000000000222e+00
1.000000000000000222e+00
1.000000000000000222e+00
1.000000000000000222e+00
1.000000000000000222e+00
1.000000000000000222e+00
1.000000000000000222e+00
1.000000000000000222e+00
1.000000000000000222e+00
1.000000000000000222e+00
1.000000000000000222e+00
1.000000000000000222e+00
1.000000000000000222e+00
1.000000000000000222e+00
1.000000000000000222e+00
1.000000000000000222e+00
1.000000000000000222e+00
1.000000000000000222e+00
1.000000000000000222e+00
1.000000000000000222e+00
1.000000000000000222e+00
1.000000000000000222e+00
1.000000000000000222e+00
1.000000000000000222e+00
1.000000000000000222e+00
1.000000000000000222e+00
1.000000000000000222e+00
1.000000000000000222e+00
1.000000000000000222e+00
1.000000000000000222e+00
1.000000000000000222e+00
1.000000000000000222e+00
1.000000000000000222e+00
1.000000000000000222e+00
1.000000000000000222e+00
1.000000000000000222e+00
1.000000000000000222e+00
1.000000000000000222e+00
1.000000000000000222e+00
1.000000000000000222e+00
1.000000000000000222e+00
1.000000000000000222e+00
1.000000000000000222e+00
1.000000000000000222e+00
1.000000000000000222e+00
1.000000000000000222e+00
1.000000000000000222e+00
1.000000000000000222e+00
1.000000000000000222e+00
1.000000000000000222e+00
1.000000000000000222e+00
1.000000000000000222e+00
1.000000000000000222e+00
1.000000000000000222e+00
1.000000000000000222e+00
1.000000000000000222e+00
1.000000000000000222e+00
1.000000000000000222e+00
1.000000000000000222e+00
1.000000000000000222e+00
1.000000000000000222e+00
1.000000000000000222e+00
1.000000000000000222e+00
1.000000000000000222e+00
1.000000000000000222e+00
1.000000000000000222e+00
1.000000000000000222e+00
1.000000000000000222e+00
1.000000000000000222e+00
1.000000000000000222e+00
1.000000000000000222e+00
1.000000000000000222e+00
1.000000000000000222e+00
1.000000000000000222e+00
1.000000000000000222e+00
1.000000000000000222e+00
1.000000000000000222e+00
1.000000000000000222e+00
1.000000000000000222e+00
1.000000000000000222e+00
1.000000000000000222e+00
1.000000000000000222e+00
1.000000000000000222e+00
1.000000000000000222e+00
1.000000000000000222e+00
1.000000000000000222e+00
1.000000000000000222e+00
1.000000000000000222e+00
1.000000000000000222e+00
1.000000000000000222e+00
1.000000000000000222e+00
1.000000000000000222e+00
1.000000000000000222e+00
1.000000000000000222e+00
1.000000000000000222e+00
1.000000000000000222e+00
1.000000000000000222e+00
1.000000000000000222e+00
1.000000000000000222e+00
1.000000000000000222e+00
1.000000000000000222e+00
1.000000000000000222e+00
1.000000000000000222e+00
1.000000000000000222e+00
1.000000000000000222e+00
1.000000000000000222e+00
1.000000000000000222e+00
1.000000000000000222e+00
1.000000000000000222e+00
1.000000000000000222e+00
1.000000000000000222e+00
1.000000000000000222e+00
1.000000000000000222e+00
1.000000000000000222e+00
1.000000000000000222e+00
1.000000000000000222e+00
1.000000000000000222e+00
1.000000000000000222e+00
1.000000000000000222e+00
1.000000000000000222e+00
1.000000000000000222e+00
1.000000000000000222e+00
1.000000000000000222e+00
1.000000000000000222e+00
1.000000000000000222e+00
1.000000000000000222e+00
1.000000000000000222e+00
1.000000000000000222e+00
1.000000000000000222e+00
1.000000000000000222e+00
1.000000000000000222e+00
1.000000000000000222e+00
1.000000000000000222e+00
1.000000000000000222e+00
1.000000000000000222e+00
1.000000000000000222e+00
1.000000000000000222e+00
1.000000000000000222e+00
1.000000000000000222e+00
1.000000000000000222e+00
1.000000000000000222e+00
1.000000000000000222e+00
1.000000000000000222e+00
1.000000000000000222e+00
1.000000000000000222e+00
1.000000000000000222e+00
1.000000000000000222e+00
1.000000000000000222e+00
1.000000000000000222e+00
1.000000000000000222e+00
1.000000000000000222e+00
1.000000000000000222e+00
1.000000000000000222e+00
1.000000000000000222e+00
1.000000000000000222e+00
1.000000000000000222e+00
