3.608582687968518690e+89
2.600339763582103822e+89
1.204624085778805525e+89
5.645650519410910477e+88
4.962577100212112457e+88
4.743701156657796347e+88
1.368879173463838562e+86
1.368647545568688565e+86
1.368475172200480077e+86
1.297705213283863299e+86
7.277306822043442665e+85
7.239888031816461918e+85
6.968539212242244772e+85
6.954119994359989012e+85
6.864005755977502359e+85
6.768814342711644675e+85
6.248864906916205729e+84
4.277857227921337469e+84
4.077613301050105456e+84
4.050227983133435349e+84
4.048297460734735854e+84
4.048230801112196251e+84
3.481138148421129732e+83
2.977063687777439589e+83
2.554002615387054716e+83
2.546547523621249461e+83
2.543242968082836915e+83
2.543234137055849124e+83
2.543230919737696617e+83
2.532196442048520345e+82
1.816825803490770549e+82
1.719302596184904923e+82
1.694611154688520899e+82
1.694545373665687743e+82
1.694212987966726522e+82
2.308087274554454161e+81
1.260710309304490975e+81
1.189503025926822988e+81
1.189503019637358935e+81
1.171401706679716859e+81
1.170999711046084468e+81
1.170973225805934368e+81
1.170973104319110948e+81
1.312582699458942548e+80
1.038373453619789077e+80
8.099338808970149685e+79
8.080665885208444972e+79
8.054647908265762008e+79
8.054647906388586206e+79
8.054635282772956058e+79
8.054619958220603464e+79
9.612598636167192941e+78
5.940048362704852536e+78
5.446922128024508865e+78
5.446922127970584858e+78
5.385049203447918030e+78
5.384954535408677284e+78
5.382325602369357240e+78
5.382325602329746654e+78
5.767822882603046124e+77
5.767822880340773549e+77
3.757824795813317869e+77
3.598023667227912762e+77
3.598023639901315283e+77
3.517755548228960258e+77
3.517238798195243797e+77
3.517051606251441728e+77
3.517051364912077555e+77
3.244235725151638144e+76
2.790833265388041097e+76
2.334829023357010369e+76
2.332614562646487026e+76
2.332614562646220917e+76
2.322044733406310170e+76
2.322044732665464166e+76
2.322042422370273803e+76
2.322032444411796519e+76
2.369576227744670629e+75
1.717889794440567055e+75
1.717889794433541321e+75
1.609329984104122477e+75
1.601581650776685253e+75
1.601563210804789596e+75
1.600428245980629824e+75
1.600428245963998818e+75
1.600428243682524225e+75
2.233234961506204110e+74
1.202837078894065573e+74
1.178951468726287942e+74
1.178951445740691603e+74
1.156670654055294577e+74
1.156547621042373766e+74
1.156547621042373012e+74
1.156448817824921917e+74
1.156448783646992559e+74
1.277259293698663974e+73
1.170559304007873878e+73
1.170559304007843434e+73
8.743110349495731402e+72
8.736271273885676002e+72
8.736271273885376270e+72
8.698066734697327991e+72
8.698066726553311058e+72
8.698062480414199290e+72
8.697994133409650067e+72
9.450002396651261488e+71
7.773908496880348265e+71
7.773908496868809186e+71
7.734107025159854329e+71
6.870981143671533880e+71
6.870981143671531918e+71
6.870936688324208121e+71
6.865555162478934116e+71
6.865555162239159619e+71
6.865555162239159619e+71
6.865555158872058496e+71
1.439359117020072654e+71
6.062350554162803371e+70
5.929031018056903353e+70
5.929030734261114653e+70
5.700604426083286186e+70
5.700212970376886713e+70
5.700212970376884261e+70
5.699594629561218752e+70
5.699594629561218752e+70
5.699594562981411766e+70
8.561722629448654348e+69
7.546350100327978204e+69
7.546350100326986679e+69
4.888443455304474042e+69
4.885642411984728194e+69
4.885642411984617855e+69
4.836502346484817102e+69
4.836502334192588380e+69
4.836501281326024269e+69
4.836446837668884242e+69
1.410082906890568449e+69
4.869958749875955481e+68
4.869958749875955481e+68
4.869958749870595578e+68
4.849480527746790539e+68
4.054565844215385185e+68
4.054565844215385185e+68
4.054565844215378481e+68
4.054553429454629512e+68
4.046810839017554995e+68
4.046810838610874737e+68
4.046810838610874737e+68
4.046810837226033226e+68
6.866836866588646457e+67
3.549941777080956604e+67
3.489754138436011549e+67
3.489753885133284286e+67
3.296248946478700626e+67
3.296143978101443084e+67
3.296143978101443084e+67
3.296143978101443084e+67
3.295288893542316155e+67
3.295288867196544178e+67
3.295288867196544178e+67
4.017478097069083201e+66
3.710612211192012375e+66
3.710612211190842799e+66
2.686890317861842920e+66
2.686211459216597857e+66
2.686211459216597857e+66
2.686211459216573912e+66
2.649372980425836416e+66
2.649372970922726807e+66
2.649372596927459201e+66
2.649305022698417629e+66
9.656736847681809562e+65
2.502716404083217241e+65
2.502716404083217241e+65
2.502716404082215937e+65
2.498368284193557510e+65
2.183996446639894758e+65
2.183996446639894758e+65
2.183996446639884936e+65
2.183992182579794568e+65
2.178404192391709582e+65
2.178404192088099804e+65
2.178404192088099804e+65
2.178404191804172829e+65
4.895048568828019034e+64
1.984438994735893632e+64
1.969213080713756659e+64
1.969212747093726290e+64
1.880439216082573189e+64
1.880398776105074014e+64
1.880398776105074014e+64
1.880398776105074014e+64
1.880398776105074014e+64
1.879706172002460210e+64
1.879706165937055957e+64
1.879706165937055957e+64
2.945604113094330108e+63
2.809007939774910728e+63
2.809007939773184695e+63
1.717892264413285011e+63
1.717563740229807060e+63
1.717563740229807060e+63
1.717563740229802676e+63
1.696074039673845076e+63
1.696074023564211265e+63
1.696073915115241915e+63
1.696004984249584212e+63
8.949403878445300605e+62
2.002121701756942519e+62
2.002121701756942519e+62
2.002121701756648620e+62
1.998827361063836313e+62
1.998827361063836313e+62
1.594472262728417713e+62
1.594472262728417713e+62
1.594472262728404011e+62
1.594470654640839564e+62
1.590226454045246382e+62
1.590226453376019758e+62
1.590226453376019758e+62
1.590226453306689774e+62
5.265832457089642628e+61
1.717097920237789744e+61
1.703605608338886908e+61
1.703604986839838867e+61
1.563031442672120352e+61
1.563011673546242841e+61
1.563011673546242841e+61
1.563011673546242841e+61
1.563011673546242841e+61
1.563011673546242841e+61
1.562329752077244713e+61
1.562329750157255454e+61
1.562329750157255169e+61
3.405946520752380863e+60
3.193391889892777189e+60
3.193391889883550390e+60
1.641177152338818695e+60
1.640964989547817030e+60
1.640964989547817030e+60
1.640964989547814532e+60
1.598357938874212636e+60
1.598357903263564712e+60
1.598357859131173701e+60
1.598270618163105451e+60
7.997186484164698485e+59
2.293604162234462307e+59
2.293604162234462307e+59
2.293604162234214769e+59
2.290544202004785857e+59
2.290544202004785857e+59
1.659027175710353765e+59
1.659027175710353765e+59
1.659027175710353765e+59
1.659027175710292438e+59
1.659026377979159031e+59
1.648942799099632455e+59
1.648942799099632455e+59
1.648942797308605417e+59
1.648942797308605417e+59
1.648942797260681339e+59
4.739171736770616158e+58
1.901998916057289818e+58
1.890265856140273456e+58
1.890264765698855252e+58
1.671748942063464724e+58
1.671738579421127879e+58
1.671738579421127879e+58
1.671738579421127879e+58
1.671738579421127879e+58
1.671738579421127879e+58
1.671738578007842961e+58
1.670021755679467498e+58
1.670021755679466383e+58
3.015036393655430960e+57
2.894370883601260469e+57
2.894370883582392993e+57
1.715203235747267774e+57
1.715097043628941865e+57
1.715097043628941865e+57
1.715097043628940820e+57
1.654710381742477767e+57
1.654710327351097865e+57
1.654710296942737647e+57
1.654504413481967399e+57
9.556020270239238865e+56
9.556020270239238865e+56
2.115317381379069419e+56
2.115317381379069419e+56
2.115317381378987098e+56
2.114123838147227227e+56
2.114123838147227227e+56
1.649386629789690340e+56
1.649386629789690340e+56
1.649386629789690340e+56
1.649386629789539418e+56
1.649386122875632839e+56
1.636355117272265100e+56
1.636355117272265100e+56
1.636355114758640525e+56
1.636355114758640525e+56
1.636355114740202774e+56
5.970147409304094983e+55
1.851510071730334048e+55
1.846397927798024898e+55
1.846395636707231824e+55
1.674895904583156678e+55
1.674889217378057699e+55
1.674889217378057699e+55
1.674889217378057699e+55
1.674889217378057699e+55
1.674889217378057699e+55
1.674889216823854508e+55
1.672632673167205004e+55
1.672632673167202282e+55
1.672632673167202282e+55
3.966813498734412474e+54
3.869558229889420911e+54
3.869558229841362833e+54
1.853219760424683744e+54
1.853140059600133066e+54
1.853140059600133066e+54
1.853140059600133066e+54
1.796334929734989732e+54
1.796334788580036598e+54
1.796334774580054047e+54
1.796016976336068035e+54
1.316926885061125027e+54
1.316926885061125027e+54
2.972827521607900170e+53
2.972827521607900170e+53
2.972827521607857210e+53
2.971311903455687252e+53
2.022975000532783869e+53
2.022975000532783869e+53
2.022975000532783869e+53
2.022975000532783869e+53
2.022975000532460176e+53
2.022974702629896242e+53
2.022974702629896242e+53
2.007251825708950790e+53
2.007251825708950790e+53
2.007251817380111955e+53
2.007251817380111955e+53
2.007251817372750796e+53
1.014520839823451671e+53
2.760899413138247455e+52
2.753590693398819204e+52
2.753584018999803473e+52
2.332030467167268161e+52
2.332025402602763429e+52
2.332025402602763429e+52
2.332025402602763429e+52
2.332025402602763429e+52
2.332025402602763429e+52
2.332025402317687623e+52
2.328517628763507278e+52
2.328517628763499569e+52
2.328517628763499569e+52
7.629865223718288141e+51
7.399884504913455591e+51
7.399884504526434909e+51
2.993283187397738239e+51
2.993201957604344225e+51
2.993201957604344225e+51
2.993201957604344225e+51
2.993201957604344225e+51
2.822539725456919518e+51
2.822539268974768107e+51
2.822539259803495699e+51
2.821910045480038113e+51
2.063591557144122083e+51
2.063591557144122083e+51
5.959457351006156249e+50
5.959457351006156249e+50
5.959457351006094773e+50
5.957077686701365676e+50
3.577852748670656288e+50
3.577852748670656288e+50
3.577852748670656288e+50
3.577852748670656288e+50
3.577852748668425677e+50
3.577852501419257457e+50
3.577852501419257457e+50
3.520124110843384310e+50
3.520124110843384310e+50
3.520124077291347286e+50
3.520124077291347286e+50
3.520124077283361533e+50
1.673674683153342132e+50
5.538627726509252907e+49
5.527130393805864699e+49
5.527108827595355825e+49
4.398013398838574021e+49
4.398008619322730350e+49
4.398008619322730350e+49
4.398008619322730350e+49
4.398008619322730350e+49
4.398008619322730350e+49
4.398008619322730350e+49
4.398008618965083904e+49
4.383267104770101556e+49
4.383267104770042364e+49
4.383267104770042364e+49
1.258420559522078307e+49
1.233715030729078953e+49
1.233715030588170142e+49
5.806659769534947529e+48
5.806659769534947529e+48
5.806578659444308458e+48
5.806578659444308458e+48
5.806578659444308458e+48
5.806578659444308458e+48
5.361606846186025445e+48
5.361605525209094319e+48
5.361605513535951007e+48
5.358918580770120209e+48
4.210917073757238355e+48
4.210917073757238355e+48
9.953055646711205092e+47
9.953055646711205092e+47
9.953055646711167772e+47
9.951294042341837662e+47
6.594550866312561715e+47
6.594550866312561715e+47
6.594550866312561715e+47
6.594550866312561715e+47
6.594550866302637937e+47
6.594550570018172003e+47
6.594550570018172003e+47
6.456466048068282332e+47
6.456466048068282332e+47
6.456465957546238905e+47
6.456465957546238905e+47
6.456465957540335913e+47
3.605937704395732576e+47
9.488155464852549171e+46
9.479192637608607719e+46
9.479117547157744263e+46
7.887749419426571102e+46
7.887743996600123895e+46
7.887743996600123895e+46
7.887743996600123895e+46
7.887743996600123895e+46
7.887743996600123895e+46
7.887743996600123895e+46
7.887743996347345238e+46
7.854224300145374434e+46
7.854224300145125974e+46
7.854224300145125974e+46
2.868337650697296398e+46
2.834014862413726611e+46
2.834014861817414134e+46
1.065054391023209099e+46
1.065054391023209099e+46
1.065044765677105691e+46
1.065044765677105691e+46
1.065044765677105691e+46
1.065044765677105691e+46
9.955994002192795688e+45
9.955988610268724095e+45
9.955988601424505863e+45
9.949434344681225586e+45
8.771412825558838177e+45
8.771412825558838177e+45
2.416979425524310922e+45
2.416979425524310922e+45
2.416979425524307119e+45
2.416612987141097455e+45
1.346531837289996888e+45
1.346531837289996888e+45
1.346531837289996888e+45
1.346531837289996888e+45
1.346531837286678337e+45
1.346531810143278933e+45
1.346531810143278933e+45
1.320115805583038682e+45
1.320115805583038682e+45
1.320115760785103595e+45
1.320115760785103595e+45
1.320115760784719814e+45
1.320115760784719814e+45
9.238909509821242731e+44
9.238909509821242731e+44
2.429320455967943978e+44
2.427247742308809934e+44
2.427212906707022046e+44
1.822065529294706755e+44
1.822064893465958154e+44
1.822064893465958154e+44
1.822064893465958154e+44
1.822064893465958154e+44
1.822064893465958154e+44
1.822064893465958154e+44
1.822064893444990024e+44
1.813871047901747913e+44
1.813871047901640955e+44
1.813871047901640955e+44
8.783229308022593479e+43
8.669816319615866475e+43
8.669816313009556871e+43
2.904472298401530391e+43
2.904472298401530391e+43
2.904456569392374709e+43
2.904456569392374709e+43
2.904456569392374709e+43
2.904456569392374709e+43
2.587970475320757261e+43
2.587967897523024269e+43
2.587967896594056237e+43
2.587967896594056237e+43
2.585938853080607551e+43
2.302446358058974151e+43
8.132589311763546395e+42
8.132589311763546395e+42
8.132589311763546395e+42
8.132589311763537729e+42
8.131677673739159974e+42
8.131677673739159974e+42
3.977022145968741794e+42
3.977022145968740556e+42
3.977022145968740556e+42
3.977022145934474375e+42
3.977022109126730768e+42
3.977022109126730768e+42
3.831443178062420563e+42
3.831443178062420563e+42
3.831442911060379045e+42
3.831442911060379045e+42
3.831442911059747696e+42
3.831442911059747696e+42
2.662469845222134326e+42
2.662469845222134326e+42
8.470118052995217237e+41
8.464580373358174789e+41
8.464386250891451591e+41
5.827585591921277442e+41
5.827584580850029267e+41
5.827584580850029267e+41
5.827584580850029267e+41
5.827584580850029267e+41
5.827584580850029267e+41
5.827584580850029267e+41
5.773953195226432326e+41
5.773953195185274688e+41
5.773953195183995741e+41
5.773953195183995741e+41
2.629317624584413383e+41
2.606886226587811480e+41
2.606886222361717460e+41
1.008982692202759326e+41
1.008982692202759326e+41
1.008979741485554112e+41
1.008979741485554112e+41
1.008979741485554112e+41
1.008979741485554112e+41
8.653601631613110887e+40
8.653588424821476007e+40
8.653588422791229197e+40
8.653588422791229197e+40
8.639016582015384986e+40
7.922913488302782386e+40
2.458534817135705553e+40
2.458534817135705553e+40
2.458534817135705553e+40
2.458534817135704586e+40
2.458405297543981887e+40
2.458405297543981887e+40
1.337539486049037194e+40
1.337539486049036227e+40
1.337539486049036227e+40
1.337539486049036227e+40
1.337539486021612470e+40
1.337539477883756846e+40
1.337539477883756846e+40
1.273942226261226360e+40
1.273942091003273379e+40
1.273942091003273379e+40
1.273942091003273379e+40
1.273942091003273379e+40
1.273942091003185611e+40
9.645417972483418078e+39
9.645417972483418078e+39
2.579723829149312289e+39
2.578925030999773767e+39
2.578809187286374528e+39
1.888171256427938123e+39
1.888171048955309237e+39
1.888171048955309237e+39
1.888171048955309237e+39
1.888171048955309237e+39
1.888171048955309237e+39
1.888171048955309237e+39
1.888171048955309237e+39
1.866229492597822388e+39
1.866229492592424837e+39
1.866229492591479154e+39
1.866229492591479154e+39
1.009100681447718574e+39
1.003946868807567443e+39
1.003946865935530382e+39
3.185802971753775269e+38
3.185802971753775269e+38
3.185797221698133315e+38
3.185797221698133315e+38
3.185797221698133315e+38
3.185797221698133315e+38
2.796906917239868856e+38
2.796898047753112156e+38
2.796898047486852667e+38
2.796898047486852667e+38
2.790953934555383698e+38
2.669770004545848041e+38
1.009104683633502744e+38
1.009104683633502744e+38
1.009104683633502744e+38
1.009104683633502555e+38
1.009062032233912411e+38
1.009062032233912411e+38
4.559131587717556979e+37
4.559131587717550367e+37
4.559131587717550367e+37
4.559131587717550367e+37
4.559131587571549907e+37
4.559131575701387793e+37
4.559131575701387793e+37
4.362177862780062899e+37
4.362176843227368049e+37
4.362176843227368049e+37
4.362176843227368049e+37
4.362176843227368049e+37
4.362176843227273602e+37
3.725986948689127503e+37
3.725986948689127503e+37
1.120649048407072608e+37
1.120354386671808292e+37
1.120268979144702643e+37
7.178999284923581665e+36
7.178998908391894163e+36
7.178998908391894163e+36
7.178998908391894163e+36
7.178998908391894163e+36
7.178998908391894163e+36
7.178998908391894163e+36
7.178998908391894163e+36
7.094846871599120967e+36
7.094846871591944150e+36
7.094846871585682292e+36
7.094846871585682292e+36
4.723679603919853397e+36
4.701595353775458521e+36
4.701595313280709041e+36
1.462956613924194719e+36
1.462956613924194719e+36
1.462955091649295106e+36
1.462955091649295106e+36
1.462955091649295106e+36
1.462955091649295106e+36
1.194032833395423898e+36
1.194026518328519223e+36
1.194026518283877069e+36
1.194026518283877069e+36
1.194026518283877069e+36
1.191152854946086649e+36
1.147693284410780226e+36
5.465882512323805421e+35
5.465882512323805421e+35
5.465882512323805421e+35
5.465882512323805421e+35
5.465882512323805421e+35
5.465725409879696569e+35
2.236338975070058716e+35
2.236338975070050968e+35
2.236338975070050968e+35
2.236338975070050968e+35
2.236338975070050968e+35
2.236338974844209325e+35
2.236338974844209325e+35
2.236338972216774265e+35
2.074294148236263258e+35
2.074293247604189665e+35
2.074293247604189665e+35
2.074293247604189665e+35
2.074293247604189665e+35
2.074293247604166053e+35
1.790185014574131694e+35
6.542180256569328730e+34
6.542180256569328730e+34
6.540919429158463828e+34
6.540147030695304323e+34
3.804661513438963545e+34
3.804661416148538220e+34
3.804661416148538220e+34
3.804661416148538220e+34
3.804661416148538220e+34
3.804661416148538220e+34
3.804661416148538220e+34
3.804661416148538220e+34
3.722131025385581300e+34
3.722131025383421187e+34
3.722131025372342533e+34
3.722131025372342533e+34
2.457243012724943722e+34
2.449728191985266656e+34
2.449728149036778190e+34
8.770754256559577035e+33
8.770754256559577035e+33
8.770749223076511336e+33
8.770749223076511336e+33
8.770749223076511336e+33
8.770749223076511336e+33
6.763931546936357496e+33
6.763877777022457255e+33
6.763877776865806351e+33
6.763877776865806351e+33
6.763877776865806351e+33
6.731428433324813888e+33
2.977458612519111903e+33
2.942492382159886645e+33
2.942492382159886645e+33
2.942492382159886645e+33
2.942492382159886645e+33
2.942492382159886645e+33
2.942450496662012071e+33
1.332347871425310681e+33
1.332347871425292810e+33
1.332347871425292810e+33
1.332347871425292810e+33
1.332347871425292810e+33
1.332347871112131948e+33
1.332347871112131948e+33
1.332347870092326760e+33
1.208733770048288548e+33
1.208732958592981697e+33
1.208732958592981697e+33
1.208732958592981697e+33
1.208732958592981697e+33
1.208732958592975933e+33
1.082994533408763323e+33
3.547004012629655609e+32
3.547004012629655609e+32
3.546663023704811597e+32
3.545862073775732049e+32
2.207937399201298039e+32
2.207937363372126497e+32
2.207937363372126497e+32
2.207937363372126497e+32
2.207937363372126497e+32
2.207937363372126497e+32
2.207937363372126497e+32
2.207937363372126497e+32
2.147226912869807906e+32
2.147226912855405394e+32
2.147226912854882977e+32
2.147226912854882977e+32
1.564112398683298342e+32
1.561307782538430970e+32
1.561307736248577977e+32
4.828122228615433408e+31
4.828122228615433408e+31
4.828120560690367068e+31
4.828120560690367068e+31
4.828120560690367068e+31
4.828120560690367068e+31
3.850519543675008061e+31
3.850519543675008061e+31
3.850458079135874549e+31
3.850458079135874549e+31
3.850458079098974305e+31
3.850458079098974305e+31
3.827379482833367347e+31
2.014426808094662974e+31
1.999637264292800044e+31
1.999637264292800044e+31
1.999637264292800044e+31
1.999637264292800044e+31
1.999637264292800044e+31
1.999616111767810590e+31
7.675286231518213058e+30
7.675286231517978871e+30
7.675286231517978871e+30
7.675286231517978871e+30
7.675286228760463100e+30
7.675286228760463100e+30
7.675286228760463100e+30
7.675286226300468631e+30
7.031346810234590580e+30
7.031337124589808866e+30
7.031337124589808866e+30
7.031337124589808866e+30
7.031337124589808866e+30
7.031337124589797607e+30
6.620023433157716204e+30
2.570182391874555844e+30
2.570182391874555844e+30
2.569986607211145860e+30
2.569062629089181832e+30
2.569062629089181832e+30
1.382579668216879787e+30
1.382579658004980017e+30
1.382579658004980017e+30
1.382579658004980017e+30
1.382579658004980017e+30
1.382579658004979454e+30
1.382579658004979454e+30
1.345547406485837289e+30
1.345547406485837289e+30
1.345547406470830732e+30
1.345547406470830732e+30
1.345547406470717861e+30
1.107521850651228649e+30
1.107521768490959658e+30
1.105983461377146816e+30
3.703235000316248942e+29
3.703235000316248942e+29
3.703235000316248942e+29
3.703235000316248942e+29
3.703234287060002000e+29
3.703234287060002000e+29
3.703234287060002000e+29
2.682251413269237708e+29
2.682185878196303373e+29
2.682185878196303373e+29
2.682185878196303373e+29
2.682185878186471804e+29
2.682185878186471804e+29
2.664786292409067336e+29
1.690373691747945875e+29
1.678978930411711694e+29
1.678978930411711694e+29
1.678978930411711694e+29
1.678978930411711694e+29
1.678978930411415793e+29
1.678978930411415793e+29
1.678978930411415793e+29
6.236551371362289375e+28
6.236536415368224666e+28
6.236536415368224666e+28
6.236536408946313259e+28
6.236536408946313259e+28
6.236536408946313259e+28
6.236536408054485304e+28
5.444592644508514845e+28
5.444579883811476615e+28
5.444579883811476615e+28
5.444579883811476615e+28
5.444579883811476615e+28
5.172458717441865995e+28
5.172458717441862476e+28
2.425425801890570343e+28
2.425425801890570343e+28
2.425299065858122758e+28
2.424020126821113601e+28
2.424020126821113601e+28
1.202063320470661121e+28
1.202063316231983763e+28
1.202063316231983763e+28
1.202063316231983763e+28
1.202063316231983763e+28
1.202063316231983763e+28
1.202063316231982444e+28
1.148351868850537716e+28
1.148351868811982681e+28
1.148351868811982681e+28
1.148351868811982681e+28
1.148351868811931883e+28
9.565031639452657954e+27
9.565030292902383815e+27
9.556685822994795729e+27
9.556685822994795729e+27
3.705386218985685832e+27
3.705386218985685832e+27
3.705386218985685832e+27
3.705385826883287319e+27
3.705385826883287319e+27
3.705385826883287319e+27
2.506767493953141919e+27
2.506678514381232104e+27
2.506678514381232104e+27
2.506678514381232104e+27
2.506678514375931359e+27
2.506678514375931359e+27
2.477131814094241074e+27
1.561907689897249540e+27
1.554820471353873345e+27
1.554820471353873345e+27
1.554820471353873345e+27
1.554820471353873345e+27
1.554820471352977792e+27
1.554820471352977792e+27
6.368075763230228179e+26
6.368075763230228179e+26
6.368067200886955513e+26
6.368067200886955513e+26
6.368067200886955513e+26
6.368067186174497625e+26
6.368067186174497625e+26
6.368067186174497625e+26
6.368067185600523693e+26
5.367277510217251284e+26
5.367258233043608658e+26
5.367258233043608658e+26
5.367258233043608658e+26
5.367258233043608658e+26
5.172274698409391509e+26
5.172274698409389448e+26
2.310629076019833281e+26
2.310565915620234241e+26
2.310565915620234241e+26
2.310565915620234241e+26
2.308297972625414865e+26
1.220979375291343885e+26
1.220979375291343885e+26
1.220979372591893202e+26
1.220979372591893202e+26
1.220979372591888220e+26
1.220979372591888220e+26
1.220979372591888220e+26
1.220979372591888220e+26
1.152254056964365414e+26
1.152254056879070799e+26
1.152254056879070799e+26
1.152254056879049153e+26
1.005204683508753384e+26
1.005204452328409615e+26
1.005204452328409615e+26
1.004698226160050349e+26
3.568580504157369398e+25
3.568580504157369398e+25
3.568580504157369398e+25
3.568580279662390216e+25
3.568580279662390216e+25
3.568580279662390216e+25
2.506665593797293247e+25
2.506491688077281606e+25
2.506491688077281606e+25
2.506491688077281606e+25
2.506491688075025889e+25
2.506491688075025889e+25
2.469514429691061826e+25
1.733458345609150273e+25
1.728656460402398759e+25
1.728656460402398759e+25
1.728656460402398759e+25
1.728656460402398759e+25
1.728656460399965874e+25
1.728656460399965874e+25
6.279981050200295677e+24
6.279975910045838477e+24
6.279975910045838477e+24
6.279975910045838477e+24
6.279975910045838477e+24
6.279975910045838477e+24
6.279975887803621264e+24
6.279975887803621264e+24
6.279975887566065549e+24
5.371346812115078655e+24
5.371309074562209274e+24
5.371309074562209274e+24
5.371309074562209274e+24
5.371309074562209274e+24
5.262298421782524493e+24
5.262298421782523419e+24
2.746662596396838419e+24
2.746662596396838419e+24
2.746607505318789889e+24
2.742586131745477973e+24
2.742586131745477973e+24
1.271468034512227169e+24
1.271468034512227169e+24
1.271468033266446403e+24
1.271468033266446403e+24
1.271468033266434592e+24
1.271468033266434592e+24
1.271468033266434592e+24
1.271468033266434592e+24
1.271468033266434592e+24
1.271468033104988382e+24
1.202744822262162602e+24
1.202744822262162602e+24
1.202744822262154683e+24
1.109700640767611171e+24
1.109700090052446544e+24
1.109700090052446544e+24
1.109319199863621705e+24
4.514954182397975813e+23
4.514954182397975813e+23
4.514954182397975813e+23
4.514954029467400111e+23
4.514954029467400111e+23
4.514245781443253014e+23
2.846283295480976224e+23
2.846283295480976224e+23
2.846283295480976224e+23
2.846283295480976224e+23
2.846283295480008514e+23
2.846283295480008514e+23
2.802446713022335502e+23
2.216091876389491311e+23
2.211244605391148774e+23
2.211244605391148438e+23
2.211244605391148438e+23
2.211244605391148438e+23
2.211244605384960330e+23
2.211244605384960330e+23
2.211244605384960330e+23
8.409002376123781428e+22
8.408998454006409855e+22
8.408998454006409855e+22
8.408998454006409855e+22
8.408998454006409855e+22
8.408998376054951248e+22
8.408998376054951248e+22
6.739633701409138724e+22
6.739633701318111422e+22
6.739559112484314101e+22
6.739559112484314101e+22
6.739559112484314101e+22
6.739559112484314101e+22
6.633133385809521961e+22
6.633133385809521961e+22
4.059641306180856316e+22
4.059641306180856316e+22
4.059590088350057156e+22
4.051512508881475469e+22
4.051512508881475469e+22
1.806773941810384549e+22
1.806773941810384549e+22
1.806773940973454806e+22
1.806773940973454806e+22
1.806773940973417477e+22
1.806773940973417477e+22
1.806773940973417477e+22
1.806773940973417477e+22
1.806773940973417477e+22
1.806773940336184630e+22
1.659436177761122648e+22
1.659436177761122648e+22
1.659436177761117405e+22
1.659436177761117405e+22
1.659434631681265159e+22
1.548833908410860490e+22
1.548833908410860490e+22
1.548518094869676583e+22
7.315461307937221247e+21
7.315461307937221247e+21
7.315461307937221247e+21
7.315461174363264385e+21
7.313750792683326013e+21
4.327350031615254856e+21
4.327350031615254856e+21
4.327350031615254856e+21
4.327350031615254856e+21
4.327350031615254856e+21
4.327350031614474715e+21
4.327350031614474715e+21
4.217666688063650660e+21
4.217666688063649087e+21
3.385495053413246829e+21
3.380677011249301029e+21
3.380677011249301029e+21
3.380677011249301029e+21
3.380677011221028798e+21
3.380677011221028798e+21
3.380677011221028798e+21
1.427621331811399107e+21
1.427620955706926825e+21
1.427620955706926825e+21
1.427620955706926825e+21
1.427620955706926825e+21
1.427620927499909202e+21
1.093404749426984223e+21
1.093404749426984223e+21
1.093404749418631266e+21
1.093404749418631266e+21
1.093386689112582783e+21
1.093386689112582783e+21
1.093386689112582783e+21
1.093386689112582783e+21
1.081407387460118905e+21
6.602187116697145836e+20
6.602187116697145836e+20
6.578860830593681981e+20
6.578816079825323950e+20
6.578816079825323950e+20
6.578816079825323950e+20
3.121249865456270705e+20
3.121249864585478144e+20
3.121249864585478144e+20
3.121249864585260564e+20
3.121249864585260564e+20
3.121249864585260564e+20
3.121249862197760492e+20
3.121249862197760492e+20
3.121249862197760492e+20
2.808163873596723692e+20
2.808163873596720087e+20
2.808163873596720087e+20
2.808163873596720087e+20
2.808159800546043822e+20
2.808159800546043822e+20
2.670809480234429972e+20
2.670497019579712799e+20
2.670497019579712799e+20
1.220049861932890358e+20
1.220049861932890358e+20
1.220049848979914752e+20
1.219529725652284375e+20
7.473203799765188608e+19
7.473203799765188608e+19
7.473203799765188608e+19
7.473203799765188608e+19
7.473203799765188608e+19
7.473203799764603699e+19
7.236953716570855014e+19
7.236953716570855014e+19
7.236953716570847642e+19
7.236953716570847642e+19
6.135650607910327910e+19
6.135650607910327910e+19
6.130382633551522202e+19
6.130382633551522202e+19
6.130382633434809139e+19
2.421803727166568858e+19
2.421803727166568858e+19
2.421803727166568858e+19
2.421803349823476531e+19
2.421803349823476531e+19
2.421803349823476531e+19
2.421803275148788531e+19
1.885078764917380710e+19
1.885078764911137178e+19
1.885078764911137178e+19
1.885078764911137178e+19
1.885020064513435648e+19
1.885020064513435648e+19
1.885020064513435648e+19
1.885020064513435648e+19
1.873118601330950554e+19
1.274006186952891392e+19
1.274006186952891392e+19
1.267701571743837594e+19
1.267695778655447245e+19
1.267695778655447245e+19
1.267695778655447245e+19
1.267695778655447245e+19
5.469801664974587904e+18
5.469801664302085120e+18
5.469801664302085120e+18
5.469801664301245440e+18
5.469801664301245440e+18
5.469801657556062208e+18
5.469801657556062208e+18
4.939837666433226752e+18
4.939837666433226752e+18
4.939837666433226752e+18
4.939837666433226752e+18
4.939837666433224704e+18
4.939837666433224704e+18
4.939837666433224704e+18
4.939823884032003072e+18
4.795492638136976384e+18
4.795492638136976384e+18
4.795141424790594560e+18
2.512571575866230272e+18
2.512571575866230272e+18
2.512571575866230272e+18
2.512571562051418624e+18
2.510968467954419200e+18
1.392598314317013248e+18
1.392598314317013248e+18
1.392598314317013248e+18
1.392598314317013248e+18
1.392598314316971776e+18
1.347585015104998656e+18
1.347585015104998656e+18
1.347585015104995328e+18
1.347585015104995328e+18
1.347585015104995328e+18
1.347585015104995328e+18
1.212731576567990528e+18
1.212731576525972224e+18
1.212013875186362112e+18
5.296269851548439040e+17
5.296269851548439040e+17
5.296269851548439040e+17
5.296269397719218560e+17
5.296269007183303040e+17
5.296269007183303040e+17
5.296269007183303040e+17
3.825793712633447680e+17
3.825793712633447680e+17
3.825793712628189440e+17
3.825793712628189440e+17
3.825617968160572160e+17
3.825617968160572160e+17
3.825617968160572160e+17
3.808496135368346880e+17
3.808496135368346880e+17
2.889363922786805120e+17
2.889363922786805120e+17
2.889363922786805120e+17
2.871579386312777280e+17
2.871579386312777280e+17
2.871579386312777280e+17
2.871571911293747200e+17
1.264903300998184320e+17
1.264903300998184320e+17
1.264903300998184320e+17
1.264903300997771520e+17
1.264903300924234560e+17
1.264903300924234560e+17
1.264903296979748160e+17
1.096916186947564800e+17
1.096916186947564800e+17
1.096916186947564800e+17
1.096916186947564800e+17
1.096916186947564800e+17
1.096916186947564800e+17
1.096911247155932640e+17
1.096911247155932480e+17
1.096911247155932480e+17
1.096911247155932480e+17
1.071934749672337920e+17
6.397119074167967200e+16
6.396961897434973600e+16
6.396961897434973600e+16
6.391257512107310400e+16
6.391257493829632000e+16
6.391257493829632000e+16
3.417940411734538800e+16
3.417940411734538800e+16
3.417940411734538800e+16
3.417940411734538800e+16
3.417940411734490000e+16
3.417940411734490000e+16
3.253302148255944400e+16
3.253302148255926800e+16
3.253302148255926800e+16
3.253302148255926800e+16
3.253302147925266000e+16
3.253302147925266000e+16
2.974875738971830400e+16
2.973789452869848400e+16
2.973789452869848400e+16
1.449389335916312400e+16
1.449389335916312400e+16
1.449389123320901400e+16
1.449389123320901400e+16
1.449389053824460200e+16
1.449389053824460200e+16
1.449389053824460200e+16
1.449389053824460200e+16
1.001212332680362800e+16
1.001146243299179800e+16
1.001146243298471200e+16
1.001146243298471200e+16
1.001146243298471200e+16
1.001146243298471200e+16
1.001146243298471200e+16
9.981929888428938000e+15
7.733862948107143000e+15
7.733862948107143000e+15
7.733862948107143000e+15
7.655524675210484000e+15
7.655524675210484000e+15
7.655524675210484000e+15
7.655513811919991000e+15
3.599864030826285500e+15
3.599864030826285500e+15
3.599864030826285500e+15
3.599864030822628000e+15
3.599864030705422000e+15
3.599864030705422000e+15
3.599864007482816500e+15
3.036623138023876000e+15
3.036623138023876000e+15
3.036623138023876000e+15
3.036623138023876000e+15
3.036623138023876000e+15
3.036623138023876000e+15
3.036623138023876000e+15
3.036602351016306500e+15
3.036602351016306000e+15
3.036602351016306000e+15
2.988132337045580000e+15
1.803724961085371750e+15
1.803699410265127250e+15
1.803699410265127250e+15
1.800901807465423500e+15
9.919517370410283750e+14
9.919517361746312500e+14
9.919517361746312500e+14
9.919517361746312500e+14
9.919517361746312500e+14
9.919517361746312500e+14
9.919517361746312500e+14
9.919517361746250000e+14
9.335985492670206250e+14
9.335985492670047500e+14
9.335985492670047500e+14
9.335985492670047500e+14
9.335985490690720000e+14
8.745313415263371250e+14
8.745313415263371250e+14
8.743393593577908750e+14
8.743393593577908750e+14
4.207394348536840000e+14
4.207394348536840000e+14
4.207393364843748125e+14
4.207393364843748125e+14
4.207393249602928750e+14
4.207393249602928750e+14
4.207393249602928750e+14
4.207393249602928750e+14
2.937474254982938750e+14
2.937123109347396250e+14
2.937123109346483125e+14
2.937123109346483125e+14
2.937123109346483125e+14
2.937123109346483125e+14
2.937123109346483125e+14
2.937123109346483125e+14
2.931919516183286250e+14
2.413686719194352500e+14
2.381321873409048438e+14
2.381321873409048438e+14
2.381321873409048438e+14
2.381321873409048438e+14
2.381319805004722812e+14
1.071806189661506719e+14
1.071806189661506406e+14
1.071806189661506406e+14
1.071806189659149688e+14
1.071806189659149688e+14
1.071806189643594531e+14
1.071806178339891875e+14
9.054468675847995312e+13
9.054468675847995312e+13
9.054468675847995312e+13
9.054468675847995312e+13
9.054468675847995312e+13
9.054468675847995312e+13
9.054468675847995312e+13
9.054354593958582812e+13
9.054354593958582812e+13
8.965686625859740625e+13
8.965686625859740625e+13
5.995271865581700781e+13
5.995216317171790625e+13
5.995216317171790625e+13
5.982071326531050781e+13
3.076520174607459766e+13
3.076520174607459766e+13
3.076520173359725391e+13
3.076520173359725391e+13
3.076520173359725391e+13
3.076520173359725391e+13
3.076520173359725391e+13
3.076520173359725391e+13
3.076520173359725391e+13
3.076520173359717969e+13
3.076520173359593359e+13
2.890122452592003125e+13
2.890122452592003125e+13
2.890122451550455469e+13
2.771626856314779688e+13
2.771626856314779688e+13
2.771626856314779688e+13
2.771247363931546484e+13
2.771247363931546484e+13
1.490472679145454297e+13
1.490471917129289258e+13
1.490471895477465430e+13
1.490471895477465430e+13
1.490471895477465430e+13
1.490471895477465430e+13
1.490471895477465430e+13
9.716654005294396484e+12
9.715018983946886719e+12
9.715018983946886719e+12
9.715018983945642578e+12
9.715018983945642578e+12
9.715018983945642578e+12
9.715018983945642578e+12
9.703809062737371094e+12
9.703809062737371094e+12
8.472700490922967773e+12
8.340318248289350586e+12
8.340318248289350586e+12
8.340318248289350586e+12
8.340314449620468750e+12
8.340314449620468750e+12
4.017301280108102539e+12
4.017301280108102051e+12
4.017301280089922363e+12
4.017301280089922363e+12
4.017301280089922363e+12
4.017301280062689941e+12
4.017301182036959961e+12
4.017301182036959961e+12
3.239517772394903809e+12
3.239517772394903809e+12
3.239517772394903809e+12
3.239517772394903809e+12
3.239455625330650879e+12
3.239455625330650879e+12
3.239455625330650879e+12
3.239455625330650879e+12
3.217055839741429688e+12
3.217055839741429688e+12
2.359382486833567871e+12
2.359382486833567871e+12
2.359369606740429199e+12
2.359369606740429199e+12
2.352601007317549805e+12
1.216426528568335205e+12
1.216426528325256836e+12
1.216426528325256836e+12
1.216426528325256836e+12
1.216426528325256836e+12
1.216426528325256836e+12
1.216426528325256836e+12
1.216426528325256836e+12
1.216426528325149902e+12
1.216426528325149902e+12
1.216426528325148438e+12
1.117109809099883789e+12
1.117109808139330566e+12
1.117109808139330566e+12
1.117109808139330566e+12
1.081926839132612183e+12
1.081840258486540649e+12
1.081840258486540649e+12
6.416892905343066406e+11
6.416886894470477295e+11
6.416886844459266357e+11
6.416886844459266357e+11
6.416886844459266357e+11
6.416886844459266357e+11
6.416886844459266357e+11
4.066279188570740967e+11
4.065326597760729980e+11
4.065326597760729980e+11
4.065326597760482788e+11
4.065326597760482788e+11
4.065326597760482788e+11
4.065326597760482788e+11
3.960176124960886230e+11
3.957386111043489380e+11
3.544114177285044556e+11
3.544114177285044556e+11
3.544114177285044556e+11
3.544114177285044556e+11
3.544113322506901855e+11
1.831570826918823547e+11
1.831570826918822632e+11
1.831570826918822632e+11
1.831570826895495911e+11
1.831570826895495911e+11
1.831570826895495911e+11
1.831570740181203003e+11
1.831570740174787598e+11
1.831570740174787598e+11
1.831570740174787598e+11
1.831570740174787598e+11
1.436220197220357056e+11
1.436179557687864380e+11
1.436179557687864380e+11
1.436179557687864380e+11
1.436179557687864380e+11
1.436179557687864380e+11
1.429572699382861023e+11
1.429572699382861023e+11
1.084754489531057434e+11
1.084754489531057434e+11
1.084751096733569031e+11
1.084751096733569031e+11
1.079771518621136475e+11
5.753985467743013763e+10
5.753985467126619720e+10
5.753985467126619720e+10
5.753985467126619720e+10
5.753985467126619720e+10
5.753985467126619720e+10
5.753985467126619720e+10
5.753985467125143433e+10
5.753985467125143433e+10
5.753985467125143433e+10
5.203668736756462097e+10
5.203668736756460571e+10
5.203668736756460571e+10
5.203668727886517334e+10
5.203668727886517334e+10
5.088274085955995941e+10
5.088035441073281097e+10
5.088022868092662811e+10
3.112284037661948395e+10
3.112284037661948395e+10
3.112284037661948395e+10
3.112284024329080200e+10
3.112284024329080200e+10
3.112284024329080200e+10
3.112284024329080200e+10
1.978194906213631058e+10
1.978194906213631058e+10
1.977409027773775864e+10
1.977409027773775864e+10
1.977409027773723602e+10
1.977409027773723602e+10
1.977409027773723602e+10
1.915206629020061493e+10
1.765998486129643250e+10
1.765306869075636292e+10
1.765306869075636292e+10
1.765306869075629807e+10
1.765306869075629807e+10
1.765306869075629807e+10
1.765306628736222076e+10
9.211246058556688309e+09
9.211246058305606842e+09
9.211246058305606842e+09
9.211246058305606842e+09
9.211246058305606842e+09
9.211245328628499985e+09
9.211245328628499985e+09
9.211245328628499985e+09
9.211245328628499985e+09
9.211245328628499985e+09
9.211245328613952637e+09
7.179058021465543747e+09
7.178704017217357635e+09
7.178704017217357635e+09
7.178704017217357635e+09
7.178704017217357635e+09
7.178704017217357635e+09
7.158097936250241280e+09
7.158097936250241280e+09
7.158097936250241280e+09
5.780602899937469482e+09
5.780591980799434662e+09
5.780591980799434662e+09
5.745086681142957687e+09
2.995707321700849533e+09
2.995707321700849533e+09
2.995707321551058292e+09
2.995707321551058292e+09
2.995707321551058292e+09
2.995707321551058292e+09
2.995707321551058292e+09
2.995707321549354553e+09
2.995707321549354553e+09
2.995707321549354553e+09
2.692568997900183201e+09
2.692568989999112129e+09
2.692568989999112129e+09
2.692568989999112129e+09
2.692568989999111652e+09
2.653762346093614578e+09
2.653750421675439358e+09
2.653676854152411938e+09
1.774207809564962864e+09
1.774207809564962864e+09
1.774207809564962864e+09
1.774207805680406570e+09
1.774207805680406570e+09
1.774207805680406570e+09
1.774207805680406570e+09
1.079780907608223677e+09
1.079192175243239164e+09
1.079192175243239164e+09
1.079192175243239164e+09
1.079192175243239164e+09
1.079192175243227482e+09
1.079192175243227482e+09
1.041446177358747244e+09
9.850495440741301775e+08
9.848056449284565449e+08
9.848056449284565449e+08
9.848056449284480810e+08
9.848056448329641819e+08
5.578224061431384087e+08
5.578224061431384087e+08
5.578223846280143261e+08
5.578223846280143261e+08
5.578223846280143261e+08
5.578223846280143261e+08
5.578223846280143261e+08
5.578223846280143261e+08
5.578223846280143261e+08
5.578222913322726488e+08
5.578222913322726488e+08
5.578222913322726488e+08
5.578222913318696022e+08
4.171148748743305206e+08
4.170848231964749694e+08
4.170848231964749694e+08
4.170848231964749694e+08
4.170848231964749694e+08
4.170848231964749694e+08
4.170848231964749694e+08
4.162957367412149906e+08
4.162957367412149906e+08
3.549890431400947571e+08
3.549886739588013291e+08
3.522550653499669433e+08
3.522550653499669433e+08
3.522550653499669433e+08
1.911846561664502323e+08
1.911846561618415415e+08
1.911846561618415415e+08
1.911846561618415415e+08
1.911846561618415415e+08
1.911846561616106927e+08
1.911846561616106927e+08
1.911846561616106927e+08
1.911846561616106927e+08
1.675017721749088764e+08
1.675017711088844836e+08
1.675017711088844836e+08
1.675017711088844836e+08
1.675017711088844836e+08
1.657925114147514105e+08
1.657913410114298761e+08
1.657887666927728951e+08
1.657887666927728951e+08
1.196238064737419784e+08
1.196238064737419784e+08
1.196238064737419784e+08
1.196238063403438777e+08
1.196238063403438777e+08
1.196238063403438777e+08
7.253495166796369851e+07
7.248064000082643330e+07
7.248064000082643330e+07
7.248064000082643330e+07
7.248064000082643330e+07
7.248064000082609057e+07
7.248064000082609057e+07
6.916744810911017656e+07
6.630995444301696122e+07
6.630004471889978647e+07
6.630004471889851987e+07
6.630004471889851987e+07
6.630004471889851987e+07
6.630004470381047577e+07
6.630004470381047577e+07
4.037344053289426863e+07
4.037343968151036650e+07
4.037343968151036650e+07
4.037343968151036650e+07
4.037343968151036650e+07
4.037343968151036650e+07
4.037342739141971618e+07
4.037342739141971618e+07
4.037342739141971618e+07
2.956603479387480393e+07
2.956603479387480393e+07
2.956603479386731610e+07
2.956294755818182975e+07
2.956294755818182975e+07
2.956294755818182975e+07
2.956294755818182975e+07
2.956294755818182975e+07
2.952738129471616820e+07
2.952738129471616820e+07
2.592797382133365050e+07
2.592797382133365050e+07
2.592795894386261702e+07
2.564195528916417435e+07
2.564195528916417435e+07
2.564195528916417435e+07
1.453429915571185388e+07
1.453429915571185388e+07
1.453429915553561412e+07
1.453429915553561412e+07
1.453429915553561039e+07
1.453429915548910014e+07
1.453429915548910014e+07
1.453429915548910014e+07
1.453429915548910014e+07
1.453429915548910014e+07
1.453429895364771970e+07
1.251958678237546422e+07
1.251958678237546422e+07
1.251958678237546422e+07
1.251945031640878692e+07
1.243355457322737202e+07
1.243355457322737202e+07
1.243344519922355749e+07
9.362513228147862479e+06
9.362513228147862479e+06
9.362513228147862479e+06
9.362513228147862479e+06
9.362513222741018981e+06
9.362513222741018981e+06
9.344727545763285831e+06
5.726066386847028509e+06
5.726066386847028509e+06
5.726066386847028509e+06
5.726066386847028509e+06
5.726066386847028509e+06
5.726066386847016402e+06
5.419044930489350110e+06
5.419044930489350110e+06
5.419044930489350110e+06
5.419044930489057675e+06
5.259836120324668474e+06
5.259365081714363769e+06
5.259365081714363769e+06
5.259365079326741397e+06
5.259365079326741397e+06
5.259365079326741397e+06
3.334369831686936319e+06
3.334369831686936319e+06
3.334369793262639083e+06
3.334369793262639083e+06
3.334369793262639083e+06
3.334369793262639083e+06
3.334368079181693029e+06
3.334368079181693029e+06
2.422882456481496338e+06
2.422882456481227186e+06
2.422882456481227186e+06
2.422882456481227186e+06
2.422474505432727281e+06
2.422474505432727281e+06
2.422474505432727281e+06
2.420669650592446793e+06
2.420669650592446793e+06
2.196549287255572155e+06
2.196549287255572155e+06
2.196549287255572155e+06
2.196549287255572155e+06
2.165908497771561611e+06
2.165907810834804084e+06
2.165907810834804084e+06
1.250825199938000413e+06
1.250825199938000413e+06
1.250825199938000413e+06
1.250825199931016890e+06
1.250825199931016425e+06
1.250825199922353728e+06
1.250825199922353728e+06
1.250825169355159858e+06
1.066726613925072132e+06
1.066726613925072132e+06
1.066726613925072132e+06
1.066726613925072132e+06
1.066726613925072132e+06
1.066726613925072132e+06
1.066707118399484782e+06
1.066707118399484782e+06
1.061985002798123052e+06
1.061985002798123052e+06
1.061979723132609390e+06
8.487885019902948989e+05
8.487885019902948989e+05
8.487885019902948989e+05
8.487885017525437288e+05
8.466014624177279184e+05
8.466014624177279184e+05
5.134468062072925968e+05
5.134468062072925968e+05
5.134468062072925968e+05
5.134468062072925968e+05
5.134468062072925968e+05
5.134468062072921311e+05
5.134468062072921311e+05
4.828769602703815326e+05
4.828769602703229757e+05
4.828769602703229757e+05
4.732349543632418499e+05
4.732349543632418499e+05
4.732349543632418499e+05
4.732349539679728332e+05
4.732097234637482325e+05
4.732097234637482325e+05
3.228564140641877893e+05
3.228564140641877893e+05
3.228564140641877893e+05
3.228564121368312044e+05
3.228560959018158028e+05
3.228560959018158028e+05
3.228560959018158028e+05
3.228560959018158028e+05
2.285191136801004468e+05
2.285191136801004468e+05
2.285191136800899403e+05
2.284647855105260678e+05
2.284647855105260678e+05
2.284647855105260678e+05
2.284647855105260678e+05
2.283585356088659901e+05
2.128796995661951369e+05
2.128796995661951369e+05
2.093036651686639234e+05
2.093036651686639234e+05
2.093036651686639234e+05
2.093036308480442385e+05
2.093036308480442385e+05
2.093036308480442385e+05
1.281066950559304823e+05
1.281066950559304823e+05
1.281066950559303514e+05
1.281066950540723774e+05
1.281066950537505618e+05
1.281066950537505618e+05
1.281066887442716543e+05
1.067273326926276495e+05
1.067273326926276495e+05
1.067273326926276495e+05
1.067273326926276495e+05
1.067273326926276495e+05
1.067244109441545152e+05
1.067244109441545152e+05
1.067244109441545152e+05
1.064111772071863088e+05
1.064111772071863088e+05
1.064111772071863088e+05
8.941230511722243682e+04
8.941230511722243682e+04
8.941210488671268104e+04
8.941210488671268104e+04
8.910992039040468808e+04
8.910992037889240601e+04
5.526879458055846044e+04
5.526879458055846044e+04
5.526879458055846044e+04
5.526879458055846044e+04
5.526879458055846044e+04
5.526879458055846044e+04
5.526879458055843861e+04
5.130638608169327927e+04
5.130638608169327927e+04
5.130638608167976054e+04
5.130638608167976054e+04
5.130638608167976054e+04
5.130638599025380245e+04
5.058184219763339934e+04
5.058030001311094384e+04
5.058030001311094384e+04
5.058030001311094384e+04
3.675835076955761906e+04
3.675828939764774259e+04
3.675828939764774259e+04
3.675828928788893973e+04
3.675828928788893973e+04
3.675828928788893973e+04
3.675828928788893973e+04
2.586100139841966302e+04
2.586100139841966302e+04
2.585233177879469804e+04
2.585233177879425421e+04
2.585233177879425421e+04
2.585233177879425421e+04
2.585233177879425421e+04
2.584505173509192900e+04
2.451042584745794738e+04
2.397590699490649058e+04
2.397590699490649058e+04
2.397590699490649058e+04
2.397590699490649058e+04
2.397590699490649058e+04
2.397590501640166985e+04
1.548367095413633433e+04
1.548367095413629431e+04
1.548367095413629431e+04
1.548367095360218445e+04
1.548367095360218445e+04
1.548367095360218445e+04
1.548367095358665028e+04
1.548366957363310212e+04
1.272214594076728463e+04
1.272214594076728463e+04
1.272214594076728463e+04
1.272214594076728463e+04
1.272214594076728463e+04
1.272162859821478014e+04
1.272162859821478014e+04
1.272162859821478014e+04
1.272162859821478014e+04
1.269779150671255957e+04
1.269779150671255957e+04
1.104050638428302773e+04
1.104049297209495126e+04
1.104049297209495126e+04
1.098834743171079572e+04
6.997319290300192733e+03
6.997319290065638597e+03
6.997319290065638597e+03
6.997319290065638597e+03
6.997319290065638597e+03
6.997319290065638597e+03
6.997319290065638597e+03
6.997319290065638597e+03
6.997319290065638597e+03
6.433363632615055394e+03
6.433363632610872628e+03
6.433363632610872628e+03
6.433363632610872628e+03
6.433363611089516780e+03
6.372130520986471311e+03
6.372022996388468528e+03
6.372022996388468528e+03
6.372022996388468528e+03
4.851402081337006166e+03
4.851388759522311375e+03
4.851388759522311375e+03
4.851388753204995737e+03
4.851388753204995737e+03
4.851388753204995737e+03
4.851388753204995737e+03
4.851388753204995737e+03
3.416199766344585441e+03
3.414485532598628652e+03
3.414485532598615009e+03
3.414485532598615009e+03
3.414485532598615009e+03
3.414485532598615009e+03
3.414485532598615009e+03
3.413927548310570273e+03
3.287423035684631941e+03
3.201595524065437075e+03
3.201595524065437075e+03
3.201595524065437075e+03
3.201595524065437075e+03
3.201595407494136907e+03
2.156536528038473989e+03
2.156536528038473989e+03
2.156536528038458528e+03
2.156536527883341023e+03
2.156536527883341023e+03
2.156536527883341023e+03
2.156536527882793962e+03
2.156536194301321302e+03
1.755597355823750377e+03
1.755597355823750377e+03
1.755597355823750377e+03
1.755597355823750377e+03
1.755597355823750377e+03
1.755597355823750377e+03
1.755485709647838121e+03
1.755485709647838121e+03
1.755485709647838121e+03
1.753490132520925272e+03
1.578434975163963372e+03
1.578434975163963372e+03
1.578434069333365414e+03
1.578434069333365414e+03
1.568891113554657068e+03
1.019529922805901379e+03
1.019529922805901379e+03
1.019529922796865776e+03
1.019529922796865776e+03
1.019529922796865776e+03
1.019529922796865776e+03
1.019529922796865776e+03
1.019529922795293260e+03
1.019529922795293260e+03
1.019529922795293260e+03
9.298170788189704581e+02
9.298170788189704581e+02
9.298170732167501455e+02
9.298170732167501455e+02
9.241780728190105947e+02
9.241780728190105947e+02
9.241705992971828891e+02
7.433704991003937721e+02
7.433669543542931706e+02
7.433669540851515194e+02
7.433669540851515194e+02
7.433669540851515194e+02
7.433669540851515194e+02
5.213174705119812415e+02
5.213174705119812415e+02
5.209596417860997235e+02
5.209596417860997235e+02
5.209596417860994961e+02
5.209596417860994961e+02
5.209596417860994961e+02
5.047610832675022721e+02
4.924518419228045900e+02
4.924134881784960385e+02
4.924134881784960385e+02
4.924134881784960385e+02
4.924134881784960385e+02
4.924134881784960385e+02
4.924134831747804810e+02
3.520355617483010633e+02
3.520355617482950947e+02
3.520355616967849528e+02
3.520355616967849528e+02
3.520354609554222520e+02
3.520354609554222520e+02
3.520354609554153171e+02
3.520354609554153171e+02
3.520354609554153171e+02
2.823792134003172123e+02
2.823792134003172123e+02
2.823792134003172123e+02
2.823533184791068607e+02
2.823533184791068607e+02
2.823533184791068607e+02
2.821826462896863745e+02
2.821826462896863745e+02
2.821826462896863745e+02
2.616659278081659181e+02
2.616658826369142048e+02
2.616658826369142048e+02
2.616658826369142048e+02
2.596878007182216948e+02
1.757997844858961969e+02
1.757997844857677308e+02
1.757997844857677308e+02
1.757997844857677308e+02
1.757997844857677308e+02
1.757997844857677308e+02
1.757997844851851141e+02
1.757997844851850857e+02
1.583663536097489555e+02
1.583663517679700021e+02
1.583663517679700021e+02
1.583663517679700021e+02
1.583663517679700021e+02
1.583663517679700021e+02
1.578244036821499776e+02
1.578240081892157036e+02
1.578225757173735246e+02
1.334683584568768993e+02
1.334683584568768993e+02
1.334683584527283244e+02
1.334683584527283244e+02
1.334683584527283244e+02
1.334683584527283244e+02
9.471520160928808707e+01
9.471520160928808707e+01
9.462599829987399858e+01
9.462599829987399858e+01
9.462599829987399858e+01
9.462599829987399858e+01
9.462599829987399858e+01
9.462599829987399858e+01
9.111187992430316740e+01
8.977350887509454935e+01
8.977119588764135472e+01
8.977119588764135472e+01
8.977119588763650881e+01
6.804054776051661690e+01
6.804054771483545494e+01
6.804054769302815942e+01
6.804054769302815942e+01
6.804054769302815942e+01
6.804054769302815942e+01
6.804051395360947652e+01
6.804051395360947652e+01
6.804051395360947652e+01
6.804051395360947652e+01
6.804051395360947652e+01
6.804051395360947652e+01
5.421217041617824606e+01
5.420496088929136391e+01
5.420496088929136391e+01
5.420496088929136391e+01
5.420496088929136391e+01
5.419354262364353758e+01
5.419354262364353758e+01
5.162487086694155636e+01
5.162487086694155636e+01
5.162487002621530507e+01
5.111658083851848033e+01
3.618499623910693686e+01
3.618499623910693686e+01
3.618499623910677343e+01
3.618499623910677343e+01
3.618499623882702565e+01
3.618499623882701144e+01
3.618499623882701144e+01
3.618499623882701144e+01
3.227271164266343817e+01
3.227271164266343817e+01
3.227271095693854619e+01
3.227271095693854619e+01
3.227271095693854619e+01
3.223178353322941803e+01
3.223133220920258424e+01
3.223132432211398424e+01
2.869767634885127805e+01
2.869767634885127805e+01
2.869767634885127805e+01
2.869767634884533081e+01
2.869767634884533081e+01
2.069803571634398409e+01
2.066986084321004213e+01
2.066986084321004213e+01
2.066986084321004213e+01
2.066986084321004213e+01
2.066986084321004213e+01
2.066986084321004213e+01
2.066986084321004213e+01
1.977835642742907751e+01
1.966288758149070048e+01
1.966283452356145389e+01
1.966283452355881778e+01
1.966283450723108928e+01
1.966283450723108928e+01
1.966283450723108928e+01
1.597116884900381706e+01
1.597116884892573019e+01
1.597116884892573019e+01
1.597116884892573019e+01
1.597116884892573019e+01
1.597116884892573019e+01
1.597115480601317117e+01
1.597115480601317117e+01
1.264497569757480377e+01
1.264497569757480377e+01
1.264238054872151906e+01
1.264238054872151906e+01
1.264238054872151906e+01
1.264238054872151906e+01
1.264208349849449142e+01
1.238131123899463759e+01
1.238131123899463759e+01
1.222532652036795575e+01
1.222532651890524846e+01
1.222532651890524846e+01
9.219024146479712911e+00
9.219024146479712911e+00
9.219024146479712911e+00
9.219024146316918689e+00
9.219024146316906254e+00
9.219024146316906254e+00
9.219023723618260391e+00
9.219023723618260391e+00
8.117577362569296184e+00
8.117577362569296184e+00
8.117577362569296184e+00
8.117577362569296184e+00
8.117387948131771225e+00
8.116148496116062816e+00
8.116148496116062816e+00
8.116148496116062816e+00
8.116148480600742232e+00
7.683833455519969213e+00
7.683833455519969213e+00
7.683833455519969213e+00
7.683833455519969213e+00
7.663087099279237258e+00
5.714404784836013995e+00
5.714404784836013995e+00
5.714404784836013995e+00
5.714404784836013995e+00
5.714404784836013995e+00
5.714404784836013995e+00
5.417801879771310780e+00
5.413637901417569509e+00
5.413637901415776277e+00
5.413637776638432264e+00
5.413637776638432264e+00
5.413637776638432264e+00
5.413637767288814295e+00
4.853195917945389404e+00
4.853195917945389404e+00
4.853195917945389404e+00
4.853195917945389404e+00
4.853195917945388516e+00
4.853195917945388516e+00
4.853187338019615993e+00
4.853187338019615993e+00
3.839203245300776501e+00
3.839203245300776501e+00
3.837923517286954134e+00
3.837923517286954134e+00
3.837923517286954134e+00
3.837923517286954134e+00
3.837922667959084766e+00
3.826224668649059524e+00
3.826224668649059524e+00
3.761073417914347239e+00
3.761073417914347239e+00
3.761073417914317485e+00
3.181842502073490841e+00
3.181842502073490841e+00
3.181842502073490841e+00
3.181842502073490841e+00
3.181842502073490841e+00
3.181842502073477075e+00
3.181842501926987588e+00
3.181842501926987588e+00
3.181842168759386080e+00
2.755462242609355794e+00
2.755462242609355794e+00
2.755462242609355794e+00
2.755345479485131310e+00
2.755345479485131310e+00
2.755345479485131310e+00
2.755341048346695132e+00
2.755341048346695132e+00
2.730404088813653374e+00
2.730404088813278118e+00
2.730404088813278118e+00
2.718912823073096785e+00
2.718912823073096785e+00
2.718912823073096785e+00
2.229437436847882203e+00
2.229437436847882203e+00
2.229437436847882203e+00
2.229437436847882203e+00
2.082468143833201335e+00
2.082468143833201335e+00
2.082468143831197160e+00
2.082468143831197160e+00
2.082449043128120625e+00
2.082449033974166142e+00
2.082449033970219965e+00
2.082449033970219965e+00
2.082449033970219965e+00
2.039137531493867339e+00
2.039137531493867339e+00
2.039129427766843694e+00
2.039129427766843694e+00
2.039129427766843694e+00
1.697345241041673169e+00
1.697345241041673169e+00
1.696246677991344320e+00
1.696246677991344320e+00
1.696246677991344320e+00
1.696246677991344320e+00
1.696246677955887572e+00
1.696175572130361076e+00
1.654202418256229157e+00
1.654202418256229157e+00
1.654202418256229157e+00
1.654202418256229157e+00
1.593207852560497795e+00
1.593207852560497795e+00
1.593207852560497795e+00
1.593207852560471594e+00
1.593207852317453765e+00
1.593207852317453765e+00
1.593207852317453765e+00
1.593207405412625288e+00
1.396821274510425592e+00
1.396821274510425592e+00
1.396821274510425592e+00
1.396689460549018102e+00
1.396689460549018102e+00
1.396689460549018102e+00
1.396689460305685415e+00
1.396689460305685415e+00
1.396488884282744980e+00
1.396488884282744980e+00
1.396488884282744980e+00
1.386585096192824551e+00
1.386585096192824551e+00
1.316123532448940869e+00
1.316123532448940869e+00
1.316123532448940869e+00
1.316123532448940869e+00
1.223617652005188239e+00
1.223617652000610789e+00
1.223617652000610789e+00
1.223617652000610567e+00
1.223617652000610567e+00
1.223617635091674316e+00
1.223617633682305250e+00
1.223617633682305250e+00
1.223617633682305250e+00
1.223144039733418786e+00
1.223131230306956363e+00
1.223131230306956363e+00
1.223131230306956363e+00
1.156348002541273123e+00
1.156348002541273123e+00
1.154664623661797229e+00
1.154664623661797229e+00
1.154664623661797229e+00
1.154664623661797229e+00
1.154664616619833550e+00
1.154664616619833550e+00
1.119573701205911931e+00
1.119573701205911931e+00
1.119573701205911931e+00
1.119573701205911931e+00
1.118674437800808663e+00
1.118674437800723176e+00
1.118674437159712376e+00
1.118674437159712376e+00
1.118674437159712376e+00
1.118674437159712376e+00
1.118673469187526859e+00
1.068248893073936889e+00
1.068248893073936889e+00
1.068248893073936889e+00
1.067994190270227461e+00
1.067994190270227461e+00
1.067994190270227461e+00
1.067994190270227461e+00
1.067994165202431844e+00
1.067994165202431844e+00
1.067994165202431844e+00
1.057512131050368565e+00
1.056174210034665828e+00
1.056174210034665828e+00
1.056174210034665828e+00
1.056174210034665828e+00
1.056174210016419313e+00
1.026399485835369330e+00
1.026399485835368219e+00
1.026399485835368219e+00
1.026399433566488772e+00
1.026399433566488772e+00
1.026399433566488772e+00
1.026399433566488772e+00
1.026399362321833486e+00
1.026369558577359564e+00
1.026369558577359564e+00
1.026369558577359564e+00
1.026369558577359564e+00
1.024828705237688986e+00
1.022431545441969458e+00
1.022431545441969458e+00
1.022431545441969458e+00
1.022431545441969458e+00
1.022431545441969458e+00
1.009041007683274982e+00
1.009041007683274982e+00
1.009041007683274982e+00
1.009041007683274982e+00
1.009040851445954790e+00
1.009040851445581977e+00
1.009040851445581977e+00
1.009040849154392516e+00
1.009040849154392516e+00
1.009038246935228589e+00
1.007707152402555817e+00
1.007707152402555817e+00
1.007707152402555817e+00
1.007707152402555817e+00
1.007707152402555817e+00
1.007295947942939085e+00
1.007295947942939085e+00
1.007295947942939085e+00
1.007295947942939085e+00
1.007295947942939085e+00
1.002813272435272296e+00
1.002813014989187179e+00
1.002813014989187179e+00
1.002813014989187179e+00
1.002813014989187179e+00
1.002813014916921208e+00
1.002813014916915213e+00
1.001956834676417829e+00
1.001956670095309754e+00
1.001956670095309754e+00
1.001956670095309754e+00
1.001956670095309754e+00
1.001956670095309754e+00
1.001905135337127328e+00
1.001905135337127328e+00
1.001905135337127328e+00
1.001905135337127328e+00
1.001904821072119534e+00
1.000807945198763704e+00
1.000807945198763704e+00
1.000807945198763704e+00
1.000807945198763704e+00
1.000807945198763704e+00
1.000404781028589873e+00
1.000404781028589873e+00
1.000404781028589873e+00
1.000404781028589873e+00
1.000404781026980050e+00
1.000404781026979828e+00
1.000404773585373164e+00
1.000404773585372942e+00
1.000400132164035671e+00
1.000400132164035671e+00
1.000400132164035671e+00
1.000400132164035671e+00
1.000400132164035671e+00
1.000399852168577297e+00
1.000206032303857517e+00
1.000206032303857517e+00
1.000206032303857517e+00
1.000206032303857517e+00
1.000206032303857517e+00
1.000068317780081317e+00
1.000068317780080873e+00
1.000068317780080873e+00
1.000068317780080873e+00
1.000068317542601282e+00
1.000068317542576191e+00
1.000068135408090697e+00
1.000067837888831912e+00
1.000067837888831912e+00
1.000067837888831912e+00
1.000067837888831912e+00
1.000067837888831912e+00
1.000067837888831912e+00
1.000043288438704048e+00
1.000043288438704048e+00
1.000043288438704048e+00
1.000043288438704048e+00
1.000043288438704048e+00
1.000043288438703382e+00
1.000009349082733090e+00
1.000009349082733090e+00
1.000009349082733090e+00
1.000009349082733090e+00
1.000009263022958006e+00
1.000009263022958006e+00
1.000009263022958006e+00
1.000009263017642924e+00
1.000009249524993482e+00
1.000009249524993260e+00
1.000009249524993260e+00
1.000007031954781134e+00
1.000007031954781134e+00
1.000007031954781134e+00
1.000007031954781134e+00
1.000007031954781134e+00
1.000007031954780690e+00
1.000001022443429699e+00
1.000001022443429699e+00
1.000001022443429699e+00
1.000001022443429699e+00
1.000001022443429699e+00
1.000000993019668938e+00
1.000000993019668938e+00
1.000000993019668938e+00
1.000000993019668938e+00
1.000000992588803594e+00
1.000000992588720550e+00
1.000000992588720550e+00
1.000000850347443349e+00
1.000000850347442904e+00
1.000000850347442904e+00
1.000000850347442904e+00
1.000000088804530174e+00
1.000000088804530174e+00
1.000000088804530174e+00
1.000000088804530174e+00
1.000000088804530174e+00
1.000000088804530174e+00
1.000000081551532860e+00
1.000000081551532860e+00
1.000000081551532860e+00
1.000000081551532860e+00
1.000000081551532860e+00
1.000000081551532638e+00
1.000000081541888131e+00
1.000000081541887242e+00
1.000000075090426099e+00
1.000000075090426099e+00
1.000000075090426099e+00
1.000000075090426099e+00
1.000000075090426099e+00
1.000000075090426099e+00
1.000000006293219057e+00
1.000000006293219057e+00
1.000000006293219057e+00
1.000000005008901738e+00
1.000000005008901738e+00
1.000000005008901738e+00
1.000000005008901738e+00
1.000000005008901738e+00
1.000000005008901738e+00
1.000000005008901738e+00
1.000000005008901738e+00
1.000000005008901738e+00
1.000000005008750970e+00
1.000000004802730880e+00
1.000000004802730880e+00
1.000000004802730880e+00
1.000000000389818400e+00
1.000000000389818400e+00
1.000000000227064811e+00
1.000000000227064811e+00
1.000000000227064811e+00
1.000000000227064811e+00
1.000000000227064811e+00
1.000000000227064811e+00
1.000000000227064811e+00
1.000000000227064811e+00
1.000000000227064811e+00
1.000000000227064811e+00
1.000000000227064811e+00
1.000000000222453167e+00
1.000000000222453167e+00
1.000000000222451613e+00
1.000000000022300162e+00
1.000000000022300162e+00
1.000000000022300162e+00
1.000000000022300162e+00
1.000000000007597256e+00
1.000000000007597256e+00
1.000000000007597256e+00
1.000000000007597256e+00
1.000000000007597256e+00
1.000000000007597256e+00
1.000000000007597256e+00
1.000000000007597256e+00
1.000000000007597256e+00
1.000000000007597256e+00
1.000000000007597256e+00
1.000000000007525092e+00
1.000000000001133538e+00
1.000000000001133538e+00
1.000000000000190514e+00
1.000000000000190514e+00
1.000000000000190514e+00
1.000000000000190514e+00
1.000000000000190514e+00
1.000000000000190514e+00
1.000000000000190514e+00
1.000000000000190514e+00
1.000000000000190514e+00
1.000000000000190514e+00
1.000000000000190514e+00
1.000000000000190514e+00
1.000000000000190514e+00
1.000000000000190514e+00
1.000000000000047296e+00
1.000000000000046629e+00
1.000000000000046629e+00
1.000000000000003775e+00
1.000000000000003775e+00
1.000000000000003775e+00
1.000000000000003775e+00
1.000000000000003775e+00
1.000000000000003775e+00
1.000000000000003775e+00
1.000000000000003775e+00
1.000000000000003775e+00
1.000000000000003775e+00
1.000000000000003775e+00
1.000000000000003775e+00
1.000000000000003775e+00
1.000000000000003775e+00
1.000000000000001554e+00
1.000000000000000222e+00
1.000000000000000222e+00
1.000000000000000222e+00
1.000000000000000222e+00
1.000000000000000222e+00
1.000000000000000222e+00
1.000000000000000222e+00
1.000000000000000222e+00
1.000000000000000222e+00
1.000000000000000222e+00
1.000000000000000222e+00
1.000000000000000222e+00
1.000000000000000222e+00
1.000000000000000222e+00
1.000000000000000222e+00
1.000000000000000222e+00
1.000000000000000222e+00
1.000000000000000222e+00
1.000000000000000222e+00
1.000000000000000222e+00
1.000000000000000222e+00
1.000000000000000222e+00
1.000000000000000222e+00
1.000000000000000222e+00
1.000000000000000222e+00
1.000000000000000222e+00
1.000000000000000222e+00
1.000000000000000222e+00
1.000000000000000222e+00
1.000000000000000222e+00
1.000000000000000222e+00
1.000000000000000222e+00
1.000000000000000222e+00
1.000000000000000222e+00
1.000000000000000222e+00
1.000000000000000222e+00
1.000000000000000222e+00
1.000000000000000222e+00
1.000000000000000222e+00
1.000000000000000222e+00
1.000000000000000222e+00
1.000000000000000222e+00
1.000000000000000222e+00
1.000000000000000222e+00
1.000000000000000222e+00
1.000000000000000222e+00
1.000000000000000222e+00
1.000000000000000222e+00
1.000000000000000222e+00
1.000000000000000222e+00
1.000000000000000222e+00
1.000000000000000222e+00
1.000000000000000222e+00
1.000000000000000222e+00
1.000000000000000222e+00
1.000000000000000222e+00
1.000000000000000222e+00
1.000000000000000222e+00
1.000000000000000222e+00
1.000000000000000222e+00
1.000000000000000222e+00
1.000000000000000222e+00
1.000000000000000222e+00
1.000000000000000222e+00
1.000000000000000222e+00
1.000000000000000222e+00
1.000000000000000222e+00
1.000000000000000222e+00
1.000000000000000222e+00
1.000000000000000222e+00
1.000000000000000222e+00
1.000000000000000222e+00
1.000000000000000222e+00
1.000000000000000222e+00
1.000000000000000222e+00
1.000000000000000222e+00
1.000000000000000222e+00
1.000000000000000222e+00
1.000000000000000222e+00
1.000000000000000222e+00
1.000000000000000222e+00
1.000000000000000222e+00
1.000000000000000222e+00
1.000000000000000222e+00
1.000000000000000222e+00
1.000000000000000222e+00
1.000000000000000222e+00
1.000000000000000222e+00
1.000000000000000222e+00
1.000000000000000222e+00
1.000000000000000222e+00
1.000000000000000222e+00
1.000000000000000222e+00
1.000000000000000222e+00
1.000000000000000222e+00
1.000000000000000222e+00
1.000000000000000222e+00
1.000000000000000222e+00
1.000000000000000222e+00
1.000000000000000222e+00
1.000000000000000222e+00
1.000000000000000222e+00
1.000000000000000222e+00
1.000000000000000222e+00
1.000000000000000222e+00
1.000000000000000222e+00
1.000000000000000222e+00
1.000000000000000222e+00
1.000000000000000222e+00
1.000000000000000222e+00
1.000000000000000222e+00
1.000000000000000222e+00
1.000000000000000222e+00
1.000000000000000222e+00
1.000000000000000222e+00
1.000000000000000222e+00
1.000000000000000222e+00
1.000000000000000222e+00
1.000000000000000222e+00
1.000000000000000222e+00
1.000000000000000222e+00
1.000000000000000222e+00
1.000000000000000222e+00
1.000000000000000222e+00
1.000000000000000222e+00
1.000000000000000222e+00
1.000000000000000222e+00
1.000000000000000222e+00
1.000000000000000222e+00
1.000000000000000222e+00
1.000000000000000222e+00
1.000000000000000222e+00
1.000000000000000222e+00
1.000000000000000222e+00
1.000000000000000222e+00
1.000000000000000222e+00
1.000000000000000222e+00
1.000000000000000222e+00
1.000000000000000222e+00
1.000000000000000222e+00
1.000000000000000222e+00
1.000000000000000222e+00
1.000000000000000222e+00
1.000000000000000222e+00
1.000000000000000222e+00
1.000000000000000222e+00
1.000000000000000222e+00
1.000000000000000222e+00
1.000000000000000222e+00
1.000000000000000222e+00
1.000000000000000222e+00
1.000000000000000222e+00
1.000000000000000222e+00
1.000000000000000222e+00
1.000000000000000222e+00
1.000000000000000222e+00
1.000000000000000222e+00
1.000000000000000222e+00
1.000000000000000222e+00
1.000000000000000222e+00
1.000000000000000222e+00
1.000000000000000222e+00
1.000000000000000222e+00
1.000000000000000222e+00
1.000000000000000222e+00
1.000000000000000222e+00
1.000000000000000222e+00
1.000000000000000222e+00
1.000000000000000222e+00
1.000000000000000222e+00
1.000000000000000222e+00
1.000000000000000222e+00
1.000000000000000222e+00
1.000000000000000222e+00
1.000000000000000222e+00
1.000000000000000222e+00
1.000000000000000222e+00
1.000000000000000222e+00
1.000000000000000222e+00
1.000000000000000222e+00
1.000000000000000222e+00
1.000000000000000222e+00
1.000000000000000222e+00
1.000000000000000222e+00
1.000000000000000222e+00
1.000000000000000222e+00
1.000000000000000222e+00
1.000000000000000222e+00
1.000000000000000222e+00
1.000000000000000222e+00
1.000000000000000222e+00
1.000000000000000222e+00
1.000000000000000222e+00
1.000000000000000222e+00
1.000000000000000222e+00
1.000000000000000222e+00
1.000000000000000222e+00
1.000000000000000222e+00
1.000000000000000222e+00
1.000000000000000222e+00
1.000000000000000222e+00
1.000000000000000222e+00
1.000000000000000222e+00
1.000000000000000222e+00
1.000000000000000222e+00
1.000000000000000222e+00
1.000000000000000222e+00
1.000000000000000222e+00
1.000000000000000222e+00
1.000000000000000222e+00
1.000000000000000222e+00
1.000000000000000222e+00
1.000000000000000222e+00
1.000000000000000222e+00
1.000000000000000222e+00
1.000000000000000222e+00
1.000000000000000222e+00
1.000000000000000222e+00
1.000000000000000222e+00
1.000000000000000222e+00
1.000000000000000222e+00
1.000000000000000222e+00
1.000000000000000222e+00
