1.408032869186059402e+88
1.243278910511852168e+88
1.178020465714521151e+88
8.647156345728886695e+85
7.562764663752170063e+85
7.562150160327381517e+85
7.561618500921126223e+85
7.446257151870016238e+85
7.343031644238421456e+85
6.294304786987628682e+84
6.278556130087674055e+84
6.278519850806348087e+84
6.273882002103197672e+84
6.044984906570953059e+84
6.043897805035709486e+84
6.043808746827516992e+84
3.582867125760484495e+83
3.582865538693219736e+83
3.582175248541553326e+83
3.489996105671678033e+83
3.489992730368382561e+83
3.489987776167671826e+83
2.922483020583817018e+83
2.918131607744512104e+83
2.555426567754968574e+83
2.550678695790118572e+83
2.543242968082836915e+83
2.543234137055849124e+83
2.543230919737696617e+83
2.532196442048520345e+82
1.816825803490770549e+82
1.719302596184904923e+82
1.694611154688520899e+82
1.694278743185646087e+82
1.694212987966726522e+82
2.308087274554454161e+81
1.260710309304490975e+81
1.260710302239474981e+81
1.189503019637358935e+81
1.171401706679716859e+81
1.170999711046084468e+81
1.170973225805934368e+81
1.170973104319110948e+81
1.312582699458942548e+80
9.676038559398727192e+79
8.099338808970149685e+79
8.099338807072085190e+79
8.080665883319121397e+79
8.054647906388584889e+79
8.054635282772954741e+79
8.054619958220602147e+79
9.612598636167192941e+78
5.940048362704852536e+78
5.446922128024508865e+78
5.385049203500623541e+78
5.385049203447918030e+78
5.382420177996537131e+78
5.382325602369357240e+78
5.382325602329746654e+78
5.767822882603046124e+77
3.757824796773589077e+77
3.757824795813317869e+77
3.757824766005472296e+77
3.598023639901315283e+77
3.517755548228960258e+77
3.517238798195243797e+77
3.517051606251441728e+77
3.517051364912077555e+77
3.244235725151638144e+76
2.790833265388041097e+76
2.334829023357010369e+76
2.332614562646487026e+76
2.332614561898880955e+76
2.322044732665727382e+76
2.322044732665464166e+76
2.322042422370273803e+76
2.322032444411796519e+76
2.369576227744670629e+75
1.717889794440567055e+75
1.609329984110288298e+75
1.601581650782791818e+75
1.601581650776685253e+75
1.600446659826270925e+75
1.600428245980629824e+75
1.600428245963998818e+75
2.233234961950438115e+74
1.202837079022936982e+74
1.202837078894065573e+74
1.202837054967655970e+74
1.178951445740691603e+74
1.156670654055294577e+74
1.156547621042373766e+74
1.156547621042373012e+74
1.156448817824921917e+74
1.156448783646992559e+74
1.156448783646695778e+74
1.277259293698627567e+73
1.170559304007843277e+73
8.743110349495729833e+72
8.736271273885674432e+72
8.736271265669957305e+72
8.698066726553606082e+72
8.698066726553309488e+72
8.698062480414197721e+72
8.697994133409650067e+72
9.450002396651261488e+71
7.773908496880348265e+71
6.902376609949199795e+71
6.870981143680547405e+71
6.870981143671533880e+71
6.870981143671531918e+71
6.865599548215752683e+71
6.865555162478934116e+71
6.865555162239159619e+71
6.865555162239159619e+71
1.439359117168066362e+71
6.062350554425338247e+70
6.062350554162803371e+70
6.062350257460722189e+70
5.929030734261114653e+70
5.700604426083286186e+70
5.700212970376886713e+70
5.700212970376886713e+70
5.700212970376884261e+70
5.699594629561218752e+70
5.699594562981411766e+70
5.699594562975762375e+70
8.561722629447379312e+69
7.546350100326986679e+69
4.888443455304473276e+69
4.885642411984727428e+69
4.885642399441446053e+69
4.836502334192696421e+69
4.836502334192587614e+69
4.836501281326023503e+69
4.836446837668883476e+69
6.447491980585357201e+68
4.869958749875955481e+68
4.869958749875955481e+68
4.869958749875955481e+68
4.068870915183675190e+68
4.054565844219101008e+68
4.054565844215385185e+68
4.054565844215378481e+68
4.046823206408955392e+68
4.046810839017554995e+68
4.046810838610874737e+68
4.046810838610874737e+68
6.866836866987385036e+67
3.549941777187521914e+67
3.549941777080956604e+67
3.549941514965480238e+67
3.489753885133284286e+67
3.296248946478700626e+67
3.296143978101443084e+67
3.296143978101443084e+67
3.296143978101443084e+67
3.296143978101443084e+67
3.295288893542316155e+67
3.295288867196544178e+67
3.295288867187324661e+67
4.017478097067712336e+66
3.710612211190842799e+66
2.686890317861842920e+66
2.686211459216597857e+66
2.686211449447376907e+66
2.649372970922749630e+66
2.649372970922749630e+66
2.649372970922726807e+66
2.649372596927459201e+66
2.649305022698417629e+66
2.996192328291195847e+65
2.502716404083217241e+65
2.502716404083217241e+65
2.502716404083217241e+65
2.187318429226109755e+65
2.183996446640657545e+65
2.183996446639894758e+65
2.183996446639884936e+65
2.178408434659536577e+65
2.178404192391709582e+65
2.178404192088099804e+65
2.178404192088099804e+65
4.895048568971383576e+64
1.984438994759455085e+64
1.984438994735893632e+64
1.969213080713756659e+64
1.969212747093726290e+64
1.880439216082573189e+64
1.880398776105074014e+64
1.880398776105074014e+64
1.880398776105074014e+64
1.880398776105074014e+64
1.880398776105074014e+64
1.879706172002460210e+64
1.879706165937055957e+64
1.879706165929326952e+64
2.945604113092431983e+63
2.809007939773184695e+63
1.717892264413285011e+63
1.717563740229807060e+63
1.717563723709360485e+63
1.717563723709360485e+63
1.696074023564215285e+63
1.696074023564211265e+63
1.696073915115241915e+63
1.696004984249584212e+63
2.238674281891386857e+62
2.238674281891386857e+62
2.002121701756942519e+62
2.002121701756942519e+62
2.002121701756942519e+62
1.596567856515520098e+62
1.594472262728604054e+62
1.594472262728417713e+62
1.594472262728404011e+62
1.590228053583307590e+62
1.590226454045246382e+62
1.590226453376019758e+62
1.590226453376019758e+62
5.265832457165663549e+61
5.265832457089642628e+61
1.717097920237789744e+61
1.703605608338886908e+61
1.703604986839838867e+61
1.563031442672120352e+61
1.563011673546242841e+61
1.563011673546242841e+61
1.563011673546242841e+61
1.563011673546242841e+61
1.563011673546242841e+61
1.563011673546242556e+61
1.562329752077244428e+61
1.562329750157255169e+61
1.562329750135169653e+61
3.405946520741884883e+60
3.193391889883550390e+60
1.641177152338818695e+60
1.640964989547817030e+60
1.640964989547817030e+60
1.640964952013335733e+60
1.598357903263567209e+60
1.598357903263564712e+60
1.598357859131173701e+60
1.598270618163105451e+60
2.677242318875040344e+59
2.293604162234462307e+59
2.293604162234462307e+59
2.293604162234462307e+59
2.293604162234462307e+59
2.293604162234462307e+59
1.660631844843619484e+59
1.659027175710483555e+59
1.659027175710353765e+59
1.659027175710292438e+59
1.648943587162997873e+59
1.648942799099632455e+59
1.648942797308605417e+59
1.648942797308605417e+59
1.648942797308605417e+59
4.739171736810203326e+58
4.739171736770617273e+58
1.901998916057289818e+58
1.890265856140273456e+58
1.890264765698855252e+58
1.671748942063464724e+58
1.671738579421127879e+58
1.671738579421127879e+58
1.671738579421127879e+58
1.671738579421127879e+58
1.671738579421127879e+58
1.671738579421127042e+58
1.670021757089849973e+58
1.670021755679466383e+58
3.015036393655430960e+57
3.015036393634957830e+57
2.894370883582392993e+57
1.715203235747267774e+57
1.715097043628941865e+57
1.715097043628941865e+57
1.715096985195228187e+57
1.654710327351098911e+57
1.654710327351097865e+57
1.654710296942737647e+57
1.654504413481967399e+57
2.333519245292847411e+56
2.115317381379068983e+56
2.115317381379068983e+56
2.115317381379068983e+56
2.115317381379068983e+56
2.115317381379068983e+56
1.650113017275115988e+56
1.649386629789740211e+56
1.649386629789689904e+56
1.649386629789689904e+56
1.649386629789539200e+56
1.649386122875632622e+56
1.636355117272264882e+56
1.636355114758640089e+56
1.636355114758640089e+56
1.636355114758640089e+56
5.970147409328636692e+55
5.970147409304093894e+55
1.851510071730334048e+55
1.846397927798024898e+55
1.846395636707231824e+55
1.674895904583156678e+55
1.674889217378057699e+55
1.674889217378057699e+55
1.674889217378057699e+55
1.674889217378057699e+55
1.674889217378057699e+55
1.674889217378057699e+55
1.674889217378054977e+55
1.672632673719913130e+55
1.672632673167202282e+55
3.966813498734412474e+54
3.966813498683907765e+54
3.869558229841362833e+54
1.853219760424683744e+54
1.853140059600133066e+54
1.853140059600133066e+54
1.796334929734990072e+54
1.796334788580036598e+54
1.796334788580036598e+54
1.796334774580054047e+54
1.796016976336068035e+54
3.163310710096078402e+53
2.972827521607899745e+53
2.972827521607899745e+53
2.972827521607899745e+53
2.972827521607899745e+53
2.972827521607899745e+53
2.023677431495304786e+53
2.022975000532803861e+53
2.022975000532803861e+53
2.022975000532783869e+53
2.022975000532783869e+53
2.022975000532460176e+53
2.022974702629895816e+53
2.007251825708950365e+53
2.007251817380111955e+53
2.007251817380111955e+53
2.007251817380111955e+53
1.014520839825332156e+53
1.014520839823451671e+53
2.760899413138247455e+52
2.753590693398819204e+52
2.753584018999803473e+52
2.332030467167268161e+52
2.332025402602763429e+52
2.332025402602763429e+52
2.332025402602763429e+52
2.332025402602763429e+52
2.332025402602763429e+52
2.332025402602763429e+52
2.332025402602755986e+52
2.328517629047718555e+52
2.328517628763499569e+52
7.629865223718288141e+51
7.629865223306836249e+51
7.399884504526434909e+51
2.993283187397738239e+51
2.993201957604344225e+51
2.993201957604344225e+51
2.822539725456920183e+51
2.822539268974768440e+51
2.822539268974768440e+51
2.822539268974768440e+51
2.822539259803496363e+51
2.821910045480038778e+51
6.460853940820546125e+50
5.959457351006157080e+50
5.959457351006157080e+50
5.959457351006157080e+50
5.959457351006157080e+50
5.959457351006157080e+50
3.578711020404161692e+50
3.577852748670678303e+50
3.577852748670678303e+50
3.577852748670656288e+50
3.577852748670656288e+50
3.577852748668425677e+50
3.577852501419257457e+50
3.520124110843384310e+50
3.520124077291347286e+50
3.520124077291347286e+50
3.520124077291347286e+50
1.673674683155147390e+50
1.673674683153342132e+50
5.538627726509252907e+49
5.527130393805864699e+49
5.527108827595355825e+49
4.398013398838574021e+49
4.398008619322730350e+49
4.398008619322730350e+49
4.398008619322730350e+49
4.398008619322730350e+49
4.398008619322730350e+49
4.398008619322730350e+49
4.398008619322670638e+49
4.383267105125295162e+49
4.383267105125295162e+49
4.383267104770042364e+49
1.258420559522078307e+49
1.258420559375469652e+49
1.258420559375469652e+49
1.233715030588170142e+49
5.806659769534947529e+48
5.806578659444308458e+48
5.806578659444308458e+48
5.361606846186025445e+48
5.361605525209094319e+48
5.361605525209094319e+48
5.361605525209094319e+48
5.361605513535951007e+48
5.358918580770120209e+48
1.048390091476180477e+48
9.953055646711206714e+47
9.953055646711206714e+47
9.953055646711206714e+47
9.953055646711206714e+47
9.953055646711206714e+47
6.595324425900841520e+47
6.594550866312578752e+47
6.594550866312578752e+47
6.594550866312563337e+47
6.594550866312563337e+47
6.594550866302639560e+47
6.594550570018173625e+47
6.456466048068283143e+47
6.456465957546240528e+47
6.456465957546240528e+47
6.456465957546240528e+47
3.605937704397574624e+47
3.605937704395733387e+47
9.488155464852549171e+46
9.479192637608607719e+46
9.479117547157744263e+46
7.887749419426571102e+46
7.887743996600123895e+46
7.887743996600123895e+46
7.887743996600123895e+46
7.887743996600123895e+46
7.887743996600123895e+46
7.887743996600123895e+46
7.887743996599872393e+46
7.854224300395759766e+46
7.854224300395759766e+46
7.854224300145125974e+46
2.868337650697296398e+46
2.868337650086452082e+46
2.868337650086452082e+46
2.834014861817414134e+46
1.065054391023209099e+46
1.065044765677105691e+46
1.065044765677105691e+46
9.955994002192795688e+45
9.955988610268724095e+45
9.955988610268724095e+45
9.955988610268724095e+45
9.955988601424505863e+45
9.949434344681225586e+45
2.498494248432812468e+45
2.416979425524310922e+45
2.416979425524310922e+45
2.416979425524310922e+45
2.416979425524310922e+45
2.416979425524310288e+45
1.346645597619586910e+45
1.346531837289997680e+45
1.346531837289997680e+45
1.346531837289996571e+45
1.346531837289996571e+45
1.346531837286678179e+45
1.346531810143278774e+45
1.320115805583038365e+45
1.320115760785103278e+45
1.320115760785103278e+45
1.320115760785103278e+45
1.320115760785103278e+45
9.238909509823120439e+44
9.238909509821241147e+44
2.429320455967943978e+44
2.427247742308809934e+44
2.427212906707022046e+44
2.427212906707022046e+44
1.822065529294706755e+44
1.822064893465958154e+44
1.822064893465958154e+44
1.822064893465958154e+44
1.822064893465958154e+44
1.822064893465958154e+44
1.822064893465958154e+44
1.822064893465850403e+44
1.813871047922420918e+44
1.813871047922420918e+44
1.813871047901640955e+44
8.783229308022593479e+43
8.783229301242313684e+43
8.783229301242313684e+43
8.669816313009556871e+43
2.904472298401530391e+43
2.904456569392374709e+43
2.904456569392374709e+43
2.587970475320757261e+43
2.587967897523024269e+43
2.587967897523024269e+43
2.587967897523024269e+43
2.587967897523024269e+43
2.587967896594056237e+43
2.585938853080607551e+43
8.460188388536336292e+42
8.132589311763546395e+42
8.132589311763546395e+42
8.132589311763546395e+42
8.132589311763546395e+42
8.132589311763543919e+42
3.977240194549100451e+42
3.977022145968743032e+42
3.977022145968740556e+42
3.977022145968740556e+42
3.977022145968740556e+42
3.977022145934474375e+42
3.977022109126730768e+42
3.831443178062420563e+42
3.831442911060379045e+42
3.831442911060379045e+42
3.831442911060379045e+42
3.831442911060379045e+42
2.662469845222439169e+42
2.662469845222134326e+42
8.470118052995217237e+41
8.464580373358174789e+41
8.464386250891451591e+41
8.464386250891451591e+41
5.827585591921277442e+41
5.827584580850029267e+41
5.827584580850029267e+41
5.827584580850029267e+41
5.827584580850029267e+41
5.827584580850029267e+41
5.827584580850029267e+41
5.827584580848726335e+41
5.773953195225153379e+41
5.773953195225153379e+41
5.773953195183995741e+41
5.773953174451980242e+41
2.629317620285278193e+41
2.629317620285278193e+41
2.606886222361717460e+41
1.008982692202759326e+41
1.008979741485554112e+41
1.008979741485554112e+41
1.008977946056239810e+41
8.653588424821477941e+40
8.653588424821477941e+40
8.653588424821477941e+40
8.653588424821477941e+40
8.653588422791231131e+40
8.639016582015386921e+40
2.523442499883340667e+40
2.458534817135705553e+40
2.458534817135705553e+40
2.458534817135705553e+40
2.458534817135702652e+40
2.458534817135702652e+40
1.337577824211411819e+40
1.337539486049036468e+40
1.337539486049036227e+40
1.337539486049036227e+40
1.337539486049036227e+40
1.337539486021612470e+40
1.337539486021612470e+40
1.273942233643603446e+40
1.273942226261226360e+40
1.273942091003273379e+40
1.273942091003273379e+40
1.273942091003273379e+40
1.273942091003273379e+40
9.645417972483923409e+39
9.645417972483420496e+39
2.579723829149312289e+39
2.578925030999773767e+39
2.578809187286374528e+39
2.578809187286374528e+39
1.888171256427938123e+39
1.888171256427938123e+39
1.888171048955309237e+39
1.888171048955309237e+39
1.888171048955309237e+39
1.888171048955309237e+39
1.888171048955309237e+39
1.888171048955309237e+39
1.888171048954341492e+39
1.866229492596877008e+39
1.866229492596877008e+39
1.866229492591479154e+39
1.866229492591479154e+39
1.866229482667207024e+39
1.009100678546118291e+39
1.003946865935530382e+39
3.185802971753775269e+38
3.185797221698133315e+38
3.185797221698133315e+38
3.185785714263134481e+38
2.796898047753112156e+38
2.796898047753112156e+38
2.796898047753112156e+38
2.796898047753112156e+38
2.796898047486852667e+38
2.790953934555383698e+38
1.025942184227926230e+38
1.025942184227926230e+38
1.009104683633502744e+38
1.009104683633502744e+38
1.009104683633499155e+38
1.009104683633499155e+38
4.559218654350115085e+37
4.559131587717550367e+37
4.559131587717550367e+37
4.559131587717550367e+37
4.559131587717550367e+37
4.559131587571549907e+37
4.559131587571549907e+37
4.362177873646798638e+37
4.362177862780062899e+37
4.362176843227368049e+37
4.362176843227368049e+37
4.362176843227368049e+37
4.362176843227368049e+37
3.725986948689196449e+37
3.725986948689127503e+37
1.120649048407072608e+37
1.120354386671808292e+37
1.120268979144702643e+37
1.120268979144702643e+37
1.120268979144702643e+37
7.178999284923581665e+36
7.178998908391894163e+36
7.178998908391894163e+36
7.178998908391894163e+36
7.178998908391894163e+36
7.178998908391894163e+36
7.178998908391894163e+36
7.178998908385483550e+36
7.094846871592859109e+36
7.094846871592859109e+36
7.094846871585682292e+36
7.094846871585682292e+36
7.094846779372233862e+36
4.723679563043788762e+36
4.701595313280709632e+36
1.462956613924195014e+36
1.462955091649295401e+36
1.462945611680888294e+36
1.462945611680888294e+36
1.194026518328519223e+36
1.194026518328519223e+36
1.194026518328519223e+36
1.194026518328519223e+36
1.194026518283877069e+36
1.194026518283877069e+36
1.191152854946086649e+36
1.191152854946086649e+36
5.562537741972265355e+35
5.465882512323806159e+35
5.465882512323806159e+35
5.465882512323758935e+35
5.465882512323758935e+35
5.465882512323758935e+35
2.236365275037595426e+35
2.236338975070050968e+35
2.236338975070050968e+35
2.236338975070050968e+35
2.236338975070050968e+35
2.236338974844209694e+35
2.236338974844209694e+35
2.074294150496726539e+35
2.074294148236263627e+35
2.074293247604189665e+35
2.074293247604189665e+35
2.074293247604189665e+35
2.074293247604189665e+35
1.790185014574149403e+35
6.542180256569352711e+34
6.542180256569330574e+34
6.541407560320055903e+34
6.540147030695305246e+34
6.540147030695305246e+34
6.540147030695305246e+34
3.804661513438964468e+34
3.804661416148538681e+34
3.804661416148538681e+34
3.804661416148538681e+34
3.804661416148538681e+34
3.804661416148538681e+34
3.804661416148538681e+34
3.804661416136963810e+34
3.722131025374503569e+34
3.722131025372343456e+34
3.722131025372343456e+34
3.722131025372343456e+34
3.722130926221731856e+34
2.457242969512552446e+34
2.449728149036778190e+34
8.770754256559577035e+33
8.770749223076511336e+33
8.770658813736989550e+33
6.763877777022457255e+33
6.763877777022457255e+33
6.763877777022457255e+33
6.763877777022457255e+33
6.763877777022457255e+33
6.763877776865806351e+33
6.763877776865806351e+33
6.731428433324813888e+33
6.731428433324813888e+33
2.977458612519111903e+33
2.942492382159886645e+33
2.942492382159886645e+33
2.942492382159799023e+33
2.942492382159799023e+33
2.942492382159799023e+33
1.332356459132597925e+33
1.332347871425292810e+33
1.332347871425292810e+33
1.332347871425292810e+33
1.332347871425292810e+33
1.332347871112131660e+33
1.208733770887638462e+33
1.208733770887638462e+33
1.208733770048288260e+33
1.208733770048288260e+33
1.208732958592981409e+33
1.208732958592981409e+33
1.208732958592981409e+33
1.082994533408767790e+33
3.547004012629660653e+32
3.547004012629655609e+32
3.546202908698158703e+32
3.545862073775732049e+32
3.545862073775732049e+32
3.545862073775732049e+32
2.207937399201298039e+32
2.207937363372126497e+32
2.207937363372126497e+32
2.207937363372126497e+32
2.207937363372126497e+32
2.207937363356897484e+32
2.207937363356897484e+32
2.207937363356897484e+32
2.147226912855405394e+32
2.147226912854882977e+32
2.147226912854882977e+32
2.147226912854882977e+32
2.147226825303173236e+32
2.147226825303173236e+32
1.564112352226992847e+32
1.561307736248577977e+32
4.828122228615433408e+31
4.828120560690367068e+31
4.828023924362706485e+31
3.850458079135874549e+31
3.850458079135874549e+31
3.850458079135874549e+31
3.850458079135874549e+31
3.850458079135874549e+31
3.850458079098974305e+31
3.827379482833367347e+31
3.827379482833367347e+31
3.827379482833367347e+31
2.014426808094662974e+31
2.014426808094662974e+31
1.999637264292800044e+31
1.999637264292641517e+31
1.999637264292641517e+31
1.999637264292641517e+31
7.675317395668418763e+30
7.675286231517978871e+30
7.675286231517978871e+30
7.675286231517978871e+30
7.675286231517978871e+30
7.675286228760463100e+30
7.031346812299123966e+30
7.031346812299123966e+30
7.031346810234590580e+30
7.031346810234590580e+30
7.031337124589808866e+30
7.031337124589808866e+30
7.031337124589808866e+30
7.031337124589808866e+30
6.620023433157726337e+30
2.570182391874556970e+30
2.570182391874555844e+30
2.569258272993016119e+30
2.569062629089181832e+30
2.569062629089181832e+30
2.569062629089181832e+30
1.382579668216879787e+30
1.382579658004980017e+30
1.382579658004980017e+30
1.382579658004979454e+30
1.382579658004979454e+30
1.382579657989135228e+30
1.382579657989135228e+30
1.345547406470830732e+30
1.345547406470830732e+30
1.345547406470717861e+30
1.345547406470717861e+30
1.345547406470717861e+30
1.345547285200196239e+30
1.345547285200196239e+30
1.107521768490959658e+30
1.105983461377146816e+30
3.703235000316248942e+29
3.703235000316248942e+29
3.703234287060002000e+29
3.703109366719290124e+29
3.703109366719290124e+29
2.682185878196303373e+29
2.682185878196303373e+29
2.682185878196303373e+29
2.682185878196303373e+29
2.682185878186471804e+29
2.664786292409067336e+29
2.664786292409067336e+29
2.664786292409067336e+29
2.664786292409067336e+29
1.690373691747945875e+29
1.690373691747945875e+29
1.678978930411711694e+29
1.678978930411415793e+29
6.236551371362289375e+28
6.236551371362289375e+28
6.236551371362289375e+28
6.236536415368224666e+28
6.236536415368224666e+28
6.236536408946313259e+28
6.236536408946313259e+28
5.444592645188226776e+28
5.444592644508514845e+28
5.444592644508514845e+28
5.444592644508514845e+28
5.444579883811476615e+28
5.444579883811476615e+28
5.444579883811476615e+28
5.444579883811476615e+28
5.172458717441865995e+28
2.425425801890571223e+28
2.425425801890570343e+28
2.424146729221255947e+28
2.424020126821113601e+28
2.424020126821113601e+28
2.424020126821113601e+28
1.202063320470661121e+28
1.202063320470661121e+28
1.202063316231983763e+28
1.202063316231982444e+28
1.202063316231982444e+28
1.202063316189736348e+28
1.148351868811982681e+28
1.148351868811982681e+28
1.148351868811982681e+28
1.148351868811982681e+28
1.148351868811931883e+28
1.148351868811931883e+28
1.148351868811931883e+28
1.148351674723477651e+28
9.565030292902381616e+27
9.556685822994793530e+27
3.705386218985685282e+27
3.705386218985685282e+27
3.705386218985685282e+27
3.705385826883286769e+27
3.705191415493833018e+27
2.506678514381232104e+27
2.506678514381232104e+27
2.506678514381232104e+27
2.506678514381232104e+27
2.506678514375931359e+27
2.477131814094241074e+27
2.477131814094241074e+27
2.477131814094241074e+27
2.477131814094241074e+27
2.477131814094241074e+27
2.477131814094241074e+27
1.561907689897249540e+27
1.561907689896345742e+27
1.554820471352977518e+27
6.368075763230228179e+26
6.368075763230228179e+26
6.368075763230228179e+26
6.368067200886955513e+26
6.368067186174497625e+26
6.368067186174497625e+26
6.368067186174497625e+26
5.367277510624992802e+26
5.367277510624992802e+26
5.367277510217251284e+26
5.367277510217251284e+26
5.367258233043608658e+26
5.367258233043608658e+26
5.367258233043608658e+26
5.172274698409391509e+26
5.172274698409391509e+26
2.310629076019833624e+26
2.310629076019833281e+26
2.308361009093609915e+26
2.308361009093609915e+26
2.308297972625414865e+26
1.220979375291343885e+26
1.220979375291343885e+26
1.220979375291343885e+26
1.220979375291338902e+26
1.220979372591888220e+26
1.220979372591888220e+26
1.220979372496115603e+26
1.152254056879070627e+26
1.152254056879070627e+26
1.152254056879070627e+26
1.152254056879070627e+26
1.152254056879070627e+26
1.152254056879048981e+26
1.152253753113599339e+26
1.152253753113599339e+26
1.005204452328409443e+26
3.569218948790918086e+25
3.568580504157369398e+25
3.568580504157369398e+25
3.568228052708828998e+25
3.568228052708828998e+25
3.568227828258191917e+25
2.506491688077281606e+25
2.506491688077281606e+25
2.506491688077281606e+25
2.506491688077281606e+25
2.506491688075025889e+25
2.506491688075025889e+25
2.469514429691061826e+25
2.469514429691061826e+25
2.469514429691061826e+25
2.469514429691061826e+25
2.469514429691061826e+25
2.469514429686096844e+25
1.733458345606703860e+25
1.728656460399965874e+25
1.728656460399965874e+25
6.279981050200295677e+24
6.279981050200295677e+24
6.279981027958041956e+24
6.279975887803621264e+24
6.279975887803621264e+24
6.279975887803621264e+24
5.371346812288863769e+24
5.371346812288863769e+24
5.371346812115077581e+24
5.371309074562208200e+24
5.371309074562208200e+24
5.371309074562208200e+24
5.371309074562208200e+24
5.262298421782523419e+24
2.746662596396838419e+24
2.746662596396838419e+24
2.746662596396838419e+24
2.742641061619686833e+24
2.742641061619686833e+24
2.742586131745477973e+24
1.271468034512227169e+24
1.271468034512227169e+24
1.271468034512227169e+24
1.271468034512215358e+24
1.271468033266434592e+24
1.271468033266434592e+24
1.271468033104988382e+24
1.202744822262162602e+24
1.202744822262162602e+24
1.202744822262162602e+24
1.202744822262162602e+24
1.202744822262162602e+24
1.202744822262162602e+24
1.202744175324648096e+24
1.202744175324640043e+24
1.202744175324640043e+24
1.109700090052446544e+24
4.515585001744743971e+23
4.514954182397975813e+23
4.514954182397975813e+23
4.514245934325852589e+23
4.514245781443253014e+23
2.846283295480976224e+23
2.846283295480976224e+23
2.846283295480976224e+23
2.846283295480976224e+23
2.846283295480976224e+23
2.846283295480008514e+23
2.846283295480008514e+23
2.802446713022335502e+23
2.802446713022335167e+23
2.802446713022335167e+23
2.802446713022335167e+23
2.802446713012395673e+23
2.802446713012395673e+23
2.216091876383275688e+23
2.211244605384960330e+23
2.211244605384960330e+23
8.409002376123781428e+22
8.409002298172249001e+22
8.409002298172249001e+22
8.408998376054951248e+22
8.408998376054951248e+22
8.408998376054951248e+22
8.408998376054951248e+22
6.739633701409138724e+22
6.739559112575339725e+22
6.739559112484314101e+22
6.739559112484314101e+22
6.739559112484314101e+22
6.739559112484314101e+22
6.633133385809521961e+22
6.633133385809521961e+22
4.059641306180856316e+22
4.059641306180856316e+22
4.051563523092158349e+22
4.051563523092158349e+22
4.051512508881475469e+22
1.806773941810384549e+22
1.806773941810384549e+22
1.806773941810384549e+22
1.806773941810347219e+22
1.806773941810347219e+22
1.806773940973417477e+22
1.806773940336184630e+22
1.659436177761122648e+22
1.659436177761122648e+22
1.659436177761122648e+22
1.659436177761122648e+22
1.659436177761122648e+22
1.659436177761122648e+22
1.659436177761122648e+22
1.659434631681270193e+22
1.659434631681265159e+22
1.659434631681265159e+22
1.548833908410860490e+22
7.316166057616128082e+21
7.315461307937222296e+21
7.315461307937222296e+21
7.313750926194829689e+21
4.327350078354578997e+21
4.327350031615255904e+21
4.327350031615255904e+21
4.327350031615255904e+21
4.327350031615255904e+21
4.327350031615255904e+21
4.327350031615255904e+21
4.327350031614475764e+21
4.217666688063651709e+21
4.217666688063651709e+21
4.217666688063650136e+21
4.217666688063650136e+21
4.217666688019645596e+21
3.385495053384895431e+21
3.385495053384895431e+21
3.380677011221029847e+21
3.380677011221029847e+21
1.427621331811399631e+21
1.427621303604367065e+21
1.427621303604367065e+21
1.427620927499909464e+21
1.427620927499909464e+21
1.427620927499909464e+21
1.427620927499909464e+21
1.093404749426984485e+21
1.093386689120935608e+21
1.093386689112582914e+21
1.093386689112582914e+21
1.093386689112582914e+21
1.093386689112582914e+21
1.093386689112582914e+21
1.081407387460119167e+21
6.602187116697145836e+20
6.578860830593681981e+20
6.578860830593681981e+20
6.578860830593681981e+20
6.578816079825323950e+20
3.121249865456270705e+20
3.121249865456270705e+20
3.121249865456270705e+20
3.121249865456052470e+20
3.121249865456052470e+20
3.121249864585260564e+20
3.121249862197760492e+20
2.808163873596723692e+20
2.808163873596723692e+20
2.808163873596723692e+20
2.808163873596723692e+20
2.808163873596723692e+20
2.808163873596723692e+20
2.808163873596723692e+20
2.808159800546047427e+20
2.808159800546043822e+20
2.670809480234429972e+20
2.670809480234429972e+20
1.220115075612438036e+20
1.220049861932890358e+20
1.220049861932890358e+20
1.219529738594218312e+20
7.473203848364267930e+19
7.473203799765188608e+19
7.473203799765188608e+19
7.473203799765188608e+19
7.473203799765188608e+19
7.473203799765188608e+19
7.473203799765188608e+19
7.473203799764603699e+19
7.473203799764603699e+19
7.473203799764595507e+19
7.236953716570847642e+19
7.236953716570847642e+19
7.236953716408196301e+19
6.135650607793414144e+19
6.135650607793414144e+19
6.130382633434809139e+19
6.130382633434809139e+19
2.421803727166568858e+19
2.421803652491857510e+19
2.421803275148788531e+19
2.421803275148788531e+19
2.421803275148788531e+19
2.421803275148788531e+19
2.421803275148788531e+19
1.885078764917380710e+19
1.885020064519678771e+19
1.885020064519678771e+19
1.885020064513435648e+19
1.885020064513435648e+19
1.885020064513435648e+19
1.885020064513435648e+19
1.873118601330950554e+19
1.873118601330950554e+19
1.274006186952891392e+19
1.267701571743837594e+19
1.267701571743837594e+19
1.267701571743837594e+19
1.267695778655447245e+19
5.469801664974587904e+18
5.469801664974587904e+18
5.469801664973749248e+18
5.469801664973749248e+18
5.469801664973749248e+18
5.469801664301245440e+18
5.469801657556062208e+18
4.939837666433226752e+18
4.939837666433226752e+18
4.939837666433226752e+18
4.939837666433226752e+18
4.939837666433226752e+18
4.939837666433226752e+18
4.939837666433226752e+18
4.939823884032005120e+18
4.939823884032003072e+18
4.795492638136976384e+18
4.795492638136976384e+18
2.512668000925252096e+18
2.512668000925252096e+18
2.512571575866230272e+18
2.510968481751607808e+18
1.392598318560861184e+18
1.392598314317012992e+18
1.392598314317012992e+18
1.392598314317012992e+18
1.392598314317012992e+18
1.392598314317012992e+18
1.392598314317012992e+18
1.392598314317012992e+18
1.392598314317009408e+18
1.392598314316968192e+18
1.392598314316968192e+18
1.347585015104995072e+18
1.347585015053112576e+18
1.347585015053112576e+18
1.212731576525971968e+18
1.212013875186362112e+18
1.212013875186362112e+18
5.296269851548438400e+17
5.296269461012455680e+17
5.296269007183302400e+17
5.296269007183302400e+17
5.296269007183302400e+17
5.296269007183302400e+17
5.296269007183302400e+17
3.825793712633447040e+17
3.825617968165829760e+17
3.825617968165829760e+17
3.825617968160571520e+17
3.825617968160571520e+17
3.825617968160571520e+17
3.825617968160571520e+17
3.794502529865383040e+17
3.777657470060228480e+17
2.871579386312776640e+17
2.871579386312776640e+17
2.871579386312776640e+17
2.871579386312776640e+17
2.871571911293746560e+17
1.264903300998184160e+17
1.264903300998184160e+17
1.264903300998184160e+17
1.264903300997771200e+17
1.264903300997771200e+17
1.264903300997771200e+17
1.264903297053284800e+17
1.264903296979747840e+17
1.264903296979747840e+17
1.264903296979747840e+17
1.264903296979747840e+17
1.096916186947564480e+17
1.096911247155932480e+17
1.096911247155932480e+17
1.096911247155932480e+17
1.096911247155932480e+17
1.096911247155932320e+17
1.071934749672337760e+17
1.071934749672337760e+17
6.397119074167967200e+16
6.397119074167967200e+16
6.396961897434973600e+16
6.391257512107310400e+16
3.417940416961838800e+16
3.417940411734539600e+16
3.417940411734539600e+16
3.417940411734539600e+16
3.417940411734539600e+16
3.417940411734539600e+16
3.417940411734539600e+16
3.417940411734520000e+16
3.417940411734520000e+16
3.417940411734520000e+16
3.253302148255972000e+16
3.253302148255927600e+16
3.253302147925266400e+16
3.253302147925266400e+16
3.253302147925266400e+16
2.974875738971830800e+16
2.973789452869848800e+16
2.973788557908810000e+16
1.449389123320901400e+16
1.449389123320901400e+16
1.449389123320901400e+16
1.449389053824460200e+16
1.449389053824460200e+16
1.449389053824460200e+16
1.001212332680362800e+16
1.001212332680362800e+16
1.001212332680362800e+16
1.001146243299179800e+16
1.001146243298471200e+16
1.001146243298471200e+16
1.001146243298471200e+16
1.001146243298471200e+16
9.880579654505952000e+15
9.851813128342470000e+15
7.655524675210484000e+15
7.655524675210484000e+15
7.655524675210484000e+15
7.655524675210484000e+15
7.655513811919991000e+15
7.655513811919991000e+15
3.599864030826285500e+15
3.599864030822628000e+15
3.599864030822628000e+15
3.599864030822628000e+15
3.599864030822628000e+15
3.599864007600023000e+15
3.599864007600023000e+15
3.599864007600023000e+15
3.599864007482816500e+15
3.599864007482816500e+15
3.036623138023876000e+15
3.036602351016306500e+15
3.036602351016306500e+15
3.036602351016306500e+15
3.036602351016306500e+15
3.036602351016306500e+15
3.036602351016306000e+15
2.988132337045580000e+15
1.803724961085371750e+15
1.803724961085371750e+15
1.803699410265127250e+15
1.800901807465423500e+15
9.919517370410283750e+14
9.919517361746312500e+14
9.919517361746312500e+14
9.919517361746312500e+14
9.919517361746312500e+14
9.919517361746312500e+14
9.919517361746312500e+14
9.919517361746133750e+14
9.919517361746133750e+14
9.335985492670102500e+14
9.335985492670102500e+14
9.335985492670102500e+14
9.335985490690775000e+14
9.335985490690720000e+14
9.335985490690720000e+14
8.745313415263371250e+14
8.743393593577908750e+14
8.743389345493558750e+14
4.207393364843748125e+14
4.207393364843748125e+14
4.207393364843748125e+14
4.207393249602928750e+14
4.207393249602928750e+14
4.207393249602928750e+14
4.207393249602928750e+14
2.937474254982938750e+14
2.937123109347396250e+14
2.937123109347396250e+14
2.937123109347396250e+14
2.937123109346483125e+14
2.937123109346483125e+14
2.937123109346483125e+14
2.889337734209590000e+14
2.384753426499400000e+14
2.381321873409048438e+14
2.381321873409048438e+14
2.381321873409047812e+14
2.381321873409047812e+14
2.381321873409047812e+14
2.381319805004722188e+14
1.071806189661506719e+14
1.071806189659150000e+14
1.071806189659150000e+14
1.071806189659150000e+14
1.071806178355447344e+14
1.071806178355447344e+14
1.071806178355447344e+14
1.071806178355447344e+14
1.071806178355447344e+14
1.071806178339892031e+14
9.054468675847996875e+13
9.054354593958584375e+13
9.054354593958584375e+13
9.054354593958584375e+13
9.054354593958584375e+13
9.054354593958584375e+13
9.054354593958584375e+13
8.965686625859742188e+13
8.965686625859742188e+13
5.995271865581700781e+13
5.995216317171790625e+13
5.995216317171790625e+13
5.982071326531050781e+13
3.076520174607459766e+13
3.076520174607459766e+13
3.076520173359725391e+13
3.076520173359725391e+13
3.076520173359725391e+13
3.076520173359725391e+13
3.076520173359725391e+13
3.076520173359600391e+13
3.076520173359600391e+13
3.076520173359600391e+13
2.890122452592009375e+13
2.890122451550461719e+13
2.890122451550461719e+13
2.890122451550461719e+13
2.890122451550455469e+13
2.771626856314779688e+13
2.771624221285314844e+13
2.771244729623610547e+13
1.490471917129289453e+13
1.490471917129289453e+13
1.490471917129289453e+13
1.490471895477465625e+13
1.490471895477465625e+13
1.490471895477465625e+13
1.490471895477465625e+13
9.716654005294398438e+12
9.715018983946888672e+12
9.715018983946888672e+12
9.715018983946888672e+12
9.715018983946888672e+12
9.715018983945644531e+12
9.715018983945644531e+12
9.541367093461705078e+12
8.348597914554028320e+12
8.340318248289351562e+12
8.340318248289351562e+12
8.340318248289348633e+12
8.340318248210990234e+12
4.017302161413306152e+12
4.017302161413306152e+12
4.017301280089922363e+12
4.017301280089922363e+12
4.017301280089922363e+12
4.017301280089922363e+12
4.017301280089922363e+12
4.017301280089922363e+12
4.017301182064191895e+12
4.017301182064191895e+12
4.017301182064191895e+12
4.017301182036959961e+12
3.239517772394903809e+12
3.239455625330650879e+12
3.239455625330650879e+12
3.239455625330650879e+12
3.239455625330650879e+12
3.239455625330650879e+12
3.239455625330650879e+12
3.217055839741429688e+12
3.217055839741429688e+12
2.359382486833567871e+12
2.359369606740429199e+12
2.352601007317549805e+12
2.352601007317549805e+12
2.352601007317549805e+12
1.216426528568335205e+12
1.216426528325256836e+12
1.216426528325256836e+12
1.216426528325256836e+12
1.216426528325256836e+12
1.216426528325149902e+12
1.216426528325149902e+12
1.216426528325149902e+12
1.216426528325149902e+12
1.117109809099884766e+12
1.117109808139331787e+12
1.117109808139331787e+12
1.117109808139330566e+12
1.117109808139330566e+12
1.081926839132612183e+12
1.081925130363245850e+12
1.081838549990650024e+12
1.081838549990650024e+12
6.416886894470477295e+11
6.416886894470477295e+11
6.416886894470477295e+11
6.416886844459266357e+11
6.416886844459266357e+11
6.416886844459266357e+11
4.066279188570740967e+11
4.065326597760729980e+11
4.065326597760729980e+11
4.065326597760729980e+11
4.065326597760729980e+11
4.065326597760482788e+11
4.065326597760482788e+11
3.960176124960886230e+11
3.546351728346567383e+11
3.544114177285044556e+11
3.544114177285040283e+11
3.544114177197698975e+11
3.544114177197698975e+11
3.544114177197698975e+11
1.831571055184815063e+11
1.831570826895495911e+11
1.831570826895495911e+11
1.831570826895495911e+11
1.831570826895495911e+11
1.831570826895495911e+11
1.831570740181203003e+11
1.831570740181203003e+11
1.831570740181203003e+11
1.436220197224301758e+11
1.436220197224301758e+11
1.436220197220357056e+11
1.436179557687864380e+11
1.436179557687864380e+11
1.436179557687864380e+11
1.436179557687864380e+11
1.436179557687864380e+11
1.429572699382861023e+11
1.429572699382861023e+11
1.084754489531057434e+11
1.084754489531057434e+11
1.084751096733569031e+11
1.079771518621136475e+11
1.079771518621136475e+11
1.079771518621136475e+11
5.753985467743013763e+10
5.753985467743013763e+10
5.753985467126619720e+10
5.753985467126619720e+10
5.753985467126619720e+10
5.753985467125143433e+10
5.753985467125143433e+10
5.753985467125143433e+10
5.753985467125143433e+10
5.753985467125143433e+10
5.753985456279905701e+10
5.203668727886518860e+10
5.203668727886517334e+10
5.203668727886517334e+10
5.203655576932833099e+10
5.088261511795925903e+10
5.088261511795925903e+10
5.088022868092662811e+10
3.112284037661948395e+10
3.112284037661948395e+10
3.112284037661948395e+10
3.112284037661948395e+10
3.112284024329080200e+10
3.110339216195772171e+10
1.977409027773775864e+10
1.977409027773775864e+10
1.977409027773775864e+10
1.977409027773775864e+10
1.977409027773775864e+10
1.977409027773723602e+10
1.915206629020061493e+10
1.915206629020061493e+10
1.915206629020061493e+10
1.765998486129643250e+10
1.765998486129637146e+10
1.765306869075629807e+10
1.765306869075629807e+10
1.765306868983411407e+10
1.765306868983411407e+10
9.211246712672657013e+09
9.211246712672657013e+09
9.211246712672657013e+09
9.211246058305608749e+09
9.211246058305608749e+09
9.211246058305608749e+09
9.211246058305608749e+09
9.211245328628499985e+09
9.211245328628499985e+09
7.179058021474381447e+09
7.179058021465543747e+09
7.179058021465543747e+09
7.179058021465543747e+09
7.178704017217357635e+09
7.178704017217357635e+09
7.178704017217357635e+09
7.178704017217357635e+09
7.158097936250241280e+09
5.780602899937469482e+09
5.780602899937469482e+09
5.780602899937469482e+09
5.780602899937469482e+09
5.745097466558698654e+09
5.745086681142957687e+09
2.995707321700849533e+09
2.995707321700849533e+09
2.995707321700849533e+09
2.995707321700849533e+09
2.995707321551058292e+09
2.995707321551058292e+09
2.995707321549354553e+09
2.995707321549354553e+09
2.995707311769080162e+09
2.692568989999112129e+09
2.692568989999112129e+09
2.692568989999112129e+09
2.692568989999112129e+09
2.692568989999111652e+09
2.692568989999111652e+09
2.692568989999111652e+09
2.692556714284211159e+09
2.653750421675439358e+09
2.653750421675439358e+09
2.653676854152411938e+09
1.774207809564962864e+09
1.774207809564962864e+09
1.774207805680406570e+09
1.774207805680406570e+09
1.772618880908446550e+09
1.079192175243239164e+09
1.079192175243239164e+09
1.079192175243239164e+09
1.079192175243239164e+09
1.079192175243239164e+09
1.079192175243227243e+09
1.079192175243227243e+09
1.041446177358747244e+09
1.041446177358737826e+09
1.041446177358737826e+09
9.850495440741218328e+08
9.850495440741218328e+08
9.848056449284480810e+08
9.848056449284480810e+08
9.848056448329641819e+08
9.848056448329641819e+08
5.578224061431384087e+08
5.578224061431384087e+08
5.578223846280143261e+08
5.578223846280143261e+08
5.578222913322726488e+08
5.578222913322726488e+08
5.578222913322726488e+08
5.578222913322726488e+08
4.171148748745558858e+08
4.171148748745558858e+08
4.171148748743305802e+08
4.170848231964750290e+08
4.170848231964750290e+08
4.170848231964750290e+08
4.170848231964750290e+08
4.170848231964750290e+08
4.162957367412150502e+08
3.549890431400947571e+08
3.549890431400947571e+08
3.522554288673501611e+08
3.522554288673501611e+08
3.522554288673501611e+08
3.522550653499669433e+08
3.522550653499669433e+08
1.911846561664502323e+08
1.911846561664502323e+08
1.911846561664502323e+08
1.911846561664502323e+08
1.911846561618415415e+08
1.911846561616106927e+08
1.911846561616106927e+08
1.911846547728277147e+08
1.675017711088844836e+08
1.675017711088844836e+08
1.675017711088844836e+08
1.675017711088844836e+08
1.675017711088844836e+08
1.675005764483956397e+08
1.675005764483956397e+08
1.675005764483956397e+08
1.675005764483956397e+08
1.657913410114298761e+08
1.657913410114298761e+08
1.196251467226441205e+08
1.196238064737419784e+08
1.194761601416291744e+08
1.194761601416291744e+08
1.194761600085601658e+08
7.248064000082643330e+07
7.248064000082643330e+07
7.248064000082643330e+07
7.248064000082643330e+07
7.248064000082643330e+07
7.248064000082643330e+07
7.248064000082609057e+07
6.916744810911017656e+07
6.916744810910882056e+07
6.916744810910882056e+07
6.916744810910882056e+07
6.630995444301570952e+07
6.630995444301570952e+07
6.630995442792315781e+07
6.630995442792315781e+07
6.630004470381049067e+07
4.037344053289428353e+07
4.037344053289428353e+07
4.037342824280311167e+07
4.037342824280311167e+07
4.037342739141973108e+07
4.037342739141973108e+07
4.037342739141973108e+07
4.037342739141973108e+07
2.956603479387481138e+07
2.956603479387481138e+07
2.956603479387481138e+07
2.956294755818932503e+07
2.956294755818183720e+07
2.956294755818183720e+07
2.956294755818183720e+07
2.956294755818183720e+07
2.952738129471617192e+07
2.592797382133365422e+07
2.564196984022738412e+07
2.564196984022738412e+07
2.564196984022738412e+07
2.564196984022738412e+07
2.564196984022738412e+07
2.564195528916418180e+07
2.564195528916418180e+07
1.453429915571185388e+07
1.453429915571185388e+07
1.453429915571185015e+07
1.453429915566533990e+07
1.453429915548910014e+07
1.453429915548910014e+07
1.453429895364771970e+07
1.251958678237546422e+07
1.251958678237546422e+07
1.251958678237546422e+07
1.251958678237546422e+07
1.251958678237546422e+07
1.251958678237546422e+07
1.251945031640878692e+07
1.251945031640878692e+07
1.251945031640878692e+07
1.243355457322737202e+07
1.243355457322737202e+07
1.243355457322737202e+07
9.362575245766550303e+06
9.362513228147864342e+06
9.362513228147864342e+06
9.344727551149606705e+06
5.726066388869449496e+06
5.726066386847027577e+06
5.726066386847027577e+06
5.726066386847027577e+06
5.726066386847027577e+06
5.726066386847027577e+06
5.726066386847027577e+06
5.726066386847015470e+06
5.726066386847015470e+06
5.419044930489349179e+06
5.419044930489056744e+06
5.419044930489056744e+06
5.419044930489056744e+06
5.419044927954252809e+06
5.259836117936618626e+06
5.259365079326741397e+06
5.259365079326741397e+06
5.259365079326741397e+06
3.334369831686936319e+06
3.334368117605950683e+06
3.334368079181693029e+06
3.334368079181693029e+06
3.334368079181693029e+06
3.334368079181693029e+06
3.334368079181693029e+06
3.334368079181693029e+06
2.422882456481496338e+06
2.422474505432996433e+06
2.422474505432996433e+06
2.422474505432727281e+06
2.422474505432727281e+06
2.422474505432727281e+06
2.420669650592446793e+06
2.420669650592446793e+06
2.420669650592446793e+06
2.196549287255572155e+06
2.196549287255572155e+06
2.165908497771561611e+06
2.165908497771561611e+06
2.165908497771561611e+06
2.165907810834804084e+06
1.250825199938000413e+06
1.250825199938000413e+06
1.250825199937999947e+06
1.250825199929337250e+06
1.250825199929337250e+06
1.250825199929337250e+06
1.250825199922353728e+06
1.250825169355159858e+06
1.066726613925072132e+06
1.066726613925072132e+06
1.066726613925072132e+06
1.066726613925072132e+06
1.066726613925072132e+06
1.066726613925072132e+06
1.066707118399484782e+06
1.066707118399484782e+06
1.066707118399484782e+06
1.066707118399484782e+06
1.061985002798123052e+06
8.487918746498310938e+05
8.487918746498310938e+05
8.487885019902948989e+05
8.487885019902948989e+05
8.466014626542554470e+05
5.134468062942916877e+05
5.134468062072925968e+05
5.134468062072925968e+05
5.134468062072925968e+05
5.134468062072925968e+05
5.134468062072925968e+05
5.134468062072925968e+05
5.134468062072925968e+05
5.134468062072263565e+05
5.134468062072259490e+05
4.828769602703229757e+05
4.828769602703229757e+05
4.828769602703229757e+05
4.828769598587829387e+05
4.732349539679728332e+05
4.732349539679728332e+05
4.732097234637482325e+05
3.228564140641877893e+05
3.228564140641877893e+05
3.228564140641877893e+05
3.228560978291686624e+05
3.228560959018158028e+05
3.228560959018158028e+05
3.228560959018158028e+05
3.228560959018158028e+05
3.228560959018158028e+05
2.285191136801004468e+05
2.284647855105366034e+05
2.284647855105260678e+05
2.284647855105260678e+05
2.284647855105260678e+05
2.284647855105260678e+05
2.284647855105260678e+05
2.243510349705574044e+05
2.242485760468857188e+05
2.093036651686639234e+05
2.093036651686639234e+05
2.093036651686639234e+05
2.093036651686639234e+05
2.093036308480442385e+05
1.281066950559304823e+05
1.281066950559303514e+05
1.281066950559303514e+05
1.281066950540723774e+05
1.281066950540723774e+05
1.281066950540723774e+05
1.281066887445934699e+05
1.281066887442716543e+05
1.067273326926276495e+05
1.067273326926276495e+05
1.067273326926276495e+05
1.067273326926276495e+05
1.067273326926276495e+05
1.067244109441545152e+05
1.067244109441545152e+05
1.067244109441545152e+05
1.067244109441545152e+05
1.067244109441545152e+05
1.064111772071863088e+05
8.941230511722243682e+04
8.941230511722243682e+04
8.941210488671268104e+04
8.941210488671268104e+04
8.910992039040468808e+04
5.526879458498708846e+04
5.526879458498708846e+04
5.526879458055846044e+04
5.526879458055846044e+04
5.526879458055846044e+04
5.526879458055846044e+04
5.526879458055846044e+04
5.526879458055846044e+04
5.526879458054276620e+04
5.526879458054276620e+04
5.130638608167977509e+04
5.130638608167977509e+04
5.130638608167976054e+04
5.130638599025380245e+04
5.130638599025380245e+04
5.058184219763339934e+04
5.058184219763339934e+04
5.058030001311094384e+04
5.058018380936385074e+04
3.675828939764774259e+04
3.675828939764774259e+04
3.675828928788893973e+04
3.675828928788893973e+04
3.675828928788893973e+04
3.675828928788893973e+04
2.586100139841966302e+04
2.585233177879469804e+04
2.585233177879469804e+04
2.585233177879469804e+04
2.585233177879425421e+04
2.585233177879425421e+04
2.585233177879425421e+04
2.585233177879425421e+04
2.525839182313146011e+04
2.525839182313146011e+04
2.398217198542572805e+04
2.397590699490649422e+04
2.397590699490649422e+04
2.397590501640167349e+04
1.548367095413633433e+04
1.548367095413633433e+04
1.548367095413629431e+04
1.548367095413629431e+04
1.548367095360218445e+04
1.548367095360218445e+04
1.548366957364863629e+04
1.548366957364863629e+04
1.548366957363310212e+04
1.548366957363310212e+04
1.548366957363310212e+04
1.548366957363310212e+04
1.548366957363310212e+04
1.272214594076728463e+04
1.272162859821478014e+04
1.272162859821478014e+04
1.272162859821478014e+04
1.272162859821478014e+04
1.269779150671255957e+04
1.269779150671255957e+04
1.104050638428302773e+04
1.104049297209495126e+04
1.104049297209495126e+04
1.104049297209495126e+04
1.098834743171079572e+04
6.997319290300192733e+03
6.997319290065638597e+03
6.997319290065638597e+03
6.997319290065638597e+03
6.997319290065638597e+03
6.997319290065638597e+03
6.997319290065638597e+03
6.997319290060690946e+03
6.997319290060690946e+03
6.433363632610872628e+03
6.433363611089516780e+03
6.433363611089516780e+03
6.433363611089516780e+03
6.433363611089516780e+03
6.433363611089516780e+03
6.372130520986471311e+03
6.372022996388468528e+03
6.372000014635973457e+03
4.851388759522311375e+03
4.851388759522311375e+03
4.851388759522311375e+03
4.851388753204995737e+03
4.851388753204995737e+03
3.416199766344585441e+03
3.416199766344585441e+03
3.416199766344585441e+03
3.414485532598628652e+03
3.414485532598628652e+03
3.414485532598628652e+03
3.414485532598615009e+03
3.414485532598615009e+03
3.414485532598615009e+03
3.414485532598615009e+03
3.321988486656035093e+03
3.202086253245790886e+03
3.201595524065437075e+03
3.201595524065437075e+03
3.201595524065403879e+03
2.156536580928313924e+03
2.156536580773195965e+03
2.156536527883341023e+03
2.156536527883341023e+03
2.156536527883341023e+03
2.156536527883341023e+03
2.156536194301868363e+03
2.156536194301868363e+03
2.156536194301868363e+03
2.156536194301868363e+03
2.156536194301868363e+03
2.156536194301321302e+03
2.156536194301321302e+03
1.755597355823750831e+03
1.755485709647838576e+03
1.755485709647838576e+03
1.755485709647838576e+03
1.755485709647838576e+03
1.753490132520925499e+03
1.753490132520925499e+03
1.578434975163963600e+03
1.578434975163963600e+03
1.578434069333365642e+03
1.568891113554657295e+03
1.568891113554657295e+03
1.019529922805901379e+03
1.019529922805901379e+03
1.019529922796865776e+03
1.019529922796865776e+03
1.019529922795293260e+03
1.019529922795293260e+03
1.019529922795293260e+03
1.019529922795293260e+03
1.019529922795293260e+03
9.298170788189704581e+02
9.298170732167501455e+02
9.298170732167501455e+02
9.298170732167501455e+02
9.298170732167501455e+02
9.241780728190105947e+02
9.241725940207890062e+02
9.241651205875710957e+02
7.433669543542931706e+02
7.433669543542931706e+02
7.433669543542931706e+02
7.433669540851515194e+02
5.213174705119812415e+02
5.209596417860997235e+02
5.209596417860997235e+02
5.209596417860997235e+02
5.209596417860997235e+02
5.209596417860997235e+02
5.209596417860997235e+02
5.209596417860997235e+02
5.209596417860994961e+02
5.047610832675022721e+02
4.924518419228045900e+02
4.924134881784960385e+02
4.924134881784843287e+02
4.924134880777031071e+02
4.924134880777031071e+02
3.520355642542270971e+02
3.520355642542270971e+02
3.520355616967849528e+02
3.520355616967849528e+02
3.520355616967849528e+02
3.520355616967849528e+02
3.520355616967849528e+02
3.520355616967849528e+02
3.520354609554222520e+02
3.520354609554222520e+02
2.823792134003217029e+02
2.823792134003172123e+02
2.823792134003172123e+02
2.823533184791068607e+02
2.823533184791068607e+02
2.823533184791068607e+02
2.823533184791068607e+02
2.821826462896863745e+02
2.821826462896863745e+02
2.616659278081659181e+02
2.616659278081659181e+02
2.596878452091041822e+02
2.596878007182216948e+02
2.596878007182216948e+02
1.757997844858961969e+02
1.757997844858961969e+02
1.757997844858961969e+02
1.757997844857677308e+02
1.757997844851851141e+02
1.757997844851850857e+02
1.757997844851850857e+02
1.757997822155901986e+02
1.583663517679700021e+02
1.583663517679700021e+02
1.583663517679700021e+02
1.583663517679700021e+02
1.583663517679700021e+02
1.583663517679700021e+02
1.583649094342162869e+02
1.578229712031285317e+02
1.578229712031285317e+02
1.578229712031285317e+02
1.578225757173735246e+02
1.334683584568768993e+02
1.334683584568768993e+02
1.334683584527283244e+02
1.334683584527283244e+02
1.332912941928932753e+02
9.462599829987399858e+01
9.462599829987399858e+01
9.462599829987399858e+01
9.462599829987399858e+01
9.462599829987399858e+01
9.462599829987399858e+01
9.462599829987399858e+01
9.111187992430316740e+01
9.111187992429817939e+01
8.977350887508970345e+01
8.977119588763650881e+01
8.977119588763650881e+01
8.977119588763650881e+01
8.977119584967527999e+01
6.804054773870932138e+01
6.804054773870932138e+01
6.804054773870932138e+01
6.804054773870932138e+01
6.804054769302815942e+01
6.804054769302815942e+01
6.804051395360947652e+01
6.804051395360947652e+01
6.804051395360947652e+01
5.421217041617826027e+01
5.421217041617824606e+01
5.420496088929136391e+01
5.420496088929136391e+01
5.420496088929136391e+01
5.420496088929136391e+01
5.419354262364353758e+01
5.162487086694155636e+01
5.162487086694155636e+01
5.162487086694155636e+01
5.111658166277095461e+01
5.111658166277095461e+01
5.111658083851848033e+01
3.618499623910693686e+01
3.618499623910693686e+01
3.618499623910693686e+01
3.618499623910677343e+01
3.618499623910675211e+01
3.618499623882701144e+01
3.618499623882701144e+01
3.618499537676984801e+01
3.227271095693854619e+01
3.227271095693854619e+01
3.227271095693854619e+01
3.227271095693854619e+01
3.227225848602343206e+01
3.227225848602343206e+01
3.227225848602343206e+01
3.223133220920258424e+01
3.223133220920258424e+01
2.869768260135377957e+01
2.869767634885127805e+01
2.869767634885127805e+01
2.869767634885127805e+01
2.864354251988824274e+01
2.864354251988231681e+01
2.066986084321003858e+01
2.066986084321003858e+01
2.066986084321003858e+01
2.066986084321003858e+01
2.066986084321003858e+01
1.977835642742907396e+01
1.977835642742907396e+01
1.977835642742640587e+01
1.977835642742640587e+01
1.966288758148806082e+01
1.966288756516024350e+01
1.966283450723108572e+01
1.966283450723108572e+01
1.966283450723108572e+01
1.597116884900381706e+01
1.597116884900381706e+01
1.597115480609125804e+01
1.597115480601317117e+01
1.597115480601317117e+01
1.597115480601317117e+01
1.264497569757480377e+01
1.264497569757480377e+01
1.264238054872151906e+01
1.264238054872151906e+01
1.264238054872151906e+01
1.264238054872151906e+01
1.264208349849449142e+01
1.264208349849449142e+01
1.238131123899463759e+01
1.222532652036795575e+01
1.222532652036795575e+01
1.222532652036795575e+01
1.222532651890524846e+01
9.219024146479712911e+00
9.219024146479712911e+00
9.219024146479698700e+00
9.219024146316906254e+00
9.219024146316906254e+00
9.219024146316906254e+00
9.219023723618260391e+00
8.117577362569296184e+00
8.117577362569296184e+00
8.117577362569296184e+00
8.117577362569296184e+00
8.117577362569296184e+00
8.117387948131771225e+00
8.117387948131771225e+00
8.117387948131771225e+00
8.116148496116062816e+00
8.116148496116062816e+00
7.683833469426431861e+00
7.683833455519969213e+00
7.683833455519969213e+00
7.663087099279237258e+00
7.663087099279237258e+00
5.714404784836013995e+00
5.714404784836013995e+00
5.714404784836013995e+00
5.714404784836013995e+00
5.714404784836013995e+00
5.714404784836013995e+00
5.417801879771310780e+00
5.417801879769515772e+00
5.417801879769515772e+00
5.417801879769515772e+00
5.417801870405508424e+00
5.417801870405508424e+00
5.413637892066157420e+00
5.413637767288814295e+00
5.413637767288814295e+00
4.853195917945389404e+00
4.853187338019617769e+00
4.853187338019615993e+00
4.853187338019615993e+00
4.853187338019615993e+00
4.853187338019615993e+00
3.839203245300776501e+00
3.839203245300776501e+00
3.837923517286954134e+00
3.837923517286954134e+00
3.837923517286954134e+00
3.837922667959084766e+00
3.826224668649059524e+00
3.761073417914347239e+00
3.761073417914347239e+00
3.761073417914347239e+00
3.761073417914347239e+00
3.761073417914347239e+00
3.761073417914347239e+00
3.761073417914317485e+00
3.181842502073490841e+00
3.181842502073477075e+00
3.181842501926987588e+00
3.181842501926987588e+00
3.181842501926987588e+00
3.181842501926987588e+00
3.181842168759386080e+00
2.755462242609355794e+00
2.755462242609355794e+00
2.755462242609355794e+00
2.755462242609355794e+00
2.755345479485131310e+00
2.755345479485131310e+00
2.755345479485131310e+00
2.755345479485131310e+00
2.755341048346695132e+00
2.730404088813653374e+00
2.730404088813278118e+00
2.730404088813278118e+00
2.718912823073096785e+00
2.229437436847882203e+00
2.229437436847882203e+00
2.229437436847882203e+00
2.229437436847882203e+00
2.229437436847882203e+00
2.229437436845585374e+00
2.082468143831197160e+00
2.082468143831197160e+00
2.082468143831197160e+00
2.082468143831197160e+00
2.082468134677074811e+00
2.082449033974166142e+00
2.082449033974166142e+00
2.082449033970219965e+00
2.039137531493867339e+00
2.039129427766843694e+00
2.039129427766843694e+00
2.039129427766843694e+00
2.039129427766843694e+00
2.039129427766843694e+00
1.697345241041673169e+00
1.696246677991344320e+00
1.696246677991344320e+00
1.696246677991344320e+00
1.696246677991344320e+00
1.696246677991344320e+00
1.696246677991344320e+00
1.654270048451754960e+00
1.654202418289949961e+00
1.654202418256229157e+00
1.654202418256229157e+00
1.593207852560497795e+00
1.593207852560497795e+00
1.593207852560471594e+00
1.593207852560471594e+00
1.593207852317453765e+00
1.593207852317453765e+00
1.593207405412625288e+00
1.593207405412625288e+00
1.396821274510425592e+00
1.396821274510425592e+00
1.396821274510425592e+00
1.396821274510425592e+00
1.396689460549018102e+00
1.396689460549018102e+00
1.396689460305685415e+00
1.396689460305685415e+00
1.396488884282744980e+00
1.396488884282744980e+00
1.396488884282744980e+00
1.386585096192824551e+00
1.316123532448940869e+00
1.316123532448940869e+00
1.316123532448940869e+00
1.316123532448940869e+00
1.316123532448940869e+00
1.316123532443645106e+00
1.316123532443644883e+00
1.223617652000610567e+00
1.223617635091674316e+00
1.223617635091674316e+00
1.223617635091674316e+00
1.223617633682305250e+00
1.223617633682305250e+00
1.223617633682305250e+00
1.223604814334509960e+00
1.223131230306956363e+00
1.223131230306956363e+00
1.223131230306956363e+00
1.156348002541273123e+00
1.154664623661797229e+00
1.154664623661797229e+00
1.154664623661797229e+00
1.154664623661797229e+00
1.154664623661797229e+00
1.154664623661797229e+00
1.119573707826360787e+00
1.119573701205911931e+00
1.119573701205911931e+00
1.119573701205911931e+00
1.119573701205826222e+00
1.118674437800723176e+00
1.118674437800723176e+00
1.118674437159712376e+00
1.118674437159712376e+00
1.118673469187526859e+00
1.118673469187526859e+00
1.118673469187526859e+00
1.118673469187526859e+00
1.068248893073936889e+00
1.068248893073936889e+00
1.068248893073936889e+00
1.067994190270227461e+00
1.067994190270227461e+00
1.067994190270227461e+00
1.067994165202431844e+00
1.067994165202431844e+00
1.057512131050368565e+00
1.057512131050368565e+00
1.056174210034665828e+00
1.056174210034665828e+00
1.056174210034665828e+00
1.056174210034665828e+00
1.056174210016419313e+00
1.056174210016418202e+00
1.026399485835368219e+00
1.026399433566488772e+00
1.026399433566488772e+00
1.026399433566488772e+00
1.026399433566488772e+00
1.026369629817877493e+00
1.026369629817877493e+00
1.026369558577359564e+00
1.026369558577359564e+00
1.026369558577359564e+00
1.024828705237688986e+00
1.024828705237688986e+00
1.022431545441969458e+00
1.022431545441969458e+00
1.022431545441969458e+00
1.022431545441969458e+00
1.022431545441969458e+00
1.009041007683274982e+00
1.009041007683274982e+00
1.009041007683274982e+00
1.009041007682902169e+00
1.009041005391711820e+00
1.009040849154392516e+00
1.009040849154392516e+00
1.009040849154392516e+00
1.009038246935228589e+00
1.009038246935228589e+00
1.009038246935228589e+00
1.009038246935228589e+00
1.009038246935228589e+00
1.007707152402555817e+00
1.007295947942939085e+00
1.007295947942939085e+00
1.007295947942939085e+00
1.007295947942939085e+00
1.007295947942939085e+00
1.002813272435272296e+00
1.002813272435272296e+00
1.002813014989187179e+00
1.002813014989187179e+00
1.002813014989187179e+00
1.002813014916921208e+00
1.002813014916915213e+00
1.002813014916915213e+00
1.001956834676417829e+00
1.001956670095309754e+00
1.001956670095309754e+00
1.001956670095309754e+00
1.001905135337127328e+00
1.001905135337127328e+00
1.001905135337127328e+00
1.001905135337127328e+00
1.001905135337127328e+00
1.001905135337127328e+00
1.001905135337127328e+00
1.000808258776039184e+00
1.000807945198763704e+00
1.000807945198763704e+00
1.000807945198763704e+00
1.000807945198763704e+00
1.000404781028589873e+00
1.000404781028589873e+00
1.000404781026980050e+00
1.000404781026980050e+00
1.000404773585373386e+00
1.000404773585373164e+00
1.000404773585372942e+00
1.000404773585372942e+00
1.000404773585372942e+00
1.000404773585372942e+00
1.000400132164035671e+00
1.000400132164035671e+00
1.000399852168577297e+00
1.000206032303857517e+00
1.000206032303857517e+00
1.000206032303857517e+00
1.000206032303857517e+00
1.000206032303857517e+00
1.000068317780081317e+00
1.000068317780081317e+00
1.000068317780080873e+00
1.000068317780080873e+00
1.000068317780055782e+00
1.000068317542576191e+00
1.000068317542576191e+00
1.000068317542576191e+00
1.000068317542576191e+00
1.000068020023209048e+00
1.000067837888831912e+00
1.000043288438704048e+00
1.000043288438704048e+00
1.000043288438704048e+00
1.000043288438704048e+00
1.000043288438704048e+00
1.000043288438704048e+00
1.000043288438704048e+00
1.000043288438704048e+00
1.000009349082733534e+00
1.000009349082733090e+00
1.000009349082733090e+00
1.000009349082733090e+00
1.000009263022958006e+00
1.000009263017642924e+00
1.000009263017642702e+00
1.000009263017642702e+00
1.000009263017642702e+00
1.000009263017642702e+00
1.000009249524993260e+00
1.000009249524993260e+00
1.000009249524993260e+00
1.000009249524993260e+00
1.000009249524993260e+00
1.000007031954781134e+00
1.000007031954780690e+00
1.000001022443429699e+00
1.000001022443429699e+00
1.000001022443429699e+00
1.000001022443429699e+00
1.000001022443429699e+00
1.000001022443429699e+00
1.000000993019668938e+00
1.000000993019668938e+00
1.000000993019668938e+00
1.000000993019668938e+00
1.000000993019668938e+00
1.000000993019585893e+00
1.000000992588720550e+00
1.000000992588720550e+00
1.000000850347443349e+00
1.000000850347442904e+00
1.000000850347442904e+00
1.000000850347442904e+00
1.000000088804530174e+00
1.000000088804530174e+00
1.000000088804530174e+00
1.000000088804530174e+00
1.000000088804530174e+00
1.000000088804530174e+00
1.000000081551532860e+00
1.000000081551532860e+00
1.000000081551532860e+00
1.000000081551532860e+00
1.000000081551532638e+00
1.000000081541888131e+00
1.000000081541887242e+00
1.000000075090426099e+00
1.000000075090426099e+00
1.000000075090426099e+00
1.000000075090426099e+00
1.000000075090426099e+00
1.000000075090426099e+00
1.000000006293219057e+00
1.000000006293219057e+00
1.000000006293219057e+00
1.000000006293219057e+00
1.000000005008901738e+00
1.000000005008901738e+00
1.000000005008901738e+00
1.000000005008901738e+00
1.000000005008901738e+00
1.000000005008901738e+00
1.000000005008901738e+00
1.000000005008901738e+00
1.000000005008750970e+00
1.000000004802730880e+00
1.000000004802730880e+00
1.000000000389818400e+00
1.000000000389818400e+00
1.000000000389818400e+00
1.000000000389818400e+00
1.000000000227064811e+00
1.000000000227064811e+00
1.000000000227064811e+00
1.000000000227064811e+00
1.000000000227064811e+00
1.000000000227064811e+00
1.000000000227064811e+00
1.000000000227064811e+00
1.000000000227064811e+00
1.000000000222453167e+00
1.000000000222453167e+00
1.000000000222453167e+00
1.000000000222451613e+00
1.000000000222451613e+00
1.000000000022300162e+00
1.000000000022300162e+00
1.000000000007597256e+00
1.000000000007597256e+00
1.000000000007597256e+00
1.000000000007597256e+00
1.000000000007597256e+00
1.000000000007597256e+00
1.000000000007597256e+00
1.000000000007597256e+00
1.000000000007597256e+00
1.000000000007597256e+00
1.000000000007597256e+00
1.000000000007525092e+00
1.000000000001133538e+00
1.000000000001133538e+00
1.000000000001133538e+00
1.000000000000190514e+00
1.000000000000190514e+00
1.000000000000190514e+00
1.000000000000190514e+00
1.000000000000190514e+00
1.000000000000190514e+00
1.000000000000190514e+00
1.000000000000190514e+00
1.000000000000190514e+00
1.000000000000190514e+00
1.000000000000190514e+00
1.000000000000190514e+00
1.000000000000047296e+00
1.000000000000047296e+00
1.000000000000046629e+00
1.000000000000046629e+00
1.000000000000046629e+00
1.000000000000003775e+00
1.000000000000003775e+00
1.000000000000003775e+00
1.000000000000003775e+00
1.000000000000003775e+00
1.000000000000003775e+00
1.000000000000003775e+00
1.000000000000003775e+00
1.000000000000003775e+00
1.000000000000003775e+00
1.000000000000003775e+00
1.000000000000003775e+00
1.000000000000003775e+00
1.000000000000003775e+00
1.000000000000001554e+00
1.000000000000000222e+00
1.000000000000000222e+00
1.000000000000000222e+00
1.000000000000000222e+00
1.000000000000000222e+00
1.000000000000000222e+00
1.000000000000000222e+00
1.000000000000000222e+00
1.000000000000000222e+00
1.000000000000000222e+00
1.000000000000000222e+00
1.000000000000000222e+00
1.000000000000000222e+00
1.000000000000000222e+00
1.000000000000000222e+00
1.000000000000000222e+00
1.000000000000000222e+00
1.000000000000000222e+00
1.000000000000000222e+00
1.000000000000000222e+00
1.000000000000000222e+00
1.000000000000000222e+00
1.000000000000000222e+00
1.000000000000000222e+00
1.000000000000000222e+00
1.000000000000000222e+00
1.000000000000000222e+00
1.000000000000000222e+00
1.000000000000000222e+00
1.000000000000000222e+00
1.000000000000000222e+00
1.000000000000000222e+00
1.000000000000000222e+00
1.000000000000000222e+00
1.000000000000000222e+00
1.000000000000000222e+00
1.000000000000000222e+00
1.000000000000000222e+00
1.000000000000000222e+00
1.000000000000000222e+00
1.000000000000000222e+00
1.000000000000000222e+00
1.000000000000000222e+00
1.000000000000000222e+00
1.000000000000000222e+00
1.000000000000000222e+00
1.000000000000000222e+00
1.000000000000000222e+00
1.000000000000000222e+00
1.000000000000000222e+00
1.000000000000000222e+00
1.000000000000000222e+00
1.000000000000000222e+00
1.000000000000000222e+00
1.000000000000000222e+00
1.000000000000000222e+00
1.000000000000000222e+00
1.000000000000000222e+00
1.000000000000000222e+00
1.000000000000000222e+00
1.000000000000000222e+00
1.000000000000000222e+00
1.000000000000000222e+00
1.000000000000000222e+00
1.000000000000000222e+00
1.000000000000000222e+00
1.000000000000000222e+00
1.000000000000000222e+00
1.000000000000000222e+00
1.000000000000000222e+00
1.000000000000000222e+00
1.000000000000000222e+00
1.000000000000000222e+00
1.000000000000000222e+00
1.000000000000000222e+00
1.000000000000000222e+00
1.000000000000000222e+00
1.000000000000000222e+00
1.000000000000000222e+00
1.000000000000000222e+00
1.000000000000000222e+00
1.000000000000000222e+00
1.000000000000000222e+00
1.000000000000000222e+00
1.000000000000000222e+00
1.000000000000000222e+00
1.000000000000000222e+00
1.000000000000000222e+00
1.000000000000000222e+00
1.000000000000000222e+00
1.000000000000000222e+00
1.000000000000000222e+00
1.000000000000000222e+00
1.000000000000000222e+00
1.000000000000000222e+00
1.000000000000000222e+00
1.000000000000000222e+00
1.000000000000000222e+00
1.000000000000000222e+00
1.000000000000000222e+00
1.000000000000000222e+00
1.000000000000000222e+00
1.000000000000000222e+00
1.000000000000000222e+00
1.000000000000000222e+00
1.000000000000000222e+00
1.000000000000000222e+00
1.000000000000000222e+00
1.000000000000000222e+00
1.000000000000000222e+00
1.000000000000000222e+00
1.000000000000000222e+00
1.000000000000000222e+00
1.000000000000000222e+00
1.000000000000000222e+00
1.000000000000000222e+00
1.000000000000000222e+00
1.000000000000000222e+00
1.000000000000000222e+00
1.000000000000000222e+00
1.000000000000000222e+00
1.000000000000000222e+00
1.000000000000000222e+00
1.000000000000000222e+00
1.000000000000000222e+00
1.000000000000000222e+00
1.000000000000000222e+00
1.000000000000000222e+00
1.000000000000000222e+00
1.000000000000000222e+00
1.000000000000000222e+00
1.000000000000000222e+00
1.000000000000000222e+00
1.000000000000000222e+00
1.000000000000000222e+00
1.000000000000000222e+00
1.000000000000000222e+00
1.000000000000000222e+00
1.000000000000000222e+00
1.000000000000000222e+00
1.000000000000000222e+00
1.000000000000000222e+00
1.000000000000000222e+00
1.000000000000000222e+00
1.000000000000000222e+00
1.000000000000000222e+00
1.000000000000000222e+00
1.000000000000000222e+00
1.000000000000000222e+00
1.000000000000000222e+00
1.000000000000000222e+00
1.000000000000000222e+00
1.000000000000000222e+00
1.000000000000000222e+00
1.000000000000000222e+00
1.000000000000000222e+00
1.000000000000000222e+00
1.000000000000000222e+00
1.000000000000000222e+00
1.000000000000000222e+00
1.000000000000000222e+00
1.000000000000000222e+00
1.000000000000000222e+00
1.000000000000000222e+00
1.000000000000000222e+00
1.000000000000000222e+00
1.000000000000000222e+00
1.000000000000000222e+00
1.000000000000000222e+00
1.000000000000000222e+00
1.000000000000000222e+00
1.000000000000000222e+00
1.000000000000000222e+00
1.000000000000000222e+00
1.000000000000000222e+00
1.000000000000000222e+00
1.000000000000000222e+00
1.000000000000000222e+00
1.000000000000000222e+00
1.000000000000000222e+00
1.000000000000000222e+00
1.000000000000000222e+00
1.000000000000000222e+00
1.000000000000000222e+00
1.000000000000000222e+00
1.000000000000000222e+00
1.000000000000000222e+00
1.000000000000000222e+00
1.000000000000000222e+00
1.000000000000000222e+00
1.000000000000000222e+00
1.000000000000000222e+00
1.000000000000000222e+00
1.000000000000000222e+00
1.000000000000000222e+00
1.000000000000000222e+00
1.000000000000000222e+00
1.000000000000000222e+00
1.000000000000000222e+00
1.000000000000000222e+00
1.000000000000000222e+00
1.000000000000000222e+00
1.000000000000000222e+00
1.000000000000000222e+00
1.000000000000000222e+00
1.000000000000000222e+00
1.000000000000000222e+00
1.000000000000000222e+00
1.000000000000000222e+00
1.000000000000000222e+00
1.000000000000000222e+00
1.000000000000000222e+00
1.000000000000000222e+00
1.000000000000000222e+00
1.000000000000000222e+00
1.000000000000000222e+00
1.000000000000000222e+00
1.000000000000000222e+00
1.000000000000000222e+00
1.000000000000000222e+00
1.000000000000000222e+00
1.000000000000000222e+00
