8.088460674087661472e+89
1.756844692536150536e+89
1.510166066422320113e+89
2.749017024301552046e+88
2.554421299426655446e+88
4.387206656710638570e+87
4.213242780507794413e+87
4.196968797874502812e+87
2.256567388664680309e+87
1.019375791187128620e+87
1.425226339117158780e+86
1.401704926609101474e+86
1.387888416542993517e+86
5.351944558198578285e+85
3.850750529931725918e+85
3.848727047160369622e+85
5.839823760215774542e+84
5.473437028929158422e+84
5.473404839288965500e+84
5.461492285682143982e+84
1.493672297243064616e+84
1.345489885734324871e+84
1.341355588284762949e+84
6.277527167074320088e+83
2.370462423067500424e+83
5.058622005655644147e+82
5.058599333239593096e+82
5.058598709351583509e+82
5.058174425687997343e+82
4.984289514172722051e+82
4.849790276828919430e+82
1.468363232525220076e+82
9.646695506250481375e+81
9.646695337114512784e+81
9.644884968813650276e+81
2.092415181906855593e+81
1.974538199452743555e+81
1.974538183594457665e+81
1.974518290602128022e+81
1.962420789658816882e+81
3.965966242663477392e+80
3.965965173069680904e+80
3.470536637689298652e+80
3.466608984279569250e+80
2.002375794414873597e+80
8.504381561816421072e+79
8.504381558281062429e+79
8.504240451144147333e+79
1.314449159900956084e+79
1.314448959864734984e+79
1.314448959778792256e+79
1.314224544729845143e+79
1.307050321531204997e+79
1.262237570390905774e+79
5.065496912444472262e+78
3.459861562111201989e+78
3.459861533612931938e+78
3.459348696081591625e+78
5.443554748572914996e+77
5.325678195097739656e+77
5.325678140314210454e+77
5.325564764504942234e+77
5.325564764492335613e+77
5.282686473501716257e+77
1.449135092983943985e+77
1.449134905932582028e+77
1.449134905931281051e+77
1.277461216096733819e+77
1.276289118227725509e+77
9.223910129993509621e+76
2.575859106996855648e+76
2.575859106736747658e+76
2.575842150312264273e+76
5.027263228862241946e+75
5.027260936461344145e+75
5.027260935864363448e+75
5.025658658547621580e+75
5.025658658547548464e+75
5.002536325009036665e+75
4.833329994594226344e+75
2.664306553828822780e+75
1.325762606335254265e+75
1.325762602979468474e+75
1.325762602979452605e+75
1.325663964089659702e+75
2.170461353694812560e+74
2.129085170439720236e+74
2.129085101844695909e+74
2.128996646841007497e+74
2.128996646831439938e+74
2.111345901846667921e+74
8.422525035060274925e+73
8.422525035060273670e+73
8.422524528315306629e+73
8.422524528310105422e+73
6.365861281237723376e+73
6.362047608786853170e+73
4.476660286007982343e+73
1.087150822258462210e+73
1.087150822203614464e+73
1.087148399874079029e+73
3.123660804965032249e+72
3.123656484512424476e+72
3.123656482706790268e+72
3.123656482706790268e+72
3.122063063968028184e+72
3.122063063967894011e+72
3.110364740332455374e+72
2.853455966925136741e+72
1.386265304024126863e+72
6.007469467792312409e+71
6.007469459635599254e+71
6.007469459635576695e+71
6.007307023733156296e+71
1.397501095292252649e+71
1.374965373604961405e+71
1.374965233947343455e+71
1.374870191079476689e+71
1.374870191048216968e+71
1.344838686193003105e+71
4.319411198983819306e+70
4.319411198983817467e+70
4.319411041214236438e+70
4.319411041213268514e+70
3.058195635308912958e+70
3.057489510924539934e+70
3.057489510924539934e+70
2.416765224715966751e+70
7.110785452497403953e+69
7.110785452331381049e+69
7.110773184767269277e+69
1.555097537215813943e+69
1.555094778364346240e+69
1.555094776179647415e+69
1.555094776179647415e+69
1.553462103824394044e+69
1.553462103824134477e+69
1.551134107360012294e+69
1.395207468611212525e+69
1.395207468611212525e+69
8.315475725474874196e+68
3.926489300720103051e+68
3.926489298254649607e+68
3.926489298254644818e+68
3.926407153522882108e+68
6.831290841470978539e+67
6.831290841470978539e+67
6.787678115554399710e+67
6.787677238684250403e+67
6.786719242636284447e+67
6.786719242264442362e+67
6.605482855620649691e+67
2.799248416166914103e+67
2.799248416166910511e+67
2.799248369284174770e+67
2.799248369283988596e+67
2.027139108754803112e+67
2.026771819080792212e+67
2.026771819080792212e+67
2.026771819080792212e+67
1.776403239484637522e+67
3.638221867924825221e+66
3.638221867904909514e+66
3.638219595645511196e+66
1.071870263262692970e+66
1.071864841848318638e+66
1.071864839174268067e+66
1.071864839174268067e+66
1.069935649480507617e+66
1.069935649479905993e+66
1.068628016516705150e+66
9.629648822780422862e+65
9.629648822780422862e+65
7.002360112164156000e+65
2.278837711532759588e+65
2.278837711152230394e+65
2.278837711152230394e+65
2.278837711152228991e+65
2.278818133576406971e+65
4.944001816811314966e+64
4.944001816811314966e+64
4.916935343221101838e+64
4.916933439960653311e+64
4.915682326990918115e+64
4.915682326488322902e+64
4.780296290405564963e+64
2.671807846052300728e+64
2.671807846052283190e+64
2.671807826481235843e+64
2.671807826481126523e+64
1.483875230784394835e+64
1.483735969561388670e+64
1.483735969561388670e+64
1.483735969561388670e+64
1.322237355451123868e+64
2.763052884307463389e+63
2.763052884307463389e+63
2.763052884300078787e+63
1.123986415445683355e+63
1.123986316071067510e+63
1.123971477830571310e+63
1.123971465668244427e+63
1.123971465668244427e+63
1.120951003001087593e+63
1.120951002999386405e+63
1.119935135583733572e+63
1.119935135583733572e+63
8.936391037816627621e+62
8.936391037816627621e+62
6.328092780642917823e+62
1.832319507274127252e+62
1.832319507115964915e+62
1.832319507115964915e+62
1.832319507115964458e+62
1.832313707350357096e+62
5.506754114472119380e+61
5.506754114472119380e+61
5.482967872729372831e+61
5.482961981905092525e+61
5.480745176667208853e+61
5.480745174082890314e+61
5.480745174082890314e+61
5.124413486582883902e+61
2.560363989584705966e+61
2.560363989584664291e+61
2.560363978030282685e+61
2.560363978030243579e+61
1.277067540238787033e+61
1.277020272872029934e+61
1.277020272872029934e+61
1.277020272872029934e+61
1.188611311672712542e+61
1.188611311672712542e+61
3.187464763219110709e+60
3.187464763219110709e+60
3.187464763215271769e+60
1.065538668516637189e+60
1.065538611100835489e+60
1.065519606837720256e+60
1.065519579631719200e+60
1.065519579631719200e+60
1.059559476811308340e+60
1.059559476805021314e+60
1.059143363907983028e+60
1.059143363907983028e+60
8.062361847764827593e+59
8.062361847764825809e+59
6.382935766252844120e+59
2.138494152193053941e+59
2.138494152193053941e+59
2.138494152108891374e+59
2.138494152108891374e+59
2.138489073273254329e+59
5.072938568081294665e+58
5.072938568081294665e+58
5.063665730979289919e+58
5.063658570717812479e+58
5.059496783675650771e+58
5.059496778193926894e+58
5.059496778193926894e+58
4.667081760194385829e+58
2.836562814941561657e+58
2.836562814941348685e+58
2.836562809401065282e+58
2.836562809401052459e+58
1.498588330192026975e+58
1.498546485346845873e+58
1.498546485346845873e+58
1.498546485346845873e+58
1.440917429140490540e+58
2.930903439850696931e+57
2.930903439850696931e+57
2.930903439850696931e+57
2.930903439849835913e+57
1.276744830214256516e+57
1.276744798010606166e+57
1.276684716122171616e+57
1.276684660459577805e+57
1.276684660459577805e+57
1.265512446190827775e+57
1.265512446168504207e+57
1.265130789739762039e+57
1.265130789739762039e+57
9.728050646751275914e+56
9.728050646751267203e+56
9.728050646751267203e+56
8.492617927330196206e+56
2.058267298913517446e+56
2.058267298913517446e+56
2.058267298892830456e+56
2.058267298892830456e+56
2.058265460848040567e+56
6.452727751709008297e+55
6.452727751709008297e+55
6.443079148290474951e+55
6.443053620097656492e+55
6.434232599519012737e+55
6.434232586884736792e+55
6.434232586884736792e+55
6.434232586884736792e+55
5.926053406040624451e+55
4.308383557770459059e+55
4.308383557769236220e+55
4.308383554377886328e+55
4.308383554377876528e+55
1.653698250995350259e+55
1.653678344235386444e+55
1.653678344235386444e+55
1.653678344235386444e+55
1.653678344235386444e+55
1.608051254506395970e+55
3.929387469198165495e+54
3.929387469198165495e+54
3.929387469198165495e+54
3.929387469197619682e+54
2.187951224077185773e+54
2.187720120092682601e+54
2.187719760165198387e+54
2.187719735076568416e+54
2.187719735076568416e+54
2.161495854904663523e+54
2.161495854811853209e+54
2.161060848045500738e+54
2.161060848045500738e+54
1.344249215239875770e+54
1.344249215239871517e+54
1.344249215239871517e+54
1.190409798794562214e+54
2.903175452786570681e+53
2.903175452786570681e+53
2.903175452786570681e+53
2.903175452772053385e+53
2.903175452772053385e+53
2.903174482494415553e+53
1.202004074641282891e+53
1.202004074641282891e+53
1.200695584739987708e+53
1.200695584739987708e+53
1.200683972427757367e+53
1.198228921479982721e+53
1.198228921479982721e+53
1.198228911831215594e+53
1.198228911831215594e+53
1.007724328105616053e+53
1.007724328104662624e+53
7.144551924328168147e+52
7.144551921038573435e+52
7.144551921038568118e+52
2.477707451815244466e+52
2.477695594457569587e+52
2.477695594457569587e+52
2.477695594457569587e+52
2.477695594457569587e+52
2.437217693150613154e+52
7.743022725086714115e+51
7.743022725086714115e+51
7.743022725086714115e+51
7.743022725086247556e+51
3.855486462826205381e+51
3.854910978847918603e+51
3.854909515045972173e+51
3.854909487568900126e+51
3.854909487568900126e+51
3.759762552377951137e+51
3.759762551759589621e+51
3.759413289409862973e+51
2.150801144316968678e+51
2.150801144316968678e+51
2.150801144316968678e+51
2.150801144316954056e+51
1.990048155067917925e+51
5.896527108711147021e+50
5.896527108711147021e+50
5.896527108711147021e+50
5.896527108697986833e+50
5.896527108697986833e+50
5.896525696841323239e+50
2.070401200721011493e+50
2.070401200721011493e+50
2.069370527568854882e+50
2.069370527568854882e+50
2.069342865194396007e+50
2.069342865194396007e+50
2.060728672039258337e+50
2.060728634657814734e+50
2.060728634657814734e+50
1.675336654323283725e+50
1.675336654317481644e+50
1.322706741052365987e+50
1.322706740804616996e+50
1.322706740804616581e+50
5.091548116277045652e+49
5.091548116277045652e+49
5.091530454408216450e+49
5.091530454408216450e+49
5.091530454408216450e+49
1.310768586386953703e+49
1.307719897245728929e+49
1.307719897245728929e+49
1.307719897245728929e+49
1.307718546279607818e+49
1.306935157466787042e+49
1.306935157466787042e+49
7.850030632614114801e+48
7.850030632614040810e+48
7.850030607577326655e+48
7.573867820659248929e+48
7.573867817372404297e+48
7.573867817372404297e+48
7.573367867378530635e+48
4.480252528126353069e+48
4.480252528126353069e+48
4.480252528126353069e+48
4.480252528126353069e+48
4.480252528126210929e+48
4.288770851934445628e+48
9.995945094638758664e+47
9.995945094638758664e+47
9.995945094638758664e+47
9.995945094632878388e+47
9.995945094632878388e+47
9.995944203098011360e+47
4.494837416945496960e+47
4.494837416945496960e+47
4.494837416945496960e+47
4.493123700091868210e+47
4.492969327601014398e+47
4.492969327601014398e+47
4.492969185091780165e+47
4.464300742117867019e+47
4.464300742117867019e+47
3.634379235079692539e+47
3.634379235043926944e+47
3.150864094367121917e+47
3.150864094148578954e+47
3.150864094148578548e+47
9.140780255675891116e+46
9.140780255675891116e+46
9.140767747414898216e+46
9.140767747414898216e+46
9.140767747414898216e+46
9.140767747414898216e+46
3.023760982833775399e+46
3.018035755458946554e+46
3.018035755458946554e+46
3.018035755458946554e+46
3.018027237563222824e+46
3.015076121008950980e+46
2.142926725400810040e+46
2.142926725400810040e+46
2.142926725400799391e+46
2.142926722500509131e+46
2.142926720390326475e+46
2.049451889232333725e+46
2.049451889232333725e+46
2.049371449477674034e+46
2.049371449477674034e+46
2.049371449477674034e+46
9.310836349061139300e+45
9.310836349060336877e+45
9.310836349060336877e+45
9.015761953485559249e+45
2.435165553836772928e+45
2.435165553836772928e+45
2.435165553836772928e+45
2.435165553836091249e+45
2.435165471585353102e+45
2.435165471585353102e+45
1.359583798060499246e+45
1.359583798060499246e+45
1.359583798060499246e+45
1.359239233091541922e+45
1.359139278250589278e+45
1.359139278250589278e+45
1.359139123876882907e+45
1.347147723196440061e+45
1.347147723196440061e+45
9.335713508210518561e+44
9.335713508021259911e+44
8.196109555154621054e+44
8.196109554865576118e+44
2.350679153369895221e+44
2.350679153369895221e+44
2.350679153369894033e+44
2.350677867462622740e+44
2.350677867462622740e+44
2.350677867462622740e+44
2.350677867462622740e+44
2.350677867462622740e+44
9.875221587748910260e+43
9.861796525088984534e+43
9.861796525088984534e+43
9.861796525088984534e+43
9.861732174887690774e+43
9.847300760782037795e+43
6.704004609867960967e+43
6.704004609867947102e+43
6.704004609867947102e+43
6.704004604319530547e+43
6.704004579871529959e+43
6.140702148657294407e+43
6.140702148657294407e+43
6.140589886692224775e+43
6.140589886692224775e+43
6.140589886692224775e+43
2.552291812965356045e+43
2.552291812964872753e+43
2.552291812964872753e+43
2.502949963255210404e+43
8.369401326269861466e+42
8.369401326269861466e+42
8.369401326269861466e+42
8.369401326268851307e+42
8.369401136360006675e+42
8.369401136360006675e+42
4.272122356570144285e+42
4.272122356570144285e+42
4.272122356570144285e+42
4.271593430444959637e+42
4.271593430444959637e+42
4.271141104652190254e+42
4.271140025981028891e+42
4.195686887587685360e+42
4.195686887587685360e+42
4.195686887135163188e+42
2.726217752735822767e+42
2.726217752735822767e+42
2.502913217135372930e+42
8.301756161247192739e+41
8.301756161209963239e+41
8.301756161209950860e+41
8.301756161209950860e+41
8.301753026217212773e+41
8.301753026217212773e+41
8.301753026217212773e+41
8.301753026217212773e+41
8.301753026217212773e+41
3.052580061467354443e+41
3.050584543009409417e+41
3.050584543009409417e+41
3.050584543009409417e+41
3.050556328250821825e+41
3.041691458917215875e+41
2.307405260600661653e+41
2.307405260600660492e+41
2.307405240108941534e+41
2.307405240108941534e+41
2.307405239283770937e+41
2.054050955379278372e+41
2.054050955379278372e+41
2.054050955379278372e+41
2.054026402901410743e+41
2.054026402901410743e+41
2.054026402897702726e+41
9.137873325762455324e+40
9.137873325762455324e+40
9.038704213556811006e+40
2.556462961867482494e+40
2.556462961867482494e+40
2.556462961867482494e+40
2.556462961867395451e+40
2.556462939622464513e+40
2.556462939622464513e+40
2.556462939622464513e+40
1.555301555062621556e+40
1.555164521814702036e+40
1.555164521814702036e+40
1.555164521814702036e+40
1.554779130240471972e+40
1.554779130240471972e+40
1.554779130240471972e+40
1.554778475284483668e+40
1.516007722338079866e+40
1.516007721920064024e+40
9.994992780237383492e+39
9.994992780237383492e+39
9.511367659020424984e+39
9.511367659020229138e+39
2.570036227490816529e+39
2.570036227487533993e+39
2.570036227487533993e+39
2.570035850288281478e+39
2.570035850288281478e+39
2.570035850288281478e+39
2.570035850288281478e+39
2.570035850288281478e+39
1.184495552546024469e+39
1.183908157003014838e+39
1.183908157003014838e+39
1.183908157003014838e+39
1.183880837054438400e+39
1.178672690247702225e+39
9.890720991694807237e+38
9.890720819166609846e+38
9.890720819166606824e+38
8.673886341755228185e+38
8.673886340682505993e+38
8.673886340682505993e+38
8.673886340682505993e+38
8.673886340682505993e+38
8.673886340682505993e+38
8.673831374138068776e+38
8.673831374091281836e+38
3.034210284557528854e+38
3.034210284557528854e+38
3.034210284557528854e+38
3.012756279785253190e+38
1.054479322556363455e+38
1.054479322556363455e+38
1.054479322556363455e+38
1.054479322556347210e+38
1.054479319074637827e+38
1.054479319074637827e+38
1.054479319074637827e+38
7.464053623394646811e+37
7.464053623394646811e+37
7.463657384511438368e+37
7.460190314203203094e+37
7.460190314203203094e+37
7.460190314203203094e+37
7.460180619962620579e+37
7.224938822070073276e+37
7.224938822070073276e+37
7.224938817719647933e+37
3.866264989188515594e+37
3.866264989188515594e+37
3.723126513786746556e+37
3.723126513786534050e+37
1.120390154484479107e+37
1.120390154483796961e+37
1.120390154483796961e+37
1.120390154483796961e+37
1.120390088536762692e+37
1.120390088536762692e+37
1.120390088536762692e+37
1.120390088536762692e+37
6.249741053987630461e+36
6.247687736158299507e+36
6.247687736158299507e+36
6.247687736158299507e+36
6.247687736158299507e+36
6.247390517741197702e+36
6.208975830620722409e+36
5.185450577056198217e+36
5.185450272184707872e+36
4.117290277477213276e+36
4.117290277477212686e+36
4.117290277212905966e+36
4.117290277212905966e+36
4.117290277212905966e+36
4.117290277212905966e+36
4.117290277212905966e+36
4.117290277164600879e+36
4.117278883594332705e+36
1.401085401994440374e+36
1.401085401994440374e+36
1.401085401994440374e+36
1.395325243996909210e+36
1.395325243996908915e+36
5.970517896626346076e+35
5.970517896626346076e+35
5.970517896626346076e+35
5.970517896626307707e+35
5.970517884420525855e+35
5.970517884420525855e+35
4.098373657152530974e+35
4.098373657152530974e+35
4.098373657152530974e+35
4.095600421029190703e+35
4.095490667499825228e+35
4.095479253730551891e+35
4.095479253730551891e+35
3.852574895935374132e+35
3.852574895935374132e+35
3.852574887982845518e+35
1.909243235628918057e+35
1.864795954977658996e+35
1.864795954977658996e+35
1.864795954977414761e+35
6.639257014826253531e+34
6.639257014826253531e+34
6.639257014824512158e+34
6.639257014824512158e+34
6.639257014824512158e+34
6.639256761591178959e+34
6.639256761591178959e+34
6.639256761591178959e+34
3.461212127793496216e+34
3.461212127793496216e+34
3.460632668557001835e+34
3.460632668557001835e+34
3.460632668557001835e+34
3.460390713301332480e+34
3.419061302454429207e+34
3.419060784655171147e+34
3.008527360885861264e+34
2.260795187104174527e+34
2.260795187104174527e+34
2.260795187104174527e+34
2.260795187046248983e+34
2.260795187046248983e+34
2.260795187046248983e+34
2.260795186952615155e+34
2.260795186952615155e+34
2.260791430438891185e+34
8.515949234038456978e+33
8.515949234038456978e+33
8.515949234038456978e+33
8.496337162499845448e+33
8.496337162499836225e+33
3.278712263101347955e+33
3.278712263101347955e+33
3.278712263101347955e+33
3.278712263101347955e+33
3.278712263101341037e+33
3.278712260425803371e+33
3.278712260425803371e+33
2.493449132548502693e+33
2.493449132548502693e+33
2.493449132548502693e+33
2.489831065386322077e+33
2.489819872221478864e+33
2.489775516638245246e+33
2.296367856269409790e+33
2.296367856269409790e+33
2.296367856269409790e+33
2.296367845231424044e+33
1.181792480099326765e+33
1.165967448184071225e+33
1.165967448184071225e+33
1.165967448183457294e+33
3.631646597198858648e+32
3.631646597198858648e+32
3.631646597198858648e+32
3.631646597198858648e+32
3.631646597198572579e+32
3.631646597198572579e+32
3.631646542123886283e+32
3.631646542123886283e+32
3.631646542123886283e+32
3.631646542123886283e+32
2.227268363964723736e+32
2.227005967308106424e+32
2.227005967308106424e+32
2.227005967308106424e+32
2.226652558989300865e+32
2.189235922429557941e+32
2.189235359142976301e+32
2.189235359142976301e+32
2.026358008948629620e+32
1.505142914319997081e+32
1.505142914319997081e+32
1.505142914305899373e+32
1.505142914305899373e+32
1.505142914143767805e+32
1.505142914143767805e+32
1.505142914143767805e+32
1.505141703876357927e+32
4.773043802555218355e+31
4.773043802555218355e+31
4.773043802555218355e+31
4.773043802555200341e+31
4.766300685150344129e+31
2.247443157430766551e+31
2.247443157430766551e+31
2.247443157430766551e+31
2.247443157430766551e+31
2.247443157430764750e+31
2.247443156740475066e+31
2.247443156740475066e+31
2.247443156740475066e+31
1.875067458011996529e+31
1.875067458011996529e+31
1.870575962079923460e+31
1.870553677260159338e+31
1.870535479445051584e+31
1.703021769823815419e+31
1.703021769823815419e+31
1.703021753715728032e+31
1.703021753715728032e+31
7.194355492032972026e+30
7.129935651032155000e+30
7.129935651023187207e+30
7.129935651023187207e+30
7.129935651023187207e+30
7.129935651023187207e+30
2.643584306814946292e+30
2.643584306814946292e+30
2.643584306814852279e+30
2.643584306814852279e+30
2.643584290790493677e+30
2.643584290790493677e+30
2.643584290790493677e+30
2.643584290790493677e+30
1.858739256363972739e+30
1.858606415032275178e+30
1.858606415032275178e+30
1.858606415032275178e+30
1.858065605993032900e+30
1.817765080365912720e+30
1.817763710531465030e+30
1.817763710531465030e+30
1.694123494137411478e+30
1.081883036850229005e+30
1.081883036850229005e+30
1.081883036845732864e+30
1.081883036845732864e+30
1.081883036623468682e+30
1.081883036623468682e+30
3.675817305171230247e+29
3.675816908817035311e+29
3.675816908817035311e+29
3.675816908817035311e+29
3.675816908816993793e+29
3.675816908816993793e+29
3.672908129650577383e+29
2.046729404039092877e+29
2.046729404039092877e+29
2.046729404039092877e+29
2.046729404039092877e+29
2.046729404039092877e+29
2.046729404039092173e+29
2.046729404039092173e+29
2.046729403685699284e+29
1.708782720180084505e+29
1.708782720180084505e+29
1.708782720180084505e+29
1.702989902396685273e+29
1.702949316987225135e+29
1.449268135357264642e+29
1.449262137056050303e+29
1.449262095908311182e+29
1.449262095908311182e+29
5.889779257876818896e+28
5.889779257876818896e+28
5.889779257860581308e+28
5.858281881691896199e+28
5.858281881691896199e+28
5.858281881691896199e+28
5.858281881691896199e+28
5.858281881691896199e+28
2.566303024500557178e+28
2.566303024500519355e+28
2.566303024500519355e+28
2.566303015178858895e+28
2.566303015178858456e+28
2.566303015178858456e+28
1.772021569745415692e+28
1.772021569745415692e+28
1.772021569745415692e+28
1.771955272034318905e+28
1.771191250032460022e+28
1.771191250032460022e+28
1.700926657103156840e+28
1.700926657103156840e+28
1.700924021646156016e+28
1.700924021646156016e+28
9.927717877061274395e+27
9.648183519607018044e+27
9.648183513371847032e+27
9.648183513371847032e+27
9.648183513356629791e+27
9.648183513356629791e+27
9.648183513356629791e+27
9.648183513356629791e+27
3.719061116006832727e+27
3.719060865554342948e+27
3.719060865554342948e+27
3.719060865554228049e+27
3.717425285494894845e+27
3.717425285494894845e+27
1.978030398491128427e+27
1.978030398491128427e+27
1.978030398491128427e+27
1.978030398491128427e+27
1.978030398491128427e+27
1.978030398491128427e+27
1.978030398491128152e+27
1.978030398491128152e+27
1.978030398350660868e+27
1.736744100537542266e+27
1.725086444821530053e+27
1.725086444821530053e+27
1.725021707645630374e+27
1.410943612729412252e+27
1.410940103321109731e+27
1.410940017624870822e+27
1.410940017624870822e+27
6.112770758566611752e+26
6.112770758566611752e+26
6.112770758566611752e+26
6.112770758504916780e+26
6.094098273690403815e+26
6.094098273690403815e+26
6.094098273690403815e+26
6.094098273690403815e+26
2.478086113361239795e+26
2.478086113361228456e+26
2.478086113361228456e+26
2.478086113361228112e+26
2.478086109662246284e+26
2.478086109662246284e+26
1.885030722755459902e+26
1.885030722755459902e+26
1.885030722755459902e+26
1.884984411553353578e+26
1.883295186979374682e+26
1.883295186979374682e+26
1.784870028580299616e+26
1.784870028580299616e+26
1.784865517404879763e+26
1.784865517404879763e+26
1.057013935279468564e+26
1.039408106160225170e+26
1.039408104570133959e+26
1.039408104570133959e+26
1.039408104570133959e+26
1.039408104569546408e+26
1.039408104569546408e+26
3.611416057482859430e+25
3.611416057482859430e+25
3.611415956978298550e+25
3.611415956978298550e+25
3.611415956977917586e+25
3.611415956977917586e+25
3.610463775213982427e+25
2.227586779404556982e+25
2.227586779404556982e+25
2.227586779404556982e+25
2.227586779404556982e+25
2.227586779404556982e+25
2.227586779404556982e+25
2.227586779404556982e+25
2.227586779404556982e+25
2.227586779404556982e+25
2.051353298298047822e+25
2.051353298247785538e+25
2.031001124663855557e+25
2.030825734706028066e+25
2.030825734706028066e+25
1.636330735817470895e+25
1.636330556641838360e+25
1.636328547876568204e+25
1.636328547876568204e+25
6.153839457264779051e+24
6.153839457264779051e+24
6.153839457127386269e+24
6.153839457127386269e+24
6.153839457127386269e+24
6.153839457127386269e+24
6.142144360439335927e+24
2.968620788575267782e+24
2.968620788575267782e+24
2.968620788575262413e+24
2.968620788575259192e+24
2.968620788575259192e+24
2.968620786809182062e+24
2.968620786809182062e+24
2.459606236742573261e+24
2.459606236742573261e+24
2.459572681754837778e+24
2.459572681754837778e+24
2.459572681754837778e+24
2.455964083430576087e+24
2.303569743872964539e+24
2.303555056262012826e+24
2.303555056262012826e+24
2.303555056262012826e+24
1.168245186856669799e+24
1.168245186856669799e+24
1.154899195727055208e+24
1.154899192675437189e+24
1.154899192675437189e+24
1.154899192675184323e+24
1.154899192675184323e+24
1.154899192675184323e+24
4.588661915253961916e+23
4.588661861271390388e+23
4.588661861271390388e+23
4.588661861270037474e+23
4.588661861270037474e+23
4.588661861270037474e+23
4.588661861270037474e+23
4.588007584474873662e+23
3.201297777565082268e+23
3.201297777565082268e+23
3.201297777565082268e+23
3.201297777565082268e+23
3.201297777565082268e+23
3.201297777565082268e+23
2.974598161285632921e+23
2.974598161285632921e+23
2.974598161285632921e+23
2.935359507008905837e+23
2.934899597817500035e+23
2.934899597781630347e+23
2.125210683757443458e+23
2.125210683757443458e+23
2.125210092993124122e+23
2.125208965686991635e+23
2.125208965686991635e+23
8.281507179158980841e+22
8.281507179158980841e+22
8.281507178772185481e+22
8.281507178772185481e+22
8.281507178772185481e+22
8.281507178772185481e+22
8.272486171201631158e+22
4.619972346119499599e+22
4.619972346119499599e+22
4.619972346119481983e+22
4.619972346119481983e+22
4.619972346119478628e+22
4.619972344628213134e+22
4.619972344628213134e+22
3.853807290273141411e+22
3.853807290273141411e+22
3.853779883402222109e+22
3.853779883402222109e+22
3.853779883402222109e+22
3.845635162873548033e+22
3.454340534350599999e+22
3.454299070281224395e+22
3.454299070281224395e+22
3.454299070281224395e+22
3.454299070281224395e+22
1.677442557167287874e+22
1.677442557167287874e+22
1.677442544583514574e+22
1.665680465944341643e+22
1.665680465944209103e+22
7.566904658126589395e+21
7.566904658126589395e+21
7.566904658126589395e+21
7.566904658126589395e+21
7.566904658120870461e+21
7.566904606941611295e+21
7.566904606941611295e+21
7.566904606941611295e+21
7.566904606941611295e+21
5.251155122248177680e+21
5.250870028188597092e+21
5.250870028188597092e+21
5.250870028188597092e+21
5.250870028188597092e+21
5.250870028188597092e+21
5.250870028188597092e+21
5.249516297018921714e+21
5.117500210011858534e+21
4.865250065972142801e+21
4.865250065972142801e+21
4.865250065972142801e+21
4.865250065947354464e+21
3.334457711092031291e+21
3.334455885279317721e+21
3.334455885279317721e+21
3.334455885279317721e+21
3.334454917749815116e+21
1.419313029335678452e+21
1.419313029335678452e+21
1.419313029335678452e+21
1.419313029113607356e+21
1.419313029113607356e+21
1.418431073440779469e+21
1.418431073440779469e+21
7.722407283686666404e+20
7.722407283686591693e+20
7.722407283686591693e+20
7.722407283686591693e+20
7.722407283686589071e+20
7.722407282638796882e+20
7.722407282638796882e+20
7.722407282638796882e+20
6.765600969915075133e+20
6.765600969915075133e+20
6.765571520989491364e+20
6.765571520989491364e+20
6.765571520989491364e+20
6.738175140827446641e+20
6.738175140827446641e+20
6.738175140827446641e+20
6.738175140827446641e+20
6.738030001066417848e+20
5.888512810715296563e+20
5.888512810715296563e+20
2.956798735789403013e+20
2.956798686703730688e+20
2.956798686703730688e+20
2.944604742230983311e+20
2.944604742230983311e+20
1.274241397468474737e+20
1.274241397468458844e+20
1.274241397468458844e+20
1.274241397465289196e+20
1.274241397465289196e+20
1.274241393815610982e+20
1.274241393815610982e+20
1.274241393815610982e+20
1.274241393815610982e+20
1.274241393815610982e+20
9.682390503639580672e+19
9.682052572577814938e+19
9.682052572577814938e+19
9.682052572577813299e+19
9.682052572577813299e+19
9.682052572577813299e+19
9.677020855851286528e+19
9.353697091246730445e+19
9.067803445498432717e+19
9.067803445498432717e+19
9.067791024000607846e+19
9.067791023983001600e+19
6.169296393688321229e+19
6.169296393688321229e+19
6.169296393688321229e+19
6.169296393688321229e+19
6.169295560814329856e+19
6.169295560814329856e+19
6.169295560814329856e+19
2.427853403606120038e+19
2.427853402790334464e+19
2.427853402790334464e+19
2.426953448880455270e+19
2.426953448880455270e+19
1.508077858221791642e+19
1.508077858221791642e+19
1.508077858221735117e+19
1.508077858221735117e+19
1.508077858221735117e+19
1.508077858221734912e+19
1.508077858140028314e+19
1.508077858140028314e+19
1.381170521316250214e+19
1.381170521316250214e+19
1.381170521316250214e+19
1.381167434961004339e+19
1.381167434961004339e+19
1.372884397064669798e+19
1.372884397064669798e+19
1.372884397064669798e+19
1.372818512533083546e+19
1.182040413449787802e+19
1.182040413449787802e+19
1.182040413449787802e+19
1.182040341282535219e+19
5.303965271219036160e+18
5.303965271219036160e+18
5.290264357675682816e+18
5.290264357675682816e+18
2.642142929902066176e+18
2.642142929884958208e+18
2.642142929884944896e+18
2.642142929884944896e+18
2.642142926676429312e+18
2.642142926676429312e+18
2.642142926676429312e+18
2.642142926676429312e+18
2.642142926676429312e+18
2.642142926676429312e+18
2.642142926676429312e+18
2.169210429822803200e+18
2.169167775150785280e+18
2.169167775150784512e+18
2.169167775150784512e+18
2.167332552682886656e+18
2.078956800086765568e+18
2.078956800086765568e+18
2.078956800086765568e+18
2.029377160321444352e+18
2.029370357021073152e+18
1.230628185961657856e+18
1.230628185961657856e+18
1.230628185961019648e+18
1.230628185961019648e+18
1.230628185961019648e+18
1.230628185961019648e+18
1.230628185961019648e+18
1.230628118196542976e+18
1.230628116268355072e+18
5.331509470139299200e+17
5.331509470139299200e+17
5.330417925491143040e+17
5.330417925491143040e+17
3.688285926031311360e+17
3.688285926030888960e+17
3.688285926030888960e+17
3.688285926030888960e+17
3.688285926030888960e+17
3.688285926030888960e+17
3.688285926030888960e+17
3.688285925934716800e+17
3.688285925934716800e+17
3.688285925934716800e+17
3.420318029138607360e+17
3.420318029138607360e+17
3.392486095951448960e+17
3.392482288553631360e+17
3.392482288553631360e+17
3.392189875296395520e+17
3.392189875296395520e+17
2.722078554117525120e+17
2.722078554117525120e+17
2.722078554117525120e+17
2.722078135611237440e+17
1.235026343164557920e+17
1.235026343164557920e+17
1.233156266066108480e+17
1.233156266066108480e+17
1.233156266031824800e+17
6.938477845896888000e+16
6.938477845896874400e+16
6.938477845896874400e+16
6.938477845896874400e+16
6.938477841542683200e+16
6.938477841542683200e+16
6.938477841542683200e+16
6.938477841542683200e+16
6.938477841542683200e+16
6.938477841542683200e+16
5.783946628308194400e+16
5.783946628308185600e+16
5.783884619128569600e+16
5.783884619128569600e+16
5.783884619128569600e+16
5.776722844835884000e+16
5.399108263082258400e+16
5.399073260525274400e+16
5.314281701002611200e+16
5.314281701002611200e+16
3.083732838092399600e+16
3.083732838092399600e+16
3.083732838091799600e+16
3.083732838091799600e+16
3.083732838091799600e+16
3.083732838091799600e+16
3.083732824852214800e+16
3.083732824852214800e+16
3.083732741120613600e+16
1.475020293404690600e+16
1.475020293404690600e+16
1.475020293404690600e+16
1.475020293404690600e+16
1.474849442984248800e+16
1.474849442984248800e+16
1.474849442983627200e+16
1.031736285830007600e+16
1.031736285830007600e+16
1.031736285830007600e+16
1.031736285830007600e+16
1.031736285830007600e+16
1.031736285830007600e+16
1.031736285818740800e+16
9.778443446832774000e+15
9.778443446832774000e+15
9.778443446832774000e+15
9.778443446832774000e+15
9.638890609849200000e+15
9.637594492049854000e+15
9.637588445367688000e+15
7.426952802270600000e+15
7.426952802270600000e+15
7.426952802270600000e+15
7.426950537705078000e+15
7.426950537705078000e+15
7.426950537705078000e+15
3.548512428323663500e+15
3.545353706465218000e+15
3.545353706155337000e+15
3.545353706155337000e+15
1.992784703732072750e+15
1.992784703732072750e+15
1.992784703732072750e+15
1.992784703732072750e+15
1.992784703732071250e+15
1.992784703732071250e+15
1.992784703194338250e+15
1.992784703194338250e+15
1.992784703194328000e+15
1.992784703194328000e+15
1.992784703194328000e+15
1.741687685159824500e+15
1.741676620516583000e+15
1.741676620516583000e+15
1.741676620516583000e+15
1.737672216028158000e+15
1.594877433635218500e+15
1.594860662671001750e+15
1.579637346093907000e+15
1.579637346093907000e+15
9.209011310043380000e+14
9.209011310043380000e+14
9.209011310043380000e+14
9.209011310042712500e+14
9.209011310042712500e+14
9.209011310042712500e+14
9.209011224218498750e+14
9.209011224218498750e+14
4.312314777889475625e+14
4.312314753374943750e+14
4.312314753374943750e+14
4.312314753374943750e+14
4.312314753374943750e+14
4.312314753369133750e+14
4.312314753369133750e+14
4.312027377793613125e+14
3.277184616115808750e+14
3.277184616115808750e+14
3.277184616115808750e+14
3.277184616115808750e+14
3.277184616115808750e+14
3.277184616115808750e+14
3.277184616115808750e+14
3.277184616115808750e+14
3.277184616101643125e+14
3.163930613236701875e+14
3.163930613236701875e+14
3.102087008597917500e+14
3.101258448924505625e+14
3.101258448924505625e+14
2.351826655867106562e+14
2.351826116781902188e+14
2.351824869905686562e+14
2.351824869905686562e+14
1.065790122250027656e+14
1.065790122250027656e+14
1.065790122250027656e+14
1.065229193421650781e+14
1.065229193218309844e+14
1.065229193218309844e+14
1.065229193218309844e+14
1.065229193218309844e+14
6.705187344517532031e+13
6.705187344517532031e+13
6.705187344517531250e+13
6.705187344517531250e+13
6.705187343758884375e+13
6.705187343758757812e+13
6.705187343758757812e+13
6.100124077375959375e+13
6.100124077375959375e+13
6.100124077375959375e+13
6.100103756506672656e+13
6.100103756506672656e+13
6.100103756506672656e+13
6.079222347981862500e+13
5.505486943305265625e+13
5.505486943305265625e+13
5.505363583749045312e+13
5.505363583749045312e+13
5.505363583749045312e+13
2.945356883467503125e+13
2.945356883467503125e+13
2.935077332662057422e+13
2.935077284791071094e+13
2.935077284790994531e+13
2.935077284790994531e+13
2.935077284790994531e+13
1.536602738087992383e+13
1.536602738087992383e+13
1.536602734209190430e+13
1.536602734209190430e+13
1.536602734209190430e+13
1.536602734209190430e+13
1.536602734203828320e+13
1.536548104048640039e+13
1.249145097432677344e+13
1.249145097432677344e+13
1.249145097432677344e+13
1.249145097432677344e+13
1.249145097432677344e+13
1.249145097432677344e+13
1.249145097432677148e+13
1.249145097432677148e+13
1.249145097432677148e+13
1.216483872373503516e+13
1.216483872371291406e+13
1.216483872371291406e+13
1.186232793488856055e+13
1.185717262346913477e+13
1.185717262346913477e+13
8.322210791486824219e+12
8.322209950293171875e+12
8.322200312600601562e+12
8.322200312600601562e+12
4.013093909346596680e+12
4.013093909346596680e+12
4.013093909346596680e+12
4.013093907761896973e+12
4.013093907761896973e+12
4.011902968721339355e+12
4.011902968721339355e+12
4.011902968721339355e+12
2.760488187619551270e+12
2.760488187619551270e+12
2.760488187619550781e+12
2.760488187619394531e+12
2.760488187619394531e+12
2.760488187473668945e+12
2.555162561711276367e+12
2.555162561711276367e+12
2.555162561711276367e+12
2.555162561711276367e+12
2.555158118730646484e+12
2.555158118730646484e+12
2.555158118730646484e+12
2.542985419052503418e+12
2.207490042786669922e+12
2.207490042786669922e+12
2.207490042786669922e+12
2.207405642497040039e+12
2.207405642497040039e+12
2.207405642497040039e+12
1.176416459559959229e+12
1.173957807778317383e+12
1.173957760504428955e+12
1.173957760504428955e+12
1.173957760504428955e+12
1.173957760504417969e+12
1.173957760504417969e+12
1.173957760504417969e+12
6.730131210269123535e+11
6.730131201836397705e+11
6.730131201836397705e+11
6.730131201836397705e+11
6.730131201779918213e+11
6.730131201779918213e+11
6.730000604233497314e+11
5.616264200375167236e+11
5.616264200375167236e+11
5.616264200375167236e+11
5.616264200375167236e+11
5.616264200375163574e+11
5.616264200375163574e+11
5.616264200375163574e+11
5.516563962644356689e+11
5.516563962644356689e+11
5.302762131259619141e+11
5.302762131259619141e+11
5.299335415293298950e+11
5.299335415289535522e+11
3.586939904329020996e+11
3.586939904329020996e+11
3.586932285021640625e+11
3.586932107924535522e+11
1.842940253487906799e+11
1.842940253487906799e+11
1.842940253487906799e+11
1.842940251424932556e+11
1.842940251424932556e+11
1.842940251424932556e+11
1.842940251424932556e+11
1.842940251424932556e+11
1.842627225548187866e+11
1.307084924573819427e+11
1.307084924573819427e+11
1.307084924573627167e+11
1.307084924573627167e+11
1.307084924573627167e+11
1.307084924544335785e+11
1.307084924544335785e+11
1.307084924544335785e+11
1.307084924544335785e+11
1.236639556006855316e+11
1.236639556006855316e+11
1.236639556006855316e+11
1.236638376581452179e+11
1.236638376581452179e+11
1.236638376581452179e+11
1.236638376581452179e+11
1.226730215250844116e+11
1.035767361231868896e+11
1.035705543612718964e+11
1.035705543612718964e+11
1.035705543612718964e+11
5.626419138840554047e+10
5.626419138840554047e+10
5.626418676722991180e+10
5.619404487212645721e+10
5.619404487212645721e+10
5.619404487212625885e+10
3.303358251025379562e+10
3.303358251025379562e+10
3.303358251025379562e+10
3.303358249204003906e+10
3.303358249120010757e+10
3.303358249120010757e+10
3.303358249120010757e+10
3.303358249120010757e+10
3.303358249120010757e+10
2.883196527894161987e+10
2.883169364295536804e+10
2.883169364295536804e+10
2.883169364295536804e+10
2.883169364295531082e+10
2.883169364295531082e+10
2.883169364295531082e+10
2.738075233439183426e+10
2.734891651105344391e+10
2.705223195040296555e+10
2.705223195040296555e+10
2.705223195039555359e+10
2.705223195039555359e+10
1.805513053724605179e+10
1.805506631009575272e+10
1.805506631009575272e+10
1.805506590781372833e+10
1.805506590781372833e+10
9.319518586163885117e+09
9.319518563713167191e+09
9.319518563713167191e+09
9.319518563713167191e+09
9.319518563713167191e+09
9.318611322654392242e+09
9.318611322654392242e+09
9.318611322654392242e+09
7.112246719356369972e+09
7.112246719356369972e+09
7.112246719352852821e+09
7.112246719352852821e+09
7.112246719352852821e+09
7.112246719352852821e+09
7.112246719352852821e+09
7.112246719287339211e+09
7.112246719287339211e+09
6.847743175240637779e+09
6.847743175240637779e+09
6.847743175240637779e+09
6.847739932989260674e+09
6.847739932989260674e+09
6.847739932989260674e+09
6.771579011072042465e+09
6.771579011072042465e+09
6.771579011072042465e+09
6.770657902967160225e+09
5.604525990674439430e+09
5.604525990674439430e+09
5.604525990674439430e+09
2.957036405561336517e+09
2.957035980890591145e+09
2.957035980890591145e+09
2.954839172734372616e+09
1.903949213754275084e+09
1.903949213754275084e+09
1.903949213754273415e+09
1.903949213635529518e+09
1.903949213635529518e+09
1.903949213178461552e+09
1.903949213178461552e+09
1.903949213178461552e+09
1.903949213178461552e+09
1.903949213178461552e+09
1.723548916491840363e+09
1.723548916491840363e+09
1.723540213766525745e+09
1.723540213766525745e+09
1.723540213766512394e+09
1.723540213766512394e+09
1.720370152901408672e+09
1.615895758356437683e+09
1.615895758356437683e+09
1.604115704663737535e+09
1.604098029576784134e+09
1.014316815179636002e+09
1.014316815179636002e+09
1.014316815179567099e+09
1.014316815179567099e+09
1.014316815179567099e+09
1.014316815179567099e+09
1.014316805588616133e+09
1.014316805588616133e+09
1.014316805588616133e+09
5.671693765975162983e+08
5.671693738310872316e+08
5.671693738310872316e+08
5.671693738310872316e+08
5.671693738310872316e+08
5.671392473898067474e+08
4.591188423046423793e+08
4.591188423046423793e+08
4.591188423046423793e+08
4.591188423046423793e+08
4.591188423040186167e+08
4.591188423040186167e+08
4.591188423040186167e+08
4.591188423040186167e+08
4.591188423040186167e+08
4.591188423022122383e+08
4.591188423022122383e+08
4.465013900517294407e+08
4.465013900517294407e+08
4.465012859208699465e+08
4.399047391217956543e+08
4.399047391217956543e+08
4.399047391217956543e+08
4.399047391217956543e+08
4.398069919389489293e+08
3.474079735597742796e+08
3.474079735597742796e+08
3.474079735597742796e+08
3.474079735597742796e+08
3.474077692004761100e+08
1.897477367293666303e+08
1.896666151287288666e+08
1.896666151287288666e+08
1.896666151287288666e+08
1.315758752046627402e+08
1.315758751857956648e+08
1.315758751857956350e+08
1.315758751857956350e+08
1.315758751713522971e+08
1.315758751713522971e+08
1.315758751713522971e+08
1.315758751713522971e+08
1.315758751713522971e+08
1.315758751713522971e+08
1.315758751713522971e+08
1.216071383599634022e+08
1.216068110877208412e+08
1.216068110877180248e+08
1.216068110877180248e+08
1.212843870684619695e+08
1.113012488914615959e+08
1.107987898901982009e+08
1.107987898901982009e+08
1.107966693310904056e+08
6.919237697118748724e+07
6.919237697118748724e+07
6.919237697118577361e+07
6.919237697118577361e+07
6.919237697118577361e+07
6.919237697118577361e+07
6.919237697118577361e+07
6.919237697118577361e+07
6.919237553574092686e+07
6.919237524043279886e+07
6.919237524043279886e+07
4.142798633476735651e+07
4.142798633476735651e+07
4.142798633476735651e+07
4.142798633476735651e+07
4.142677210118374228e+07
4.142677210118374228e+07
3.467347356438737363e+07
3.467347356426900625e+07
3.467347356426900625e+07
3.467347356426900625e+07
3.467347356426900625e+07
3.467347356426900625e+07
3.467347356426900625e+07
3.467347356421387941e+07
3.402251279975520074e+07
3.402251279975520074e+07
3.402251279975520074e+07
3.402251279975519329e+07
3.327434549530513585e+07
3.327434166884320974e+07
3.326290779299714044e+07
3.326290779299714044e+07
2.556410725101546571e+07
2.556410725101546571e+07
2.556407942381093651e+07
2.556407942381093651e+07
2.556407942381093651e+07
1.450924610998307355e+07
1.450924610998307355e+07
1.450566239561312832e+07
1.450566239561312832e+07
1.450566238761840574e+07
1.049105555737141892e+07
1.049105555737141892e+07
1.049105555737141706e+07
1.049105555737141706e+07
1.049105555737141706e+07
1.049105555688014999e+07
1.049105555688014999e+07
1.049105555688014999e+07
1.049105555688014999e+07
9.910319268670376390e+06
9.910319268669756129e+06
9.910319268669756129e+06
9.910304886932680383e+06
9.910304886932680383e+06
9.868234298953933641e+06
9.868234298953933641e+06
8.896217499759644270e+06
8.895937971251115203e+06
8.871647074899474159e+06
8.871647074899474159e+06
5.544885217086021788e+06
5.544885217086021788e+06
5.544885217086021788e+06
5.544885217086021788e+06
5.544885217086021788e+06
5.544885217085973360e+06
5.544885217085973360e+06
5.544884985267085023e+06
5.544884985267085023e+06
3.446895718346279580e+06
3.446895714425431099e+06
3.446895714425431099e+06
3.446895714425431099e+06
3.446895714425431099e+06
3.446895714384649880e+06
3.446840095652953256e+06
3.446840095652953256e+06
3.446840095652953256e+06
3.009587012576515786e+06
3.009587012576515786e+06
3.009587012576515786e+06
3.009587012576515786e+06
3.009587012576515786e+06
3.009587012576515786e+06
3.009587012574691325e+06
2.972298728584101424e+06
2.972298728584098630e+06
2.972298728584098630e+06
2.972298728584098630e+06
2.887383321496237535e+06
2.885689508905605879e+06
2.176931103017045651e+06
2.176931015391124412e+06
2.176926889311442617e+06
2.176926889311442617e+06
2.176926889311442617e+06
1.254492328171386616e+06
1.254492328171386616e+06
1.254315043945262907e+06
1.254315042441999074e+06
9.673424190782293444e+05
9.673424190782293444e+05
9.673424190782293444e+05
9.673424190782293444e+05
9.673424190782293444e+05
9.673424190782293444e+05
9.673424190782293444e+05
9.673424190598798450e+05
9.673424190596737899e+05
9.294073877740486059e+05
9.294073877740486059e+05
9.294067110471340129e+05
9.294067110471340129e+05
9.294067110471340129e+05
9.294067110471340129e+05
9.294067110471340129e+05
9.238765390841867775e+05
8.194230921775471652e+05
8.194230921775471652e+05
8.193764253630867461e+05
8.193764253630867461e+05
8.193764253630867461e+05
5.033046018104517134e+05
5.027892439581863582e+05
5.027892439581863582e+05
5.027892049840995460e+05
5.027892049840995460e+05
5.027892049840982654e+05
5.027892049840982654e+05
5.027892049840982654e+05
3.363572663515985478e+05
3.363572661875732010e+05
3.363572661875732010e+05
3.363572661875732010e+05
3.363572661875732010e+05
3.363572661875732010e+05
3.363572661778075853e+05
3.363544326034614933e+05
3.038161373696680530e+05
3.038161373696680530e+05
3.038161373696680530e+05
3.038161373696680530e+05
3.038161373696680530e+05
3.038161373696671217e+05
3.038161373696671217e+05
3.038161373696671217e+05
3.012914064412540174e+05
3.012914064412540174e+05
3.012914064411935979e+05
2.904996132935663918e+05
2.902429963077788125e+05
2.902429963077788125e+05
2.902429963077788125e+05
2.116834309093884658e+05
2.116834272693790845e+05
2.116826595389294962e+05
1.289940124876546179e+05
1.289940124876546179e+05
1.289940121625662432e+05
1.289940121625662432e+05
1.289839829778187705e+05
1.289839829778187705e+05
1.289839829778187705e+05
1.289839829778187705e+05
1.048269179843604797e+05
1.048269179843604797e+05
1.048269179843604797e+05
1.048269179842996527e+05
1.048269179835876421e+05
1.048269179835876421e+05
1.018462311225884914e+05
1.018462311225884914e+05
1.018462311225884914e+05
1.018462311225884914e+05
1.018462311225884914e+05
1.018461954218803439e+05
1.018461954218803439e+05
1.018461954218803439e+05
1.010204527538127877e+05
8.723976325650526269e+04
8.723184421161035425e+04
8.723184421161035425e+04
8.723184421161035425e+04
8.723184421161035425e+04
8.723184421161035425e+04
5.454049318005237001e+04
5.450810123893562559e+04
5.450809222501800105e+04
5.450809222501797194e+04
5.450809222501797194e+04
5.450809222501797194e+04
3.878967021844469127e+04
3.878967021844469127e+04
3.878967021123672021e+04
3.878967021123672021e+04
3.878967021123672021e+04
3.878967020858106844e+04
3.878967020858106844e+04
3.585913353507408465e+04
3.585899204693150386e+04
3.585899204693150386e+04
3.585899204693150386e+04
3.585899204693150386e+04
3.585899204693117645e+04
3.585899204693117645e+04
3.567024224870700709e+04
3.397670353673942009e+04
3.393297620295200613e+04
3.393297620295200613e+04
3.393297620295061643e+04
3.393297620295061643e+04
2.442994371077757751e+04
2.442994371077757751e+04
2.442979062120352683e+04
2.442979046101185668e+04
1.567170727668080508e+04
1.567170727668080508e+04
1.567170718225678684e+04
1.567170718225678684e+04
1.567170718225678684e+04
1.567170718225678684e+04
1.567105681237117096e+04
1.322163540698062207e+04
1.322163540698062207e+04
1.322163540696083146e+04
1.322163540696083146e+04
1.322163540696083146e+04
1.322163540696083146e+04
1.322163540694027870e+04
1.322163540694027870e+04
1.322163540694027870e+04
1.296557618943673151e+04
1.296557618943673151e+04
1.296557427763739543e+04
1.296557427763739543e+04
1.281445185173445861e+04
1.281445185173445861e+04
1.281445185173445861e+04
1.281445185173445861e+04
1.086297535869657440e+04
1.086144535880183139e+04
1.086144535880182957e+04
6.945642819146414695e+03
6.945640627941048479e+03
6.945640627941048479e+03
6.943332166397164656e+03
6.943332166397164656e+03
6.943332166397164656e+03
5.175634779984305169e+03
5.175634779984305169e+03
5.175634779984305169e+03
5.175634779053939383e+03
5.175634778821086911e+03
5.175634778821086911e+03
5.175634778821086911e+03
5.175634778821086911e+03
5.175634778821086911e+03
4.890336910794036157e+03
4.890328215773086413e+03
4.890328215773086413e+03
4.890328215773086413e+03
4.890328215772963631e+03
4.890328215772963631e+03
4.608017542148010762e+03
4.598908656884858829e+03
4.585238151392755753e+03
4.585238151392755753e+03
4.585238151392743930e+03
3.282050590785983786e+03
3.282016158876974714e+03
3.282016158876974714e+03
3.282016158876974714e+03
3.282016153630641384e+03
3.282016153630641384e+03
2.192727683930386320e+03
2.192727656255488000e+03
2.192727656255488000e+03
2.192727656255488000e+03
2.192727656255488000e+03
2.192685585670114506e+03
1.925634089396416357e+03
1.925634089396416357e+03
1.925634089396416357e+03
1.925634089396416357e+03
1.925634089388155644e+03
1.925634089388155644e+03
1.925634089388155644e+03
1.925634089388155644e+03
1.925634089388155644e+03
1.925634089387946915e+03
1.925634089387946915e+03
1.901604687906406070e+03
1.901604687906406070e+03
1.901604687906406070e+03
1.901604613283322124e+03
1.872566925340452144e+03
1.872566925340452144e+03
1.872051748059638840e+03
1.872051748059638157e+03
1.562320847179967586e+03
1.562320847179967586e+03
1.016751267692504030e+03
1.016751267692504030e+03
1.016750682553247316e+03
1.016587199337676907e+03
1.016587199337676907e+03
8.020169989132889441e+02
8.020169985788163558e+02
8.020169985788163558e+02
8.020169985788163558e+02
8.020169985788163558e+02
8.020169985761427824e+02
8.020169985761427824e+02
8.020169985761427824e+02
7.713808556905516980e+02
7.713808556905516980e+02
7.713804631311886624e+02
7.713804631311886624e+02
7.713804631311285220e+02
7.713804631311285220e+02
7.690942754723583903e+02
7.169142910289102701e+02
7.158150128633574241e+02
7.157964514099558073e+02
5.076060957682265098e+02
5.076060957682265098e+02
5.076060957682265098e+02
5.076060957682265098e+02
5.076060957082202663e+02
5.076060957082202663e+02
5.076060957082202663e+02
5.076060957082202663e+02
5.076060772265169021e+02
3.597329237012196472e+02
3.597329237012196472e+02
3.597329237012196472e+02
3.597329237012196472e+02
3.597329237012196472e+02
3.597308689966002362e+02
3.270411949987713456e+02
3.270411949952039095e+02
3.270411949952039095e+02
3.270411949952039095e+02
3.270411949952039095e+02
3.270411949952039095e+02
3.270411949952037389e+02
3.247383923755008368e+02
3.247383923755008368e+02
3.247383923755008368e+02
3.183696781771429869e+02
3.183696781771426458e+02
3.183696771769930933e+02
3.182361867563956253e+02
3.182361867563956253e+02
2.602110431733366909e+02
2.602110431733366909e+02
2.602110431733366909e+02
2.602106088358809188e+02
1.760392227502740923e+02
1.760303289983981188e+02
1.760303289983981188e+02
1.760303287976090019e+02
1.462624963981814687e+02
1.462624963981814687e+02
1.462624963981814687e+02
1.462624963981814687e+02
1.462624963981786834e+02
1.462624963981786834e+02
1.462624963981786834e+02
1.462624963981786834e+02
1.428438986488645810e+02
1.428438986488337150e+02
1.428438922121817143e+02
1.422523757610162818e+02
1.306174814562392896e+02
1.306119406474731477e+02
1.306119406474731477e+02
1.305456642490128445e+02
9.323392467228245550e+01
9.323392467228245550e+01
9.323392467228245550e+01
9.323392467228245550e+01
9.323392467228245550e+01
9.323391760613377244e+01
9.323391760613377244e+01
9.323391760613377244e+01
7.001134931422248542e+01
7.001134931418707197e+01
7.001134931418707197e+01
7.001134931418707197e+01
7.001134931418707197e+01
7.001134931418707197e+01
7.001131210099046598e+01
7.001131209895315521e+01
7.001131209895315521e+01
6.578284496550774918e+01
6.578284496550774918e+01
6.578284496550774918e+01
6.578284496550774918e+01
6.578284496550774918e+01
6.561302165133619724e+01
6.561302165133619724e+01
6.561302165133598407e+01
6.561302165133598407e+01
6.390399454972980209e+01
6.386337541390430772e+01
6.386337541390430772e+01
6.386337541265575624e+01
5.152688702550090483e+01
5.152673433556165605e+01
5.152673433556165605e+01
3.639004783898256790e+01
3.639004783898256790e+01
3.638986611177222841e+01
3.638986601452604219e+01
3.194838540702472685e+01
3.194838540702472685e+01
3.194838540702472685e+01
3.194838540702472685e+01
3.194838540702472685e+01
3.194838540702472685e+01
3.194838540702472685e+01
3.194838540700548180e+01
3.164817556637833817e+01
3.164817556637833817e+01
3.164817555657589310e+01
3.145641994727008850e+01
3.145641994727008850e+01
2.845745242300340294e+01
2.845546572135581798e+01
2.845546572135581798e+01
2.057174222502428762e+01
2.057174222502428762e+01
2.057095570837903509e+01
2.057095570837903509e+01
2.057095570837903509e+01
2.057095570837903509e+01
2.057095570837903509e+01
2.057095262440237704e+01
2.057095262440237704e+01
2.057095262440237704e+01
1.656515173410141273e+01
1.656515173410141273e+01
1.656515173410141273e+01
1.656515173410141273e+01
1.656515173410141273e+01
1.656515173280883602e+01
1.656515173280883602e+01
1.656515166817623808e+01
1.612027068559963183e+01
1.612027068559963183e+01
1.612027068559963183e+01
1.612027068559947551e+01
1.611538330229489802e+01
1.611538330229489802e+01
1.611538330229489802e+01
1.611538330229489802e+01
1.556827064849006881e+01
1.555232541099964649e+01
1.555232541099964649e+01
1.238099090796491453e+01
1.238099090796490387e+01
1.238092431408269256e+01
1.238092431408269256e+01
9.307229568342311410e+00
9.307229511310145753e+00
9.307229142503983255e+00
9.307229142503983255e+00
8.743124746462655139e+00
8.743124746462655139e+00
8.743124746462655139e+00
8.743124746462655139e+00
8.743124746462655139e+00
8.743124746446323314e+00
8.743124746446323314e+00
8.732285708135469449e+00
8.732285708135309577e+00
8.732285708135309577e+00
8.732285708135309577e+00
8.732285708135309577e+00
8.654406740703590728e+00
8.654406740703590728e+00
7.676589673273459091e+00
7.675633144689977705e+00
7.675633144689977705e+00
7.675633144689977705e+00
7.675633144689977705e+00
5.721378441466626441e+00
5.721376553979290236e+00
5.721374751853515406e+00
5.721374751853515406e+00
5.721374751853515406e+00
5.099067710900665240e+00
5.099067710900665240e+00
5.099067710900665240e+00
5.099067710900665240e+00
5.099067710900665240e+00
5.099067709802632464e+00
5.078439290599920497e+00
5.078439290598621980e+00
5.078439290598621980e+00
5.078439290598621980e+00
5.078439290598446121e+00
5.078439290598446121e+00
5.078424237595788426e+00
4.842806814046317854e+00
4.834557572747972820e+00
4.834557572747972820e+00
4.834557572747972820e+00
4.834557572747972820e+00
3.827535580835788043e+00
3.827493469013491190e+00
3.827493469013491190e+00
3.229250692215353435e+00
3.229250640351535750e+00
3.229250640351535750e+00
3.229250640351535750e+00
3.229250640342047340e+00
3.229250640342047340e+00
3.195051060540102128e+00
3.195051060520548880e+00
3.195051060520548880e+00
3.195051060520548880e+00
3.195051060520548880e+00
3.195006098471170564e+00
3.195006098471170564e+00
3.195006098471170564e+00
3.195006098471170564e+00
3.195006098471170564e+00
3.195006098471170564e+00
3.149449962223922483e+00
3.149449962223922483e+00
2.731136558267304615e+00
2.730488872902439912e+00
2.730488872902439024e+00
2.730488872902439024e+00
2.237214715334295168e+00
2.237212892095170602e+00
2.237212892033491940e+00
2.237212892033491940e+00
2.237212892033491940e+00
2.187301653732008244e+00
2.187301653732008244e+00
2.187301652205733138e+00
2.187301652205733138e+00
2.187301652205733138e+00
2.187183419057373790e+00
2.187183419057373790e+00
2.187183419057373790e+00
2.187183419057373790e+00
2.187183419057081135e+00
2.187183419057081135e+00
2.045555333188032954e+00
2.039098862649098898e+00
2.039098862130445777e+00
1.697324063023172958e+00
1.697324063023172958e+00
1.697279757957784962e+00
1.697279757957784962e+00
1.633128689562877822e+00
1.633128601792848578e+00
1.633128601792848578e+00
1.633128601792848578e+00
1.633128601792848578e+00
1.633128601792848578e+00
1.632854375232756894e+00
1.632854375194178642e+00
1.632854375194178642e+00
1.632854375194178642e+00
1.632854375194178642e+00
1.632854375194178642e+00
1.632854375194178642e+00
1.632854375194178642e+00
1.632854375194178642e+00
1.632854372684441779e+00
1.632854372684441779e+00
1.632854372684441779e+00
1.632854372684441779e+00
1.593920617856481092e+00
1.592951815652574599e+00
1.396624807748393149e+00
1.396624807748390706e+00
1.325165474566345258e+00
1.325162052151933390e+00
1.325162052151933390e+00
1.325162052151933390e+00
1.325162052151933390e+00
1.324606610142901930e+00
1.324606606439218792e+00
1.324606606439218792e+00
1.324606606439218792e+00
1.324606606439218792e+00
1.324606597171861910e+00
1.324606597171861910e+00
1.324606597171861910e+00
1.324606597171051003e+00
1.324606597171051003e+00
1.315692881703651729e+00
1.223245403168163659e+00
1.223245403168163659e+00
1.223144312281049695e+00
1.156359694951114792e+00
1.156359694951114792e+00
1.156359694951114792e+00
1.156359459524208599e+00
1.155400156536074086e+00
1.155400156536074086e+00
1.155400156536074086e+00
1.155400156536074086e+00
1.155400156536074086e+00
1.155400156536074086e+00
1.155400127197215854e+00
1.155400127197215854e+00
1.155400127069407867e+00
1.155400127069407867e+00
1.155400127069407867e+00
1.155400127069407867e+00
1.155400127069407867e+00
1.155400127069407867e+00
1.155400127069407867e+00
1.120265172414280253e+00
1.120265172414267152e+00
1.120265172414267152e+00
1.118685139395443562e+00
1.068259534911254693e+00
1.068259534911254693e+00
1.068259534911254693e+00
1.068249764145317471e+00
1.066884553104554545e+00
1.066884553104554545e+00
1.066884553104554545e+00
1.066884540249921631e+00
1.066884463274101691e+00
1.066884463274101691e+00
1.066884463274101691e+00
1.066884463274101691e+00
1.066884463274101691e+00
1.066884463270621586e+00
1.066884463270621586e+00
1.056424093893302496e+00
1.026635477722498857e+00
1.026400230018822635e+00
1.026400230018822635e+00
1.026400230018822635e+00
1.024859284654945801e+00
1.024859284654945801e+00
1.024859284654945579e+00
1.024858472228669548e+00
1.024858311054686499e+00
1.024858311054686499e+00
1.024858311054686499e+00
1.024858311054686499e+00
1.024858311054686499e+00
1.024858311054686499e+00
1.024858310516682414e+00
1.024858310516682414e+00
1.024858310516682414e+00
1.024858310516682414e+00
1.024858310516682414e+00
1.024858310516682414e+00
1.024858310516682414e+00
1.024858310516610693e+00
1.024858310516610693e+00
1.011404550030934768e+00
1.009069707824505668e+00
1.009069707824505668e+00
1.007738530340671623e+00
1.007709800445508952e+00
1.007709540479175159e+00
1.007709540479175159e+00
1.007709540479175159e+00
1.007709490096516891e+00
1.007709490096516669e+00
1.007709490096516669e+00
1.007709490096516669e+00
1.007709490096516669e+00
1.007709490079906400e+00
1.007709490079906400e+00
1.003223141317082456e+00
1.002366260918334806e+00
1.002366260918334806e+00
1.001959402830706614e+00
1.001959088531654052e+00
1.001959088531654052e+00
1.001959088531654052e+00
1.001959088531654052e+00
1.001959088531652942e+00
1.001959088531652942e+00
1.001956522710623076e+00
1.001956522710623076e+00
1.001956522710623076e+00
1.001956522710622854e+00
1.001956522710622854e+00
1.001956522710622854e+00
1.001956522710622854e+00
1.001956520451492638e+00
1.001956520451492638e+00
1.001956520451492638e+00
1.001956520451492638e+00
1.001956520451492638e+00
1.001956520451124932e+00
1.001956520451124932e+00
1.001956520451124932e+00
1.001956520451124932e+00
1.001552430555643136e+00
1.000456325712103967e+00
1.000456045685189199e+00
1.000404665174039698e+00
1.000404665174039698e+00
1.000404665174039254e+00
1.000404501102453825e+00
1.000404501102453825e+00
1.000404501102453825e+00
1.000404501102453825e+00
1.000404501102453825e+00
1.000404501030534465e+00
1.000404501030534465e+00
1.000404501030534465e+00
1.000404501030534465e+00
1.000266731852307744e+00
1.000266731852307744e+00
1.000266549645543845e+00
1.000266549645543845e+00
1.000072781425080937e+00
1.000072781425080937e+00
1.000072781425080937e+00
1.000072781425080937e+00
1.000072781425075163e+00
1.000072781425074719e+00
1.000072781425074719e+00
1.000068143083803207e+00
1.000068143083803207e+00
1.000068143083803207e+00
1.000068143083803207e+00
1.000068143083803207e+00
1.000068135647203871e+00
1.000068135647203871e+00
1.000068135647203871e+00
1.000068135647203871e+00
1.000068135647203871e+00
1.000068135645595158e+00
1.000068135645595158e+00
1.000068049575701501e+00
1.000034108539057609e+00
1.000034108539057609e+00
1.000034108539057165e+00
1.000009560744842485e+00
1.000009560744842485e+00
1.000009263260434489e+00
1.000009263260434267e+00
1.000009263260434267e+00
1.000009263260434267e+00
1.000009263260434267e+00
1.000009263260434267e+00
1.000009263022982875e+00
1.000009263022982875e+00
1.000009263022982875e+00
1.000009263022982875e+00
1.000009263022982875e+00
1.000009263022982875e+00
1.000009263022982875e+00
1.000009233598737168e+00
1.000009233598737168e+00
1.000009233598736946e+00
1.000003224060924678e+00
1.000003224060899587e+00
1.000003224060899587e+00
1.000003224060899587e+00
1.000001006517410751e+00
1.000001006517410751e+00
1.000001006517410751e+00
1.000001006517410751e+00
1.000001006517410751e+00
1.000000993024984242e+00
1.000000993024984242e+00
1.000000993024984242e+00
1.000000993024984242e+00
1.000000993019669160e+00
1.000000993019669160e+00
1.000000985766658745e+00
1.000000985766658745e+00
1.000000985766658745e+00
1.000000224223539513e+00
1.000000224223539513e+00
1.000000224223539513e+00
1.000000081982481026e+00
1.000000081982481026e+00
1.000000081982480804e+00
1.000000081982480804e+00
1.000000081551615905e+00
1.000000081551615905e+00
1.000000081551615905e+00
1.000000081551615905e+00
1.000000081551615905e+00
1.000000081551615905e+00
1.000000081551615905e+00
1.000000081551615905e+00
1.000000081551615905e+00
1.000000081551615905e+00
1.000000080267298364e+00
1.000000080267215319e+00
1.000000080267215319e+00
1.000000011470007610e+00
1.000000011470007610e+00
1.000000011470007610e+00
1.000000011470007610e+00
1.000000011470007610e+00
1.000000005018547355e+00
1.000000005018547355e+00
1.000000005018547355e+00
1.000000005018547355e+00
1.000000005008902848e+00
1.000000005008902848e+00
1.000000005008902848e+00
1.000000005008902848e+00
1.000000004846149260e+00
1.000000004846149260e+00
1.000000004846149260e+00
1.000000004846149260e+00
1.000000004846148371e+00
1.000000000433235892e+00
1.000000000433235892e+00
1.000000000433235892e+00
1.000000000433235892e+00
1.000000000433235892e+00
1.000000000227215802e+00
1.000000000227215802e+00
1.000000000227215802e+00
1.000000000227215802e+00
1.000000000227215802e+00
1.000000000227215802e+00
1.000000000227215802e+00
1.000000000227065033e+00
1.000000000227065033e+00
1.000000000227065033e+00
1.000000000227065033e+00
1.000000000227065033e+00
1.000000000227065033e+00
1.000000000227065033e+00
1.000000000212362128e+00
1.000000000212362128e+00
1.000000000012210677e+00
1.000000000012210677e+00
1.000000000012210677e+00
1.000000000012210677e+00
1.000000000007599033e+00
1.000000000007599033e+00
1.000000000007599033e+00
1.000000000007599033e+00
1.000000000007599033e+00
1.000000000007599033e+00
1.000000000007599033e+00
1.000000000007597478e+00
1.000000000006654233e+00
1.000000000006654233e+00
1.000000000006654233e+00
1.000000000006654233e+00
1.000000000006654233e+00
1.000000000006654233e+00
1.000000000006654233e+00
1.000000000000262679e+00
1.000000000000262679e+00
1.000000000000262679e+00
1.000000000000262679e+00
1.000000000000190736e+00
1.000000000000190736e+00
1.000000000000190736e+00
1.000000000000190736e+00
1.000000000000190736e+00
1.000000000000190736e+00
1.000000000000190736e+00
1.000000000000190736e+00
1.000000000000147882e+00
1.000000000000147882e+00
1.000000000000147882e+00
1.000000000000147882e+00
1.000000000000004885e+00
1.000000000000004885e+00
1.000000000000004885e+00
1.000000000000004885e+00
1.000000000000004885e+00
1.000000000000004885e+00
1.000000000000003997e+00
1.000000000000003997e+00
1.000000000000003997e+00
1.000000000000003997e+00
1.000000000000003997e+00
1.000000000000003997e+00
1.000000000000003997e+00
1.000000000000003997e+00
1.000000000000003997e+00
1.000000000000002665e+00
1.000000000000002665e+00
1.000000000000002665e+00
1.000000000000002665e+00
1.000000000000000444e+00
1.000000000000000444e+00
1.000000000000000444e+00
1.000000000000000444e+00
1.000000000000000444e+00
1.000000000000000444e+00
1.000000000000000444e+00
1.000000000000000444e+00
1.000000000000000444e+00
1.000000000000000444e+00
1.000000000000000444e+00
1.000000000000000444e+00
1.000000000000000444e+00
1.000000000000000444e+00
1.000000000000000444e+00
1.000000000000000444e+00
1.000000000000000444e+00
1.000000000000000444e+00
1.000000000000000444e+00
1.000000000000000444e+00
1.000000000000000444e+00
1.000000000000000444e+00
1.000000000000000444e+00
1.000000000000000444e+00
1.000000000000000444e+00
1.000000000000000444e+00
1.000000000000000444e+00
1.000000000000000444e+00
1.000000000000000444e+00
1.000000000000000444e+00
1.000000000000000444e+00
1.000000000000000444e+00
1.000000000000000444e+00
1.000000000000000444e+00
1.000000000000000444e+00
1.000000000000000444e+00
1.000000000000000444e+00
1.000000000000000444e+00
1.000000000000000444e+00
1.000000000000000444e+00
1.000000000000000444e+00
1.000000000000000444e+00
1.000000000000000444e+00
1.000000000000000444e+00
1.000000000000000444e+00
1.000000000000000444e+00
1.000000000000000444e+00
1.000000000000000444e+00
1.000000000000000444e+00
1.000000000000000444e+00
1.000000000000000444e+00
1.000000000000000444e+00
1.000000000000000444e+00
1.000000000000000444e+00
1.000000000000000444e+00
1.000000000000000444e+00
1.000000000000000444e+00
1.000000000000000444e+00
1.000000000000000444e+00
1.000000000000000444e+00
1.000000000000000444e+00
1.000000000000000444e+00
1.000000000000000444e+00
1.000000000000000444e+00
1.000000000000000444e+00
1.000000000000000444e+00
1.000000000000000444e+00
1.000000000000000444e+00
1.000000000000000444e+00
1.000000000000000444e+00
1.000000000000000444e+00
1.000000000000000444e+00
1.000000000000000444e+00
1.000000000000000444e+00
1.000000000000000444e+00
1.000000000000000444e+00
1.000000000000000444e+00
1.000000000000000444e+00
1.000000000000000444e+00
1.000000000000000444e+00
1.000000000000000444e+00
1.000000000000000444e+00
1.000000000000000444e+00
1.000000000000000444e+00
1.000000000000000444e+00
1.000000000000000444e+00
1.000000000000000444e+00
1.000000000000000444e+00
1.000000000000000444e+00
1.000000000000000444e+00
1.000000000000000444e+00
1.000000000000000444e+00
1.000000000000000444e+00
1.000000000000000444e+00
1.000000000000000444e+00
1.000000000000000444e+00
1.000000000000000444e+00
1.000000000000000444e+00
1.000000000000000444e+00
1.000000000000000444e+00
1.000000000000000444e+00
1.000000000000000444e+00
1.000000000000000444e+00
1.000000000000000444e+00
1.000000000000000444e+00
1.000000000000000444e+00
1.000000000000000444e+00
1.000000000000000444e+00
1.000000000000000444e+00
1.000000000000000444e+00
1.000000000000000444e+00
1.000000000000000444e+00
1.000000000000000444e+00
1.000000000000000444e+00
1.000000000000000444e+00
1.000000000000000444e+00
1.000000000000000444e+00
1.000000000000000444e+00
1.000000000000000444e+00
1.000000000000000444e+00
1.000000000000000444e+00
1.000000000000000444e+00
1.000000000000000444e+00
1.000000000000000444e+00
1.000000000000000444e+00
1.000000000000000444e+00
1.000000000000000444e+00
1.000000000000000444e+00
1.000000000000000444e+00
1.000000000000000444e+00
1.000000000000000444e+00
1.000000000000000444e+00
1.000000000000000444e+00
1.000000000000000444e+00
1.000000000000000444e+00
1.000000000000000444e+00
1.000000000000000444e+00
1.000000000000000444e+00
1.000000000000000444e+00
1.000000000000000444e+00
1.000000000000000444e+00
1.000000000000000444e+00
1.000000000000000444e+00
1.000000000000000444e+00
1.000000000000000444e+00
1.000000000000000444e+00
1.000000000000000444e+00
1.000000000000000444e+00
1.000000000000000444e+00
1.000000000000000444e+00
1.000000000000000444e+00
1.000000000000000444e+00
1.000000000000000444e+00
1.000000000000000444e+00
1.000000000000000444e+00
1.000000000000000444e+00
1.000000000000000444e+00
1.000000000000000444e+00
1.000000000000000444e+00
1.000000000000000444e+00
1.000000000000000444e+00
1.000000000000000444e+00
1.000000000000000444e+00
1.000000000000000444e+00
1.000000000000000444e+00
1.000000000000000444e+00
1.000000000000000444e+00
1.000000000000000444e+00
1.000000000000000444e+00
1.000000000000000444e+00
1.000000000000000444e+00
1.000000000000000444e+00
1.000000000000000444e+00
1.000000000000000444e+00
1.000000000000000444e+00
1.000000000000000444e+00
1.000000000000000444e+00
1.000000000000000444e+00
1.000000000000000444e+00
1.000000000000000444e+00
1.000000000000000444e+00
1.000000000000000444e+00
1.000000000000000444e+00
1.000000000000000444e+00
1.000000000000000444e+00
1.000000000000000444e+00
1.000000000000000444e+00
1.000000000000000444e+00
1.000000000000000444e+00
1.000000000000000444e+00
1.000000000000000444e+00
1.000000000000000444e+00
1.000000000000000444e+00
1.000000000000000444e+00
1.000000000000000444e+00
1.000000000000000444e+00
1.000000000000000444e+00
1.000000000000000444e+00
1.000000000000000444e+00
1.000000000000000444e+00
1.000000000000000444e+00
1.000000000000000444e+00
1.000000000000000444e+00
1.000000000000000444e+00
1.000000000000000444e+00
1.000000000000000444e+00
1.000000000000000444e+00
1.000000000000000444e+00
1.000000000000000444e+00
1.000000000000000444e+00
1.000000000000000444e+00
1.000000000000000444e+00
1.000000000000000444e+00
1.000000000000000444e+00
1.000000000000000444e+00
1.000000000000000444e+00
1.000000000000000444e+00
1.000000000000000444e+00
1.000000000000000444e+00
1.000000000000000444e+00
1.000000000000000444e+00
1.000000000000000444e+00
1.000000000000000444e+00
1.000000000000000444e+00
1.000000000000000444e+00
1.000000000000000444e+00
1.000000000000000444e+00
1.000000000000000444e+00
1.000000000000000444e+00
1.000000000000000444e+00
1.000000000000000444e+00
1.000000000000000444e+00
1.000000000000000444e+00
1.000000000000000444e+00
1.000000000000000444e+00
1.000000000000000444e+00
1.000000000000000444e+00
1.000000000000000444e+00
1.000000000000000444e+00
1.000000000000000444e+00
1.000000000000000444e+00
1.000000000000000444e+00
