8.088460674087661472e+89
4.616603287468511309e+89
1.510166066422320113e+89
2.749017024301552046e+88
2.183976197482715947e+88
2.059341324876937104e+88
4.213242780507794413e+87
1.290008967792060887e+87
1.288479248371721756e+87
1.019375791187128620e+87
9.505580865211199652e+86
1.410944602838072730e+86
6.958159486600701178e+85
6.957639305326780877e+85
6.901106104649727985e+85
3.850591209592142873e+85
3.792397342184420740e+85
5.826691837393834857e+84
4.075697089652546451e+84
3.893788131358357089e+84
3.893581136974926309e+84
1.345489885734324655e+84
1.345485472006199847e+84
2.968391041574219464e+83
2.966930678673831165e+83
2.964915576413709879e+83
2.369529672348660273e+83
2.093515189593945024e+83
4.919734948971919230e+82
4.919733964488301536e+82
1.789366416972718342e+82
1.789203062010145972e+82
1.779870374964195247e+82
1.779867568164922829e+82
9.646220329443793345e+81
9.364206423569560631e+81
2.078896884501519688e+81
1.189104764675497314e+81
1.189104757642149568e+81
1.150086642721215361e+81
1.150060906622011064e+81
3.470537452944605893e+80
3.470537450755472441e+80
3.470523505937602637e+80
1.036700582199108801e+80
1.035306267321993536e+80
1.034956465078764901e+80
8.494988470673522734e+79
8.494987979939094076e+79
6.902317599551589817e+79
1.268930167259752310e+79
1.268930167188177963e+79
1.268929856177356650e+79
5.867805294590160932e+78
5.866429260015747387e+78
5.852090951951561948e+78
5.852084270168818472e+78
3.459382880262564138e+78
3.459382880204065628e+78
3.286122470303746729e+78
5.398771755113327850e+77
5.398771755104893610e+77
3.597600237795294680e+77
3.597600207223377577e+77
3.545733473382822072e+77
3.545679605200801857e+77
3.545679602207847611e+77
1.277461357600469980e+77
1.277446555681298787e+77
2.792615406613200638e+76
2.787678361876095374e+76
2.787119807590930793e+76
2.571652205082115698e+76
2.571652146175015903e+76
2.179427745889314144e+76
4.854917246780995372e+75
4.854917246780963233e+75
4.854917246780817002e+75
4.854917246283284076e+75
4.854913679556014586e+75
1.709613429718759603e+75
1.709043258379711482e+75
1.706361173987638995e+75
1.706360429881886078e+75
1.325419435646223916e+75
1.325419435639337182e+75
1.259850085723490230e+75
2.152054881322850826e+74
2.152054881316487603e+74
1.178885175619157591e+74
1.178885149900620378e+74
1.166571460948202727e+74
1.166563823138878498e+74
1.166563822879054192e+74
6.365861495723095885e+73
6.365682061929582490e+73
6.365682061929578724e+73
1.171581481181548329e+73
1.169343072265814704e+73
1.169214328745470229e+73
1.085217938625355567e+73
1.085217930212590172e+73
8.258053227745007392e+72
2.863300215789130397e+72
2.863300215789077041e+72
2.863300215789017016e+72
2.863300214433210120e+72
2.863294158040833633e+72
7.737064597091066346e+71
7.734056099555849659e+71
7.726856956046224443e+71
7.726855732387612962e+71
6.005652882873224358e+71
6.005652882856487055e+71
5.471896248143563565e+71
1.366398336927286269e+71
1.366398336927286269e+71
1.366398336907188265e+71
1.366398336907188019e+71
5.929008812698311642e+70
5.888065565303629551e+70
5.888049960627876048e+70
5.888049647428561284e+70
5.888049646644996314e+70
3.058195629895663634e+70
3.058088938548742693e+70
3.058088938548742080e+70
7.578399781687639978e+69
7.539782841197944964e+69
7.539353557974118751e+69
7.076719262526945357e+69
7.076719220178437122e+69
4.686955469745421920e+69
1.397091138894968092e+69
1.397091138894957939e+69
1.397091138894858901e+69
1.397091137319106375e+69
1.397091137319106375e+69
1.397087422469943569e+69
4.854363876530828988e+68
4.854363876530828988e+68
4.849468240776157682e+68
4.847197240864388186e+68
4.847196670824470969e+68
3.923282779424834238e+68
3.923282779419780355e+68
3.386197938308491814e+68
6.646802111960713588e+67
6.646802111960713588e+67
6.646802111728550092e+67
6.646802111728542908e+67
3.490211466130299849e+67
3.478791380939968854e+67
3.478784932778098816e+67
3.478784651105441751e+67
3.478784651105441751e+67
3.478784650911913904e+67
2.027139037676068765e+67
2.026945147463049107e+67
2.026945147463049107e+67
3.732717365218115930e+66
3.709425247256459452e+66
3.709425247256459452e+66
3.709302243279002469e+66
3.616028903554590811e+66
3.616028895731221279e+66
2.636945756166152419e+66
9.640267400706293117e+65
9.640267400706270668e+65
9.640267400703964068e+65
9.640267381374118158e+65
9.640267381374118158e+65
9.640194219594812768e+65
9.640194219594812768e+65
2.501603856733293600e+65
2.501603856733293600e+65
2.498368713910375890e+65
2.497655055090726010e+65
2.497654948001761569e+65
2.276148700445842930e+65
2.276148700445063307e+65
2.012260440985779936e+65
4.805884134510032299e+64
4.805884134510032299e+64
4.805884134197332916e+64
4.805884134197313624e+64
1.969624645414128467e+64
1.969623182891927466e+64
1.965313220501883115e+64
1.965312848650359217e+64
1.965312848650359217e+64
1.965312848622056653e+64
1.483875024808409282e+64
1.483616450687590638e+64
1.483616450687590638e+64
1.483616450687590638e+64
2.827318723053469852e+63
2.808283965661142570e+63
2.808283965661142570e+63
2.808234082895915027e+63
2.744782281024846501e+63
2.744782278959374196e+63
1.693655826103610050e+63
8.942858565136539189e+62
8.942858565136528227e+62
8.942858565131411145e+62
8.942858496326491783e+62
8.942858496326491783e+62
8.942701788661311456e+62
8.942701788661311456e+62
2.001786075814745109e+62
2.001786075814745109e+62
1.998834410068970419e+62
1.998511158288843867e+62
1.998511126871712741e+62
1.829839576856397031e+62
1.829839576856073217e+62
1.485068921086465205e+62
5.145189163233017807e+61
5.145189163233017807e+61
5.145189161750504800e+61
5.145189161750446568e+61
1.704068743330658344e+61
1.704068241700660813e+61
1.701783664830453717e+61
1.701782970845016098e+61
1.701782970845016098e+61
1.701782970845016098e+61
1.701782970831373037e+61
1.277067152208628545e+61
1.276794219842785356e+61
1.276794219842785356e+61
1.276794219842785356e+61
3.247614469430325002e+60
3.192873416596332049e+60
3.192873416596332049e+60
3.192843869886066832e+60
3.134551497823410277e+60
3.134551496091624321e+60
1.625495594556484708e+60
8.064773111716762019e+59
8.064773111716758451e+59
8.064773111699545844e+59
8.064772972420172128e+59
8.064772972420172128e+59
8.064591348121411386e+59
8.064591348121411386e+59
2.299115422113328376e+59
2.299115422113328376e+59
2.290560606039359569e+59
2.290366079985249933e+59
2.290366053457352988e+59
2.290366053457352988e+59
2.131078282424225682e+59
2.131078282424053966e+59
2.131078282424053966e+59
1.573733935848534265e+59
4.674960285369932172e+58
4.674960285369932172e+58
4.674960282323526609e+58
4.674960282323328690e+58
1.891571775564805925e+58
1.890281040221753213e+58
1.890280643394289691e+58
1.890279423145365088e+58
1.890279423145365088e+58
1.890279423145365088e+58
1.890279423138789156e+58
1.498587564486711420e+58
1.497760231695690093e+58
1.497760231695690093e+58
1.497760231695690093e+58
2.953704902511720477e+57
2.894583813083491251e+57
2.894583813083491251e+57
2.894583813083491251e+57
2.894568201055707338e+57
2.872378185852458992e+57
2.872378185284352038e+57
1.707455981305835827e+57
9.730307270243714974e+56
9.730307270243713232e+56
9.730307270181347804e+56
9.730306981239859272e+56
9.730306981239855787e+56
9.729724794971271147e+56
9.729724794971271147e+56
2.123710131431705920e+56
2.123710131431705920e+56
2.114156626535580459e+56
2.114050083966026665e+56
2.114050075136702995e+56
2.114050075136702995e+56
2.049266429228394585e+56
2.049266429228352772e+56
2.049266429228352772e+56
1.609641637854469773e+56
5.934216179743024376e+55
5.934216179743024376e+55
5.934216179743024376e+55
5.934216172747619256e+55
5.934216172746826534e+55
1.848039818640797128e+55
1.847247565307594071e+55
1.847247417259404713e+55
1.847244851114992322e+55
1.847244851114992322e+55
1.847244851114992322e+55
1.847244851113326027e+55
1.653696194381405744e+55
1.652376896462758498e+55
1.652376896462758498e+55
1.652376896462758498e+55
3.955314447505899743e+54
3.870417956187432176e+54
3.870417956187432176e+54
3.870417956187432176e+54
3.870407051636591048e+54
3.844873540164850404e+54
3.844873539894760803e+54
1.847539022259626294e+54
1.344417526438297609e+54
1.344417526421330449e+54
1.344417526421330449e+54
1.344417404953710039e+54
1.344417404953709018e+54
1.344417404953709018e+54
1.344271832801614457e+54
1.344271832801614457e+54
2.986541599646374013e+53
2.986541599646374013e+53
2.971398268054514956e+53
2.971316046757330592e+53
2.971316042129352588e+53
2.971316042129352588e+53
2.888796439681139492e+53
2.888796439681110143e+53
2.888796439681110143e+53
1.984383968964191407e+53
1.008645980527252649e+53
1.008645980527252649e+53
1.008645980527252649e+53
1.008645976076852699e+53
1.008645976076526028e+53
2.756530117892376806e+52
2.756522633128862655e+52
2.755833907691066596e+52
2.755833820262035203e+52
2.755833820262035203e+52
2.755833820262035203e+52
2.755833820260727243e+52
2.477701402346933516e+52
2.475326634376816512e+52
2.475326634376816512e+52
2.475326634376816512e+52
7.781081124800802003e+51
7.402931333828398594e+51
7.402931333828398594e+51
7.402931333828398594e+51
7.402931333828398594e+51
7.402920748684508614e+51
7.366366979328227963e+51
7.366366978978525357e+51
2.987784099331246618e+51
2.150915465676146782e+51
2.150915465580509493e+51
2.150915465580509493e+51
2.150915058330548503e+51
2.150915058330544848e+51
2.150915058330544848e+51
2.150915058330544848e+51
2.150616241590270993e+51
2.150616241590270993e+51
6.029922477910134942e+50
6.029922477910134942e+50
5.957357555766290513e+50
5.957269861293392260e+50
5.957269861293392260e+50
5.957269854731385767e+50
5.826899157389659099e+50
5.826899157389632514e+50
5.826899157389632514e+50
3.530480405897361035e+50
1.676012240521731236e+50
1.676012240521731236e+50
1.676012240521731236e+50
1.676012224426467081e+50
1.676012224424481546e+50
5.541185228037448496e+49
5.541160972054543124e+49
5.540422435767027979e+49
5.540422311119445288e+49
5.540422311119445288e+49
5.540422311119445288e+49
5.540422311118283252e+49
5.091527622568914146e+49
5.079672859203801105e+49
5.079672859203801105e+49
5.079672859203801105e+49
5.079672859203801105e+49
1.309981352701835999e+49
1.234844423198831300e+49
1.234844423198831300e+49
1.234844423198831300e+49
1.234844423198831300e+49
1.234843384325539812e+49
1.232137287277894240e+49
1.232137287256396054e+49
5.803162303591796688e+48
4.480427497478690266e+48
4.480427496935137915e+48
4.480427496935137915e+48
4.480426079788194588e+48
4.480426079788159540e+48
4.480426079788159540e+48
4.480426079788159540e+48
4.478891540736670800e+48
4.478891540736670800e+48
1.009582814613595779e+48
1.009582814613595779e+48
9.952219979126662152e+47
9.952133650275811012e+47
9.952133650275811012e+47
9.952133646251727401e+47
9.854401299344939014e+47
9.854401299344926033e+47
9.854401299344926033e+47
6.551860360257630048e+47
3.635500522137678842e+47
3.635500522137678842e+47
3.635500522137678842e+47
3.635500461403407638e+47
3.635500461391171666e+47
9.508500400991113078e+46
9.508500400991113078e+46
9.508415852671574142e+46
9.508415852671574142e+46
9.507648742041469765e+46
9.507648661385427643e+46
9.507648661385427643e+46
9.140702082100093590e+46
9.140702082099602756e+46
9.113684996779561823e+46
9.113684996779561823e+46
9.113684996779561823e+46
9.113684996779561823e+46
3.020791476274127975e+46
2.838305487315796668e+46
2.838305487315796668e+46
2.838305487315796668e+46
2.838305487315796668e+46
2.838304281310873235e+46
2.833259223313314866e+46
2.833259223295644324e+46
1.064947651390893680e+46
9.311002388699577591e+45
9.311002386816980811e+45
9.311002386816980811e+45
9.310995141823617376e+45
9.310995141823419622e+45
9.310995141823419622e+45
9.310995141823419622e+45
9.306306819799135981e+45
9.306306819799135981e+45
2.455874984063130414e+45
2.455874984063130414e+45
2.416999695109384377e+45
2.416988506824687308e+45
2.416988506824687308e+45
2.416988506455730312e+45
2.396626743237648083e+45
2.396626743237646815e+45
2.396626743237646815e+45
2.396626743237646815e+45
1.340303909229241768e+45
9.337338952673147886e+44
9.337338952673147886e+44
9.337338952673147886e+44
9.337338952608416892e+44
9.337338478343524281e+44
2.436072794178299758e+44
2.436033528401695489e+44
2.436033528401695093e+44
2.436033528401695093e+44
2.435922887415778923e+44
2.435922879185587904e+44
2.435922879185587904e+44
2.350642562117007013e+44
2.350642562116943235e+44
2.342459850720845276e+44
2.342459850720845276e+44
2.342459850720845276e+44
2.342459850720845276e+44
9.860688568808220195e+43
8.688395694844602128e+43
8.688395694844602128e+43
8.688395694844602128e+43
8.688395694844602128e+43
8.688393938125704050e+43
8.678000180312091284e+43
2.905390209741800420e+43
2.905390209738168304e+43
2.552311207817213093e+43
2.552311206142651107e+43
2.552311206142531769e+43
2.552307354305200900e+43
2.552307354305200900e+43
2.552307354305200900e+43
2.552307354305200900e+43
2.550693334933140405e+43
2.550693334933140405e+43
8.422114382879259846e+42
8.422114382879259846e+42
8.133685377107933869e+42
8.133685377107933869e+42
8.133665681100425236e+42
8.133665680283705437e+42
8.082886494978327751e+42
8.082886494978327751e+42
8.082886494978327751e+42
8.082886494978326513e+42
8.082886494978326513e+42
3.965315555176153870e+42
2.726433208170052001e+42
2.726433208170052001e+42
2.726433208170052001e+42
2.726433208104719406e+42
2.726432922003100494e+42
8.533809665897996413e+41
8.533809665897993318e+41
8.533588871071698170e+41
8.533588871071698170e+41
8.533377807095377125e+41
8.533377787353048264e+41
8.533377787353048264e+41
8.301546945524893317e+41
8.301546945524794281e+41
8.236224067172596055e+41
8.236224067172596055e+41
8.236224067172596055e+41
8.236224067172596055e+41
3.043675741593955301e+41
2.617761954157397772e+41
2.617761954157397772e+41
2.617761954157397772e+41
2.617761954157397772e+41
2.617761642442895465e+41
2.616293993235032032e+41
1.010388902892247883e+41
1.010388902891696226e+41
1.010388902891696226e+41
9.137921919716195050e+40
9.137921904528750120e+40
9.137921904526941567e+40
9.137921904526941567e+40
9.137899280562782832e+40
9.137899280562782832e+40
9.137899280562782832e+40
9.124609499478023095e+40
9.124609499478023095e+40
2.563288492477270641e+40
2.563288492477270641e+40
2.459584944265682882e+40
2.459584944265682882e+40
2.459581423791825774e+40
2.459581423698065356e+40
2.452339284350415248e+40
2.452339284350415248e+40
2.452339284350415248e+40
2.452339284350414765e+40
1.335741863688565011e+40
1.335741863688565011e+40
9.995558824848251332e+39
9.995558824848251332e+39
9.995558824848251332e+39
9.995558824226939623e+39
9.995557062176753871e+39
2.604121422538274246e+39
2.604121422538271526e+39
2.603989246025257579e+39
2.603950830482746647e+39
2.603950830482746647e+39
2.603950828174843184e+39
2.603950828174843184e+39
2.569907371831455113e+39
2.569907371831446651e+39
2.545491561785757220e+39
2.545491561785757220e+39
2.545491561785757220e+39
2.545491561785757220e+39
2.545491561785757220e+39
1.179254955733342005e+39
1.010274346627014454e+39
1.010274346627014454e+39
1.010274346627014454e+39
1.010274346627014454e+39
1.010274288340105715e+39
1.009846947836834775e+39
3.191720434219789105e+38
3.191720434219282490e+38
3.191720434219282490e+38
3.191720425729177042e+38
3.034217003158199733e+38
3.034217003158199733e+38
3.034217003156788312e+38
3.034200966806859551e+38
3.034200966806859551e+38
3.034200966806859551e+38
3.034200966806859551e+38
3.028479202228580599e+38
3.028479202228580599e+38
1.056398922346539557e+38
1.056398922346539557e+38
1.009839121455686149e+38
1.009839121455686149e+38
1.009838376418764356e+38
1.009838376404224378e+38
1.007450706018156699e+38
1.007450706018156699e+38
1.007450706018156699e+38
1.007450706018156699e+38
4.555839341329970380e+37
4.555839341329970380e+37
3.866371316526232908e+37
3.866371316526232908e+37
3.866371316526232908e+37
3.866371316100265535e+37
3.866369621174152621e+37
1.133022099729432007e+37
1.133022099729428702e+37
1.132924354168888725e+37
1.132915225047727776e+37
1.132915224645834083e+37
1.132915224645834083e+37
1.120294433855706614e+37
1.120294433855706614e+37
1.120294433855706614e+37
1.120294433855706614e+37
1.108001621535628427e+37
1.108001621535628427e+37
1.108001621535626774e+37
6.211003542797872647e+36
6.211003542797872647e+36
4.738539676042883906e+36
4.738539676042883906e+36
4.738539676042883906e+36
4.738539676042883906e+36
4.738539558079896960e+36
4.737359086175709855e+36
1.466401271480123617e+36
1.466401271480123617e+36
1.466401271480006444e+36
1.466401259958515418e+36
1.401086710880341853e+36
1.401086710880341853e+36
1.401086710878962922e+36
1.401073352790804218e+36
1.401073352790804218e+36
1.401073352790804218e+36
1.397837600183898956e+36
1.397837600183898956e+36
1.397837600183898956e+36
5.975113125826538635e+35
5.975113125826538635e+35
5.471781345873253143e+35
5.471781345873253143e+35
5.471779333560994629e+35
5.471779333514313299e+35
5.462971849293918353e+35
5.462971849293918353e+35
5.462971849293918353e+35
5.462971849293918353e+35
5.462971849293918353e+35
2.235877866096659491e+35
1.909267088773658316e+35
1.909267088773658316e+35
1.909267088773658316e+35
1.909267088773658316e+35
1.909267088105865889e+35
1.909265473447229312e+35
6.694773267505713772e+34
6.694773267505657509e+34
6.693867811352940637e+34
6.693838492475598667e+34
6.693838490941362671e+34
6.693838490941362671e+34
6.693838490941362671e+34
6.693838490941362671e+34
6.693838490941362671e+34
6.638364559595997168e+34
6.487914147284645833e+34
6.487914147284645833e+34
6.487914147284641221e+34
3.419626471485851889e+34
3.419626471485851889e+34
2.485316074516133718e+34
2.485316074516133718e+34
2.485316074516133718e+34
2.485316039031103825e+34
2.485316039031103825e+34
2.485017259939914695e+34
8.815575201876563988e+33
8.815575201876563988e+33
8.815575201876256157e+33
8.815575039205975904e+33
8.815575039205975904e+33
8.515954412350100534e+33
8.515954412317351798e+33
8.515823471493945868e+33
8.515823471493945868e+33
8.515823471493944715e+33
8.473769258074140071e+33
8.473769258074140071e+33
8.473769258074140071e+33
3.275346036433821682e+33
3.275346036433821682e+33
2.948644196420533497e+33
2.948644196420533497e+33
2.948643557410159019e+33
2.948643557410159019e+33
2.948643557400305576e+33
2.946288745347362784e+33
2.946288745347362784e+33
1.333134265371564186e+33
1.333134265371564186e+33
1.333134265371564186e+33
1.333134265371564186e+33
1.181802473685674000e+33
1.181802473685674000e+33
1.181802473685674000e+33
1.181802472686129967e+33
1.181800831213780810e+33
1.181800831213669120e+33
3.646864901225090928e+32
3.645917291697439486e+32
3.645907780555451447e+32
3.645907780224612695e+32
3.645907780224612695e+32
3.645907780224612695e+32
3.645907780224612695e+32
3.645907780224612695e+32
3.546654629443769905e+32
3.532266995848602204e+32
3.532266995848602204e+32
3.532266995848601483e+32
2.189488949813934558e+32
1.593320518234454357e+32
1.593320518234454357e+32
1.593320518234454357e+32
1.593320518234454357e+32
1.593320518234454357e+32
1.593320518234454357e+32
1.593320507633348508e+32
1.593320507633348508e+32
1.593186220607444018e+32
4.858182625094125554e+31
4.858182625094074213e+31
4.858182625094074213e+31
4.858182494009603101e+31
4.858182493967966421e+31
4.773044893073355834e+31
4.772899801751279905e+31
4.772899801751279905e+31
4.772899801751277203e+31
4.772899801751277203e+31
4.743905204255147599e+31
4.743905204255147599e+31
4.743905204255147599e+31
2.242451385820259164e+31
2.242451385820259164e+31
2.005914116916264673e+31
2.005914116916264673e+31
2.005914116916264673e+31
2.005913901959640007e+31
2.005913901957136231e+31
2.004721973184589123e+31
2.004721973184589123e+31
7.682796962062127060e+30
7.682796962062127060e+30
7.682796962062127060e+30
7.682796962062127060e+30
7.194382412327040950e+30
7.194382412327040950e+30
7.194382402498346843e+30
7.194360945022170564e+30
7.194360945022170564e+30
7.194360945020553772e+30
2.652390927170499271e+30
2.651289666375410667e+30
2.651289666375410667e+30
2.651286010453739437e+30
2.651286010453739437e+30
2.651286010357673716e+30
2.651286010357673716e+30
2.651286010357673716e+30
2.569984430942548102e+30
2.561716369782461165e+30
2.561716369782461165e+30
2.561716369782460602e+30
1.817890784410160322e+30
1.817890784410160322e+30
1.131059677836731001e+30
1.131059677836731001e+30
1.131059677836731001e+30
1.131059677836731001e+30
1.131059677836731001e+30
1.131059674903370915e+30
3.730931594421791818e+29
3.730878069547018007e+29
3.730878069547018007e+29
3.730878069547018007e+29
3.730877796853900129e+29
3.730877796853881833e+29
3.730877796788726006e+29
3.730683011788619793e+29
3.675627962161390620e+29
3.675627962161390620e+29
3.675627962161384991e+29
3.675627962161384991e+29
3.648929394792721494e+29
3.648929394792721494e+29
3.648929394792721494e+29
2.039261750814942910e+29
2.039261750814942910e+29
1.685884507273040548e+29
1.685884507273040548e+29
1.685884507273040548e+29
1.685884423898916067e+29
1.685884423898916067e+29
1.685272292449032946e+29
1.685272292447941878e+29
1.685272292447941878e+29
6.245214190176459314e+28
6.245214190176459314e+28
5.889789164906517954e+28
5.889789164906517954e+28
5.889789164906517954e+28
5.889789141670763904e+28
5.889757541997164952e+28
5.889757541997164952e+28
5.889757541994290389e+28
5.881324966351930683e+28
2.570715243727377359e+28
2.570715243727377359e+28
2.570715243727377359e+28
2.570715243727377359e+28
2.570713356430558747e+28
2.570713356374809110e+28
2.425299901770714792e+28
2.425299901770714792e+28
2.419942236916217405e+28
2.419942236916217405e+28
2.419942236916217405e+28
2.419942236916217405e+28
2.419942236916217405e+28
1.700985112688693691e+28
9.927925990472243178e+27
9.927925990472243178e+27
9.927925990472243178e+27
9.927925990472243178e+27
9.927925990472243178e+27
9.927925976521593465e+27
3.759899054363770668e+27
3.759869205644720320e+27
3.759869205644720320e+27
3.759869205644720320e+27
3.759868597103451283e+27
3.759868596870039258e+27
3.759868596870031011e+27
3.759868596870031011e+27
3.759561087654385436e+27
3.718759649828520174e+27
3.718759649828505880e+27
3.665717437977960775e+27
3.665717437977960775e+27
1.963294600507026114e+27
1.963294600507026114e+27
1.963294600507026114e+27
1.963294600507026114e+27
1.566439093684603822e+27
1.566439093684603822e+27
1.566439093684603822e+27
1.566439093684603822e+27
1.566439049253636911e+27
1.566148818920239485e+27
1.566148818919838713e+27
1.566148818919838713e+27
6.386997380232505191e+26
6.112777345710142051e+26
6.112777345710142051e+26
6.112777345710142051e+26
6.112777345710142051e+26
6.112777290714666374e+26
6.112724379101037739e+26
6.112724379101037739e+26
6.112724379090113403e+26
6.112724379090113403e+26
6.094995982076465936e+26
2.478234539778577260e+26
2.478234539778577260e+26
2.478234539778577260e+26
2.478234539778577260e+26
2.478233457098151505e+26
2.478233457076102174e+26
2.310568539248704848e+26
2.310568539248704848e+26
2.307895597054572763e+26
2.307895597054572763e+26
2.307895597054572763e+26
2.307895597054572763e+26
2.307895597054572763e+26
2.307895597054572763e+26
1.784907036891720039e+26
1.057028496516945191e+26
1.057028496516945191e+26
1.057028496516945191e+26
1.057028496516945191e+26
1.057028496516945191e+26
1.057028496516945191e+26
3.632454835825633160e+25
3.632454835030847744e+25
3.632437637810797309e+25
3.632436754867028079e+25
3.632436754867028079e+25
3.632436754867028079e+25
3.632436754388324768e+25
3.632436754388322620e+25
3.631875769777292322e+25
3.610860673400678499e+25
3.610860673400629965e+25
3.548273124561769426e+25
3.548273124561769426e+25
2.203755730760376151e+25
2.203755730760376151e+25
2.203755730760376151e+25
2.203755730760376151e+25
1.746774757907560893e+25
1.746774757907560893e+25
1.746774757907560893e+25
1.746774757907560893e+25
1.746774734394750620e+25
1.746551943333119941e+25
1.746551943332953940e+25
1.746551943332953940e+25
6.303444371121348354e+24
6.153842298231053376e+24
6.153842298231053376e+24
6.153842298231053376e+24
6.153842298231053376e+24
6.153842211587806235e+24
6.153842211587806235e+24
6.153737393432180292e+24
6.153737393407851449e+24
6.153737393407851449e+24
6.131198054415185176e+24
6.131198054415185176e+24
2.966061394964965635e+24
2.966061394964965635e+24
2.966061394964965099e+24
2.966060734959062467e+24
2.746616805258196572e+24
2.746616805249186267e+24
2.744284610258984533e+24
2.744284610258984533e+24
2.744284610258984533e+24
2.744284610258984533e+24
2.744284610258984533e+24
2.744284610258984533e+24
2.744284610258984533e+24
2.303584478184532865e+24
1.168252754124777909e+24
1.168252754124777909e+24
1.168252754124777909e+24
1.168252754124777909e+24
1.168252754124777909e+24
1.168252754124777909e+24
4.609596540638104262e+23
4.609596540638104262e+23
4.609596540212284427e+23
4.609593760908844162e+23
4.609581975191155764e+23
4.609581973992801504e+23
4.609581973992801504e+23
4.608447919905914833e+23
4.608447919905912820e+23
4.587535376147680665e+23
4.587535376147508867e+23
4.494869253783090459e+23
4.494869253783090459e+23
4.494869253783090459e+23
3.155672527139735402e+23
3.155672527139735402e+23
3.155672527139735402e+23
3.155672527139735402e+23
2.238618426736387838e+23
2.238618426736387838e+23
2.238618426736387838e+23
2.238618426736387838e+23
2.238618413888208256e+23
2.238618413888208256e+23
2.238462680667647692e+23
2.238462680667552733e+23
8.448066000892645605e+22
8.281508890617218440e+22
8.281508890617218440e+22
8.281508890617218440e+22
8.281508890617218440e+22
8.281508583902579524e+22
8.281508583902579524e+22
8.281270267874054767e+22
8.281270267805568493e+22
8.281270267805568493e+22
8.243751974284117934e+22
8.243751974284117934e+22
8.243751974284117934e+22
4.610996564625435761e+22
4.610996564625433244e+22
4.610996033951314320e+22
4.059616753783261050e+22
4.059616753776397491e+22
4.057447813499512789e+22
4.057447813499512789e+22
4.057447813499512789e+22
4.057447813499512789e+22
4.057447813499512789e+22
4.057447813499512789e+22
4.057447813499512789e+22
1.807953349418273892e+22
1.677447737309601255e+22
1.677447737309601255e+22
1.677447737309601255e+22
1.677447737309601255e+22
1.677447737309601255e+22
1.677447737309601255e+22
7.591095880681960505e+21
7.591086417995522638e+21
7.591086417995522638e+21
7.591086411643038466e+21
7.591086411240429322e+21
7.591075777407887606e+21
7.588246818448705847e+21
7.588246818448705847e+21
7.588246818447978136e+21
7.588246818447976038e+21
7.564084281004882133e+21
7.292995223975089930e+21
7.292995223975089930e+21
7.292995223975089930e+21
5.117766724636301591e+21
5.117766724636301591e+21
3.451164259430692291e+21
3.451164259430692291e+21
3.451164259430692291e+21
3.451164259430692291e+21
3.451164259430692291e+21
3.451164259430692291e+21
3.451164259430692291e+21
3.451164248784637002e+21
3.451041103492715905e+21
3.451041103492659282e+21
1.440020109199077540e+21
1.419313204411214070e+21
1.419313204411214070e+21
1.419313204411214070e+21
1.419313091309895418e+21
1.419313091309895418e+21
1.419248696942517027e+21
1.419248696942517027e+21
1.419248696903197524e+21
1.419248696903197524e+21
1.419248696903197524e+21
1.407246107224217223e+21
7.689134697731677225e+20
7.689134697731670671e+20
7.689134697731670671e+20
6.602207952746912154e+20
6.602207573438246420e+20
6.602207573438246420e+20
6.602207573433682493e+20
6.600298541971451412e+20
6.600298541971451412e+20
6.600298541971451412e+20
6.600298541971451412e+20
6.600298541971451412e+20
6.600298541971451412e+20
3.126077128400393994e+20
2.956804311586391982e+20
2.956804311586391982e+20
2.956804311586391982e+20
2.956804311586391982e+20
2.956804311586391982e+20
2.956791104300076892e+20
1.276518093824988119e+20
1.276518091569786880e+20
1.276518091569786880e+20
1.276517043205598904e+20
1.276517043176968847e+20
1.276517043176968847e+20
1.275642537405188506e+20
1.275642537404786115e+20
1.275642537404786115e+20
1.275642537404786115e+20
1.273367554059400315e+20
1.217968483529390162e+20
1.217968483529390162e+20
1.217968483529390162e+20
1.217968483529390162e+20
9.353999279091861094e+19
9.353999279091861094e+19
9.353999279091861094e+19
6.300453173386296525e+19
6.300453173386296525e+19
6.300453173386296525e+19
6.300453173386296525e+19
6.300453173386296525e+19
6.300453164463628288e+19
6.300310073636665754e+19
6.300310073636627251e+19
2.447885921518512538e+19
2.447885921518512538e+19
2.427853531780556390e+19
2.427853531780556390e+19
2.427853227327415091e+19
2.427647190731521638e+19
2.427647190587091354e+19
2.427647190587091354e+19
2.427647190587091354e+19
2.427647190587091354e+19
2.427647190587091354e+19
2.402173069203442893e+19
2.402173069203442893e+19
2.402173069203429786e+19
1.498472473827979264e+19
1.498472473827979264e+19
1.498472473827979264e+19
1.274027169306387866e+19
1.274027133787001446e+19
1.274027133786653901e+19
1.274027133786653901e+19
1.273779272204826010e+19
1.273779272204826010e+19
1.273779272204826010e+19
1.273779272204826010e+19
1.273779272204826010e+19
5.481096577290851328e+18
5.303969822745406464e+18
5.303969822745406464e+18
5.303969822745406464e+18
5.303969822745406464e+18
5.303969822745406464e+18
5.303923350479453184e+18
5.303923314662375424e+18
5.303923314662375424e+18
2.645545557960357888e+18
2.642816251940722688e+18
2.642816251940722688e+18
2.642815121920972288e+18
2.642815121895879680e+18
2.642815121893710848e+18
2.642815121893710848e+18
2.642815121893710848e+18
2.639409119290907136e+18
2.639409119290907136e+18
2.509495341204881920e+18
2.509495341204881920e+18
2.509495341204881920e+18
2.509495341204881920e+18
2.509495341204881920e+18
2.509495341204881920e+18
2.078988837099962112e+18
1.248700557669765632e+18
1.248700557669765632e+18
1.248700557669765632e+18
1.248700557669765632e+18
1.248700557669765632e+18
1.248700556953113856e+18
1.248686422354705152e+18
1.248686422354705152e+18
5.365123976223160960e+17
5.365123976223155200e+17
5.331509597328387840e+17
5.331507991862784640e+17
5.331507991862784640e+17
5.331507991862784640e+17
5.330785819915488000e+17
5.330785819274820480e+17
5.330785819274820480e+17
5.330785819274820480e+17
5.330785819274820480e+17
5.263484528813114240e+17
5.263484528813036160e+17
5.263484528813036160e+17
3.656115798896424960e+17
3.656115798896424960e+17
3.656115798896424960e+17
2.889456718789661440e+17
2.889456681431905920e+17
2.889456681431905920e+17
2.889456681431553920e+17
2.889136043986467840e+17
2.889136043986467840e+17
2.889136043986467840e+17
2.889136043986467840e+17
1.268299696326519360e+17
1.268299696326519360e+17
1.268299696326519360e+17
1.235026847738584800e+17
1.235026847738584800e+17
1.235026847738584800e+17
1.235026847738584800e+17
1.235026847738584800e+17
1.235008532825094880e+17
1.235008511589678240e+17
6.944337952967546400e+16
6.934016633876597600e+16
6.934016633862861600e+16
6.934015043258203200e+16
6.934015043224212800e+16
6.934015043224212800e+16
6.934015043224212800e+16
6.934015043224212800e+16
6.928116223542496800e+16
6.928116223542496800e+16
6.391956525379527200e+16
6.391956525379525600e+16
6.391956525379525600e+16
6.391956525379525600e+16
6.391956525379525600e+16
5.399127255044971200e+16
5.399127255044971200e+16
3.112111561608862400e+16
3.112111561608862400e+16
3.112111561608862400e+16
3.112111561608862400e+16
3.112111561608862400e+16
3.112111561608862400e+16
3.112111560732892400e+16
3.112093608441182800e+16
1.481478074935486800e+16
1.481478074935486200e+16
1.475020312561401200e+16
1.475020312561401200e+16
1.475019419339353600e+16
1.475019418802975200e+16
1.474715921468616800e+16
1.474715921468616800e+16
1.474715921468616800e+16
1.443203780069396200e+16
1.443203780069396200e+16
1.443203780069342600e+16
1.443203780069342600e+16
1.443203780069342600e+16
1.016149196145525600e+16
1.016149196145525600e+16
1.016149196145525600e+16
7.734246852664942000e+15
7.734246852664942000e+15
7.734246799993892000e+15
7.734246799993514000e+15
7.733777035658609000e+15
7.733777035658609000e+15
7.733777035658609000e+15
7.733777035658609000e+15
7.733777035658609000e+15
3.617076195654197500e+15
3.548513247760390000e+15
3.548513247760390000e+15
3.548513247760390000e+15
3.548513247760390000e+15
3.548513247760390000e+15
3.548513247760390000e+15
3.548513247760390000e+15
3.548513120328926500e+15
3.548430098816146500e+15
1.993756283343825500e+15
1.993756283331406750e+15
1.988510594339019000e+15
1.988510336922817500e+15
1.988510336918632250e+15
1.988510336918632250e+15
1.988510336918632250e+15
1.987518033662734000e+15
1.802890064763692250e+15
1.802890064763692250e+15
1.802890064763692250e+15
1.802890064763691500e+15
1.802890064763691500e+15
1.802890064763691500e+15
1.802890064763691500e+15
1.594869915122029250e+15
1.594869915122029250e+15
9.260574697636510000e+14
9.260574697636510000e+14
9.260574697636510000e+14
9.260574697636510000e+14
9.260574697636510000e+14
9.260574696475271250e+14
9.260574696475271250e+14
9.260543415950983750e+14
4.323581127052961250e+14
4.323581127052960000e+14
4.323581127052960000e+14
4.323576913000333750e+14
4.312310585764443750e+14
4.312310582432030625e+14
4.312310582432030625e+14
4.310709584931024375e+14
4.310709584931024375e+14
4.310709584930499375e+14
4.196718094484813125e+14
4.196718094484813125e+14
4.196718094484813125e+14
4.196718094484813125e+14
3.210149988999165000e+14
3.210149988999165000e+14
2.413922052547967188e+14
2.413922052547967188e+14
2.413922052547967188e+14
2.413922052547967188e+14
2.413922044866411562e+14
2.413922044866365625e+14
2.413831993942575625e+14
2.413831993942575625e+14
1.078343435336433281e+14
1.078343435336433281e+14
1.078343435336433281e+14
1.078343435336433281e+14
1.065790232758823594e+14
1.065790232758823594e+14
1.065790232758823594e+14
1.065790232758823594e+14
1.065790232758823594e+14
1.065790232758823594e+14
1.065790169637407969e+14
1.065743940516201719e+14
6.707226507943492188e+13
6.707226507841330469e+13
6.681990342933284375e+13
6.681989907763678906e+13
6.681989907757789844e+13
6.681989907757789844e+13
6.681989907757789844e+13
6.681989907757781250e+13
6.681989907757781250e+13
5.995266013555789844e+13
5.995266013555789844e+13
5.993490674523774219e+13
5.993490674523774219e+13
5.993490674523774219e+13
5.993490674523774219e+13
5.505379967355711719e+13
2.945361572818603125e+13
2.945361572818603125e+13
2.945361572818603125e+13
2.945361572818603125e+13
2.945361572818603125e+13
2.945361572818603125e+13
2.945361572672218750e+13
1.539416801582403125e+13
1.539415507450716406e+13
1.539415507450716406e+13
1.539415507450716406e+13
1.539415507450716406e+13
1.539412209782032812e+13
1.539412209782032812e+13
1.539412207450196289e+13
1.536599450130405469e+13
1.535734520736490625e+13
1.535734520736490625e+13
1.535734520736490625e+13
1.535734520736006836e+13
1.535734520736006836e+13
1.487834536694992578e+13
1.487834536694992578e+13
1.216758420710764648e+13
1.216758420710764648e+13
1.216758420710764648e+13
8.473942604165374023e+12
8.473942604165374023e+12
8.473942604165374023e+12
8.473942604165374023e+12
8.473942592369083984e+12
8.473942592369083984e+12
8.473776447401471680e+12
8.473776447401408203e+12
8.473776447401408203e+12
4.048010887859342773e+12
4.048010887859342773e+12
4.048010887859342773e+12
4.048010887859342773e+12
4.013094103367768066e+12
4.013094103367768066e+12
4.013094103367768066e+12
4.013094103367768066e+12
4.013093550940643555e+12
4.012814623387758301e+12
4.012814623387758301e+12
4.012814623186967285e+12
2.760919776678239258e+12
2.746713104989967773e+12
2.746713104989967773e+12
2.746713013358384277e+12
2.746713013358384277e+12
2.746713013358384277e+12
2.746713013357256348e+12
2.746713013357246582e+12
2.359402538031189941e+12
2.359402538031189941e+12
2.358990831189406250e+12
2.358990831189406250e+12
2.358990831189406250e+12
2.358990831189406250e+12
2.207408791301296387e+12
2.207408791301296387e+12
1.176417353901208984e+12
1.176417353901208984e+12
1.176417353901208984e+12
1.176417353901208984e+12
1.176417353901208984e+12
1.176417353901208984e+12
6.738207601406540527e+11
6.738207601319714355e+11
6.738204511545964355e+11
6.738204511545964355e+11
6.738204511545964355e+11
6.738177623771346436e+11
6.738177596193763428e+11
6.738177596193763428e+11
6.732645588693565674e+11
6.732645588693565674e+11
6.724585594616168213e+11
6.724585594616168213e+11
6.724585594611074219e+11
6.409567937062008057e+11
6.409567937062008057e+11
5.391339506835308228e+11
5.391339506835308228e+11
5.391339506835308228e+11
5.391339506835308228e+11
5.391339506835308228e+11
3.628856201540956421e+11
3.628856201540956421e+11
3.628856201540956421e+11
3.628856201540956421e+11
3.628856199089295044e+11
3.628856199089295044e+11
3.628818229897128906e+11
3.628818229897117920e+11
3.628818229897117920e+11
3.628818229897117920e+11
1.853935059092477722e+11
1.842940298175654602e+11
1.842940298175654602e+11
1.842940298175654602e+11
1.842940298175654602e+11
1.842940298175654602e+11
1.842939802370813293e+11
1.842744102773534241e+11
1.842744102512162170e+11
1.842744102512162170e+11
1.842744102512162170e+11
1.820829400264477844e+11
1.296078618695690308e+11
1.296078618695690308e+11
1.296078618695690308e+11
1.296078618695678101e+11
1.296078595573549500e+11
1.296078595573324280e+11
1.084774294744821167e+11
1.084665835432162018e+11
1.084665835432162018e+11
1.084665835432162018e+11
1.084665835432162018e+11
1.084665835432162018e+11
1.084665835432162018e+11
1.084665835432162018e+11
1.035706214249032288e+11
5.626421117989589691e+10
5.626421117989589691e+10
5.626421117989589691e+10
5.626421117989589691e+10
5.626421117989589691e+10
3.305781711517239380e+10
3.305781711517239380e+10
3.305781711517239380e+10
3.305781711498503494e+10
3.305780868682334900e+10
3.305759337680992508e+10
3.305759337680992508e+10
3.305759309433120728e+10
3.305759309433120728e+10
3.305759309433120728e+10
3.301119895618488312e+10
3.301119895618488312e+10
3.298704102086530304e+10
3.298704102078964233e+10
3.110140574880117035e+10
3.110140574880117035e+10
3.110140574880117035e+10
2.734901337620190811e+10
2.734901337620190048e+10
2.734901337620190048e+10
2.734901337620190048e+10
1.818685003595919037e+10
1.818685003595919037e+10
1.818685003595919037e+10
1.818685003595919037e+10
1.818685003595919037e+10
1.818685003043837738e+10
1.818685003043837738e+10
1.818674194796018982e+10
1.818674194796017075e+10
1.818674194796017075e+10
9.354478134890077591e+09
9.319518670889408112e+09
9.319518670889408112e+09
9.319518670889408112e+09
9.319518670889408112e+09
9.319514452702371597e+09
9.317769855996673584e+09
9.317769855996673584e+09
9.317769855996673584e+09
9.317769853152700424e+09
9.177319506554843903e+09
7.029644797414495468e+09
7.029644797414495468e+09
7.029644797414495468e+09
7.029644797414495468e+09
7.029644797414274216e+09
7.029644736432617188e+09
5.780821765679673195e+09
5.780821765679333687e+09
5.780472680867559433e+09
5.780472680867559433e+09
5.780472680867559433e+09
5.780472680867559433e+09
5.780472680867559433e+09
5.780472680867559433e+09
5.780472680867559433e+09
3.005300417992446423e+09
2.957036585211447239e+09
2.957036585211447239e+09
2.957036585211447239e+09
2.957036585211447239e+09
2.957036585211447239e+09
2.957036585211447239e+09
1.904861308094171524e+09
1.904861308094171524e+09
1.904836384194102526e+09
1.904836384194102526e+09
1.904836352990169287e+09
1.904836352985469818e+09
1.904836102104773998e+09
1.904836102104773998e+09
1.900964809734861612e+09
1.900964809734861612e+09
1.900964809734861612e+09
1.900964809724167824e+09
1.900056691665812969e+09
1.900056691665812969e+09
1.773421843141499519e+09
1.773421843141499519e+09
1.773421843141499043e+09
1.615885450019695044e+09
1.615885450019695044e+09
1.019017189381839395e+09
1.019017189381839395e+09
1.019017189381839395e+09
1.019017189381839395e+09
1.019017189381839395e+09
1.019017189381839395e+09
1.019017189381839395e+09
1.019017189250911236e+09
1.019017189250911236e+09
1.019014147161567211e+09
1.019014147161566734e+09
5.686350753755747080e+08
5.671693768289047480e+08
5.671693768289047480e+08
5.671693768289047480e+08
5.671688321504148245e+08
5.670063581905823946e+08
5.670063581905823946e+08
5.670063578402113914e+08
5.670063578402113914e+08
5.670063578402113914e+08
5.670063578402113914e+08
5.564109209895356894e+08
5.564109209895356894e+08
4.520626505609177947e+08
4.520626505608789921e+08
4.520626505608789921e+08
3.550104810342245102e+08
3.550104798593356609e+08
3.550104798593271971e+08
3.550104798593271971e+08
3.549986762924174070e+08
3.549986762924174070e+08
3.549986762924174070e+08
3.549986762924174070e+08
3.549986762924174070e+08
3.549986762924174070e+08
3.549986762924174070e+08
1.919899792388009131e+08
1.897477554960296154e+08
1.897477554960296154e+08
1.897477554960296154e+08
1.897477554960296154e+08
1.897477554960296154e+08
1.897477554960296154e+08
1.897415363934508264e+08
1.316119267020607889e+08
1.316119215085564852e+08
1.316119124611447901e+08
1.316119124611447901e+08
1.316119124609963447e+08
1.312343339573252499e+08
1.312343339573252499e+08
1.312343339556296617e+08
1.312343339556296617e+08
1.312343339556296617e+08
1.311955246828060150e+08
1.311955246828060150e+08
1.195921615663012266e+08
1.195921615663011074e+08
1.195921615663011074e+08
1.195921615663011074e+08
1.112993794936513603e+08
1.112993794936513603e+08
6.938809978965166211e+07
6.938809978965166211e+07
6.938809978965166211e+07
6.938809978965166211e+07
6.938809978965166211e+07
6.938809978965166211e+07
6.938809978563481569e+07
6.938809978563481569e+07
6.938799323365458846e+07
4.149803301683823764e+07
4.149803301683823019e+07
4.149803301683823019e+07
4.142798644046255946e+07
4.142791336094431579e+07
4.142791336094431579e+07
4.141019089785975963e+07
4.141019083270550519e+07
4.141019083270550519e+07
4.141019083270550519e+07
4.141019083270550519e+07
4.141019083270550519e+07
4.030709919216378033e+07
4.030709919215352088e+07
3.388562742063979059e+07
3.388562742063979059e+07
3.388562742063979059e+07
3.388562742063979059e+07
2.593033869697471336e+07
2.593033869697471336e+07
2.593033865550077334e+07
2.593033865550053492e+07
2.593033865550053492e+07
2.592986295267477259e+07
2.592986295267477259e+07
2.592986295267477259e+07
2.592986295267477259e+07
1.462635088421177305e+07
1.462635088421177305e+07
1.450924682955155894e+07
1.450924682955155894e+07
1.450924682955155894e+07
1.450924682955155894e+07
1.450924682955155894e+07
1.450924682955155894e+07
1.450924682955155894e+07
1.450850330305319466e+07
1.450850171593637764e+07
1.049254065611548349e+07
1.049254065611548349e+07
1.044539327537609451e+07
1.044539289830088615e+07
1.044539289792638458e+07
1.044539289792138152e+07
1.044539289792138152e+07
1.044539289792138152e+07
1.044353542154219933e+07
1.044353542154219933e+07
1.044353542154219933e+07
9.361096963096236810e+06
9.361096963096210733e+06
9.361096963096210733e+06
9.361096963096210733e+06
9.361096963096210733e+06
8.895948962970295921e+06
8.895948962970295921e+06
5.554368762912159786e+06
5.554368762912159786e+06
5.554368762912159786e+06
5.554368762912159786e+06
5.554368762774454430e+06
5.554368762774454430e+06
5.554364245195518248e+06
3.450556424011029769e+06
3.450556424011029769e+06
3.450556424011029769e+06
3.446895718305513728e+06
3.446885373934569303e+06
3.444471798998043407e+06
3.444471798998043407e+06
3.444471787661848590e+06
3.444471787661848590e+06
3.444471787661848590e+06
3.330949716659948695e+06
3.330949716659948695e+06
3.330949716657505836e+06
3.330949716657505836e+06
3.330949716657505836e+06
2.920856043002044782e+06
2.920856043002044782e+06
2.920856043002044782e+06
2.920856043002044782e+06
2.196884726276520640e+06
2.196884726276520640e+06
2.196884726276520640e+06
2.196884724683804903e+06
2.196884724683796987e+06
2.196862131269155070e+06
2.196862131269155070e+06
2.196862131269155070e+06
1.261086919625745853e+06
1.261086919625745853e+06
1.261086919625745853e+06
1.254492355766748777e+06
1.254492355766748777e+06
1.254492355766748777e+06
1.254492355766748777e+06
1.254492355766748777e+06
1.254492355766748777e+06
1.254492355766748777e+06
1.254382981623092201e+06
1.254382739037922351e+06
9.673826823138180189e+05
9.613928030511278193e+05
9.613928029713465367e+05
9.613927858812321210e+05
9.613927858810459729e+05
9.613927858810459729e+05
9.612886620511374203e+05
8.487196817221782403e+05
8.487196817221782403e+05
8.487196817221782403e+05
8.487196817221782403e+05
8.487196817221711390e+05
8.487196817221711390e+05
8.487196817221711390e+05
8.487196817221711390e+05
8.193768477902770974e+05
5.033047611951599829e+05
5.033047611951599829e+05
5.033047611951599829e+05
5.033047611951599829e+05
5.033047611951599829e+05
5.033047611951599829e+05
5.033047611901926575e+05
5.033045627345592366e+05
5.033045627345592366e+05
3.365878302056936664e+05
3.365878302056936664e+05
3.365878302056936664e+05
3.365858891815449460e+05
3.363553279759821016e+05
3.363553257656427450e+05
3.360113480202536448e+05
3.360113480202536448e+05
3.360113480202536448e+05
3.360113480202536448e+05
3.226441893832765636e+05
3.226441893827001913e+05
3.226441893827001913e+05
3.226441893827001913e+05
2.925859136703941622e+05
2.925859136703941622e+05
2.925859136703941622e+05
2.129269697306433809e+05
2.129269697306433809e+05
2.129269697306433809e+05
2.129269696649123507e+05
2.129258341425974504e+05
2.129258341425972176e+05
2.129258341425972176e+05
2.129258341425972176e+05
1.294545929427298543e+05
1.294545929427298543e+05
1.289940135141465289e+05
1.289940135141465289e+05
1.289940135141465289e+05
1.289940135141465289e+05
1.289940135141465289e+05
1.289940135141465289e+05
1.289939630328511994e+05
1.289766503747710376e+05
1.289766503747710376e+05
1.048220747345933778e+05
1.048220747152003896e+05
1.039475789006526029e+05
1.039475780229294905e+05
1.039475780229222873e+05
1.039475780229195807e+05
8.941415801856161852e+04
8.941415801856161852e+04
8.941415801856161852e+04
8.940933910126624687e+04
8.940933910126624687e+04
8.940933910126624687e+04
8.940933910126624687e+04
8.940933910126624687e+04
8.940933910126624687e+04
8.723184730314569606e+04
5.454049438859569636e+04
5.454049438859569636e+04
5.454049438859569636e+04
5.454049438859569636e+04
5.454049438859569636e+04
5.454049438859569636e+04
5.454049438859569636e+04
5.454049438840294897e+04
3.880607648554867046e+04
3.880607130248587055e+04
3.880607130248587055e+04
3.880607130248587055e+04
3.880568502585464739e+04
3.880568502585464739e+04
3.880568502585464739e+04
3.880568502585464739e+04
3.880568444690531032e+04
3.878928368714043609e+04
3.873230205639361520e+04
3.873230205622377252e+04
3.674362988332504028e+04
3.674362988332504028e+04
3.674362988332504028e+04
3.674362988332504028e+04
3.410357335352583323e+04
3.410357335352583323e+04
3.410357335352583323e+04
3.410357335352582595e+04
2.451824392591429569e+04
2.451824392591429569e+04
2.451824392591429569e+04
2.451824392303451168e+04
2.451824392303451168e+04
2.451817777762233891e+04
2.451817777762233527e+04
2.451817777762233527e+04
1.570803349152451847e+04
1.570803349152451847e+04
1.567170724815168251e+04
1.567170724815168251e+04
1.567170724815168251e+04
1.567170724815168251e+04
1.567170724815168251e+04
1.567169609261060577e+04
1.566851190434239470e+04
1.566851189581567087e+04
1.566851189581567087e+04
1.321982382348743886e+04
1.306275228984243222e+04
1.306275228984243222e+04
1.306275224404197434e+04
1.306275224404109758e+04
1.306275224404109758e+04
1.306275224404109758e+04
1.306275224404089204e+04
1.104088328416347758e+04
1.104056047877909987e+04
1.104056047877909987e+04
1.104056047877909987e+04
1.104056047877909987e+04
1.086144133797221002e+04
1.086144133797221002e+04
6.945641174905780645e+03
6.945641174905780645e+03
6.945641174905780645e+03
6.945641174905780645e+03
6.945641174905780645e+03
6.945641174905780645e+03
6.945641174905780645e+03
5.176917642532727768e+03
5.176917642529577279e+03
5.176917337739226241e+03
5.176831671364199792e+03
5.176831671364199792e+03
5.176831671364199792e+03
5.176831517107259060e+03
5.165337837500192109e+03
5.165337837500192109e+03
5.164061009231812022e+03
5.164061009231812022e+03
5.164061009231812022e+03
5.164061009172401100e+03
4.850275462639314355e+03
4.850275462639314355e+03
4.598848619748207057e+03
4.598848619748204328e+03
4.598848619748204328e+03
3.289018036360370843e+03
3.289018036360370843e+03
3.289018036360370843e+03
3.289018036360370843e+03
3.289018036266336367e+03
3.289018036266336367e+03
3.289014103249227901e+03
3.289014103249227901e+03
3.289014103249227901e+03
3.289014103249227901e+03
2.195849099216918603e+03
2.192727658586545658e+03
2.192727658586545658e+03
2.192727658586545658e+03
2.192727658586545658e+03
2.192724937145748754e+03
2.192018570978642856e+03
2.192018568480128579e+03
2.153524091227343888e+03
2.153524091227343888e+03
1.895364970730258392e+03
1.895364970730258392e+03
1.895364970730258392e+03
1.895364970730258392e+03
1.895364970729895276e+03
1.895364968980209142e+03
1.578524507746728432e+03
1.578524507746727068e+03
1.578502704851972794e+03
1.578502704851972794e+03
1.578502704851972794e+03
1.578502704851972794e+03
1.578502704851972794e+03
1.578502704851972794e+03
1.023580146334744654e+03
1.016750703349125502e+03
1.016750703349125502e+03
1.016750703349125502e+03
1.016750703349125502e+03
1.016750703349125502e+03
1.016750703349125502e+03
8.021187622977118963e+02
8.020954552982387895e+02
8.020954552982387895e+02
8.020954420217010465e+02
8.020954420216648941e+02
8.020953958749888670e+02
8.020953958749888670e+02
7.996238117119596609e+02
7.996238117119596609e+02
7.996238117119596609e+02
7.996238117119596609e+02
7.995226932220673461e+02
7.995226932007461755e+02
7.432830986151386696e+02
7.432830986151386696e+02
7.432830986151386696e+02
7.432830986151368506e+02
7.168959747065835018e+02
5.081587901168992403e+02
5.081587901168992403e+02
5.081587901168992403e+02
5.081587901168992403e+02
5.081587901168992403e+02
5.081587901168992403e+02
5.081587901158259228e+02
5.081586197562351686e+02
5.081586197562351686e+02
5.081586197562351686e+02
3.600103417839750364e+02
3.597329237270402018e+02
3.597329237270402018e+02
3.597320936164907721e+02
3.595616732791871186e+02
3.595616724414418854e+02
3.595616724414418854e+02
3.595616724414418854e+02
3.517702118688916926e+02
3.517702118688916926e+02
3.204483531667137868e+02
3.204483531667137868e+02
3.204483531665584337e+02
3.204483531665584337e+02
2.616881775800758305e+02
2.616881775641276704e+02
2.616881775641276704e+02
2.616881775641276704e+02
2.616870902428068462e+02
2.616870902428068462e+02
2.616870902428068462e+02
2.616870902428068462e+02
2.616870902428068462e+02
2.616870902428068462e+02
1.767137515148454838e+02
1.760392228552058214e+02
1.760392228552058214e+02
1.760392228552058214e+02
1.760392228552058214e+02
1.760392228552058214e+02
1.760392228552058214e+02
1.462686366642437008e+02
1.462616884889008588e+02
1.462616884889008588e+02
1.462616710990448894e+02
1.462616708879573366e+02
1.462616708879573082e+02
1.456415712039571986e+02
1.456415711951408127e+02
1.456354836720164485e+02
1.456354836720164485e+02
1.456354836720164485e+02
1.334642715496625556e+02
1.334642715496625556e+02
1.334642715496616745e+02
1.334642715496616745e+02
1.306119321542943794e+02
1.306119321542943794e+02
9.326772051382610584e+01
9.326772051382610584e+01
9.326772051382610584e+01
9.326772051382610584e+01
9.326772051382498319e+01
9.326772051382498319e+01
9.326771776972853445e+01
7.003040693219745094e+01
7.003040693219745094e+01
7.001134931218494728e+01
7.001134931218494728e+01
7.001106742259028692e+01
7.001106742259028692e+01
6.996231662949955421e+01
6.996231627004827658e+01
6.996231627004827658e+01
6.802255612438902688e+01
6.802255612438902688e+01
6.402404639801336828e+01
6.402404639793608965e+01
6.402404639793608965e+01
6.402404639793608965e+01
5.163142895699559176e+01
5.163142895699559176e+01
5.163142895697633605e+01
5.163142895697633605e+01
5.163142895697633605e+01
5.163140871800514731e+01
5.163140871800514731e+01
5.163140871800514731e+01
5.163140871800514731e+01
3.644222510595439246e+01
3.639004774211582571e+01
3.639004774211582571e+01
3.639004774211582571e+01
3.639004774211582571e+01
3.639004774211582571e+01
3.639004774211582571e+01
3.638679913333207594e+01
3.638678948416556835e+01
3.194601401910417238e+01
3.175064337345600762e+01
3.175064336870734749e+01
3.175064336839873746e+01
3.175064336839873746e+01
3.175064336839873746e+01
3.175050502448962320e+01
2.869792165706523335e+01
2.869792165706523335e+01
2.869792165706523335e+01
2.869792165706473597e+01
2.869792165706473597e+01
2.845545982435826105e+01
2.845545982435826105e+01
2.845545982435826105e+01
2.845545982435826105e+01
2.057173914295977823e+01
2.057173914295977823e+01
2.057173914295977823e+01
2.057173913881807081e+01
2.057173913881807081e+01
1.656566175207594682e+01
1.656566175207594682e+01
1.656566175207594682e+01
1.656515173280866549e+01
1.656503252256618097e+01
1.654698131111253900e+01
1.654698113084540623e+01
1.654698113084540623e+01
1.654698113084540623e+01
1.654698113084540623e+01
1.654698113084540623e+01
1.597069478680657006e+01
1.597069478675207677e+01
1.555677194788702167e+01
1.555677194788702167e+01
1.555677194788702167e+01
1.238380875050027008e+01
1.238380875050027008e+01
1.238380875050026653e+01
1.238380875050026653e+01
1.238380875050026653e+01
1.238380875050026653e+01
1.238380871437847830e+01
9.308859483987726335e+00
9.308859483987726335e+00
9.308859483987726335e+00
9.307229511291644997e+00
9.307229511291644997e+00
9.307229511291644997e+00
9.307229511291644997e+00
9.307229511291644997e+00
9.305823494038911292e+00
9.305818726507418148e+00
9.305818726507418148e+00
8.741880106471379364e+00
8.663830674377917873e+00
8.663830671207959355e+00
8.663830671207954026e+00
8.663830671207954026e+00
8.663830351629689730e+00
7.684003218999160723e+00
7.684003218998757490e+00
7.684003218998757490e+00
7.684003218998757490e+00
7.684003218998757490e+00
7.684003218998757490e+00
7.675629898712801769e+00
5.721376637957104272e+00
5.721376637957104272e+00
5.721376637957104272e+00
5.721376637957104272e+00
5.721376637957104272e+00
5.099069209019601701e+00
5.099069209019547522e+00
5.099069209019547522e+00
5.099069209019547522e+00
5.098994470276838165e+00
5.098994470276838165e+00
5.098992971103694316e+00
5.098992841794386166e+00
5.089848564452133850e+00
5.089848564452133850e+00
5.089848564452133850e+00
5.089848564452133850e+00
4.853194567385204827e+00
4.853194567385204827e+00
4.853194567340089804e+00
4.834503912255940783e+00
4.834503912255940783e+00
4.834503912255940783e+00
3.827501946670432975e+00
3.827501946670430755e+00
3.827501946670430755e+00
3.827501946669693123e+00
3.827501946669693123e+00
3.827501946669693123e+00
3.827501946669693123e+00
3.229256726839916603e+00
3.229250640331559286e+00
3.229250640331559286e+00
3.229250640331559286e+00
3.229250640331559286e+00
3.229250640331559286e+00
3.229246841660841305e+00
3.228341398993492373e+00
3.228341395668623992e+00
3.194160970056156401e+00
3.148628759493927731e+00
3.148628759493927731e+00
3.148628759493927731e+00
3.148628759493321105e+00
2.730518993044452003e+00
2.730518993044452003e+00
2.730518993037668096e+00
2.730518993037668096e+00
2.730518993037668096e+00
2.730518993037668096e+00
2.730486154653126718e+00
2.237212890498138762e+00
2.237212890498138762e+00
2.237212890498138762e+00
2.237212890498138762e+00
2.187301652264396878e+00
2.187301652264396878e+00
2.187301652264396878e+00
2.187301652264396878e+00
2.187301652264396878e+00
2.187228075965999441e+00
2.187227918533799720e+00
2.187227918533799720e+00
2.187227918533799720e+00
2.179847757074037773e+00
2.179847757015481502e+00
2.179847757015481502e+00
2.179847756946727166e+00
2.039137540221693801e+00
2.039137540221693801e+00
2.039137540221693801e+00
2.039034782013572134e+00
2.039034782013566360e+00
1.697279663474576816e+00
1.697279663474576816e+00
1.697279663474576816e+00
1.697279663474576816e+00
1.697279663474576816e+00
1.697279663474576816e+00
1.697279663474576816e+00
1.633128602086944436e+00
1.633128602086944436e+00
1.633128601754253229e+00
1.633128601754253229e+00
1.633123403794884743e+00
1.632106374988273378e+00
1.632106369365418086e+00
1.593207852245045464e+00
1.592946867330421901e+00
1.592946867330421901e+00
1.592946867329249505e+00
1.592946867329249505e+00
1.592946867329249505e+00
1.592946867329249505e+00
1.396621003994056087e+00
1.396621003994056087e+00
1.396621003994056087e+00
1.396621003994056087e+00
1.396621002157980795e+00
1.325162048444331830e+00
1.325162048444331830e+00
1.325162048444331830e+00
1.325162048444331830e+00
1.325162048444331830e+00
1.324606606438407663e+00
1.324606606438407663e+00
1.324488068960567588e+00
1.324488068960567588e+00
1.324488068960567588e+00
1.324488068960567588e+00
1.324487760097278422e+00
1.315575638565563033e+00
1.315575638565563033e+00
1.315575638565563033e+00
1.315575638399862024e+00
1.315575638399862024e+00
1.223144056633858279e+00
1.223144048731853673e+00
1.223144048731838129e+00
1.223144048731838129e+00
1.156359459396174127e+00
1.156359459396174127e+00
1.156359459396174127e+00
1.156359459396174127e+00
1.156359459396174127e+00
1.156359459396174127e+00
1.155400156408251888e+00
1.155400156408251888e+00
1.155400156408251888e+00
1.155388726583439052e+00
1.153708137489763086e+00
1.153708122457764329e+00
1.118674437804634936e+00
1.118674437804634936e+00
1.118674410301272459e+00
1.118674410301272459e+00
1.118674410301272459e+00
1.118674410297446409e+00
1.068249751254276347e+00
1.068249751254276347e+00
1.068249751254276347e+00
1.068249751254276347e+00
1.068249751254276347e+00
1.068249751254276347e+00
1.068249751254276347e+00
1.066884540246441304e+00
1.066884540246441304e+00
1.066884540246441304e+00
1.066884540246441304e+00
1.066884540246441304e+00
1.066884540246441304e+00
1.066884463270621364e+00
1.066630410616582703e+00
1.066629530615126775e+00
1.066629530615126775e+00
1.066629530615126775e+00
1.056174135168052475e+00
1.056174135168052475e+00
1.056174134596667091e+00
1.056174134596667091e+00
1.026399414608011096e+00
1.026399414608011096e+00
1.026399414607939153e+00
1.026399414607939153e+00
1.024858471690593076e+00
1.024858471690593076e+00
1.024858471690593076e+00
1.024858471690593076e+00
1.024858471690593076e+00
1.024858471690593076e+00
1.024858310516610471e+00
1.024858310516610471e+00
1.024828596199257591e+00
1.022431436913041392e+00
1.022431385047522623e+00
1.022431385047522623e+00
1.009040851462610355e+00
1.009040851462610355e+00
1.009040851462610355e+00
1.009040851462610355e+00
1.009040851445955900e+00
1.007709750046213770e+00
1.007709750046213770e+00
1.007709750046213770e+00
1.007709750046213770e+00
1.007709750046213770e+00
1.007709750046212660e+00
1.007709750046212660e+00
1.007709490079905068e+00
1.007709490079905068e+00
1.007709490079905068e+00
1.007709490079905068e+00
1.007709490079905068e+00
1.007709490079905068e+00
1.007709490079905068e+00
1.007298283712852571e+00
1.007295690473733352e+00
1.007295690473733130e+00
1.002813017252549566e+00
1.002813014989555329e+00
1.002813014989555329e+00
1.002813014989555329e+00
1.001956834748934044e+00
1.001956834748566338e+00
1.001956834748566338e+00
1.001956834748566338e+00
1.001956520451124932e+00
1.001956520451124932e+00
1.001956520451124932e+00
1.001956520451124932e+00
1.001956520451124710e+00
1.001956520451124710e+00
1.001956520451124710e+00
1.001904985708335527e+00
1.000808109474692564e+00
1.000807945270746568e+00
1.000807945270746568e+00
1.000807945270746568e+00
1.000404781100515006e+00
1.000404781028595425e+00
1.000404781028595425e+00
1.000404781028595425e+00
1.000404781028595425e+00
1.000404501030534687e+00
1.000404501030534687e+00
1.000404501030534687e+00
1.000404501030528914e+00
1.000404501030528914e+00
1.000404501030528470e+00
1.000404501030528470e+00
1.000404501030528470e+00
1.000404501030528470e+00
1.000404501030528470e+00
1.000404501030528470e+00
1.000404501030528470e+00
1.000210679364615718e+00
1.000206039744116593e+00
1.000206039744116593e+00
1.000068325218291809e+00
1.000068317781689808e+00
1.000068317781689808e+00
1.000068135647204315e+00
1.000068135645595380e+00
1.000068135645595380e+00
1.000068135645595380e+00
1.000068135645595380e+00
1.000068135645595380e+00
1.000068135645595380e+00
1.000068135645594936e+00
1.000068135645594714e+00
1.000068135645594714e+00
1.000068135645594714e+00
1.000043586180848543e+00
1.000043288676196074e+00
1.000009349320209573e+00
1.000009349320209573e+00
1.000009349320209573e+00
1.000009349320209573e+00
1.000009349320209573e+00
1.000009263260434489e+00
1.000009263022983097e+00
1.000009263022983097e+00
1.000009263022983097e+00
1.000009263022983097e+00
1.000009263022983097e+00
1.000009263022982653e+00
1.000009263022957562e+00
1.000009263022957562e+00
1.000009263022957562e+00
1.000009263022957562e+00
1.000009263022957562e+00
1.000009263022957562e+00
1.000009263022957562e+00
1.000007045452685484e+00
1.000001035941172400e+00
1.000001035941172400e+00
1.000001022448745003e+00
1.000001022448745003e+00
1.000001022448745003e+00
1.000000993024984242e+00
1.000000993024984020e+00
1.000000993019668938e+00
1.000000993019668938e+00
1.000000993019668938e+00
1.000000993019668938e+00
1.000000993019668938e+00
1.000000993019668716e+00
1.000000993019668716e+00
1.000000993019668716e+00
1.000000993019668716e+00
1.000000993019668716e+00
1.000000993019668716e+00
1.000000993019668716e+00
1.000000231476538604e+00
1.000000231476538604e+00
1.000000089235477896e+00
1.000000089235477896e+00
1.000000081982480582e+00
1.000000081982480582e+00
1.000000081551615905e+00
1.000000081551615683e+00
1.000000081551615683e+00
1.000000081551615683e+00
1.000000081551532638e+00
1.000000081551532638e+00
1.000000081551532638e+00
1.000000081551532638e+00
1.000000081551532638e+00
1.000000081551532638e+00
1.000000081551532638e+00
1.000000081551532638e+00
1.000000081551532638e+00
1.000000012754324707e+00
1.000000011470007388e+00
1.000000005018547133e+00
1.000000005018547133e+00
1.000000005008902626e+00
1.000000005008902626e+00
1.000000005008902626e+00
1.000000005008902626e+00
1.000000005008902626e+00
1.000000005008901738e+00
1.000000005008901738e+00
1.000000005008901738e+00
1.000000005008901738e+00
1.000000005008901738e+00
1.000000005008901738e+00
1.000000005008901738e+00
1.000000005008901738e+00
1.000000004846148149e+00
1.000000004846148149e+00
1.000000000433235670e+00
1.000000000433235670e+00
1.000000000433235670e+00
1.000000000227215580e+00
1.000000000227215580e+00
1.000000000227215580e+00
1.000000000227215580e+00
1.000000000227064811e+00
1.000000000227064811e+00
1.000000000227064811e+00
1.000000000227064811e+00
1.000000000227064811e+00
1.000000000227064811e+00
1.000000000227064811e+00
1.000000000227064811e+00
1.000000000212361906e+00
1.000000000212361906e+00
1.000000000012210455e+00
1.000000000012210455e+00
1.000000000012210455e+00
1.000000000012210455e+00
1.000000000007598810e+00
1.000000000007598810e+00
1.000000000007598810e+00
1.000000000007598810e+00
1.000000000007597256e+00
1.000000000007597256e+00
1.000000000007597256e+00
1.000000000007597256e+00
1.000000000007597256e+00
1.000000000007597256e+00
1.000000000007597256e+00
1.000000000007597256e+00
1.000000000007597256e+00
1.000000000006654011e+00
1.000000000006654011e+00
1.000000000006654011e+00
1.000000000006654011e+00
1.000000000000262457e+00
1.000000000000262457e+00
1.000000000000262457e+00
1.000000000000190514e+00
1.000000000000190514e+00
1.000000000000190514e+00
1.000000000000190514e+00
1.000000000000190514e+00
1.000000000000190514e+00
1.000000000000190514e+00
1.000000000000190514e+00
1.000000000000147660e+00
1.000000000000147660e+00
1.000000000000147660e+00
1.000000000000147660e+00
1.000000000000147660e+00
1.000000000000147660e+00
1.000000000000004663e+00
1.000000000000004663e+00
1.000000000000004663e+00
1.000000000000003775e+00
1.000000000000003775e+00
1.000000000000003775e+00
1.000000000000003775e+00
1.000000000000003775e+00
1.000000000000003775e+00
1.000000000000003775e+00
1.000000000000003775e+00
1.000000000000003775e+00
1.000000000000003775e+00
1.000000000000003775e+00
1.000000000000003775e+00
1.000000000000002442e+00
1.000000000000002442e+00
1.000000000000000222e+00
1.000000000000000222e+00
1.000000000000000222e+00
1.000000000000000222e+00
1.000000000000000222e+00
1.000000000000000222e+00
1.000000000000000222e+00
1.000000000000000222e+00
1.000000000000000222e+00
1.000000000000000222e+00
1.000000000000000222e+00
1.000000000000000222e+00
1.000000000000000222e+00
1.000000000000000222e+00
1.000000000000000222e+00
1.000000000000000222e+00
1.000000000000000222e+00
1.000000000000000222e+00
1.000000000000000222e+00
1.000000000000000222e+00
1.000000000000000222e+00
1.000000000000000222e+00
1.000000000000000222e+00
1.000000000000000222e+00
1.000000000000000222e+00
1.000000000000000222e+00
1.000000000000000222e+00
1.000000000000000222e+00
1.000000000000000222e+00
1.000000000000000222e+00
1.000000000000000222e+00
1.000000000000000222e+00
1.000000000000000222e+00
1.000000000000000222e+00
1.000000000000000222e+00
1.000000000000000222e+00
1.000000000000000222e+00
1.000000000000000222e+00
1.000000000000000222e+00
1.000000000000000222e+00
1.000000000000000222e+00
1.000000000000000222e+00
1.000000000000000222e+00
1.000000000000000222e+00
1.000000000000000222e+00
1.000000000000000222e+00
1.000000000000000222e+00
1.000000000000000222e+00
1.000000000000000222e+00
1.000000000000000222e+00
1.000000000000000222e+00
1.000000000000000222e+00
1.000000000000000222e+00
1.000000000000000222e+00
1.000000000000000222e+00
1.000000000000000222e+00
1.000000000000000222e+00
1.000000000000000222e+00
1.000000000000000222e+00
1.000000000000000222e+00
1.000000000000000222e+00
1.000000000000000222e+00
1.000000000000000222e+00
1.000000000000000222e+00
1.000000000000000222e+00
1.000000000000000222e+00
1.000000000000000222e+00
1.000000000000000222e+00
1.000000000000000222e+00
1.000000000000000222e+00
1.000000000000000222e+00
1.000000000000000222e+00
1.000000000000000222e+00
1.000000000000000222e+00
1.000000000000000222e+00
1.000000000000000222e+00
1.000000000000000222e+00
1.000000000000000222e+00
1.000000000000000222e+00
1.000000000000000222e+00
1.000000000000000222e+00
1.000000000000000222e+00
1.000000000000000222e+00
1.000000000000000222e+00
1.000000000000000222e+00
1.000000000000000222e+00
1.000000000000000222e+00
1.000000000000000222e+00
1.000000000000000222e+00
1.000000000000000222e+00
1.000000000000000222e+00
1.000000000000000222e+00
1.000000000000000222e+00
1.000000000000000222e+00
1.000000000000000222e+00
1.000000000000000222e+00
1.000000000000000222e+00
1.000000000000000222e+00
1.000000000000000222e+00
1.000000000000000222e+00
1.000000000000000222e+00
1.000000000000000222e+00
1.000000000000000222e+00
1.000000000000000222e+00
1.000000000000000222e+00
1.000000000000000222e+00
1.000000000000000222e+00
1.000000000000000222e+00
1.000000000000000222e+00
1.000000000000000222e+00
1.000000000000000222e+00
1.000000000000000222e+00
1.000000000000000222e+00
1.000000000000000222e+00
1.000000000000000222e+00
1.000000000000000222e+00
1.000000000000000222e+00
1.000000000000000222e+00
1.000000000000000222e+00
1.000000000000000222e+00
1.000000000000000222e+00
1.000000000000000222e+00
1.000000000000000222e+00
1.000000000000000222e+00
1.000000000000000222e+00
1.000000000000000222e+00
1.000000000000000222e+00
1.000000000000000222e+00
1.000000000000000222e+00
1.000000000000000222e+00
1.000000000000000222e+00
1.000000000000000222e+00
1.000000000000000222e+00
1.000000000000000222e+00
1.000000000000000222e+00
1.000000000000000222e+00
1.000000000000000222e+00
1.000000000000000222e+00
1.000000000000000222e+00
1.000000000000000222e+00
1.000000000000000222e+00
1.000000000000000222e+00
1.000000000000000222e+00
1.000000000000000222e+00
1.000000000000000222e+00
1.000000000000000222e+00
1.000000000000000222e+00
1.000000000000000222e+00
1.000000000000000222e+00
1.000000000000000222e+00
1.000000000000000222e+00
1.000000000000000222e+00
1.000000000000000222e+00
1.000000000000000222e+00
1.000000000000000222e+00
1.000000000000000222e+00
1.000000000000000222e+00
1.000000000000000222e+00
1.000000000000000222e+00
1.000000000000000222e+00
1.000000000000000222e+00
1.000000000000000222e+00
1.000000000000000222e+00
1.000000000000000222e+00
1.000000000000000222e+00
1.000000000000000222e+00
1.000000000000000222e+00
1.000000000000000222e+00
1.000000000000000222e+00
1.000000000000000222e+00
1.000000000000000222e+00
1.000000000000000222e+00
1.000000000000000222e+00
1.000000000000000222e+00
1.000000000000000222e+00
1.000000000000000222e+00
1.000000000000000222e+00
1.000000000000000222e+00
1.000000000000000222e+00
1.000000000000000222e+00
1.000000000000000222e+00
1.000000000000000222e+00
1.000000000000000222e+00
1.000000000000000222e+00
1.000000000000000222e+00
1.000000000000000222e+00
1.000000000000000222e+00
1.000000000000000222e+00
1.000000000000000222e+00
1.000000000000000222e+00
1.000000000000000222e+00
1.000000000000000222e+00
1.000000000000000222e+00
1.000000000000000222e+00
1.000000000000000222e+00
1.000000000000000222e+00
1.000000000000000222e+00
1.000000000000000222e+00
1.000000000000000222e+00
1.000000000000000222e+00
1.000000000000000222e+00
1.000000000000000222e+00
1.000000000000000222e+00
1.000000000000000222e+00
1.000000000000000222e+00
1.000000000000000222e+00
1.000000000000000222e+00
1.000000000000000222e+00
1.000000000000000222e+00
1.000000000000000222e+00
1.000000000000000222e+00
1.000000000000000222e+00
1.000000000000000222e+00
1.000000000000000222e+00
1.000000000000000222e+00
1.000000000000000222e+00
1.000000000000000222e+00
1.000000000000000222e+00
1.000000000000000222e+00
1.000000000000000222e+00
1.000000000000000222e+00
1.000000000000000222e+00
1.000000000000000222e+00
1.000000000000000222e+00
1.000000000000000222e+00
1.000000000000000222e+00
1.000000000000000222e+00
1.000000000000000222e+00
1.000000000000000222e+00
1.000000000000000222e+00
1.000000000000000222e+00
1.000000000000000222e+00
1.000000000000000222e+00
