8.088460674087661472e+89
4.616603287468511309e+89
1.510166066422320113e+89
2.749017024301552046e+88
2.183976197482715947e+88
4.263016122157279462e+87
1.294637082458731044e+87
1.290008967792060887e+87
1.181740485092927729e+87
1.180241864988828555e+87
1.452913779836080583e+86
1.410913914999178929e+86
6.958084852049489800e+85
6.957639305326780877e+85
6.769931573793122093e+85
3.809406944565139675e+85
5.830691884454540362e+84
5.830608998653554234e+84
5.826609065277821866e+84
4.075656590530273142e+84
4.048297460734735854e+84
1.363497209920014087e+84
2.977067292749856536e+83
2.966942697265300862e+83
2.966939116771203078e+83
2.966927098208741205e+83
2.546538669630252516e+83
2.543234137055849124e+83
5.133036894418874013e+82
4.919053535618663956e+82
1.789276397538464366e+82
1.789203062010145635e+82
1.694545516498606629e+82
1.694545373665687743e+82
9.389982592611369863e+81
2.080164575042787561e+81
2.080114478696308814e+81
2.078847210594094971e+81
1.189088512664519781e+81
1.189088387389750136e+81
1.170999595649078482e+81
1.170999589553765221e+81
3.489365922813954832e+80
1.038375536230926924e+80
1.035308352634897689e+80
1.035306282308930342e+80
1.035304196722726574e+80
8.080653179908011107e+79
8.080653178721227146e+79
8.054635283470971193e+79
1.303205528752343985e+79
1.268339050755432418e+79
5.866541637191944435e+78
5.866541637092363436e+78
5.866429283319013512e+78
5.384955220362036323e+78
5.384954535408677284e+78
5.384954515689669755e+78
3.290640566555675670e+78
5.399989844604734999e+77
5.399725365033830766e+77
5.398507894624767847e+77
3.597483067559958955e+77
3.597482815055995998e+77
3.597482815054226567e+77
3.517238582943454851e+77
3.517238556830189184e+77
3.517238556824141954e+77
1.273750482182957035e+77
2.790845051651914646e+76
2.787681690177990387e+76
2.787669930617479208e+76
2.787666600888202516e+76
2.332612231270477776e+76
2.332612231140943143e+76
2.322042422982754382e+76
4.922261117979285921e+75
4.850487612755001247e+75
1.709064259010535687e+75
1.709064258970402209e+75
1.709043260941249264e+75
1.601563685474539405e+75
1.601563210804789195e+75
1.601563208520077826e+75
1.261311667071980606e+75
2.152480944858867592e+74
2.152480944858864830e+74
2.152275810055251086e+74
2.151849860358404510e+74
1.178823650381939654e+74
1.178823614868675162e+74
1.178823614867772766e+74
1.156547608978900048e+74
1.156547586858603187e+74
1.156547586858078924e+74
6.335918221532087865e+73
6.300177142637105005e+73
1.169343837450629674e+73
1.169333736508985127e+73
1.169332969102199958e+73
8.736266990363863912e+72
8.736266990218144133e+72
8.698062488413929193e+72
8.698062488413761281e+72
2.914418997019991581e+72
2.859255164377020691e+72
7.734112429594336513e+71
7.734112428950443187e+71
7.734056103184864813e+71
7.734056103184864813e+71
6.870940953235626811e+71
6.870940949863241154e+71
6.870936684951829329e+71
5.475503534797747948e+71
1.366623162049919234e+71
1.366623162049918008e+71
1.366410130624678294e+71
1.366185245202196161e+71
5.928607563268303192e+70
5.928607563268303192e+70
5.928607491230577090e+70
5.928607491212698384e+70
5.700213166096163609e+70
5.700213166094655633e+70
5.700212903781123384e+70
3.006734612372712408e+70
2.996169138613244670e+70
7.539785354182965115e+69
7.539677159829370983e+69
7.539674601149347410e+69
4.885641337615005007e+69
4.885641337615005007e+69
4.885641337561056566e+69
4.885641337561056566e+69
4.836501293565784941e+69
4.836501293565378064e+69
1.410087535791726722e+69
1.393054737543874890e+69
4.849486002676364739e+68
4.849486001440533516e+68
4.849468241528975045e+68
4.849468241528975045e+68
4.054557255728313935e+68
4.054557254338165679e+68
4.054553428064489877e+68
3.387303696925996986e+68
6.647228050741479640e+67
6.647228050741477245e+67
6.645143678366450553e+67
6.644717085905827159e+67
3.489636484295996975e+67
3.489636484295996975e+67
3.489636484295996377e+67
3.489636454750974736e+67
3.489636454720734289e+67
3.489636454720734289e+67
3.296144177718145739e+67
3.296144177717789553e+67
3.296143951741639195e+67
1.963733112204980122e+67
1.960112744077721880e+67
3.709425951806215324e+66
3.709425218655451024e+66
3.709316898330545951e+66
2.686211074749097924e+66
2.686211074749097924e+66
2.686211074737558935e+66
2.686211074737558935e+66
2.649372606419937122e+66
2.649372606419937122e+66
2.649372606419340736e+66
9.656826638499416444e+65
9.592410365093261998e+65
2.498374294285659181e+65
2.498368714283783713e+65
2.498368713438714002e+65
2.498368713438714002e+65
2.183996774656880013e+65
2.183996774371493406e+65
2.183992182294418718e+65
2.183992182294418718e+65
2.012719811427370648e+65
4.806146113100944220e+64
4.806146113100943051e+64
4.803434579807823271e+64
4.803170714953066851e+64
1.969168732406691615e+64
1.969168732406691615e+64
1.969168732406690738e+64
1.969168725750194718e+64
1.969168725725386020e+64
1.969168725725386020e+64
1.880399074240483597e+64
1.880399074240430398e+64
1.880398770035146122e+64
1.434949881387174752e+64
1.432660918747832918e+64
2.808284195127790010e+63
2.808283897812039798e+63
2.808129371210193756e+63
1.717563629015913376e+63
1.717563629015913376e+63
1.717563629013751815e+63
1.717563629013751815e+63
1.696073931223394860e+63
1.696073931223394860e+63
1.696073931222765683e+63
8.949595851746624572e+62
8.884144025872879427e+62
1.998836937324679891e+62
1.998834410178419764e+62
1.998834410178419764e+62
1.998834407940988182e+62
1.594476746874546102e+62
1.594476746804844805e+62
1.594470654571152654e+62
1.594470654571152654e+62
1.485242136573596415e+62
1.485242136573596187e+62
5.145397067349900981e+61
5.140969305001362942e+61
5.140755445039231039e+61
1.703582123464291077e+61
1.703582123464291077e+61
1.703582123464289649e+61
1.703582121181428088e+61
1.703582121181428088e+61
1.703582121104624750e+61
1.703582121104624750e+61
1.563012194775615023e+61
1.563012194775591331e+61
1.563011671624553445e+61
1.197295541810441297e+61
1.196167285611818130e+61
3.192873374373493014e+60
3.192873198268052394e+60
3.192588539831076802e+60
1.640964943033644525e+60
1.640964943033644525e+60
1.640964943032375702e+60
1.640964943032375702e+60
1.598357894742927386e+60
1.598357894742927386e+60
1.598357894740615780e+60
7.997404988306606098e+59
7.960325090352610470e+59
7.960325090352610470e+59
7.960325090352610470e+59
2.290562126796581713e+59
2.290560606131360402e+59
2.290560606131360402e+59
2.290560598818027260e+59
1.659035777488535525e+59
1.659035777440023152e+59
1.659026377930708655e+59
1.659026377930708655e+59
1.573817323441507313e+59
1.573817323441506867e+59
4.675033868539975060e+58
4.666991617961445121e+58
4.666910857719138022e+58
1.890252607658670956e+58
1.890252607658670956e+58
1.890252607658663151e+58
1.890252605851768966e+58
1.890252605851768966e+58
1.890252605616409967e+58
1.890252605616409967e+58
1.671739430899293366e+58
1.671739430899293366e+58
1.671739430899282773e+58
1.671738578007832647e+58
1.357861117265462846e+58
1.357195865740189088e+58
2.894583650381884474e+57
2.894583557330839709e+57
2.894068412029046037e+57
2.894068412029046037e+57
1.715097010967272538e+57
1.715097010967272538e+57
1.715097010966731048e+57
1.715097010966731048e+57
1.654710351339777757e+57
1.654710351339777757e+57
1.654710351333611252e+57
9.556707230489400374e+56
9.532394011602897436e+56
9.532394011602897436e+56
9.532394011602897436e+56
2.114157459409785314e+56
2.114156626565350212e+56
2.114156626565350212e+56
2.114156617686424371e+56
1.649406581744708994e+56
1.649406581725976150e+56
1.649386122857051135e+56
1.649386122857051135e+56
1.609683917511710588e+56
1.609683917511710588e+56
5.934273643310853544e+55
5.917319703413992460e+55
5.917236236438182660e+55
1.846389801320680658e+55
1.846389801320680658e+55
1.846389801320661874e+55
1.846389800647152419e+55
1.846389800647152419e+55
1.846389800327121481e+55
1.846389800327121481e+55
1.674891102056244685e+55
1.674891102056244685e+55
1.674891102056241691e+55
1.674889216823851514e+55
1.514202487276898515e+55
1.513670571379270413e+55
3.870417014322772745e+54
3.870416949329494686e+54
3.869210699651286947e+54
3.869210699651286947e+54
1.853140044711733485e+54
1.853140044711733485e+54
1.853140044711565726e+54
1.853140044711565386e+54
1.796334915745204423e+54
1.796334915745204423e+54
1.796334915734847589e+54
1.317097818210351175e+54
1.314128015858720843e+54
1.314128015858720843e+54
1.314128015858720843e+54
2.971398910777875108e+53
2.971398268067812766e+53
2.971398268067812766e+53
2.971398229445057609e+53
2.971398229445057609e+53
2.023015015464815738e+53
2.023015015457338459e+53
2.022974702622742656e+53
2.022974702622742656e+53
1.984381836382879343e+53
1.984381836382879343e+53
1.008645429552202198e+53
1.004721475517387924e+53
1.004712074780082364e+53
2.753583633867821824e+52
2.753583633867821824e+52
2.753583633867761743e+52
2.753583633470305026e+52
2.753583633470305026e+52
2.753583631902913933e+52
2.753583631902913933e+52
2.753583631902913933e+52
2.332030189521239315e+52
2.332030189521239315e+52
2.332030189521237188e+52
2.332025402317686294e+52
2.129720882746013356e+52
2.129309739602945997e+52
7.402926571626881135e+51
7.402926571626881135e+51
7.402926508537469584e+51
7.399388018456796531e+51
7.399388018456796531e+51
2.993201947353798499e+51
2.993201947353798499e+51
2.993201947353644308e+51
2.993201947353642979e+51
2.822539716341814635e+51
2.822539716341814635e+51
2.822539716285507208e+51
2.063928261450425353e+51
2.061076819772501735e+51
2.061076819772501735e+51
2.061076819772501735e+51
5.957358241248087942e+50
5.957357555764078179e+50
5.957357555764078179e+50
5.957357352410853031e+50
5.957357352410853031e+50
3.577953629692879875e+50
3.577953629684629938e+50
3.577852501413238131e+50
3.577852501413238131e+50
3.577852501413238131e+50
3.530412671970529390e+50
3.530412671970529390e+50
1.675996975501220558e+50
1.663219885886559552e+50
1.663213050409435597e+50
5.527122853413973331e+49
5.527122853413973331e+49
5.527122853413441640e+49
5.527122852848582050e+49
5.527122852848582050e+49
5.527122844576759886e+49
5.527122844576759886e+49
5.527122844576759886e+49
4.398022273899370918e+49
4.398022273899370918e+49
4.398022273899369360e+49
4.398008618965081827e+49
4.110343201643557157e+49
4.109936813130507156e+49
1.234843352512079422e+49
1.234843352512079422e+49
1.234843346320209082e+49
1.233678410731114573e+49
1.233678410731114573e+49
5.806578646065345051e+48
5.806578646065345051e+48
5.806578646065217191e+48
5.806578646065206806e+48
5.361606834778899078e+48
5.361606834778899078e+48
5.361606834512766604e+48
4.212576747225322101e+48
4.209422884607315467e+48
4.209422884607315467e+48
4.209422884607315467e+48
9.952220653854189904e+47
9.952219979048990258e+47
9.952219979048990258e+47
9.952219523908655297e+47
9.952219523908655297e+47
6.594957277333106862e+47
6.594957277326948311e+47
6.594550570021938041e+47
6.594550570021938041e+47
6.594550570021938041e+47
6.594550570021938041e+47
6.551496166330395501e+47
6.551496166330395501e+47
3.635388386772222575e+47
3.593026416421194995e+47
3.593015164174276873e+47
9.479184825313055979e+46
9.479184825313055979e+46
9.479184825311005427e+46
9.479184824945934224e+46
9.479184824945934224e+46
9.479184805433718701e+46
9.479184805433718701e+46
9.479184805433718701e+46
7.887795990431194163e+46
7.887795990431194163e+46
7.887795990431194163e+46
7.887743996347344224e+46
7.633513611211614264e+46
7.633019189488784019e+46
2.838298760466100759e+46
2.838298760466100759e+46
2.838298753278120771e+46
2.833946704518417379e+46
2.833946704518417379e+46
1.065044764749221453e+46
1.065044764749221453e+46
1.065044764749214862e+46
1.065044764749210171e+46
9.955993994084443559e+45
9.955993994084443559e+45
9.955993993348509003e+45
8.776510698429843630e+45
8.771680937739283657e+45
8.771680937739283657e+45
8.771680937739283657e+45
2.416999782522205248e+45
2.416999782522205248e+45
2.416999695067294891e+45
2.416999695067294891e+45
2.416999377286326040e+45
2.416999377286326040e+45
1.346651791180206296e+45
1.346651791179807144e+45
1.346531810146198015e+45
1.346531810146198015e+45
1.346531810146198015e+45
1.346531810146198015e+45
1.340188398894085507e+45
9.336778328425206361e+44
9.336778328425206361e+44
9.209002669457680494e+44
9.208986427560390426e+44
2.427246629113707429e+44
2.427246629113707429e+44
2.427246629112629134e+44
2.427246629075419627e+44
2.427246629075419627e+44
2.427246613930681837e+44
2.427246613930681837e+44
2.427246613930681837e+44
1.822084524050634912e+44
1.822084524050634912e+44
1.822084524050634912e+44
1.822064893444990024e+44
1.773925793567386004e+44
1.773867122259077814e+44
8.688351050625948680e+43
8.688351050625948680e+43
8.688351040155687531e+43
8.669676162769494952e+43
2.904456568963757777e+43
2.904456568963757777e+43
2.904456568963757777e+43
2.904456568963747874e+43
2.904456568963747874e+43
2.904456568963720639e+43
2.587970474980431204e+43
2.587970474980431204e+43
2.587970474391780316e+43
2.304056810467463875e+43
2.303325230369560875e+43
2.303325230369560875e+43
2.303325230369560875e+43
8.133685530485772056e+42
8.133685530485772056e+42
8.133682984211076189e+42
8.133682830254709007e+42
8.133682830254709007e+42
8.133682830254709007e+42
3.977501712949861668e+42
3.977501712949181420e+42
3.977022109160318557e+42
3.977022109160318557e+42
3.977022109160318557e+42
3.977022109160318557e+42
3.964842960630917945e+42
2.726209779400048569e+42
2.726209779400048569e+42
2.657005980571555756e+42
2.657003878781975507e+42
8.464578370570604797e+41
8.464578370570604797e+41
8.464578370555082576e+41
8.464578370555082576e+41
8.464578370466630213e+41
8.464578240149807255e+41
8.464578240149807255e+41
8.464578240149807255e+41
8.464578240149807255e+41
5.827676595870183624e+41
5.827676595870183624e+41
5.827676595870183624e+41
5.827584580808105654e+41
5.718525000845849969e+41
5.718430219629883578e+41
2.617743376961411792e+41
2.617743376961411792e+41
2.606866529487630816e+41
2.606866527645188407e+41
1.008979741842667317e+41
1.008979741842667317e+41
1.008979741842667317e+41
1.008979741842667317e+41
1.008979741842667317e+41
1.008979741842665963e+41
1.008979741842626891e+41
1.008979741842626891e+41
8.653601634239660841e+40
8.653601629582848602e+40
7.935179073955022494e+40
7.935179073955022494e+40
7.933829970540479325e+40
7.933829970540479325e+40
2.459584971408011485e+40
2.459583904498309049e+40
2.459583904498309049e+40
2.459583876980108000e+40
2.459583876980108000e+40
2.459583876980108000e+40
1.337888281008463185e+40
1.337888281008366471e+40
1.337539477911084614e+40
1.337539477911084614e+40
1.337539477911084614e+40
1.337539477911084614e+40
1.335394901915811178e+40
9.993615796642077114e+39
9.993615796642077114e+39
9.634261306304844668e+39
9.634255904800962450e+39
2.578924699399781773e+39
2.578924699399781169e+39
2.578924699389586297e+39
2.578924699389586297e+39
2.578924699379278694e+39
2.578924643949811049e+39
2.578924643949811049e+39
2.578924643949811049e+39
2.578924643949811049e+39
2.578924643949811049e+39
1.888233151794900036e+39
1.888233151794900036e+39
1.888171048949783539e+39
1.870206582914962593e+39
1.870186767208231194e+39
1.870186767208231194e+39
1.010256560358310131e+39
1.003941158572678660e+39
1.003941158229619816e+39
3.185797224244999251e+38
3.185797224244999251e+38
3.185797224244999251e+38
3.185797224244999251e+38
3.185797224244999251e+38
3.185797224244998118e+38
3.185797224244722332e+38
3.185797224244722332e+38
2.796906919202680438e+38
2.796906916973605966e+38
2.675216745767442780e+38
2.675216745767442780e+38
2.674917003156952688e+38
2.674917003156952688e+38
1.009839126988794555e+38
1.009837970749483328e+38
1.009837964925826413e+38
1.009837964925826413e+38
1.009837964925826413e+38
1.009837964925826413e+38
1.009837964925826413e+38
4.560714910800808616e+37
4.560714910800705668e+37
4.559131575847291917e+37
4.559131575847291917e+37
4.559131575847291917e+37
4.559131575847291917e+37
4.554258552355124040e+37
3.865232727421970762e+37
3.865232727421970762e+37
3.722732310911890315e+37
3.722731298406759812e+37
1.120354362230751935e+37
1.120354362230751463e+37
1.120354362221935041e+37
1.120354362221935041e+37
1.120354362220145264e+37
1.120354362220145264e+37
1.120354294966809034e+37
1.120354294966809034e+37
7.179349633938212033e+36
7.179349633938212033e+36
7.179349633938212033e+36
7.179349633938212033e+36
7.178998908384546160e+36
7.178998908384546160e+36
7.128113243400480602e+36
7.128113243400480602e+36
7.128077104276211319e+36
4.738386766949013541e+36
4.701579631347488430e+36
4.701579630655332355e+36
1.462955095503305166e+36
1.462955095503305166e+36
1.462955095503305166e+36
1.462955095503305166e+36
1.462955095503305166e+36
1.462955095503304871e+36
1.462955095503038648e+36
1.462955095503038648e+36
1.194032835962586288e+36
1.194032833350781154e+36
1.194032833350781154e+36
1.150366706984226945e+36
1.150297121095755827e+36
1.150297121095755827e+36
5.471781356117654678e+35
5.471768094267004963e+35
5.471768078537607224e+35
5.471768078537607224e+35
5.471768078537607224e+35
5.471768078537607224e+35
5.471768078537607224e+35
2.237349913797970418e+35
2.236338972442623656e+35
2.236338972442596355e+35
2.236338972442596355e+35
2.236338972442596355e+35
2.236338972442596355e+35
2.234866376734786383e+35
1.908529478019854839e+35
1.789241925716239122e+35
1.789241925716239122e+35
1.789241710549001940e+35
6.540920037339228204e+34
6.540920037339220825e+34
6.540920037146020696e+34
6.540920037146020696e+34
6.540920037139351275e+34
6.540920037139351275e+34
6.540919141600288875e+34
6.540919141600288875e+34
3.804922798914514728e+34
3.804922798914514728e+34
3.804922798914514728e+34
3.804661416146281722e+34
3.804661416146281722e+34
3.804661416146281722e+34
3.786675740882668733e+34
3.786675740882668733e+34
2.485208465142941321e+34
2.485204423853860102e+34
2.449724265268755159e+34
2.449724265063271804e+34
8.770749277872833238e+33
8.770749277872833238e+33
8.770749277872833238e+33
8.770749277872833238e+33
8.770749277872833238e+33
8.770749277872833238e+33
8.770749277872833238e+33
8.770749277866681248e+33
8.770749277866681248e+33
6.763931579522104321e+33
6.763931546779704286e+33
6.763931546779704286e+33
6.586137294367779491e+33
6.585927455037168583e+33
2.948644195192386747e+33
2.948644195192386747e+33
2.948633976681260633e+33
2.948633971686397117e+33
2.948633971686397117e+33
2.948633971686397117e+33
2.948633971686397117e+33
2.948633971686397117e+33
1.333614211726394420e+33
1.332347870405505493e+33
1.332347870405498575e+33
1.332347870405498575e+33
1.332347870405498575e+33
1.332347870405498575e+33
1.331866879219930706e+33
1.180806385394995128e+33
1.082677362814540410e+33
1.082677362814540410e+33
1.082677276663338608e+33
3.546663630101544746e+32
3.546663630101531776e+32
3.546663629879623930e+32
3.546663629879623930e+32
3.546663629878198630e+32
3.546663629878198630e+32
3.546662931254197149e+32
3.546662931254197149e+32
2.208247889518456058e+32
2.208247889518456058e+32
2.208247889518456058e+32
2.207937363371573815e+32
2.207937363371573815e+32
2.207937363371573815e+32
2.207937363371573815e+32
2.202352782521734798e+32
1.593160524723191543e+32
1.593158708627399546e+32
1.561306038344218592e+32
1.561306038283547719e+32
4.828120604905091417e+31
4.828120604905091417e+31
4.828120604905091417e+31
4.828120604905091417e+31
4.828120604905091417e+31
4.828120604905091417e+31
4.828120604905091417e+31
4.828120604897809096e+31
4.828120604897809096e+31
3.850519571792581114e+31
3.850519543638106467e+31
3.850519543638106467e+31
3.796841843095440515e+31
3.796765582417979258e+31
2.005914110954544277e+31
2.005897430266763097e+31
2.005897430266763097e+31
2.005897428586557896e+31
2.005897428586557896e+31
2.005897428586557896e+31
2.005897428586557896e+31
2.005897428586557896e+31
7.684522718645607788e+30
7.675286229058217463e+30
7.675286229058205079e+30
7.675286229058205079e+30
7.675286229058205079e+30
7.675286229058205079e+30
7.673540510474195239e+30
7.186264840779419634e+30
6.618733290940136902e+30
6.618733290940136902e+30
6.618733056907752879e+30
6.618733056907578364e+30
2.569987866175148136e+30
2.569987866175148136e+30
2.569987865865982776e+30
2.569987865865982776e+30
2.569987865865982776e+30
2.569987865865982776e+30
2.569987865865571823e+30
2.569986571925912843e+30
2.569986571925912843e+30
1.382847217580961084e+30
1.382847217580961084e+30
1.382847217580961084e+30
1.382579658004860953e+30
1.382579658004860953e+30
1.382579658004860953e+30
1.382579658004860953e+30
1.380183204289549298e+30
1.130881090165965279e+30
1.130880425020320528e+30
1.105982907139198301e+30
1.105982907139198301e+30
3.703234378929936368e+29
3.703234378911194357e+29
3.703234378911194357e+29
3.703234378911194357e+29
3.703234378911194357e+29
3.703234378911194357e+29
3.703234378899827693e+29
3.703234378899826990e+29
3.703234378899826990e+29
2.682251461449330582e+29
2.682251413259405787e+29
2.682251413259405787e+29
2.653673908916418966e+29
2.653646830828444894e+29
2.653582686069049819e+29
1.685858598745109702e+29
1.685858598745109702e+29
1.685858598745109702e+29
1.685858598093426522e+29
1.685858598093426522e+29
1.685858598093426522e+29
1.685858598093426522e+29
1.685858598093426522e+29
6.246019167229871536e+28
6.236536414476803970e+28
6.236536414476798693e+28
6.236536414476798693e+28
6.236536414476798693e+28
6.235698546892368656e+28
6.235698546892368656e+28
5.443954052721055036e+28
5.171893878088252851e+28
5.171893878088252851e+28
5.171893799623452714e+28
5.171893799623171239e+28
2.425301581644493740e+28
2.425301581644493740e+28
2.425301580673293360e+28
2.425301580673293360e+28
2.425301580673293360e+28
2.425301580673293360e+28
2.425301580673067740e+28
2.425299048603242252e+28
2.425299048603242252e+28
1.202377740887700556e+28
1.202377740887700556e+28
1.202377740887700556e+28
1.202063316231928128e+28
1.202063316231928128e+28
1.202063316231928128e+28
1.202063316231928128e+28
1.200745716541460453e+28
9.925780824008842376e+27
9.925778010412309035e+27
9.556684559225773481e+27
9.556684559225773481e+27
3.705386029000346541e+27
3.705386028988764285e+27
3.705386028988764285e+27
3.705386028988764285e+27
3.705386028988764285e+27
3.705386028988764285e+27
3.705386028948622215e+27
3.705386028948620566e+27
3.705386028948620566e+27
2.506767586434253504e+27
2.506767493947840624e+27
2.506767493947840624e+27
2.488561988979482979e+27
2.488548913084609905e+27
2.488461222154237216e+27
1.566404312696494891e+27
1.566404312696494891e+27
1.566404312696494891e+27
1.566404312349210570e+27
1.566404312349210570e+27
1.566404312349210570e+27
1.566404312349210570e+27
1.566404312349210570e+27
6.387422259171341196e+26
6.368067200314483789e+26
6.368067200314481041e+26
6.368067200314481041e+26
6.368067200314481041e+26
5.367277520669802554e+26
5.366936738549957389e+26
5.171976137691336969e+26
5.171976137691336969e+26
5.171976137691336969e+26
5.171976089254946368e+26
5.171976089253955433e+26
2.310569480406286862e+26
2.310569480406286862e+26
2.310569478469383399e+26
2.310569478469383399e+26
2.310569478469383399e+26
2.310569478469383399e+26
2.310565905953150714e+26
2.310565905953150714e+26
2.310565905953063096e+26
1.221613627880915445e+26
1.221613627880915445e+26
1.221613627880915445e+26
1.220979372591868806e+26
1.220979372591868806e+26
1.220979372591868806e+26
1.220979372591868806e+26
1.220232570557443600e+26
1.056553048134810376e+26
1.056552851346998252e+26
1.056552851346998252e+26
1.004698279226937105e+26
3.568580571106250590e+25
3.568580571101678598e+25
3.568580571101678598e+25
3.568580571101678598e+25
3.568580571101678598e+25
3.568580571101678598e+25
3.568580571101678598e+25
3.568580571101674303e+25
3.568580571019862477e+25
3.568580571019862477e+25
2.506665737553964511e+25
2.506665737553964511e+25
2.506665593795037530e+25
2.496636967073539855e+25
2.496628843086188723e+25
2.496456327175723720e+25
2.496456327175723720e+25
1.746690237420606198e+25
1.746690237420606198e+25
1.746690237420606198e+25
1.746690237236833567e+25
1.746690237236833567e+25
1.746690237236833567e+25
1.746690237236833567e+25
6.303624496080895546e+24
6.279975909811493251e+24
6.279975909811493251e+24
6.279975909811492177e+24
6.279975909811492177e+24
6.279975909811492177e+24
5.371346828388959921e+24
5.371136145768399573e+24
5.262132440828784782e+24
5.262132440828784782e+24
5.262132440828784782e+24
5.262132440826530998e+24
5.262132419488503185e+24
5.262132419488503185e+24
5.262132419488503185e+24
2.746617371215201015e+24
2.746617366960604264e+24
2.746617366960604264e+24
2.746617366960604264e+24
2.746607499505473270e+24
2.746607499505473270e+24
2.746607499505432468e+24
1.272331654515640412e+24
1.272331654515640412e+24
1.271468033266437545e+24
1.271468033266437545e+24
1.271468033266437545e+24
1.271468033266437545e+24
1.271468033266437545e+24
1.270968024400288226e+24
1.167522923425751301e+24
1.167522821162772585e+24
1.167522821162772585e+24
1.109319658002575388e+24
4.514954941308803157e+23
4.514954941306367776e+23
4.514954941306367776e+23
4.514954941306367776e+23
4.514954941306367776e+23
4.514954941306367776e+23
4.514954941306353012e+23
4.514954941102777602e+23
4.514954941102777602e+23
4.514954941102777602e+23
2.846565201703028528e+23
2.846565201703028528e+23
2.846564839328391428e+23
2.838572134617655940e+23
2.838567665404952739e+23
2.838287701202040657e+23
2.838287701202040657e+23
2.238444072863040526e+23
2.238444072863040526e+23
2.238444072863040526e+23
2.238444072863040526e+23
2.238444072762626875e+23
2.238444072762626875e+23
2.238444072762626875e+23
8.448039496698396095e+22
8.408998453873653422e+22
8.408998453873653422e+22
8.408998453873653422e+22
8.408998453873653422e+22
6.739633751397400733e+22
6.739633751397400733e+22
6.739492590363185932e+22
6.633068948018515516e+22
6.633068948018515516e+22
6.633068948012947997e+22
6.633068948012947997e+22
6.633068948012947997e+22
6.633068948012947997e+22
6.633068936732912648e+22
6.633068888230346097e+22
6.633068888230346097e+22
4.059617146960394112e+22
4.059617146960394112e+22
4.059617146960394112e+22
4.059590084124872173e+22
4.059590084124840296e+22
1.808378571470808495e+22
1.806773940973448305e+22
1.806773940973448305e+22
1.806773940973448305e+22
1.806773940973448305e+22
1.806773940973448305e+22
1.806344192898302476e+22
1.806344192898302476e+22
1.676062418445317387e+22
1.676062418445317387e+22
1.676062348329061083e+22
1.548519381793938552e+22
7.315464180064385499e+21
7.315464180064385499e+21
7.315464180064385499e+21
7.315464180062157275e+21
7.315464180062157275e+21
7.315464180062157275e+21
7.315464180062095409e+21
7.315464179017435841e+21
7.315464179017435841e+21
7.315464179017435841e+21
7.315461174361036161e+21
4.327948739947042177e+21
4.327948739947042177e+21
4.320077948162316173e+21
4.320077948162316173e+21
4.319481415317149188e+21
4.319477972250509967e+21
4.319477972250509967e+21
3.450782880507711980e+21
3.450782880507711980e+21
3.450782880507711980e+21
3.450782880424514290e+21
3.450782880424514290e+21
3.450782880424514290e+21
1.439975146660493525e+21
1.427620955697728979e+21
1.427620955697728979e+21
1.427620955697728979e+21
1.427620955697728979e+21
1.093404765967598354e+21
1.081425070376583168e+21
1.081412978601434022e+21
1.081412978601434022e+21
1.081412978601434022e+21
1.081412978598541001e+21
1.081412978598541001e+21
1.081412978598541001e+21
1.081412978598541001e+21
1.081412962413474218e+21
1.081412962413474218e+21
1.081412961368175149e+21
6.602207892409424282e+20
6.602207892409424282e+20
6.602142044130793226e+20
6.602142044130793226e+20
6.602142044130793226e+20
6.602142044130773565e+20
3.126490606035879199e+20
3.126490606035879199e+20
3.121249864585474212e+20
3.121249864585474212e+20
3.121249864585474212e+20
3.121249864585474212e+20
3.121249864585474212e+20
3.120823129821347185e+20
3.120823129821347185e+20
2.952103473805329695e+20
2.952103397968960553e+20
2.670500642766486897e+20
2.670500642766486897e+20
2.670500642766486897e+20
1.220050618175889900e+20
1.220050618175733924e+20
1.220050618175700500e+20
1.220050618175700500e+20
1.220050617810911396e+20
1.220050617810911396e+20
1.220050617810911396e+20
1.220049848979759104e+20
1.220049848979759104e+20
7.475156625496573542e+19
7.475156625496573542e+19
7.475156625496573542e+19
7.467338878584242176e+19
7.467338878584242176e+19
7.465390134833409229e+19
7.465390134833409229e+19
7.465386549220574822e+19
6.299063778627934618e+19
6.299063778558220698e+19
6.299063778558220698e+19
6.299063778558220698e+19
2.447697759520843776e+19
2.421803349831387136e+19
2.421803349831387136e+19
2.421803349831387136e+19
2.421803349831387136e+19
2.421803349831387136e+19
1.885078810165517107e+19
1.885078810165517107e+19
1.873176607507794739e+19
1.873163959194897203e+19
1.873163959184000205e+19
1.873163959184000205e+19
1.873163959184000205e+19
1.873163959183999795e+19
1.873163914510780006e+19
1.873163914510780006e+19
1.873163914510780006e+19
1.274027149000353997e+19
1.274027148635508941e+19
1.274027148635508941e+19
1.274000335735400038e+19
1.274000335735400038e+19
1.274000335735400038e+19
1.274000335735398605e+19
5.481505857475597312e+18
5.481505857475597312e+18
5.469801664302083072e+18
5.469801664302083072e+18
5.469801664302083072e+18
5.469801664302083072e+18
5.469801664302083072e+18
5.469344741070695424e+18
5.292964494445071360e+18
5.292964494445071360e+18
5.292964433138638848e+18
5.292964433138638848e+18
4.795154366536363008e+18
4.795154366536363008e+18
2.512575129121018368e+18
2.512575129120883200e+18
2.512575129120706048e+18
2.512575127697431552e+18
2.512575127697431552e+18
2.512575127697431552e+18
2.512575127697431552e+18
2.512571562051282944e+18
1.393091266450531840e+18
1.393091266450531840e+18
1.393091266450531840e+18
1.393091266450531840e+18
1.393091266450531840e+18
1.393091266450531840e+18
1.392598314316971520e+18
1.391652016152331264e+18
1.391651702814025728e+18
1.248303601547646208e+18
1.248303601547646208e+18
1.248303601542048000e+18
1.248303601542048000e+18
1.248303601542048000e+18
1.248303601542048000e+18
1.212013637556878592e+18
5.296269397789285760e+17
5.296269397789285760e+17
5.296269397789285760e+17
5.296269397789285760e+17
5.296269397789285760e+17
5.296269397789285760e+17
3.825793916451153280e+17
3.825793916409336320e+17
3.825793916409336320e+17
3.808670512167101440e+17
3.808657362429504640e+17
3.808657362429501440e+17
3.808657160469827200e+17
3.808657160469827200e+17
3.808657160469827200e+17
2.889456602910166400e+17
2.889456602910166400e+17
2.889456602526438400e+17
2.889456602526438400e+17
2.889456602526438400e+17
2.889356354507489280e+17
2.889356354507489280e+17
2.889356354507487360e+17
1.268342150896959520e+17
1.268342150896959520e+17
1.264903300924646720e+17
1.264903300924646720e+17
1.264903300924646720e+17
1.264903300924646720e+17
1.264841850680626720e+17
1.264841850680626720e+17
1.264841850680626720e+17
1.231747815497204800e+17
1.231747815497204800e+17
1.231747815497204800e+17
1.231747808708420640e+17
1.071895332852147360e+17
6.396978689333309600e+16
6.396978689333136800e+16
6.396978689332080000e+16
6.396978679243603200e+16
6.396978679243603200e+16
6.396978679243603200e+16
6.396978679243603200e+16
6.396961879124480000e+16
3.419571152416762000e+16
3.419571152416762000e+16
3.419571152416762000e+16
3.419571152416762000e+16
3.419571152416762000e+16
3.419571152416762000e+16
3.417940411734489200e+16
3.416506534666349600e+16
3.416506148515447600e+16
3.110756850192356800e+16
3.110756850192356800e+16
3.110756850192356800e+16
3.110756850185515600e+16
3.110756850185515600e+16
2.973789160581218000e+16
1.449389266483999200e+16
1.449389266483999200e+16
1.449389266483999200e+16
1.449389266483999200e+16
1.449389266483999200e+16
1.449389266483999200e+16
1.449389266483999200e+16
1.001212434157282400e+16
1.001212434157282400e+16
1.001212434125965000e+16
1.001212434125963400e+16
9.982587897244350000e+15
9.982569425939746000e+15
9.982568417457028000e+15
9.982568417457028000e+15
9.982568417457028000e+15
9.982568417457028000e+15
7.734246247650531000e+15
7.734246247650531000e+15
7.734246247109509000e+15
7.734246247109509000e+15
7.733851860812240000e+15
7.733851860812240000e+15
7.733851860812240000e+15
3.617092562967702500e+15
3.617092562967701500e+15
3.599864030709078500e+15
3.599864030709078500e+15
3.599864030709078500e+15
3.599864030709078500e+15
3.599864030709078500e+15
3.599762258246145000e+15
3.599762258246145000e+15
3.531847960766569500e+15
3.531847960766569500e+15
2.988082357909872500e+15
2.988082350048089500e+15
2.988082350048089500e+15
1.803706747270967250e+15
1.803706747270049250e+15
1.803706747270028750e+15
1.803706741440001250e+15
1.803706741440001250e+15
1.803699407400505000e+15
1.803699407400505000e+15
1.803699407400505000e+15
9.927999085568402500e+14
9.927999085568402500e+14
9.927999085568402500e+14
9.927999085568402500e+14
9.927999085568402500e+14
9.927999085568402500e+14
9.927999085568402500e+14
9.919517361746247500e+14
9.917047467153441250e+14
9.917046826910392500e+14
9.253175293416641250e+14
9.253175293416641250e+14
9.253175293416641250e+14
9.253175293407578750e+14
9.253175293407578750e+14
8.743393097637488750e+14
4.207394233696121875e+14
4.207394233696121875e+14
4.207394233696121875e+14
4.207394233696121875e+14
4.207394233696121875e+14
4.207394233696121875e+14
4.207394233696121875e+14
4.207394233696121875e+14
2.937474734670131250e+14
2.937474734474181250e+14
2.937474734474165625e+14
2.937474254982025000e+14
2.932269418623230625e+14
2.932266282400560000e+14
2.932266282400560000e+14
2.932266282400560000e+14
2.932266282400560000e+14
2.413921728692396875e+14
2.413921728613493750e+14
2.413921728613493750e+14
2.413921728613493750e+14
2.413684594105203125e+14
2.413684594105203125e+14
1.078314017427704219e+14
1.078314017427704219e+14
1.078314017427704219e+14
1.071806189645951406e+14
1.071806189645951406e+14
1.071806189645951406e+14
1.071806189645951406e+14
1.071806189645951406e+14
1.071806189645951406e+14
1.071788436177204375e+14
1.059386508132467344e+14
1.059386508132467344e+14
8.965674332459456250e+13
8.965674321862804688e+13
8.965674321862804688e+13
5.995266363879676562e+13
5.995266363872303125e+13
5.995266328504737500e+13
5.995266328504708594e+13
5.995266328504708594e+13
5.995266328504708594e+13
5.995216312433573438e+13
5.995216312433573438e+13
3.079993242005093750e+13
3.079993242005093750e+13
3.079993242005093750e+13
3.079993242005093750e+13
3.079993242005093750e+13
3.079993242005093750e+13
3.079993242005093750e+13
3.076520173359717969e+13
3.076052603471064062e+13
3.076052511249093359e+13
2.942173284607955859e+13
2.942173284607955859e+13
2.942173284607955859e+13
2.942173284607955859e+13
2.771247290038300391e+13
2.771247290037287109e+13
1.490472657770354297e+13
1.490472657770354297e+13
1.490472657770354297e+13
1.490472657770354297e+13
1.490472657770354297e+13
1.490472657770354297e+13
1.490472657770354297e+13
1.490472657493344922e+13
9.716657243838669922e+12
9.716657243838546875e+12
9.716657243838546875e+12
9.716657243838546875e+12
9.716654005293152344e+12
9.705440312723261719e+12
9.705435168774339844e+12
9.705435168774339844e+12
8.473940140261368164e+12
8.473940140261368164e+12
8.472696570707847656e+12
8.472696570586714844e+12
8.472696570586714844e+12
8.472696570586714844e+12
8.472696570586714844e+12
4.047764435793315430e+12
4.047764435793315430e+12
4.047764435793315430e+12
4.017301280080870605e+12
4.017301280080870605e+12
4.017301280080870605e+12
4.017301280080870605e+12
4.017301280080870605e+12
4.017301280080870605e+12
4.017301280080870605e+12
4.017263938780219727e+12
3.982873312425335449e+12
3.217093245966055176e+12
3.217093245966055176e+12
3.217093244265848145e+12
3.217093244265848145e+12
2.359402605643858887e+12
2.359402605637588379e+12
2.359402571825235352e+12
2.359402571825234863e+12
2.359402571825234863e+12
2.359402571825229980e+12
2.359369605825960938e+12
2.359369605825960938e+12
2.359369605825960938e+12
1.218233581795065674e+12
1.218233581795065674e+12
1.218233581795065674e+12
1.218233581795065674e+12
1.216426528325255371e+12
1.216426528325255371e+12
1.216426528325255371e+12
1.216317084193886963e+12
1.216317084193886963e+12
1.174723976902841309e+12
1.174723960142214111e+12
1.174723960142214111e+12
1.081840245172547363e+12
1.081840245172547363e+12
1.081840245172372437e+12
6.416892858500859375e+11
6.416892858500859375e+11
6.416892858500859375e+11
6.416892858500859375e+11
6.416892858500859375e+11
6.416892858500859375e+11
6.416892858500859375e+11
6.416892855331444092e+11
6.416892855331146240e+11
6.416892855331146240e+11
4.066281602268836060e+11
4.066279188570494385e+11
4.066279188570494385e+11
4.066279188570494385e+11
4.063337724436856079e+11
4.063336600857310791e+11
3.628854278223804932e+11
3.628095592342266235e+11
3.628095592342266235e+11
3.628095592317094116e+11
3.628095592317094116e+11
3.628095592317094116e+11
3.628095592317094116e+11
3.628095592317094116e+11
1.853746424451134644e+11
1.831570826912408447e+11
1.831570826912408447e+11
1.831570826912408447e+11
1.831570826912408447e+11
1.831570826912408447e+11
1.831570826912408447e+11
1.831570826912408447e+11
1.831561154350338440e+11
1.831561154350338440e+11
1.820829400881704102e+11
1.429607125772085571e+11
1.429607125772085571e+11
1.429607125391585999e+11
1.084774310942327576e+11
1.084774310934145203e+11
1.084774310934145203e+11
1.084774280516748505e+11
1.084774280516748505e+11
1.084774280516748047e+11
1.084774280516747131e+11
1.084774280516747131e+11
1.084774280516747131e+11
1.084751096514499054e+11
1.084751096514499054e+11
5.768095622491533661e+10
5.768095622491533661e+10
5.768095622491533661e+10
5.753985467126617432e+10
5.753985467126617432e+10
5.753985467126617432e+10
5.753985467126617432e+10
5.753985467126617432e+10
5.753680294209927368e+10
5.612932672490156555e+10
5.612932629124613190e+10
5.088035413920485687e+10
3.112288731836650848e+10
3.112288731836650848e+10
3.112288731836521530e+10
3.112288731836521530e+10
3.112288731836521530e+10
3.112288731836521530e+10
3.112288731836521530e+10
3.112288731836521530e+10
3.112288731836521530e+10
3.112288728663584900e+10
3.112288728663153076e+10
3.112288728663153076e+10
1.978196806756313324e+10
1.978194906213578033e+10
1.978194906213578033e+10
1.978194906213578033e+10
1.977327139949546051e+10
1.977326838411849976e+10
1.976541649399208069e+10
1.818019125058448792e+10
1.818019125058448792e+10
1.818019125058448792e+10
1.818019125052782440e+10
1.818019125052782440e+10
1.818019125052782440e+10
1.818019125052782440e+10
9.352744758667690277e+09
9.352744758667690277e+09
9.211246058542158127e+09
9.211246058542158127e+09
9.211246058542158127e+09
9.211246058542158127e+09
9.211246058542158127e+09
9.211246058542158127e+09
7.179058464847859383e+09
7.179041623499269485e+09
7.158433607107448578e+09
7.158433607107448578e+09
7.158433607107448578e+09
7.158433606252136230e+09
7.158433606252136230e+09
7.158433606100496292e+09
5.780821806820116043e+09
5.780821519429137230e+09
5.780821519429130554e+09
5.780821519429130554e+09
5.780821519429130554e+09
5.780821519429130554e+09
5.780591980241692543e+09
5.780591980241690636e+09
5.780591980241690636e+09
3.005332664518879890e+09
3.005332664518879890e+09
3.005332664518879890e+09
2.995707321551057816e+09
2.995707321551057816e+09
2.995707321551057816e+09
2.995707321551057816e+09
2.995613573296244144e+09
2.995613573296244144e+09
2.947657889826951981e+09
2.947657879104685307e+09
2.653688776895077229e+09
2.653688776895077229e+09
1.774213139088984013e+09
1.774213139088952065e+09
1.774213139088952065e+09
1.774213139088952065e+09
1.774213139088952065e+09
1.774213139088952065e+09
1.774213139088952065e+09
1.774213135658401251e+09
1.774213135657803774e+09
1.774213135657803774e+09
1.079782881790159464e+09
1.079782881790159464e+09
1.079780907608211756e+09
1.079780907608211756e+09
1.079780907608211756e+09
1.079487848598618269e+09
1.079487848598618269e+09
1.079487768026005983e+09
1.078899355189379930e+09
1.018491079776706696e+09
1.018491079776706696e+09
1.018491079776706696e+09
1.018491079776706696e+09
1.018491079775363207e+09
1.018491079775363207e+09
1.018491079775363207e+09
1.018491079775363207e+09
5.684721596359565258e+08
5.684721596359565258e+08
5.578223846582492590e+08
5.578223846582492590e+08
5.578223846582492590e+08
5.578223846582492590e+08
4.171149270567276478e+08
4.171144173490507603e+08
4.163252190168834925e+08
4.163252190168834925e+08
4.163252190168834925e+08
4.163252190168834925e+08
4.163252189998189211e+08
4.163252189998189211e+08
4.163252189779646397e+08
3.550104810218161941e+08
3.550104810218151212e+08
3.550104432339529395e+08
3.550104432339529395e+08
3.550104432339529395e+08
3.550104432339529395e+08
3.549886739429121614e+08
3.549886739429121614e+08
3.549886739429121614e+08
1.919870536633673906e+08
1.919870536633673906e+08
1.911846561618415117e+08
1.911846561618415117e+08
1.911846561618415117e+08
1.911846561618415117e+08
1.911846561618415117e+08
1.911812328721585274e+08
1.911812328721585274e+08
1.889577504226228595e+08
1.889577500897764862e+08
1.889577500897764862e+08
1.657899378480374813e+08
1.196244162052732855e+08
1.196244162052723318e+08
1.196244162052723318e+08
1.196244162052723318e+08
1.196244162052723318e+08
1.196244162052723318e+08
1.196244162052723318e+08
1.196244162051819712e+08
1.196244156614711285e+08
1.196244156614711285e+08
7.253517569724395871e+07
7.253517569724395871e+07
7.253495166796334088e+07
7.253495166796334088e+07
7.253495166796334088e+07
7.252309418077485263e+07
7.246880026249440014e+07
7.246879751942971349e+07
7.246879751942971349e+07
7.246879751942971349e+07
6.933819189218738675e+07
6.933819189218738675e+07
6.933819189218738675e+07
6.933819189214618504e+07
6.933819189214618504e+07
6.933819189214618504e+07
6.933819189214618504e+07
4.148021527282699943e+07
4.148021527282699943e+07
4.037343968709182739e+07
4.037343968709182739e+07
4.037343968709182739e+07
4.037343968709182739e+07
4.037343968709182739e+07
2.956604138784783706e+07
2.953046768429087102e+07
2.953044838539024442e+07
2.953044838539024442e+07
2.953044838239698112e+07
2.953044838239698112e+07
2.953044838239673525e+07
2.953044838239673525e+07
2.953044180727645755e+07
2.953044180727645755e+07
2.593033362555383891e+07
2.593033362499287724e+07
2.593033362499287724e+07
2.593033362499287724e+07
2.592795894330175966e+07
2.592795894330175966e+07
2.592795894330175966e+07
1.462574504899239540e+07
1.462574504899239540e+07
1.453429915553561412e+07
1.453429915553561412e+07
1.453429915553561412e+07
1.453429915553561412e+07
1.453414970033046231e+07
1.453414970033046231e+07
1.441851155050818995e+07
1.441851155050818995e+07
1.441851155050818995e+07
1.441851153768489137e+07
1.243357993486436270e+07
9.362589626369502395e+06
9.362589626369502395e+06
9.362589626369502395e+06
9.362589626369470730e+06
9.362589626369470730e+06
9.362589626350170001e+06
9.362589542594542727e+06
9.362589542594542727e+06
9.362589542594542727e+06
9.362589542594542727e+06
9.362589542594540864e+06
9.362513222740989178e+06
5.732739521691458300e+06
5.732739521691458300e+06
5.732739521691458300e+06
5.732739521691458300e+06
5.732179979290057905e+06
5.725508146282854490e+06
5.725508146282854490e+06
5.725508032988970168e+06
5.548077372562185861e+06
5.548077372562185861e+06
5.548077372562185861e+06
5.548077372562185861e+06
5.548077372560774907e+06
5.548077372560774907e+06
5.548077372560774907e+06
5.259364986116202548e+06
3.334369794221919961e+06
3.334369794221919961e+06
3.334369794221919961e+06
3.334369794221919961e+06
3.334369794221919961e+06
3.334369794221919961e+06
2.422883362030300312e+06
2.422883362030300312e+06
2.421077898131726310e+06
2.421077897625766229e+06
2.421077039296234027e+06
2.421077039296175353e+06
2.421077039296175353e+06
2.421077039296175353e+06
2.421076135602837894e+06
2.196883981803502422e+06
2.196883981803502422e+06
2.196883981781960465e+06
2.196883981781960465e+06
2.196883981781960465e+06
2.196548580723815598e+06
2.196548580723815598e+06
2.196548580723815598e+06
2.196548580723815598e+06
1.260983591535825515e+06
1.260983591535825515e+06
1.250825199931016890e+06
1.250825199931016890e+06
1.250825199931016890e+06
1.250825199931016890e+06
1.250825199931016890e+06
1.250817875692104222e+06
1.250817875692104222e+06
1.244329997494369047e+06
1.244329996983399615e+06
1.061999067909282632e+06
1.061999067909282632e+06
1.061999067909282632e+06
1.061999067909282632e+06
8.488008594345090678e+05
8.488008594345080201e+05
8.488008594345080201e+05
8.488008594305191655e+05
8.488008453546912642e+05
8.488008453546909150e+05
8.488008453546909150e+05
8.488008453546909150e+05
8.487885017525426811e+05
5.142504215229913825e+05
5.142504215229913825e+05
5.142504215229913825e+05
5.142504215229913825e+05
5.142504215229913825e+05
5.134468062072921311e+05
5.134468062072921311e+05
5.134171058792531257e+05
5.134171058792531257e+05
5.134171010052712518e+05
5.025306338893554639e+05
5.025306338893554639e+05
5.025306338893045904e+05
5.025306338893045904e+05
4.732097197185073746e+05
4.732097197185073746e+05
3.228564123208110686e+05
3.228564123208110686e+05
3.228564123208110686e+05
3.228564123208110686e+05
3.228564123208110686e+05
3.228564123208110686e+05
3.228564123208110686e+05
2.285192722020859073e+05
2.285192721099169285e+05
2.285192721099169285e+05
2.285192721099038317e+05
2.284129715348820901e+05
2.284129306612741202e+05
2.284127723788765143e+05
2.284127723788765143e+05
2.129268321040279698e+05
2.129268321040279698e+05
2.129268321031389059e+05
2.129268321031389059e+05
2.129268321031389059e+05
2.128796640619061072e+05
2.128796640619061072e+05
1.294375252127149579e+05
1.294375252127149579e+05
1.294375252127149579e+05
1.294375252127149579e+05
1.281066950556086813e+05
1.281066950556086813e+05
1.281066950556086813e+05
1.281066950556086813e+05
1.281066950556086813e+05
1.281062840205143730e+05
1.276552320641458791e+05
1.276552320641458791e+05
1.276552320641458791e+05
1.276552320641458791e+05
1.064138025669828639e+05
1.064138025505654368e+05
1.064138025505654368e+05
8.941415866801046650e+04
8.941415866801046650e+04
8.941415866710533737e+04
8.941415866710529372e+04
8.941415559339852189e+04
8.941415559339846368e+04
8.941210487512215332e+04
8.941210487512215332e+04
8.941210487512215332e+04
5.538489160986313800e+04
5.538489160986313800e+04
5.538489160986313800e+04
5.538489160986313800e+04
5.538489160986313800e+04
5.538489160986313800e+04
5.538489160986313800e+04
5.526879458055844589e+04
5.526695336000667885e+04
5.526695311188779306e+04
5.442714579117434187e+04
5.442714579117434187e+04
5.442714579117237008e+04
5.058029989415691671e+04
3.675835070673321752e+04
3.675835070673321752e+04
3.675835070673321752e+04
3.675835070673321752e+04
3.675835070673321752e+04
3.675835070673321752e+04
3.675835070673321752e+04
2.586103179897504742e+04
2.586103179897504742e+04
2.586103177574669462e+04
2.586103177574326037e+04
2.586100139841921919e+04
2.585371647183819732e+04
2.585371417128127723e+04
2.585371417128127723e+04
2.585371417128127723e+04
2.451821660042434451e+04
2.451821660042434451e+04
2.451042377975220370e+04
2.451042377971327733e+04
2.451042377971327733e+04
2.451042377971327733e+04
2.451042377971327733e+04
1.570485045007959889e+04
1.570485045007959889e+04
1.570485045007959889e+04
1.548367095412080198e+04
1.548367095412080198e+04
1.548367095412080198e+04
1.548367095412080198e+04
1.548367095412080198e+04
1.548367095412080198e+04
1.548367095412080198e+04
1.548364457445416519e+04
1.544834759147407203e+04
1.269829009835700344e+04
1.269829009835700344e+04
1.269829009835700344e+04
1.269829009758455140e+04
1.104088331688323160e+04
1.104088331688323160e+04
1.104088331661165648e+04
1.104088261495564257e+04
1.104088261495562256e+04
1.104088261495562256e+04
1.104049297151102473e+04
7.018428300918006244e+03
7.018428300918006244e+03
7.018428300918006244e+03
7.018428300918006244e+03
7.018428300918006244e+03
7.018428300918006244e+03
7.018428300918006244e+03
6.997319290065637688e+03
6.997319290065637688e+03
6.997319290065637688e+03
6.997189631514155735e+03
6.924813537239559082e+03
6.924813524368430990e+03
6.924813524368430990e+03
6.924813524368430990e+03
6.372023006607272691e+03
6.372023006607222669e+03
4.851402087260497865e+03
4.851402087260497865e+03
4.851402087260497865e+03
4.851402087260497865e+03
4.851402087260497865e+03
4.851402087260497865e+03
4.851402087260497865e+03
4.851402075022004283e+03
3.416206372023716995e+03
3.416206372022537835e+03
3.416199766344570889e+03
3.416199766344570889e+03
3.415641221692534600e+03
3.415641221692534600e+03
3.415641089013225155e+03
3.415641089013225155e+03
3.289011907771015103e+03
3.287422912779532908e+03
3.287422912779532908e+03
3.287422912778262344e+03
3.287422912778262344e+03
3.287422912778262344e+03
3.287422912778262344e+03
3.287422912778262344e+03
2.195139741137160399e+03
2.156536528037926928e+03
2.156536528037926928e+03
2.156536528037926928e+03
2.156536528037926928e+03
2.156536528037926928e+03
2.156536528037926928e+03
2.156536528037926928e+03
2.156534837179906845e+03
2.153524091267188851e+03
1.753600627641048959e+03
1.753600627641048959e+03
1.753600627641048959e+03
1.753600627614317773e+03
1.578524508960332923e+03
1.578524508877223525e+03
1.578524330149896059e+03
1.578524330149888101e+03
1.578524330149888101e+03
1.578524330149888101e+03
1.578434069311708299e+03
1.578434069311708299e+03
1.578434069311708299e+03
1.578434069311708299e+03
1.023551285509736999e+03
1.023551285509736999e+03
1.023551285509736999e+03
1.019529922796865776e+03
1.019529922796865776e+03
1.019520827569128187e+03
1.019520827569128187e+03
1.012745266361006998e+03
1.012745265861461689e+03
1.012745265861461689e+03
9.241706044168752214e+02
7.433705024128505556e+02
7.433705024128502146e+02
7.433705024128502146e+02
7.433705024128502146e+02
7.433705024128502146e+02
7.433705024128502146e+02
7.433705024128502146e+02
7.433704988320853317e+02
7.433704988312493924e+02
7.433704988312493924e+02
5.213192138538938707e+02
5.213192138538938707e+02
5.213192138538938707e+02
5.213174705119811279e+02
5.213174705119811279e+02
5.212744888888081505e+02
5.212744832813548328e+02
5.209167135450695696e+02
5.078171356874276512e+02
5.078171356874276512e+02
5.078171356874130993e+02
5.078171356874130993e+02
5.078171356874130993e+02
5.078171356874130993e+02
5.078171356874130993e+02
5.078171356874130993e+02
3.598389117542538997e+02
3.520355617482941284e+02
3.520355617482941284e+02
3.520355617482941284e+02
3.520355617482941284e+02
3.520355617482941284e+02
2.823792782521789491e+02
2.823792256464048478e+02
2.822085221451567350e+02
2.822085221451567350e+02
2.822085221451567350e+02
2.822085221451567350e+02
2.822085221448257357e+02
2.822085221117232550e+02
2.616881775516123412e+02
2.616881218839500320e+02
2.616881218839467351e+02
2.616881218839467351e+02
2.616881218839467351e+02
2.616881218839467351e+02
2.616658826366296466e+02
2.616658826366296466e+02
2.616658826366296466e+02
1.767040803413160006e+02
1.757997844857677308e+02
1.757997844857677308e+02
1.757997844857677308e+02
1.757997844857677308e+02
1.757997844857677308e+02
1.757997844857677308e+02
1.757992937734411214e+02
1.751317149619206077e+02
1.751317149547777205e+02
1.578240100130702501e+02
1.334693842421756926e+02
1.334693842421756926e+02
1.334693842421756926e+02
1.334693842421756926e+02
1.334693842421756926e+02
1.334693842421756926e+02
1.334693842421756926e+02
1.334693842421756926e+02
1.334693829339731792e+02
1.334693829336373483e+02
9.471571753317975606e+01
9.471571753317975606e+01
9.471520160928808707e+01
9.471520160928807286e+01
9.471262697447973267e+01
9.471262688596465296e+01
9.471262688596465296e+01
9.462342842397879394e+01
9.318072163724387735e+01
9.318072163724387735e+01
9.318072163724386314e+01
9.318072163724386314e+01
9.318072163724386314e+01
9.318072163724386314e+01
6.998134874626039448e+01
6.998134874626039448e+01
6.804054771483822606e+01
6.804054771483822606e+01
6.804054771483822606e+01
6.804054771483822606e+01
5.421219184886514597e+01
5.420077053693430003e+01
5.420076961021635498e+01
5.420076961021635498e+01
5.420076959637822966e+01
5.420076959637822966e+01
5.420076959637822966e+01
5.420076959637785308e+01
5.163142894443833342e+01
5.163140951633810971e+01
5.163140951633650388e+01
5.163140951633650388e+01
5.163140951633650388e+01
5.162487002621494980e+01
5.162487002621494980e+01
5.162487002621494980e+01
3.643896757260137065e+01
3.618499623910676632e+01
3.618499623910676632e+01
3.618499623910676632e+01
3.618499623910676632e+01
3.618498629840013336e+01
3.618498629840013336e+01
3.613354243518232778e+01
3.613354243518232778e+01
3.613354243517289888e+01
3.223177633012082310e+01
3.223177633012082310e+01
2.869803467840320010e+01
2.869803467840320010e+01
2.869803467840320010e+01
2.869803467840320010e+01
2.869803467840320010e+01
2.869803467822724485e+01
2.869803413599753483e+01
2.869803413599753483e+01
2.069822183419504213e+01
2.069803571634399120e+01
2.069803571634398409e+01
2.069803571634398409e+01
2.069803571634398409e+01
2.069797692492991104e+01
2.066980221174456389e+01
2.066980221174456389e+01
2.066980221161377429e+01
2.054372319706661898e+01
2.054372319706661898e+01
2.054372319706661898e+01
2.054372319706661898e+01
2.054372319706661898e+01
2.054372319706661898e+01
1.654749003443251354e+01
1.597116885969973410e+01
1.597116885969973410e+01
1.597116885969973410e+01
1.264498450712111755e+01
1.264498450712111755e+01
1.264468733451571225e+01
1.264468733295093195e+01
1.264468732619866209e+01
1.264468732619866209e+01
1.264468732619757141e+01
1.264467852381868163e+01
1.264467852381868163e+01
1.238380030110904428e+01
1.238380030110904428e+01
1.238380030110904428e+01
1.238380030110904428e+01
1.238380030110904428e+01
1.238131123749436036e+01
1.238131123749436036e+01
9.307448221802237853e+00
9.307448221802237853e+00
9.219024146479709358e+00
9.219024146479709358e+00
9.219024146479709358e+00
9.219024146479709358e+00
9.219024126461247803e+00
9.219024126461247803e+00
9.217425459436398683e+00
9.217425459436398683e+00
9.217425459436398683e+00
8.116338164951873324e+00
8.116338164951873324e+00
7.684003470379748180e+00
7.684003470379748180e+00
7.684003470379748180e+00
7.684003470379748180e+00
7.684003470266652869e+00
7.684003176612558939e+00
7.684003176612558939e+00
7.684003176612549169e+00
7.684003176612549169e+00
7.683833455519965661e+00
5.725933407364973249e+00
5.725933407364973249e+00
5.725933407364973249e+00
5.714404784836012219e+00
5.714404645808954797e+00
5.714404645808954797e+00
5.714404645808953020e+00
5.709772460430531105e+00
5.709772460430531105e+00
5.709772460430531105e+00
5.709772460430531105e+00
5.413637776640221944e+00
4.853195925460827453e+00
4.853195925460827453e+00
4.853195925460827453e+00
4.853195925460827453e+00
4.853195925460827453e+00
3.839208619227159058e+00
3.839208614524982188e+00
3.839208614524982188e+00
3.839207764628236319e+00
3.839207764628205233e+00
3.839207764627303732e+00
3.839202395406375423e+00
3.839202395406375423e+00
3.827496605466849999e+00
3.827496605466849999e+00
3.827496605466849999e+00
3.827496605466849999e+00
3.826224668649027105e+00
3.826224668649027105e+00
3.228347478749848509e+00
3.228347478749848509e+00
3.228347478749848509e+00
3.181842502073489953e+00
3.181842502073489953e+00
3.181842502073489953e+00
3.181842502072980139e+00
3.181842502072980139e+00
3.181836592985135326e+00
3.181836592985135326e+00
2.755458061062704633e+00
2.755458061062704633e+00
2.755458061062704633e+00
2.755458061062704633e+00
2.730518993044451115e+00
2.730518992936571632e+00
2.730518992936571632e+00
2.730518747581061945e+00
2.730518747581061945e+00
2.730518747581051731e+00
2.730404088813276786e+00
2.237157797114628366e+00
2.237157797114628366e+00
2.237157797114628366e+00
2.237157797114628366e+00
2.229437436847881315e+00
2.229437436847881315e+00
2.229437436847881315e+00
2.229437436843359155e+00
2.229437436843359155e+00
2.229415544970448249e+00
2.229415544970448249e+00
2.082449043126177735e+00
2.082449043126177735e+00
2.039137540272927929e+00
2.039137540272927929e+00
2.039137540272927929e+00
2.039137540272927929e+00
1.697350861937488631e+00
1.697350855856093244e+00
1.697350855856093244e+00
1.697350855854762086e+00
1.697345241041672947e+00
1.697345241006170236e+00
1.697345241006170236e+00
1.697345241006170236e+00
1.697274043050307490e+00
1.697274043050307490e+00
1.696175572130360631e+00
1.696175572130360631e+00
1.696175572130360631e+00
1.696175572130360631e+00
1.696175572130360631e+00
1.632106369696461945e+00
1.593207852560497573e+00
1.593207852560497573e+00
1.593207852560497573e+00
1.593207852560497573e+00
1.593207852560497573e+00
1.593207852560497573e+00
1.593207852243872180e+00
1.593207852243872180e+00
1.396821617973908802e+00
1.396821617973908802e+00
1.396621003994055865e+00
1.396621003994055865e+00
1.396621003807310135e+00
1.396620660385934354e+00
1.396620660385914148e+00
1.396620660385914148e+00
1.396488884282744758e+00
1.325043103900640284e+00
1.325043103900640284e+00
1.325043103900640284e+00
1.325043103900640284e+00
1.325043103900640284e+00
1.316123532448940869e+00
1.316123532448940869e+00
1.316123530818418930e+00
1.316123530818418930e+00
1.316123530818418930e+00
1.223617650595818951e+00
1.223144056633842514e+00
1.223144056633842514e+00
1.223144056633842514e+00
1.223144056633842514e+00
1.223144056633842514e+00
1.223144039737992905e+00
1.156359451357657386e+00
1.156359451353569323e+00
1.156359451353569323e+00
1.156348002541273123e+00
1.156348002541273123e+00
1.156348002541272901e+00
1.156348002541272901e+00
1.156348002541272901e+00
1.156347995478761437e+00
1.154664616619833550e+00
1.154664616619833550e+00
1.154664616619833550e+00
1.154664616619833550e+00
1.153708122453694473e+00
1.118674437800808663e+00
1.118674437800808663e+00
1.118674437800808663e+00
1.118674437800808663e+00
1.118674437800808663e+00
1.118674437800808663e+00
1.118674437800808663e+00
1.068249776334071255e+00
1.068249776334071255e+00
1.068249776334071255e+00
1.068249751254276125e+00
1.068249750669750364e+00
1.068248867994260998e+00
1.068248867994183060e+00
1.067994165202431844e+00
1.067994165202431844e+00
1.067994165202431844e+00
1.066629606971332356e+00
1.066629606971332356e+00
1.066629606971332356e+00
1.056174210034665828e+00
1.056174210034665828e+00
1.056174210034665828e+00
1.056174210034665828e+00
1.056174210034665828e+00
1.056174210034665828e+00
1.026399485852601545e+00
1.026399414607938931e+00
1.026399414607938931e+00
1.026399414607938931e+00
1.026399414607938931e+00
1.026399362339066812e+00
1.026399362321834596e+00
1.024858419561365919e+00
1.024828705237690096e+00
1.024828705237690096e+00
1.024828705237688986e+00
1.024828705237688986e+00
1.024828705237688986e+00
1.024828705237688986e+00
1.022431545441969458e+00
1.022431545441969458e+00
1.022431545441969458e+00
1.022431545441969458e+00
1.022431385030422080e+00
1.022431385030422080e+00
1.009040851445954790e+00
1.009040851445954790e+00
1.009040851445954790e+00
1.009040851445954790e+00
1.007709750046212660e+00
1.007709750046212660e+00
1.007709750046212660e+00
1.007709747761064145e+00
1.007709747761064145e+00
1.007707152402927520e+00
1.007707152402555595e+00
1.007707152402555595e+00
1.007295947942938863e+00
1.007295947942938863e+00
1.007295947942938863e+00
1.007295947942938863e+00
1.007295688190090521e+00
1.002813014989187179e+00
1.002813014989187179e+00
1.002813014989187179e+00
1.002813014989187179e+00
1.002813014989187179e+00
1.001956834748566338e+00
1.001956834748566338e+00
1.001956834748566338e+00
1.001956834748566338e+00
1.001956834748566338e+00
1.001956670167458041e+00
1.001956670095315305e+00
1.001956670095315305e+00
1.001956670095315305e+00
1.001956355797977372e+00
1.001904821072125307e+00
1.001904821072119534e+00
1.001904821072119534e+00
1.000807945198763482e+00
1.000807945198763482e+00
1.000807945198763482e+00
1.000807945198763482e+00
1.000807945198763482e+00
1.000807945198763260e+00
1.000404781028589651e+00
1.000404781028589651e+00
1.000404781028589651e+00
1.000404781028589651e+00
1.000404501030528692e+00
1.000404501030528692e+00
1.000404493588926247e+00
1.000399852170187120e+00
1.000399852168577297e+00
1.000399852168577297e+00
1.000399852168577297e+00
1.000399852168577297e+00
1.000399852168577297e+00
1.000206032303857517e+00
1.000206032303857295e+00
1.000206032303856851e+00
1.000068317780080873e+00
1.000068317780080873e+00
1.000068317780080873e+00
1.000068317780080873e+00
1.000068317780080873e+00
1.000068317780080873e+00
1.000068135645595158e+00
1.000068135645595158e+00
1.000068135645595158e+00
1.000068135645595158e+00
1.000068135645595158e+00
1.000068135645595158e+00
1.000068135645595158e+00
1.000068135408115788e+00
1.000067837888856781e+00
1.000043288438728917e+00
1.000043288438703826e+00
1.000043288438703382e+00
1.000043288438703382e+00
1.000009349082732868e+00
1.000009349082732868e+00
1.000009349082732868e+00
1.000009349082732868e+00
1.000009349082732868e+00
1.000009349082732868e+00
1.000009263022957784e+00
1.000009263022957784e+00
1.000009263022957784e+00
1.000009263022957784e+00
1.000009263022957340e+00
1.000009263022957340e+00
1.000009249530308120e+00
1.000009249524992816e+00
1.000007031954780690e+00
1.000007031954780690e+00
1.000007031954780690e+00
1.000007031954780690e+00
1.000007031954780690e+00
1.000007031954780468e+00
1.000001022443429699e+00
1.000001022443429699e+00
1.000001022443429699e+00
1.000000993019668938e+00
1.000000993019668938e+00
1.000000993019668938e+00
1.000000993019668938e+00
1.000000993019668938e+00
1.000000993019668494e+00
1.000000993019668494e+00
1.000000993019668494e+00
1.000000993019668494e+00
1.000000993019668494e+00
1.000000993019668494e+00
1.000000992588803150e+00
1.000000850347525949e+00
1.000000850347442904e+00
1.000000088804529952e+00
1.000000088804529952e+00
1.000000088804529952e+00
1.000000088804529952e+00
1.000000081551532638e+00
1.000000081551532638e+00
1.000000081551532638e+00
1.000000081551532638e+00
1.000000081551532638e+00
1.000000081551532638e+00
1.000000081551532638e+00
1.000000081551532638e+00
1.000000081551532638e+00
1.000000081551532638e+00
1.000000075100071495e+00
1.000000075100071495e+00
1.000000075090426988e+00
1.000000006293219945e+00
1.000000006293219945e+00
1.000000006293219057e+00
1.000000005008901516e+00
1.000000005008901516e+00
1.000000005008901516e+00
1.000000005008901516e+00
1.000000005008901516e+00
1.000000005008901516e+00
1.000000005008901516e+00
1.000000005008901516e+00
1.000000005008901516e+00
1.000000005008901516e+00
1.000000005008901516e+00
1.000000005008901516e+00
1.000000005008901516e+00
1.000000004802881426e+00
1.000000000389968946e+00
1.000000000389968946e+00
1.000000000389818400e+00
1.000000000227064811e+00
1.000000000227064811e+00
1.000000000227064811e+00
1.000000000227064811e+00
1.000000000227064811e+00
1.000000000227064811e+00
1.000000000227064811e+00
1.000000000227064811e+00
1.000000000227064811e+00
1.000000000227064811e+00
1.000000000227064811e+00
1.000000000227064811e+00
1.000000000227064811e+00
1.000000000227064811e+00
1.000000000026913360e+00
1.000000000026913360e+00
1.000000000022301716e+00
1.000000000007598810e+00
1.000000000007597034e+00
1.000000000007597034e+00
1.000000000007597034e+00
1.000000000007597034e+00
1.000000000007597034e+00
1.000000000007597034e+00
1.000000000007597034e+00
1.000000000007597034e+00
1.000000000007597034e+00
1.000000000007597034e+00
1.000000000007597034e+00
1.000000000007597034e+00
1.000000000007597034e+00
1.000000000007597034e+00
1.000000000001205480e+00
1.000000000000262457e+00
1.000000000000190292e+00
1.000000000000190292e+00
1.000000000000190292e+00
1.000000000000190292e+00
1.000000000000190292e+00
1.000000000000190292e+00
1.000000000000190292e+00
1.000000000000190292e+00
1.000000000000190292e+00
1.000000000000190292e+00
1.000000000000190292e+00
1.000000000000190292e+00
1.000000000000190292e+00
1.000000000000147660e+00
1.000000000000004441e+00
1.000000000000004441e+00
1.000000000000004441e+00
1.000000000000003775e+00
1.000000000000003775e+00
1.000000000000003775e+00
1.000000000000003775e+00
1.000000000000003775e+00
1.000000000000003775e+00
1.000000000000003775e+00
1.000000000000003775e+00
1.000000000000003775e+00
1.000000000000003775e+00
1.000000000000003775e+00
1.000000000000003775e+00
1.000000000000002442e+00
1.000000000000002442e+00
1.000000000000000222e+00
1.000000000000000222e+00
1.000000000000000222e+00
1.000000000000000222e+00
1.000000000000000222e+00
1.000000000000000222e+00
1.000000000000000222e+00
1.000000000000000222e+00
1.000000000000000222e+00
1.000000000000000222e+00
1.000000000000000222e+00
1.000000000000000222e+00
1.000000000000000222e+00
1.000000000000000222e+00
1.000000000000000222e+00
1.000000000000000222e+00
1.000000000000000222e+00
1.000000000000000222e+00
1.000000000000000222e+00
1.000000000000000222e+00
1.000000000000000222e+00
1.000000000000000222e+00
1.000000000000000222e+00
1.000000000000000222e+00
1.000000000000000222e+00
1.000000000000000222e+00
1.000000000000000222e+00
1.000000000000000222e+00
1.000000000000000222e+00
1.000000000000000222e+00
1.000000000000000222e+00
1.000000000000000222e+00
1.000000000000000222e+00
1.000000000000000222e+00
1.000000000000000222e+00
1.000000000000000222e+00
1.000000000000000222e+00
1.000000000000000222e+00
1.000000000000000222e+00
1.000000000000000222e+00
1.000000000000000222e+00
1.000000000000000222e+00
1.000000000000000222e+00
1.000000000000000222e+00
1.000000000000000222e+00
1.000000000000000222e+00
1.000000000000000222e+00
1.000000000000000222e+00
1.000000000000000222e+00
1.000000000000000222e+00
1.000000000000000222e+00
1.000000000000000222e+00
1.000000000000000222e+00
1.000000000000000222e+00
1.000000000000000222e+00
1.000000000000000222e+00
1.000000000000000222e+00
1.000000000000000222e+00
1.000000000000000222e+00
1.000000000000000222e+00
1.000000000000000222e+00
1.000000000000000222e+00
1.000000000000000222e+00
1.000000000000000222e+00
1.000000000000000222e+00
1.000000000000000222e+00
1.000000000000000222e+00
1.000000000000000222e+00
1.000000000000000222e+00
1.000000000000000222e+00
1.000000000000000222e+00
1.000000000000000222e+00
1.000000000000000222e+00
1.000000000000000222e+00
1.000000000000000222e+00
1.000000000000000222e+00
1.000000000000000222e+00
1.000000000000000222e+00
1.000000000000000222e+00
1.000000000000000222e+00
1.000000000000000222e+00
1.000000000000000222e+00
1.000000000000000222e+00
1.000000000000000222e+00
1.000000000000000222e+00
1.000000000000000222e+00
1.000000000000000222e+00
1.000000000000000222e+00
1.000000000000000222e+00
1.000000000000000222e+00
1.000000000000000222e+00
1.000000000000000222e+00
1.000000000000000222e+00
1.000000000000000222e+00
1.000000000000000222e+00
1.000000000000000222e+00
1.000000000000000222e+00
1.000000000000000222e+00
1.000000000000000222e+00
1.000000000000000222e+00
1.000000000000000222e+00
1.000000000000000222e+00
1.000000000000000222e+00
1.000000000000000222e+00
1.000000000000000222e+00
1.000000000000000222e+00
1.000000000000000222e+00
1.000000000000000222e+00
1.000000000000000222e+00
1.000000000000000222e+00
1.000000000000000222e+00
1.000000000000000222e+00
1.000000000000000222e+00
1.000000000000000222e+00
1.000000000000000222e+00
1.000000000000000222e+00
1.000000000000000222e+00
1.000000000000000222e+00
1.000000000000000222e+00
1.000000000000000222e+00
1.000000000000000222e+00
1.000000000000000222e+00
1.000000000000000222e+00
1.000000000000000222e+00
1.000000000000000222e+00
1.000000000000000222e+00
1.000000000000000222e+00
1.000000000000000222e+00
1.000000000000000222e+00
1.000000000000000222e+00
1.000000000000000222e+00
1.000000000000000222e+00
1.000000000000000222e+00
1.000000000000000222e+00
1.000000000000000222e+00
1.000000000000000222e+00
1.000000000000000222e+00
1.000000000000000222e+00
1.000000000000000222e+00
1.000000000000000222e+00
1.000000000000000222e+00
1.000000000000000222e+00
1.000000000000000222e+00
1.000000000000000222e+00
1.000000000000000222e+00
1.000000000000000222e+00
1.000000000000000222e+00
1.000000000000000222e+00
1.000000000000000222e+00
1.000000000000000222e+00
1.000000000000000222e+00
1.000000000000000222e+00
1.000000000000000222e+00
1.000000000000000222e+00
1.000000000000000222e+00
1.000000000000000222e+00
1.000000000000000222e+00
1.000000000000000222e+00
1.000000000000000222e+00
1.000000000000000222e+00
1.000000000000000222e+00
1.000000000000000222e+00
1.000000000000000222e+00
1.000000000000000222e+00
1.000000000000000222e+00
1.000000000000000222e+00
1.000000000000000222e+00
1.000000000000000222e+00
1.000000000000000222e+00
1.000000000000000222e+00
1.000000000000000222e+00
1.000000000000000222e+00
1.000000000000000222e+00
1.000000000000000222e+00
1.000000000000000222e+00
1.000000000000000222e+00
1.000000000000000222e+00
1.000000000000000222e+00
1.000000000000000222e+00
1.000000000000000222e+00
1.000000000000000222e+00
1.000000000000000222e+00
1.000000000000000222e+00
1.000000000000000222e+00
1.000000000000000222e+00
1.000000000000000222e+00
1.000000000000000222e+00
1.000000000000000222e+00
1.000000000000000222e+00
1.000000000000000222e+00
1.000000000000000222e+00
1.000000000000000222e+00
1.000000000000000222e+00
1.000000000000000222e+00
1.000000000000000222e+00
1.000000000000000222e+00
1.000000000000000222e+00
1.000000000000000222e+00
1.000000000000000222e+00
1.000000000000000222e+00
1.000000000000000222e+00
1.000000000000000222e+00
1.000000000000000222e+00
1.000000000000000222e+00
1.000000000000000222e+00
1.000000000000000222e+00
1.000000000000000222e+00
1.000000000000000222e+00
1.000000000000000222e+00
1.000000000000000222e+00
1.000000000000000222e+00
1.000000000000000222e+00
1.000000000000000222e+00
1.000000000000000222e+00
1.000000000000000222e+00
1.000000000000000222e+00
1.000000000000000222e+00
1.000000000000000222e+00
1.000000000000000222e+00
1.000000000000000222e+00
1.000000000000000222e+00
1.000000000000000222e+00
1.000000000000000222e+00
1.000000000000000222e+00
1.000000000000000222e+00
1.000000000000000222e+00
1.000000000000000222e+00
1.000000000000000222e+00
