8.088460674087661472e+89
1.756844692536150536e+89
1.181587018765878227e+89
1.064627194013867903e+89
2.554421299426655446e+88
2.495748743134189152e+88
4.369563844813461214e+87
2.305531038041723432e+87
2.256567388664680751e+87
1.782878658036043110e+87
9.101398837929320558e+86
1.401704926609101474e+86
1.399027485902386533e+86
5.368427198606719148e+85
3.323369491674660342e+85
3.315543838253138392e+85
2.670574210566118838e+85
5.473437028929157559e+84
5.405659432141056841e+84
1.489464881636252109e+84
1.489268347262938807e+84
6.583537927850982139e+83
6.581811133061916839e+83
6.277182269907097686e+83
5.301853266487174535e+83
5.301850246162815932e+83
2.216441632275276914e+83
2.216440739399046137e+83
4.984701646999489227e+82
4.979871630230684197e+82
1.480068715043173655e+82
1.040633192951837279e+82
1.040625828960968252e+82
1.034635158418608229e+82
1.034617408380339683e+82
7.563524914186861108e+81
7.563524774712428883e+81
1.974535548197975219e+81
1.961889027460816370e+81
3.965749010001387112e+80
3.965749002313652481e+80
3.965442179564174864e+80
2.159271752806187581e+80
2.157817083423830681e+80
2.002299614852369763e+80
1.847777139917697859e+80
1.847775397821279781e+80
8.212547183028781018e+79
8.212545577357176304e+79
8.212545574613829282e+79
1.307272450199094023e+79
1.306540610836853970e+79
5.135378706674981517e+78
5.135378706511618293e+78
4.248307751752679576e+78
4.248291675919890276e+78
4.199828256467088767e+78
4.199599128530627999e+78
3.032757981338480126e+78
3.032757874851474684e+78
5.325675668748341940e+77
5.305363469712915353e+77
5.305363469698914166e+77
1.450836243801969699e+77
1.450836242976794158e+77
1.450782451481148424e+77
1.010202422261486562e+77
1.008649443132302614e+77
9.223726725203962603e+76
8.502454564386582939e+76
8.502454564380125619e+76
8.502425666434007478e+76
2.516232251629643149e+76
2.516232130746943620e+76
2.516232129524013953e+76
5.004126114348504643e+75
5.002721091141482219e+75
5.002721091141370537e+75
2.714980978324572679e+75
2.714980978270520907e+75
2.184053308145782109e+75
2.184049900686774184e+75
2.151170991680792549e+75
2.150877562101634806e+75
1.185006569689057935e+75
1.185006442318518959e+75
2.129084846636660541e+74
2.124824887652133528e+74
2.124824887652131017e+74
2.124824887641466472e+74
8.443892829871553574e+73
8.443892826562801604e+73
8.443746698877861871e+73
5.416251121129362891e+73
5.416251121129362263e+73
5.404756263972039417e+73
4.476658349536101818e+73
4.247588951681061653e+73
4.247588951679921731e+73
4.247553744132599412e+73
1.073094483042024367e+73
1.073094457015991462e+73
1.073094455273452484e+73
3.111950505410196838e+72
3.111514677378098115e+72
3.111514677377893717e+72
1.444466138676437715e+72
1.444466138676437715e+72
1.444466138665612265e+72
1.235211026089770590e+72
1.235211026089770590e+72
1.235209735892690419e+72
1.192569381885258091e+72
1.192337050610092510e+72
5.611921759427185129e+71
5.611920364905677078e+71
1.374965213772397160e+71
1.373539003119194625e+71
1.373539003119193889e+71
1.373539003084281189e+71
4.348595484305580488e+70
4.348595483684664787e+70
3.157863317256314628e+70
3.157839123279258348e+70
3.157839123279257122e+70
3.141725122103581747e+70
2.416780462366859461e+70
2.416780462366859461e+70
2.361638411955547472e+70
2.361638411955385947e+70
2.361610371325141436e+70
7.062256370255814732e+69
7.062256290497697305e+69
7.062256253653585099e+69
1.552764636321814089e+69
1.552636180054237298e+69
1.552636180053838658e+69
8.850312357278810335e+68
8.850312357278810335e+68
8.850312357260188598e+68
8.170200234182248684e+68
8.170200234182248684e+68
8.170196240299949350e+68
7.715986814998398782e+68
7.711965222586536524e+68
3.786568306030232137e+68
3.786566670324309931e+68
6.787677840310345334e+67
6.783561613427458773e+67
6.783561613011745412e+67
6.783561613011745412e+67
2.830739757457860374e+67
2.830739757337299069e+67
2.830739757337290688e+67
2.365160185987447929e+67
2.365150583158876643e+67
2.342749675046769036e+67
1.776463508978202948e+67
1.776463508978202948e+67
1.741089918996964566e+67
1.741089918996908295e+67
1.741026879995002067e+67
3.623143967292228241e+66
3.623143967292228241e+66
3.623143957673166787e+66
3.623143932689048376e+66
1.070557899268873062e+66
1.070514693807880008e+66
1.070514693806954936e+66
7.554236194456580060e+65
7.554236194456580060e+65
7.554236194447857819e+65
6.968143630939976192e+65
6.968143630939976192e+65
6.968142299757061338e+65
6.502868631163719729e+65
6.495762840790125685e+65
2.222431108067514491e+65
2.222428777366775953e+65
4.916935277502017274e+64
4.915406549820753879e+64
4.915406549258401955e+64
4.915406549258401955e+64
4.915406549258401955e+64
4.915406549258401955e+64
2.713495591445133472e+64
2.713495591373912744e+64
2.713495591373874160e+64
2.218043252316460853e+64
2.218039382479752067e+64
2.190052213485677709e+64
1.322326621546966458e+64
1.322326621546966458e+64
1.308327118630473789e+64
1.308238521090351641e+64
1.308238521090339219e+64
2.756888298715728935e+63
2.756888298715728935e+63
2.756888295135263669e+63
2.756888235301306619e+63
1.122964941586745906e+63
1.122943157799946593e+63
1.122943157797323746e+63
7.397806601196031660e+62
7.397806601196031660e+62
7.397806601196031660e+62
7.397806601196031660e+62
7.397806601192765204e+62
6.990407639580738872e+62
6.990407639580737959e+62
6.990406778293068896e+62
6.036303438905487359e+62
6.027580844799165787e+62
1.806244550384179552e+62
1.806240718447981472e+62
5.482967822636207822e+61
5.482096634135484094e+61
5.482096631242144735e+61
5.482096631242144735e+61
5.482096631242144735e+61
5.482096631242144735e+61
2.646642906037614271e+61
2.646642906011145106e+61
2.646642906011049766e+61
2.293145947157300424e+61
2.293143287927222843e+61
2.228312984753013975e+61
2.228312984753013975e+61
1.188715103559760586e+61
1.188610874175062892e+61
1.188610874175062892e+61
1.183395317936524762e+61
1.183395317936522193e+61
1.183395317936522193e+61
3.183701668819367841e+60
3.183701470205378327e+60
3.183701468339988071e+60
1.065117789405021827e+60
1.065105190314536127e+60
1.065105190304776251e+60
7.903762005445444259e+59
7.903762005445444259e+59
7.903762005445444259e+59
7.903762005445444259e+59
7.903762005444454998e+59
7.903762005444451430e+59
7.684512719877283107e+59
7.684512313265651463e+59
6.259816800573496270e+59
6.239198285310972401e+59
2.122114763048421156e+59
2.122107225040524252e+59
5.063665719469593217e+58
5.063187993907342957e+58
5.063187987764209084e+58
5.063187987764209084e+58
5.063187987764209084e+58
5.063187987764209084e+58
2.978169592311978631e+58
2.978169592311978631e+58
2.978169592303085651e+58
2.978169592302588902e+58
2.758881679696387968e+58
2.758880175990801649e+58
2.637934663205301263e+58
2.637934663205301263e+58
1.441254954918528874e+58
1.440917599201742972e+58
1.435985181585687571e+58
1.435985181585687571e+58
1.435985181585687571e+58
1.435985181585686177e+58
2.928857204787242764e+57
2.928857204787242764e+57
2.928856965237449576e+57
2.928856964818561438e+57
1.276356337548761362e+57
1.276356337513875679e+57
1.276349269548668987e+57
1.071785348337745726e+57
1.071785348337745726e+57
1.071785348337745726e+57
1.071785348337745726e+57
1.071785348337681612e+57
1.071785348337678475e+57
1.045773389959736909e+57
1.045773369978655467e+57
8.376940973522830284e+56
8.328696045434829481e+56
2.048495934439803161e+56
2.048480466846240033e+56
6.443079154888630624e+55
6.442776978978701866e+55
6.442776964803073112e+55
6.442776964803073112e+55
6.442776964803073112e+55
4.575155286596297397e+55
4.575155286596297397e+55
4.575155286596297397e+55
4.575155286588894486e+55
4.575155286588894486e+55
4.575155286585976224e+55
4.242141060079707571e+55
4.242140116749622535e+55
4.242140116749622535e+55
4.015132988131885569e+55
1.608603111269661684e+55
1.608052709885374051e+55
1.608052709885374051e+55
1.605648207075491207e+55
1.605648207075491207e+55
1.605648207075490935e+55
3.927950977991310446e+54
3.927950977991310446e+54
3.927950029208357964e+54
3.927950028942602880e+54
2.187505479797306699e+54
2.187505479651272480e+54
2.187499970980638146e+54
1.807403010716781312e+54
1.807403010716781312e+54
1.807403010716781312e+54
1.807403010716781312e+54
1.807403010716781312e+54
1.807403010716740818e+54
1.807403010716719381e+54
1.778263474767091955e+54
1.185507862872027665e+54
1.185507853814676439e+54
1.177764771865518657e+54
2.895593595664596396e+53
2.895553115042354176e+53
1.200695594655459434e+53
1.200667749752570617e+53
1.200667749752570617e+53
1.200667738911373259e+53
1.200667738911373259e+53
8.063196720374670718e+52
8.063196720374670718e+52
8.063196720374670718e+52
8.063196720369618589e+52
8.063196720369618589e+52
8.063196720356702746e+52
7.649740369382008561e+52
7.649739287361699097e+52
7.649739287361699097e+52
6.825920398320670088e+52
2.438236430326641312e+52
2.437222371920087272e+52
2.437222371920087272e+52
2.435755473217818913e+52
2.435755473217818913e+52
7.741546260830025814e+51
7.741546260830025814e+51
7.741546260830025814e+51
7.741541433441726559e+51
7.741541433441726559e+51
7.741541433214897789e+51
3.855119163905047359e+51
3.855119162906272089e+51
3.855113127965020133e+51
3.367534762084002638e+51
3.367534762084002638e+51
3.367534762084002638e+51
3.367534762084002638e+51
3.367534762083896300e+51
3.367534762083896300e+51
3.367534762083874367e+51
3.340473483683623386e+51
2.006811776256813446e+51
2.006811776256813446e+51
1.980717255434874065e+51
1.980717249879288562e+51
5.888308003769573888e+50
5.888173754838239336e+50
2.069370569163489740e+50
2.069370569163489740e+50
2.069341394297461123e+50
2.069341352116345534e+50
2.069341352116345534e+50
1.556720494864652881e+50
1.556720494864652881e+50
1.556720494864652881e+50
1.556720494864360036e+50
1.556720494864360036e+50
1.556720494864360036e+50
1.556720494853759027e+50
1.514780089953766065e+50
1.514779996728471072e+50
1.514779996728471072e+50
1.295686592618258443e+50
5.051001784560462193e+49
5.045853370284029742e+49
5.045853370284028704e+49
5.043635183645149051e+49
5.043635183645149051e+49
1.307571957321858722e+49
1.307571957321858722e+49
1.307571957321858722e+49
1.307570852862927233e+49
1.307570852862927233e+49
1.307570852852868196e+49
7.852323607657976042e+48
7.852323602230338328e+48
7.852318100659346154e+48
7.282458599630105981e+48
7.282458599630105981e+48
7.282458599630105981e+48
7.282458599630105981e+48
7.282458599629009108e+48
7.282458599628989637e+48
7.282458599628989637e+48
7.237732885817398315e+48
4.360626147446033719e+48
4.274056587951832219e+48
4.274056587951832219e+48
4.274056583930613783e+48
9.987930806752891601e+47
9.987473570971162115e+47
4.493123859245354825e+47
4.493123859245354825e+47
4.493123859245354825e+47
4.493123699763157688e+47
4.493093477650446499e+47
3.776621679616403077e+47
3.776621679616403077e+47
3.776621679616403077e+47
3.776621679616403077e+47
3.776621679616066389e+47
3.776621679534342070e+47
3.776621679534342070e+47
3.689212301570311903e+47
3.689212215610770555e+47
3.689212215610770555e+47
3.103551688563165236e+47
9.100532981455857006e+46
9.100532981455850922e+46
9.088711106811114628e+46
9.088711106811114628e+46
9.087129344086262125e+46
3.017868284654880041e+46
3.017868284654880041e+46
3.017868284654880041e+46
3.017861320191769196e+46
3.017861320191769196e+46
3.017861320181294852e+46
2.144333285540013203e+46
2.144333282293922057e+46
2.144333282293922057e+46
2.144332644519236469e+46
2.144332644519236469e+46
1.994030766049293900e+46
1.994030766049293900e+46
1.994030766048217157e+46
1.994030766048217157e+46
1.994030766048215129e+46
1.994030766048215129e+46
1.986644562573104442e+46
9.179160975436349024e+45
9.003266287830692869e+45
9.003266287830692869e+45
9.003266284342899290e+45
9.003266284342899290e+45
2.434253015340699190e+45
2.434060855745591253e+45
1.359239405870266565e+45
1.359239405870266565e+45
1.359239405870266565e+45
1.359239233096961286e+45
1.359234933639987405e+45
1.130398672673591041e+45
1.130398672673591041e+45
1.130398672673591041e+45
1.130398672673591041e+45
1.130398672614873307e+45
1.130398672614835278e+45
1.130398672614835278e+45
1.113054188716428892e+45
1.113054173422009375e+45
1.113054173422009375e+45
8.148131836346393566e+44
8.148131836346331768e+44
2.346716120243456333e+44
2.343114939420175965e+44
2.343114939420175965e+44
9.861849215290229017e+43
9.861559675350655391e+43
9.861507057529021731e+43
9.861507057529021731e+43
9.861507057529021731e+43
9.861507057529021731e+43
9.861507057514982500e+43
6.710585962143218827e+43
6.710585924510435844e+43
6.710585924510435844e+43
6.710585924510435844e+43
6.710584703618521431e+43
6.710584703618521431e+43
6.379905024719456147e+43
6.379905024719456147e+43
6.379905024710617255e+43
6.379905024710617255e+43
6.379905024710615274e+43
6.379905024710615274e+43
6.368129303569366613e+43
2.590768134813002004e+43
2.502069446573875073e+43
2.502069446573875073e+43
8.368416581357908156e+42
8.368416580979611011e+42
8.368416580979611011e+42
8.367376011557991859e+42
8.367376011557991859e+42
4.271594638654125241e+42
4.271594638654125241e+42
4.271593431339084733e+42
4.271585131384174414e+42
3.747690450299821689e+42
3.747690450299821689e+42
3.747690450299821689e+42
3.747690450299821689e+42
3.747690449535805949e+42
3.747690449535768192e+42
3.747690449535768192e+42
3.717832556439866762e+42
3.717832535017094029e+42
3.717832535017094029e+42
3.717832535017094029e+42
2.516087343513960739e+42
2.516087343513914007e+42
8.316198753617826937e+41
8.316198753617826937e+41
8.287181111593269281e+41
3.050607668707871424e+41
3.050553513141908654e+41
3.050530441870146640e+41
3.050530441870146640e+41
3.050530441870146640e+41
3.050530441870146640e+41
2.312488202892743944e+41
2.312488202892033676e+41
2.312488171272141716e+41
2.312488171272141716e+41
2.312488171272141716e+41
2.312488171272141716e+41
2.312488171272141716e+41
2.312487989255515945e+41
2.250015317766511747e+41
2.250015317753497903e+41
2.250015317753497903e+41
2.250015317753497516e+41
2.250015317753497516e+41
2.247150792231844310e+41
2.247150792231844310e+41
9.501134937011265246e+40
9.041906611474828197e+40
2.556719074865310304e+40
2.556094710533753764e+40
2.556094710501284918e+40
2.556094710501284918e+40
2.556094710501284918e+40
2.556094710501284918e+40
1.555165256009144439e+40
1.555164522733753557e+40
1.555163141571528690e+40
1.555163141571528690e+40
1.441146685181232463e+40
1.441146684381864115e+40
1.441146684381864115e+40
1.441146684381864115e+40
1.441146684381857828e+40
1.441146684381857828e+40
1.432499358565474224e+40
1.432499358565474224e+40
1.432499355639643319e+40
1.432499355639643319e+40
1.432499355639462947e+40
9.625062253700285230e+39
9.625062253700285230e+39
9.475052508023856756e+39
2.567377387413515082e+39
2.567377387413515082e+39
1.183930535743753806e+39
1.183908194804814137e+39
1.183897954661607255e+39
1.183897954661607255e+39
1.183897954661607255e+39
9.927488833530870321e+38
9.927488833530870321e+38
9.927488833529440766e+38
9.927488566503348885e+38
9.927488566503348885e+38
9.927488566503348885e+38
9.927488566503348885e+38
9.927488566503348885e+38
9.927488257903890827e+38
9.701453673878653036e+38
9.701453673707469140e+38
9.701453673707469140e+38
9.701453673707469140e+38
9.701453673707469140e+38
9.694764003612242189e+38
8.522811619483393195e+38
3.015518636763935876e+38
3.015518636763935876e+38
3.012128497668185063e+38
1.054402406696146981e+38
1.054402406690105563e+38
1.054402406690105563e+38
1.054402406690105563e+38
1.054402406690105185e+38
7.463668252510571862e+37
7.463657394309065281e+37
7.463654467732112595e+37
7.463654467732112595e+37
6.947989470041437623e+37
6.947989461527655930e+37
6.947989461527655930e+37
6.947989461527655930e+37
6.947989461527646485e+37
6.947989461527646485e+37
6.947989461527646485e+37
6.922695942978282372e+37
6.922695935506295337e+37
6.922695935506295337e+37
6.922695935503314579e+37
3.777997666502057224e+37
3.777997666502057224e+37
3.716713019645660394e+37
1.119808666175871995e+37
1.119808666175871995e+37
1.119730590021524784e+37
6.247688415787891091e+36
6.247662181156623166e+36
6.247662181156623166e+36
6.247662181156623166e+36
5.212405927597541734e+36
5.212405454347169598e+36
5.212405454347169598e+36
5.212405454346882124e+36
5.212405454346882124e+36
5.212405454346882124e+36
5.212405454346882124e+36
5.212405454346882124e+36
5.212405361317967186e+36
5.133564467456453397e+36
5.133564467236818493e+36
5.133564467236818493e+36
5.133564467236818493e+36
4.084511356050240366e+36
1.397270894248170004e+36
1.397270894248170004e+36
1.397143157311787568e+36
1.397143157311787568e+36
1.395212700873161475e+36
5.970311827888066558e+35
5.970311827888066558e+35
5.970311827873986527e+35
5.970311827873980624e+35
5.970311827873980624e+35
5.970284685376699940e+35
4.098263773982492599e+35
4.098263773982492599e+35
4.098262809083979620e+35
4.098262809083979620e+35
3.898790628753893939e+35
3.898790611519196136e+35
3.898790611519196136e+35
3.898790611519196136e+35
3.898790611519196136e+35
3.898790611519193923e+35
3.898790611519193923e+35
3.898790611519193923e+35
3.891450872236283388e+35
3.891450870520068417e+35
3.891450870520068417e+35
3.891450870515753355e+35
1.918742647680145707e+35
1.918742647680145707e+35
1.863691024570697635e+35
6.637855889466835096e+34
6.637855889466835096e+34
6.637127999503749313e+34
3.460633484010338340e+34
3.460624682172396416e+34
3.460624682172396416e+34
3.460624682172396416e+34
3.460623867229238283e+34
3.040661642143370278e+34
3.040661642143370278e+34
3.040661642143317243e+34
3.040661642143317243e+34
3.040661642143317243e+34
3.040661642143317243e+34
3.040661642143317243e+34
3.040661619132039796e+34
3.015805683578385663e+34
3.015805683091070647e+34
3.015805683091070647e+34
2.264902754866688895e+34
8.521776097927801807e+33
8.521776097927801807e+33
8.521256516125862758e+33
8.521256516125862758e+33
8.495966818562439375e+33
8.495966818562439375e+33
8.495966818562439375e+33
3.278657111262337920e+33
3.278657111262330426e+33
3.278657111259999219e+33
3.278635392074157923e+33
3.278635392074157923e+33
2.493404675111357229e+33
2.493404675111357229e+33
2.493404675111357229e+33
2.493404415496006000e+33
2.493404387957957913e+33
2.493404387957957913e+33
2.423991399819600933e+33
2.423991399819600933e+33
2.423991399819600933e+33
2.423991399819600933e+33
2.423991399819600933e+33
2.423991399819600645e+33
2.420887054888610907e+33
2.420887054888610907e+33
2.420887054888610907e+33
2.420887054877874613e+33
2.420887054513165189e+33
2.420887054513165189e+33
1.213925658281581769e+33
1.166042955047102230e+33
3.631719846144055634e+32
3.631719846144055634e+32
3.630951354764683580e+32
2.227006863799994922e+32
2.227004214270212207e+32
2.227004214270212207e+32
2.227003318787939953e+32
2.227003318787939953e+32
2.227003318787939953e+32
2.058673734114635197e+32
2.058673734114635197e+32
2.058673734114635197e+32
2.058673734114620064e+32
2.058673734114620064e+32
2.046187918865943677e+32
2.046187917989552557e+32
2.046187912267589799e+32
2.046187912267589799e+32
2.046187912267589799e+32
1.516056109388764403e+32
4.783965518625570016e+31
4.783965518625570016e+31
4.783846490827711458e+31
4.783846490827711458e+31
4.766344703340861750e+31
4.766344703340861750e+31
2.247452944318929556e+31
2.247452944318929556e+31
2.247452944318906588e+31
2.247452944318230598e+31
2.247452944318230598e+31
2.247416946416256809e+31
1.875049213611664813e+31
1.875049213611664813e+31
1.875049213611664813e+31
1.875049132995959667e+31
1.875049091675068519e+31
1.875049091675068519e+31
1.831911171888330429e+31
1.831911171888330429e+31
1.831911171888330429e+31
1.831911171888330429e+31
1.831911171888330429e+31
1.831911171888330429e+31
1.831911171888330429e+31
1.830621645238378614e+31
1.830621645238378614e+31
1.830621645214395144e+31
1.830621645214395144e+31
1.830621645085665829e+31
7.412626227392204111e+30
7.134525944866034135e+30
2.644215089407472753e+30
2.643320043536874589e+30
2.643320043536874589e+30
1.858608617020757301e+30
1.858607603689765986e+30
1.858607603689765986e+30
1.858605403609595822e+30
1.858605403609595540e+30
1.858605403609595540e+30
1.858605403609595540e+30
1.729544086083526023e+30
1.729544086083526023e+30
1.729544086083521519e+30
1.729544086083521519e+30
1.729544084422149528e+30
1.723123201063665417e+30
1.723123198558884620e+30
1.723123198558884620e+30
1.723123198558884620e+30
1.723123198558884620e+30
1.093637037157597544e+30
3.689289203733378669e+29
3.689289203733378669e+29
3.689289203733378669e+29
3.673119959427739186e+29
3.673081429495116325e+29
3.673081429495116325e+29
3.673081429495116325e+29
3.673081429494877775e+29
2.046783217364071981e+29
2.046783217364071981e+29
2.046783217364071981e+29
2.046717614131400289e+29
2.046717614131161739e+29
2.046717614131161739e+29
1.708774502473348676e+29
1.708774502473348676e+29
1.708774502473348676e+29
1.708774381424021984e+29
1.708774340095787562e+29
1.682528990383487141e+29
1.682528990383487141e+29
1.682528990383487141e+29
1.682528990383487141e+29
1.682528990383487141e+29
1.682528990383487141e+29
1.682528990383487141e+29
1.682528990383487141e+29
1.682528990329730346e+29
1.681931476956366420e+29
1.681931476956366420e+29
6.240620631880845770e+28
6.240620631817179649e+28
5.864443513142229082e+28
2.567484744140156283e+28
2.566173194335660318e+28
1.771959672208879129e+28
1.771959672208879129e+28
1.771959672208879129e+28
1.771959103662000085e+28
1.771954709637766178e+28
1.771954709637765079e+28
1.771954709637765079e+28
1.684828555581900013e+28
1.684828555581900013e+28
1.684828555581900013e+28
1.684828555581898474e+28
1.684828555581898474e+28
1.684828550020762174e+28
1.684828550020762174e+28
1.681477021477737591e+28
1.681477020462679452e+28
1.681477020462679452e+28
1.681477020462679452e+28
1.681477020462679452e+28
9.861151663376852837e+27
3.750281529517040040e+27
3.717762987957904556e+27
3.717762987957904556e+27
3.717762987957257493e+27
3.717738622407408988e+27
3.717738622407408988e+27
1.978119109160830210e+27
1.978119109160830210e+27
1.978119109160830210e+27
1.978119109160830210e+27
1.978023857706367500e+27
1.978023857706367500e+27
1.978023857706293283e+27
1.736739058263415149e+27
1.736739058263415149e+27
1.736739058263415149e+27
1.736738783502783215e+27
1.736738765334311515e+27
1.721750229858075202e+27
1.721750229858075202e+27
1.721750229858075202e+27
1.721750229858075202e+27
1.721750229858075202e+27
1.721750229858075202e+27
1.721750229659512473e+27
1.721750229659512473e+27
1.721750229659512473e+27
1.721363949225120550e+27
6.630830670433530908e+26
6.108178139815756066e+26
6.108178139815756066e+26
6.108178139795464579e+26
2.480411083794846562e+26
2.478019459777105780e+26
2.478019459777105780e+26
1.884992156606024397e+26
1.884992156606024397e+26
1.884984426852667208e+26
1.884984153044623904e+26
1.884984153044623904e+26
1.884984153044620812e+26
1.829715245529748811e+26
1.829715245529748811e+26
1.829715245529748811e+26
1.829715245529748811e+26
1.829715245529748124e+26
1.829715231118166782e+26
1.829715231118166782e+26
1.829715231118166782e+26
1.829715231118166782e+26
1.827273676431299807e+26
1.827273676032488728e+26
1.827273676032488728e+26
1.827273676032488728e+26
1.071744255772963103e+26
1.071744255772963103e+26
3.649675874183683762e+25
3.611086009274158690e+25
3.611086009272005623e+25
3.611076226495493241e+25
2.227819903203127892e+25
2.227819903203127892e+25
2.227819903203127892e+25
2.227819903203127892e+25
2.227819903203127892e+25
2.227583760052232616e+25
2.227583760052232616e+25
2.227583760052199974e+25
2.227583760052199974e+25
2.051350737793750174e+25
2.051350141915770271e+25
2.051350141915770271e+25
2.051350133482816733e+25
2.038412066048408666e+25
2.038412066048408666e+25
2.038412066048408666e+25
2.038412066048408666e+25
2.038412066048408666e+25
2.038412065436856433e+25
2.038412065436856433e+25
2.038412065436856433e+25
2.038412065436856433e+25
2.038181620749511223e+25
6.646678051998831351e+24
6.160579875635491085e+24
6.160579875628294867e+24
2.972920622722253190e+24
2.972920622722253190e+24
2.968609438831351863e+24
2.968609438831351863e+24
2.459598446688248640e+24
2.459598446688248640e+24
2.459598446688230923e+24
2.459572722257098250e+24
2.459572722257098250e+24
2.459572567161041377e+24
2.459572567161041377e+24
2.401153802095935154e+24
2.401153802095935154e+24
2.401153802095935154e+24
2.401153802095935154e+24
2.401153763514643097e+24
2.401153763514643097e+24
2.401153763514643097e+24
2.401153763514643097e+24
2.399363292407387939e+24
2.399363292167654676e+24
2.399363292167654676e+24
2.399363292167654676e+24
2.399363292167654676e+24
1.192392083387590625e+24
4.646713992879008100e+23
4.646713992871174482e+23
4.589271255243967452e+23
4.589271255243967452e+23
3.201912956816245916e+23
3.201910397894197227e+23
3.201298058561186232e+23
3.201298058561186232e+23
3.201298058561186232e+23
3.201298058561186232e+23
3.201298058561186232e+23
3.201298058561186232e+23
2.974598403893432943e+23
2.974598403893417843e+23
2.974595954787760220e+23
2.974595954787760220e+23
2.974595954787759549e+23
2.974595948605715157e+23
2.962990342332006657e+23
2.962990342332006657e+23
2.962990342332006657e+23
2.962990340323364873e+23
2.962990340323364873e+23
2.962990340323364873e+23
2.962990340323364873e+23
2.962828338732055889e+23
2.962828338732055889e+23
9.306801144925787049e+22
8.303596311769389413e+22
8.303596311769389413e+22
4.629659319498254477e+22
4.620047182649722352e+22
4.620047182648704814e+22
4.620047182648704814e+22
4.620047182648704814e+22
4.620047182648704814e+22
3.853859364443695507e+22
3.853859364443599877e+22
3.853780077745663692e+22
3.853780077745663692e+22
3.853779944996645896e+22
3.853779944996645896e+22
3.792258074751752418e+22
3.792258074751752418e+22
3.792258074751752418e+22
3.792258074751752418e+22
3.792257886644237605e+22
3.792257886644237605e+22
3.792257886644237605e+22
3.792257886644237605e+22
3.792257886644237605e+22
3.790771514617200063e+22
3.790771514617200063e+22
3.790771514466718502e+22
3.790771514466718502e+22
3.790771514466718502e+22
1.753002596460766482e+22
1.753002596443435198e+22
7.742101879959962255e+21
7.569480099855137243e+21
7.569480099855137243e+21
5.252395312466230247e+21
5.250879621478112821e+21
5.250877222212573594e+21
5.250877222212573594e+21
5.250877222212573594e+21
5.250877222212573594e+21
5.250877222212573594e+21
4.985647715109810733e+21
4.985647715109810733e+21
4.985647715109802344e+21
4.985639077585909449e+21
4.985639077585907352e+21
4.985639077585907352e+21
4.985639077585907352e+21
4.985639077585907352e+21
4.985639073218622915e+21
4.974773454151514849e+21
4.974773443083692409e+21
4.974773443083692409e+21
4.974773443083692409e+21
4.974773443083692409e+21
4.974773443083692409e+21
4.974614225400559043e+21
4.974614225400559043e+21
3.385467593176835424e+21
1.428474926262729572e+21
1.428474926262729572e+21
1.428474926262729572e+21
7.752082272074428580e+20
7.722662781852437709e+20
7.722662781851857060e+20
7.722662781851857060e+20
7.722662781851857060e+20
7.722662781851260682e+20
7.722662781851260682e+20
6.765797077837930824e+20
6.765572273142666363e+20
6.765572170255727329e+20
6.765572170255727329e+20
6.765572170255727329e+20
6.765572170255727329e+20
6.702067049132490752e+20
6.702066311528044298e+20
6.702066311528044298e+20
6.702066311528044298e+20
6.702066311528044298e+20
6.702066311528044298e+20
6.702066311528044298e+20
6.702066311528044298e+20
6.700447521156257546e+20
6.700447521156257546e+20
6.700447521060124099e+20
6.700447520565193605e+20
6.700447520565193605e+20
3.148364757187190456e+20
2.949538936935360758e+20
1.275164506644917617e+20
1.275164506644917617e+20
1.275164506644917617e+20
1.274188065326822195e+20
9.682082592492039373e+19
9.682080541114662912e+19
9.682080541114662912e+19
9.682080541114662912e+19
9.682080541114662912e+19
9.376088935413011251e+19
9.376060832372932608e+19
9.376060832372927693e+19
9.376060832372927693e+19
9.376060832372916224e+19
9.376060832372916224e+19
9.376060832372916224e+19
9.376060832372916224e+19
9.376060829214634803e+19
9.362653085190196429e+19
9.362653035973882675e+19
9.362653035973882675e+19
9.362653035973882675e+19
9.362653035973882675e+19
9.362653035973882675e+19
6.304378017955817062e+19
6.304378017955817062e+19
2.448499771252585677e+19
2.448490071722434970e+19
2.448490071722434970e+19
2.427261171099331379e+19
2.427261171099331379e+19
1.508196670860700467e+19
1.508196670860700467e+19
1.508196670860700467e+19
1.508196670860657050e+19
1.508196670860212838e+19
1.508196670860212838e+19
1.508074522441067110e+19
1.381167723404550144e+19
1.381167723404550144e+19
1.381167723404550144e+19
1.381167714636877619e+19
1.371915509286806733e+19
1.371915509286806733e+19
1.371915224955285504e+19
1.371915224955285504e+19
1.371915224955285504e+19
1.371915224955285504e+19
1.371915224955285504e+19
1.371915224955285504e+19
1.371744627588780237e+19
1.371744627588780237e+19
1.371744627588780237e+19
1.371744627580851405e+19
1.371744627580851405e+19
1.371744627320429158e+19
5.654874869750404096e+18
5.302361648697189376e+18
5.302361648697189376e+18
2.645156970969029632e+18
2.645156970969029632e+18
2.642104084030703616e+18
2.169184247950504704e+18
2.169184037407295232e+18
2.169184037407295232e+18
2.169167588923438592e+18
2.169167588923438592e+18
2.115247641517690368e+18
2.115247641517690368e+18
2.115247641517690368e+18
2.115247641517679104e+18
2.115247641517678592e+18
2.115247641517678592e+18
2.115247641517678592e+18
2.115247641517678592e+18
2.113530524853448704e+18
2.113530524537646848e+18
2.113530501465256448e+18
2.113530501465256448e+18
2.113530501465256448e+18
2.113530501465256448e+18
2.113530501465256448e+18
1.261079494662830848e+18
5.387873919412309760e+17
5.387873919412309760e+17
5.387864315975881600e+17
5.387864315975881600e+17
5.387864315975881600e+17
5.331522607573820160e+17
5.331522607573820160e+17
5.331522607573820160e+17
3.688814780556714880e+17
3.688814780556714880e+17
3.688814780553380480e+17
3.688814780553341440e+17
3.688283674581008640e+17
3.420316093039575040e+17
3.420316093039575040e+17
3.420316093039575040e+17
3.420316093039575040e+17
3.420316082458945920e+17
3.420314149922003200e+17
3.406009506732487680e+17
3.406009506732487680e+17
3.406009506732487680e+17
3.406009506732487680e+17
3.406009506732487040e+17
3.406009506732487040e+17
3.406009506732487040e+17
3.406009506732487040e+17
3.405794487958053120e+17
3.405794486481216000e+17
3.405794486481216000e+17
3.405794486481216000e+17
3.405794486481216000e+17
3.405794486473898880e+17
1.358787608085973760e+17
1.236825184727120320e+17
6.950078047615094400e+16
6.938511206159783200e+16
6.938511206159783200e+16
5.783969813246252000e+16
5.783969518676646400e+16
5.783969518676646400e+16
5.783884513588046400e+16
5.783884513587942400e+16
5.686684224509552800e+16
5.686684224509552800e+16
5.686684224509552800e+16
5.686684224509552800e+16
5.686684224509552800e+16
5.686684224509552800e+16
5.686684224509552800e+16
5.686684224509552800e+16
5.686684224509552800e+16
5.686684041859854400e+16
5.684145439679692000e+16
5.684145439337716800e+16
5.684145439337716800e+16
5.684145439337716800e+16
5.684145439337716800e+16
5.684145439337716800e+16
3.204737241313725600e+16
1.502149908624543400e+16
1.502149908624543400e+16
1.475318452694884400e+16
1.475317035755580200e+16
1.475317035755580200e+16
1.475317035755580200e+16
1.031965092381260800e+16
1.031965092381260800e+16
1.031965092378859800e+16
1.031965092378859800e+16
1.031965092378859800e+16
1.031736872517977800e+16
1.031736872517974000e+16
1.031736872517974000e+16
9.778448716916986000e+15
9.778448716916986000e+15
9.778437235435504000e+15
9.778437222488040000e+15
9.778437222488040000e+15
9.754488660241302000e+15
9.754488660241302000e+15
9.754488660241300000e+15
9.754488660241300000e+15
9.754488660241300000e+15
9.754488660241300000e+15
9.754488660241300000e+15
9.754488660241300000e+15
9.754488646993922000e+15
9.754141596093428000e+15
4.005062102922125500e+15
4.005062102922125500e+15
4.005062102920865000e+15
3.564193965333489000e+15
3.564193965333489000e+15
1.998723234553453750e+15
1.992825789738080000e+15
1.741719069881506750e+15
1.741719069881506750e+15
1.741719069881506750e+15
1.741719029890816000e+15
1.741676705139583000e+15
1.741676705139496250e+15
1.741676705139496250e+15
1.741676705139496250e+15
1.723537534403692750e+15
1.723537534403692750e+15
1.723537534403692750e+15
1.723537534403692750e+15
1.723537534403692750e+15
1.723537534403692750e+15
1.723537534403692750e+15
1.723537412447135500e+15
1.723537412447135500e+15
1.723537412447135500e+15
1.723078443126695250e+15
1.723078443087535000e+15
1.723078443087535000e+15
1.723078443087535000e+15
9.678735338309213750e+14
9.678735338309213750e+14
4.412595112316119375e+14
4.314501247179045000e+14
4.314501247133153125e+14
4.314499432838127500e+14
4.314499432838127500e+14
3.278612316855685000e+14
3.278612316855685000e+14
3.278612316855685000e+14
3.278612316855685000e+14
3.277190661468948125e+14
3.277190661468948125e+14
3.277190661468948125e+14
3.277190661468943750e+14
3.163936247987985000e+14
3.163936247987985000e+14
3.163936247987985000e+14
3.163929647705625000e+14
3.163929646016463750e+14
3.158991450530839375e+14
3.158991450530836875e+14
3.158991450530836875e+14
3.158991450530836875e+14
3.158991450530836875e+14
3.158991450530836875e+14
3.158991440431781875e+14
3.158991440431781875e+14
3.158991440431781875e+14
3.158936945539568125e+14
1.205354430997669375e+14
1.072520448297971562e+14
1.072520448297869062e+14
6.734003624382326562e+13
6.734003624382326562e+13
6.705551042094596094e+13
6.705551042094596094e+13
6.705551042094596094e+13
6.100425096919175781e+13
6.100425096919175781e+13
6.100425096919175781e+13
6.100104596030902344e+13
6.100104596030902344e+13
6.100104596030902344e+13
6.100104596029739844e+13
6.100104534900503125e+13
6.100104534900503125e+13
6.056175426575522656e+13
6.056175426575522656e+13
6.056175426575522656e+13
6.056175426575522656e+13
6.056175426575522656e+13
6.056174599757399219e+13
6.056174599757399219e+13
6.056174599757399219e+13
6.056174599757399219e+13
6.055326082667109375e+13
6.055326082667109375e+13
6.055326082612300000e+13
6.055326082612300000e+13
6.055326082612300000e+13
3.095781080693833594e+13
1.579529252745797852e+13
1.579529252745797852e+13
1.537888328540212695e+13
1.537888328497829883e+13
1.250030702600572266e+13
1.250030512816438867e+13
1.250030512816438867e+13
1.249151267250118750e+13
1.249151267250118750e+13
1.249151267250118750e+13
1.249151267250118750e+13
1.249151267250118750e+13
1.216489723765500977e+13
1.216489723765500391e+13
1.216489723765500391e+13
1.216483700863531055e+13
1.216483700863531055e+13
1.216483700580537500e+13
1.216483700580533398e+13
1.215390042019065039e+13
1.215390042019065039e+13
1.215390042019065039e+13
1.215390033810549414e+13
1.215390033810549414e+13
1.215390033810549414e+13
1.215390033810549414e+13
1.215379981501004688e+13
1.215379981501004688e+13
4.732550204434627930e+12
4.046521947042651367e+12
2.776834425085212891e+12
2.776834425085151367e+12
2.760763393339347168e+12
2.760763393339347168e+12
2.760763393339347168e+12
2.760763393339347168e+12
2.760763393339347168e+12
2.760763393339347168e+12
2.555398348653649414e+12
2.555398348653649414e+12
2.555398348653649414e+12
2.555398348652166016e+12
2.555159027887840820e+12
2.555159015732789551e+12
2.555159015732789551e+12
2.555159015732789551e+12
2.543588619035385254e+12
2.543588619035385254e+12
2.543588619035385254e+12
2.543587718730040527e+12
2.543587718730040527e+12
2.543587718730040527e+12
2.543587718730040527e+12
2.543587718730040527e+12
2.543587718730040527e+12
2.543401184743261719e+12
2.543401184734592285e+12
2.543401184734592285e+12
2.543401184734592285e+12
1.265513741505922852e+12
1.265513741505922852e+12
1.265513741348335205e+12
7.021344504348596191e+11
6.738575191204974365e+11
6.738575191204974365e+11
5.622234367698132324e+11
5.622233932604243164e+11
5.616318508344288330e+11
5.616318508344288330e+11
5.616318508344288330e+11
5.616318508344288330e+11
5.616318508344288330e+11
5.516616359562615967e+11
5.516616359562615967e+11
5.516616359562615967e+11
5.516563648174694824e+11
5.516563648174632568e+11
5.516563648174632568e+11
5.516563647652874756e+11
5.516563647652874756e+11
5.516563647652874756e+11
5.513759841525139160e+11
5.513759737242491455e+11
5.513759737242491455e+11
5.513759737242491455e+11
5.513759737242491455e+11
5.513736290719259033e+11
3.683899553499510498e+11
1.868205935268359375e+11
1.868205935268359375e+11
1.868205935268359375e+11
1.868205935268359375e+11
1.868205935268359375e+11
1.868205935268359375e+11
1.319904174366974640e+11
1.307292987794054108e+11
1.307292987794043884e+11
1.307292987794043884e+11
1.307292987794043884e+11
1.307292987794043884e+11
1.307292987791912842e+11
1.236825794866515808e+11
1.236639283147107086e+11
1.236639283147107086e+11
1.236639283147107086e+11
1.236639280594556580e+11
1.236639280594556580e+11
1.233255895799642181e+11
1.233255895799642181e+11
1.233255895799642181e+11
1.233254995111802368e+11
1.233254995111802368e+11
1.233254995111802368e+11
1.233254995111802368e+11
1.233205297997860413e+11
1.233205297997860413e+11
1.233205297997860413e+11
1.233205297997860107e+11
1.233205297997860107e+11
1.233205297996320648e+11
1.233205297072596893e+11
6.162572453854724884e+10
6.162572453854724884e+10
5.640184711105937958e+10
3.310528257974422836e+10
3.310528257974422836e+10
3.303385632767956543e+10
2.883217388551362610e+10
2.883217388551362610e+10
2.883217285965568161e+10
2.883217285965568161e+10
2.883217285965568161e+10
2.850262840924820709e+10
2.850216026850427246e+10
2.850216026850427246e+10
2.850216026850427246e+10
2.850216026850427246e+10
2.850216026850336075e+10
2.850216026850336075e+10
2.850216026850336075e+10
2.849367619771072769e+10
2.849367619665922546e+10
2.849367619665922546e+10
2.849367501147654343e+10
2.849367501147654343e+10
2.849367501147654343e+10
2.849367501147654343e+10
2.849367501147654343e+10
2.849367501147654343e+10
1.868603517140874863e+10
9.484834708378948212e+09
9.484834708378948212e+09
9.484828488080673218e+09
9.484828488080673218e+09
9.484828488080673218e+09
9.322315677627862930e+09
7.114404379075997353e+09
7.114404379075997353e+09
7.114404379075997353e+09
7.114404379075978279e+09
7.114404379037018776e+09
7.114404379037018776e+09
7.112253201076828003e+09
6.847749183880957603e+09
6.847749183880957603e+09
6.847749183880957603e+09
6.847749183880957603e+09
6.847749177968528748e+09
6.847749177968528748e+09
6.835979887102027893e+09
6.835970680064775467e+09
6.835970680064775467e+09
6.835970680064775467e+09
6.835970680064775467e+09
6.835970680064775467e+09
6.835970680064775467e+09
6.835970680064772606e+09
6.835833780544363976e+09
6.835833780544363976e+09
6.835833780544363976e+09
6.835833780541234016e+09
6.835833768462365150e+09
6.835833768462365150e+09
3.267577287574723721e+09
2.969401288435933590e+09
1.909984626395846367e+09
1.909984626395846367e+09
1.904011599839112997e+09
1.904011599839112997e+09
1.723600040735943317e+09
1.723600013041833401e+09
1.723540330443611622e+09
1.723540330443611622e+09
1.710145024727152109e+09
1.710145024727152109e+09
1.710145024727152109e+09
1.710145024726948500e+09
1.710145024726948500e+09
1.710145024726948500e+09
1.710145024726948500e+09
1.710145024726948500e+09
1.709871156477025509e+09
1.709871156451970816e+09
1.709871014459341764e+09
1.709871014459341764e+09
1.709871014459341764e+09
1.709871014459341764e+09
1.709871014459341764e+09
1.709871014459341764e+09
1.709871014459341764e+09
1.709871014459341764e+09
1.055607946357357502e+09
5.798520431737436056e+08
5.798518675560879707e+08
5.674853801234579086e+08
5.674853801234579086e+08
5.674853801234579086e+08
5.674853801234579086e+08
5.674853801234579086e+08
4.593456527333602905e+08
4.593456527333602905e+08
4.593456527264486551e+08
4.593456527264486551e+08
4.593456527264482379e+08
4.591201819424211383e+08
4.465026570719232559e+08
4.465026570719232559e+08
4.465026570719232559e+08
4.465026570719232559e+08
4.465026569055961967e+08
4.465012874696419835e+08
4.460523585648944378e+08
4.460523585648944378e+08
4.460523585648944378e+08
4.460523585648935437e+08
4.460523585648935437e+08
4.460523585648935437e+08
4.460523585648935437e+08
4.460479554542714953e+08
4.460479554542714953e+08
4.460479537432436347e+08
4.460479537432436347e+08
4.460479537432436347e+08
4.460479537431722879e+08
2.158146990121949017e+08
1.909001649005687535e+08
1.909001649005687535e+08
1.321683408682820648e+08
1.315842684449055046e+08
1.216143079592245221e+08
1.216143079592245221e+08
1.216143070469443202e+08
1.216068352315149456e+08
1.216068352315149456e+08
1.216068352314711809e+08
1.210072719437135607e+08
1.210072719437135607e+08
1.210072719437135607e+08
1.210072719437135607e+08
1.210072719437135607e+08
1.210072719437135607e+08
1.210072719437135607e+08
1.210072719437135607e+08
1.210072719437135607e+08
1.210072719437135607e+08
1.210072719437135607e+08
1.210072471502074748e+08
1.209968882677860111e+08
1.209968882671147585e+08
1.209968882671147585e+08
1.209968882671147585e+08
1.209968882671147585e+08
7.303752332910436392e+07
7.303752332910436392e+07
4.277634775927850604e+07
4.277634775927850604e+07
4.146462050036381930e+07
4.146461455834899098e+07
3.469997974620191008e+07
3.469997974488967657e+07
3.469997974488967657e+07
3.469997974488967657e+07
3.469997974488967657e+07
3.467367744556801021e+07
3.467367744556801021e+07
3.467367744556801021e+07
3.467367744556800276e+07
3.467367744556800276e+07
3.402270909760000557e+07
3.402270909760000557e+07
3.402250914645689726e+07
3.402250914129021019e+07
3.402250914129021019e+07
3.400281068776369095e+07
3.400281068776347488e+07
3.400281068776347488e+07
3.400281068776347488e+07
3.400281068776347488e+07
3.400281068776347488e+07
3.400281034110673517e+07
3.400281034110673517e+07
3.400281034110673517e+07
3.400264103830424696e+07
1.688799472826786712e+07
1.464826104671122879e+07
1.464826104671088979e+07
1.056544284052586928e+07
1.056544284052586928e+07
1.049218125611642562e+07
9.911323784326104447e+06
9.911323784326104447e+06
9.911323751908039674e+06
9.911323751908039674e+06
9.910309040253208950e+06
9.910309040243538097e+06
9.910309040243538097e+06
9.880172093893203884e+06
9.880172093893203884e+06
9.880172093893203884e+06
9.880172093893203884e+06
9.880172093893203884e+06
9.880172093893203884e+06
9.880172093893203884e+06
9.880172093893203884e+06
9.880172093893203884e+06
9.880167937299009413e+06
9.880167937299009413e+06
9.880167937299009413e+06
9.880167937299009413e+06
9.879710975003764033e+06
9.879710974984103814e+06
9.879710974984103814e+06
9.879710974984103814e+06
5.922581928534888662e+06
5.922581928534888662e+06
3.589182152203432284e+06
3.452000728890722618e+06
3.452000728437960614e+06
3.452000508102207445e+06
3.013520461142641492e+06
3.013520461142641492e+06
3.009618905861399602e+06
3.009618905861399602e+06
3.009618905861399602e+06
3.009618905861399602e+06
3.009618905861399602e+06
3.009618905861399602e+06
2.972329836457532831e+06
2.972329836457532365e+06
2.972329836457532365e+06
2.972298631872502621e+06
2.972298631872502621e+06
2.972298631699261721e+06
2.971303604559546337e+06
2.971303604559490457e+06
2.971303604559490457e+06
2.971303604559490457e+06
2.971303604559490457e+06
2.971303537992677186e+06
2.971303537992677186e+06
2.971303537992677186e+06
2.971296621362514328e+06
2.971296621362514328e+06
1.482963436191544402e+06
1.270405742535741767e+06
9.768846379571723519e+05
9.768846379571673460e+05
9.675327658622622257e+05
9.675327658622622257e+05
9.675327658622622257e+05
9.295830967753920704e+05
9.295830967753920704e+05
9.294074639504669467e+05
9.294074639504669467e+05
9.294074639475020813e+05
9.294074639475020813e+05
9.294074639475020813e+05
9.294074626951639075e+05
9.294074626951639075e+05
9.294074626951639075e+05
9.294074626951639075e+05
9.276516301872365875e+05
9.276516301872365875e+05
9.276516301872365875e+05
9.276508809513455490e+05
9.276508809513455490e+05
9.276508809513455490e+05
9.276508809513455490e+05
9.276508809513455490e+05
9.276508809513455490e+05
9.276293285495401360e+05
9.276293285489674890e+05
9.276293285489672562e+05
5.421685423800413264e+05
5.421685423800413264e+05
3.535356447903668159e+05
3.535356447903668159e+05
3.370925702114226297e+05
3.370925701028499752e+05
3.370925701028499752e+05
3.044182426641171332e+05
3.044182351362816989e+05
3.038225598591068992e+05
3.038225598591068992e+05
3.038225598591068992e+05
3.038225598591068992e+05
3.012977226305324584e+05
3.012977226305324584e+05
3.012977226305324584e+05
3.012914130702135153e+05
3.012914130701935501e+05
3.012914130701935501e+05
3.012914130643117242e+05
3.012367045477415668e+05
3.012367045477415668e+05
3.012367045477415668e+05
3.012366905576749705e+05
3.012366905576749705e+05
3.012363782358429162e+05
3.012363782358429162e+05
1.575324750088068831e+05
1.311209923787042208e+05
1.311209923787042208e+05
1.062340504366059758e+05
1.048605238433205377e+05
1.048605238433205377e+05
1.048605238433204213e+05
1.048605238433204213e+05
1.048605238433204213e+05
1.048605238433204213e+05
1.048605238433204213e+05
1.018779527413658361e+05
1.018779527413658361e+05
1.018779527404699329e+05
1.018779527404699329e+05
1.018779527404699329e+05
1.018463733407843392e+05
1.018463732910939725e+05
1.018463732910939725e+05
1.017334804686700954e+05
1.017334804686700954e+05
1.017333031462407380e+05
1.017333031462407380e+05
1.017333031462407380e+05
1.017333031462407380e+05
1.017333031462407380e+05
1.017321643563429388e+05
1.017321643563429388e+05
1.017321643563428370e+05
1.017321643563303369e+05
1.017321643563303369e+05
5.987654509964155295e+04
5.987654502959676756e+04
5.475039677645631309e+04
3.891222081344210892e+04
3.891222081344210892e+04
3.891222081344210892e+04
3.596384137952114543e+04
3.586033407236752828e+04
3.586033372720066109e+04
3.586033372720066109e+04
3.586033372720066109e+04
3.586033372720066109e+04
3.567156984157117404e+04
3.567024576958710531e+04
3.567024576958710531e+04
3.567024576958710531e+04
3.567024576958006219e+04
3.567024576958006219e+04
3.567024576958006219e+04
3.566687664545468579e+04
3.566687664530511393e+04
3.566687664530511393e+04
3.566687278588850313e+04
2.531598402974906276e+04
1.603171374148554969e+04
1.603171374148554969e+04
1.603171374148554969e+04
1.603171374148554969e+04
1.603171081855465854e+04
1.603171081855465854e+04
1.603171081855465854e+04
1.603171081855465854e+04
1.568043693713643916e+04
1.322831179808397792e+04
1.322831179808397792e+04
1.322831179808397792e+04
1.322831179808397792e+04
1.322831179808397792e+04
1.322831179808397792e+04
1.322831179777512989e+04
1.322831179777512989e+04
1.322167832709105642e+04
1.296561746324102569e+04
1.296561746324102569e+04
1.296561746324102569e+04
1.296561746177972054e+04
1.296561746177972054e+04
1.295757554921933115e+04
1.295757554921933115e+04
1.295753248173945758e+04
1.295753248173945758e+04
1.295753248173945758e+04
1.295753248173945758e+04
1.295753248173945758e+04
1.295753248173941392e+04
1.295747143866323313e+04
1.295747143866323313e+04
1.295747143866313490e+04
1.295747137411400581e+04
1.295747137411400581e+04
7.747017818748565332e+03
6.988078857923906071e+03
5.200456982902208438e+03
5.200456982902208438e+03
5.175973641432880868e+03
4.890639443548514464e+03
4.890639431899056035e+03
4.890329291220052255e+03
4.874874276758364431e+03
4.874874276758364431e+03
4.874874276758364431e+03
4.874874276755674146e+03
4.874874276755674146e+03
4.874874276755674146e+03
4.874874276755674146e+03
4.874874276755674146e+03
4.874666342609479216e+03
4.874666342608143168e+03
4.874665263293618409e+03
4.874665263293618409e+03
4.874665263293618409e+03
4.874665263293618409e+03
4.874665263293618409e+03
4.874665263293618409e+03
3.427725172601925351e+03
2.256822336435184297e+03
2.256822336435184297e+03
2.256822231329197621e+03
2.194769426076922173e+03
2.194769426076922173e+03
2.194769426076922173e+03
1.927241063943205972e+03
1.927241063943205972e+03
1.927241063943205972e+03
1.927241063814203017e+03
1.927241063814203017e+03
1.927241063814203017e+03
1.925645887137146474e+03
1.925645887137146474e+03
1.901616193050806032e+03
1.901616193050806032e+03
1.901616193050806032e+03
1.901616193035775495e+03
1.901604634090440186e+03
1.901032860735653685e+03
1.901032860735653685e+03
1.901032860735635268e+03
1.901032860735635268e+03
1.901032860735635268e+03
1.901032860735635268e+03
1.901030476514397151e+03
1.901030476514397151e+03
1.901030455712890216e+03
1.150110298042193563e+03
1.150110298042193563e+03
1.025239399199307172e+03
1.025239399199307172e+03
8.073925741253624437e+02
8.021114795415926437e+02
7.714682559927563261e+02
7.714682558541511526e+02
7.713808000997946692e+02
7.713808000997946692e+02
7.713808000984689670e+02
7.701082930791724266e+02
7.701082930791724266e+02
7.701082930791724266e+02
7.701082930791724266e+02
7.701082930791724266e+02
7.701079573930003335e+02
7.701079573930003335e+02
7.701079573930003335e+02
7.700985408950862166e+02
7.700985408950862166e+02
7.700985408950862166e+02
7.700985408950851934e+02
7.700985408950851934e+02
7.700985408950851934e+02
7.700985408950851934e+02
5.343246360112940465e+02
3.729492559904285827e+02
3.729492559904285827e+02
3.602349482922949164e+02
3.602349482922949164e+02
3.602349470118136310e+02
3.274577688131864193e+02
3.274577687574288802e+02
3.274577687574288802e+02
3.274577687574288802e+02
3.270450762583761275e+02
3.270450762583761275e+02
3.270450762583761275e+02
3.270450762583761275e+02
3.247422191723336482e+02
3.247383989025364031e+02
3.247383989025228175e+02
3.247383989025228175e+02
3.247081357002028312e+02
3.247081357001921447e+02
3.247081357001921447e+02
3.247081357001921447e+02
3.247081281375303092e+02
3.247081281375303092e+02
3.247081281375303092e+02
3.247080948774774924e+02
3.247080948774774924e+02
2.033677478886868641e+02
1.780019883603041819e+02
1.780019883603041819e+02
1.476211259944365111e+02
1.462908185883982242e+02
1.428709122383772581e+02
1.428709122383772581e+02
1.428440232332546884e+02
1.428440232331072650e+02
1.428440232324266788e+02
1.428440232324266788e+02
1.427647554616047216e+02
1.427647554616047216e+02
1.427647554616047216e+02
1.427647554616047216e+02
1.427647554616047216e+02
1.427647554616047216e+02
1.427647554616047216e+02
1.427647554616047216e+02
1.427646247186865196e+02
1.427646247186865196e+02
1.427646247186865196e+02
1.427646247186865196e+02
1.427644699792332119e+02
1.427644699792332119e+02
1.427644699792332119e+02
1.427644699792332119e+02
9.930389278891325944e+01
9.930389278891323102e+01
7.337948692733239398e+01
7.015589223740789748e+01
7.015589220551504468e+01
6.591047216689307220e+01
6.591047216556320620e+01
6.591047216556320620e+01
6.578425396024465499e+01
6.578425396024465499e+01
6.578425396024465499e+01
6.578425396024465499e+01
6.561442338053616652e+01
6.561442338053616652e+01
6.561302515138648062e+01
6.561302515138648062e+01
6.561302515138648062e+01
6.561243436145024077e+01
6.561243436144371799e+01
6.561243436144371799e+01
6.561243436144371799e+01
6.561243086193442764e+01
6.561243086193442764e+01
6.561243086193442764e+01
6.561243081980269665e+01
4.289331892484107556e+01
3.695140463005631659e+01
3.238040093330412361e+01
3.195860638736234449e+01
3.195860638736234449e+01
3.195860638736234449e+01
3.165820533181956264e+01
3.164823323316056047e+01
3.164823323274425348e+01
3.164823323274425348e+01
3.164823323274425348e+01
3.164823323274425348e+01
3.164823323274425348e+01
3.164823323274425348e+01
3.164823323274425348e+01
3.164637176390147388e+01
3.164637176390147388e+01
3.164637176390147388e+01
3.164631416808236963e+01
3.164631416808236963e+01
3.164631416808236963e+01
3.164631416808236963e+01
3.164631416808236963e+01
3.164631416808236963e+01
3.164631393219372058e+01
3.164631393219372058e+01
3.164631393219367084e+01
2.218918827712015229e+01
1.759867772519612572e+01
1.661885483087928606e+01
1.661885481059714209e+01
1.661885481059714209e+01
1.661885481059714209e+01
1.617112358447530696e+01
1.612091015802564087e+01
1.612091015802562666e+01
1.612091015802562666e+01
1.612091015802562666e+01
1.611602238701849643e+01
1.611602238701849643e+01
1.611538519623092824e+01
1.611538519622603260e+01
1.611538519622603260e+01
1.611538409052251453e+01
1.611538409052251453e+01
1.611538409052251453e+01
1.611538219781511572e+01
1.273521486849075046e+01
9.506031174503160486e+00
9.506031174502970416e+00
9.506031174502970416e+00
8.918331756090735141e+00
8.748195123932484663e+00
8.748195123932484663e+00
8.748195123932484663e+00
8.748195123932484663e+00
8.748195123932484663e+00
8.748195123932484663e+00
8.748195123932484663e+00
8.737343518067710590e+00
8.737343517708104912e+00
8.732318885452778900e+00
8.732318885452778900e+00
8.732318885452778900e+00
8.732318885452778900e+00
8.732318885452778900e+00
8.732318885452778900e+00
8.732314488601314650e+00
8.732314488601314650e+00
8.732281361537145514e+00
8.732281361537145514e+00
8.732281361537145514e+00
8.732281361533306807e+00
8.732281361533262398e+00
8.732281361533262398e+00
8.732281361533262398e+00
6.288586236110916161e+00
6.288586210074269545e+00
5.755847470001341115e+00
5.126431218745380214e+00
5.126431218745380214e+00
5.099491259636887541e+00
5.078859420259840718e+00
5.078859420259840718e+00
5.078859420259840718e+00
5.078844364766470498e+00
5.078425658539924115e+00
5.078425658539924115e+00
5.078425658534414744e+00
5.078425658534414744e+00
5.078425658534414744e+00
5.078425658510947294e+00
5.078425658510947294e+00
5.078424238661657597e+00
3.978800466405570724e+00
3.336293732459713279e+00
3.336293732459713279e+00
3.336293732459713279e+00
3.336293732459713279e+00
3.336293732459713279e+00
3.336293732459713279e+00
3.232959129745885285e+00
3.198681371759868775e+00
3.198681371759868775e+00
3.198681371759868775e+00
3.198681371759868775e+00
3.198681371327777523e+00
3.198681371327777523e+00
3.195080456029838700e+00
3.195035493153131068e+00
3.195035493153131068e+00
3.195035493153131068e+00
3.195035493153131068e+00
3.195035493153131068e+00
3.195035493153131068e+00
3.195035493153131068e+00
3.195035493027333917e+00
3.195006149134669737e+00
3.195006149134600015e+00
3.195006149134600015e+00
3.195006149134600015e+00
3.195006098364927549e+00
3.195006098364927549e+00
3.195006098364927549e+00
2.539759745722348860e+00
2.260550095993358433e+00
2.209603997248924756e+00
2.209603997248924756e+00
2.187719001593443124e+00
2.187600723322907115e+00
2.187600723322907115e+00
2.187185163199460103e+00
2.187185162602738764e+00
2.187185162593575871e+00
2.187185162593575871e+00
2.187185162593575871e+00
2.187183419986764132e+00
2.187183419986764132e+00
2.187183419986764132e+00
2.187183419986764132e+00
2.187183419986764132e+00
2.187183419986764132e+00
2.187183419986764132e+00
2.187183419986764132e+00
1.798693793061434842e+00
1.726809863441604032e+00
1.726809863441604032e+00
1.637308825404747648e+00
1.637308825404747648e+00
1.637308825404747648e+00
1.637308825404747425e+00
1.637033193323132352e+00
1.637033192468202447e+00
1.637033192468202447e+00
1.632895468372576264e+00
1.632895465862712836e+00
1.632895465862712836e+00
1.632895465862712836e+00
1.632895465862712836e+00
1.632854460463739166e+00
1.632854460463739166e+00
1.632854460463739166e+00
1.632854460463739166e+00
1.632854460463575963e+00
1.632854460463575963e+00
1.632854372723020253e+00
1.632854372723020253e+00
1.536014992089594910e+00
1.536014992089594910e+00
1.352664082254801059e+00
1.352085351076325992e+00
1.325279854827271286e+00
1.325279845550491498e+00
1.325279845550491498e+00
1.324610020446884917e+00
1.324610020446884917e+00
1.324610020421497225e+00
1.324610020421497225e+00
1.324610020421497225e+00
1.324606600875547491e+00
1.324606600875547491e+00
1.324606600875547491e+00
1.324606600875547491e+00
1.324606600875547491e+00
1.324606600875547491e+00
1.324606600875547491e+00
1.324606600875547491e+00
1.324606600875547491e+00
1.246635747596068322e+00
1.245520885607334094e+00
1.245520885607331874e+00
1.245520885607331874e+00
1.162360086112230961e+00
1.162360083260284505e+00
1.162360083260284505e+00
1.162360053566897422e+00
1.162360053566897422e+00
1.155490564951062504e+00
1.155490564951062504e+00
1.155490564951062504e+00
1.155490564951062504e+00
1.155400362234274114e+00
1.155400362234274114e+00
1.155400362234274114e+00
1.155400362233657274e+00
1.155400362233657274e+00
1.155400127197216076e+00
1.155400127197216076e+00
1.155400127197216076e+00
1.153803241890366094e+00
1.100237789329044702e+00
1.100237707465113957e+00
1.068331248468214811e+00
1.068331248468214811e+00
1.068331248468214811e+00
1.066894222044241447e+00
1.066894221935264175e+00
1.066894221935264175e+00
1.066894221935264175e+00
1.066894221935264175e+00
1.066894221935264175e+00
1.066894221935264175e+00
1.066894221935264175e+00
1.066884476128744375e+00
1.066884476128744375e+00
1.066884476128744375e+00
1.066884476128744375e+00
1.066884476128744375e+00
1.066884476128744375e+00
1.066884476128744375e+00
1.066884476128732606e+00
1.065219673187417060e+00
1.065219499068682740e+00
1.034939908085937388e+00
1.034939895989566816e+00
1.034939895989566816e+00
1.034939895989566816e+00
1.034939895989566816e+00
1.025093665203686166e+00
1.025093665203686166e+00
1.025093665203686166e+00
1.025093665203686166e+00
1.024859123483918610e+00
1.024859123480707401e+00
1.024859123480707401e+00
1.024859123480707401e+00
1.024859123480707401e+00
1.024858311054686943e+00
1.024858042165215366e+00
1.023484910798186043e+00
1.023484910798186043e+00
1.010066948534277254e+00
1.010066948534277254e+00
1.010066948534277254e+00
1.010066948534277254e+00
1.010066948011690613e+00
1.007738270359583854e+00
1.007738270359583854e+00
1.007738270359583854e+00
1.007738270359583854e+00
1.007738270359583854e+00
1.007738270359583854e+00
1.007738270359583854e+00
1.007738270359583854e+00
1.007709540479244659e+00
1.007709540479244659e+00
1.007709540479244659e+00
1.007709540479244659e+00
1.007709540479175159e+00
1.007709540479175159e+00
1.007709222562314766e+00
1.007709222562314766e+00
1.007709172179688251e+00
1.006844614665350912e+00
1.006844614665350690e+00
1.006844614665350690e+00
1.002365946380415096e+00
1.002365946380415096e+00
1.002365946380415096e+00
1.002365946380415096e+00
1.002365946380415096e+00
1.001959088548075361e+00
1.001959088531653830e+00
1.001959088531653830e+00
1.001959088531653830e+00
1.001956522710623965e+00
1.001956241843271922e+00
1.001956241843271478e+00
1.001956241843271478e+00
1.001552152172469956e+00
1.001552152172469956e+00
1.001552152172469956e+00
1.001552152172469956e+00
1.001552152172469956e+00
1.001552152172468846e+00
1.001552149915161616e+00
1.001552149915161616e+00
1.000456045685555351e+00
1.000456045685555351e+00
1.000456045685555351e+00
1.000456045685555351e+00
1.000456045685555351e+00
1.000456045685555351e+00
1.000456045685555351e+00
1.000404665174405849e+00
1.000404665174405849e+00
1.000404665174405849e+00
1.000404665174039254e+00
1.000404665174039254e+00
1.000404501102454047e+00
1.000404501102453381e+00
1.000404501102453381e+00
1.000404318845494522e+00
1.000404318845494522e+00
1.000266549717442999e+00
1.000266549717442999e+00
1.000266549717442999e+00
1.000266549717442999e+00
1.000072781496952334e+00
1.000072781425080493e+00
1.000072781425080493e+00
1.000072781425080493e+00
1.000068143083808980e+00
1.000068143083808980e+00
1.000068143083808980e+00
1.000068143083808536e+00
1.000068143083808536e+00
1.000068143083808536e+00
1.000068143083808536e+00
1.000068057013913769e+00
1.000068057013913769e+00
1.000068057013913769e+00
1.000068057013913769e+00
1.000068057013913769e+00
1.000068057013907996e+00
1.000068049577309992e+00
1.000034108540665878e+00
1.000034108540665878e+00
1.000034108540665878e+00
1.000034108540665878e+00
1.000034108540665878e+00
1.000034108540665878e+00
1.000009560746451420e+00
1.000009560746451420e+00
1.000009560744842707e+00
1.000009560744842707e+00
1.000009263260434489e+00
1.000009263260434489e+00
1.000009263260434489e+00
1.000009263260434267e+00
1.000009263260434267e+00
1.000009263260434267e+00
1.000009263260434267e+00
1.000009233836188560e+00
1.000003224298373405e+00
1.000003224060924900e+00
1.000003224060924900e+00
1.000003224060924678e+00
1.000001006517436064e+00
1.000001006517436064e+00
1.000001006517436064e+00
1.000001006517436064e+00
1.000001006517436064e+00
1.000001006517436064e+00
1.000001006517436064e+00
1.000001006517436064e+00
1.000001006517436064e+00
1.000001006517436064e+00
1.000001006517436064e+00
1.000001006517435842e+00
1.000001006517410751e+00
1.000001006517410751e+00
1.000000993024984242e+00
1.000000985771973827e+00
1.000000985771973827e+00
1.000000985771973827e+00
1.000000985771973827e+00
1.000000224228854817e+00
1.000000224228854817e+00
1.000000224228854817e+00
1.000000224223539735e+00
1.000000224223539735e+00
1.000000081982481026e+00
1.000000081982481026e+00
1.000000081982481026e+00
1.000000081982481026e+00
1.000000081982481026e+00
1.000000081982481026e+00
1.000000081982481026e+00
1.000000080698163485e+00
1.000000080267298808e+00
1.000000080267298586e+00
1.000000080267298586e+00
1.000000080267298586e+00
1.000000011470090655e+00
1.000000011470090655e+00
1.000000011470090655e+00
1.000000011470090655e+00
1.000000011470090655e+00
1.000000011470090655e+00
1.000000011470090655e+00
1.000000011470007610e+00
1.000000011470007610e+00
1.000000011470007610e+00
1.000000011470007610e+00
1.000000011470007610e+00
1.000000005018547578e+00
1.000000005018547578e+00
1.000000005018547578e+00
1.000000005018547578e+00
1.000000005018547578e+00
1.000000004855793989e+00
1.000000004855793989e+00
1.000000004846149260e+00
1.000000004846149260e+00
1.000000004846149260e+00
1.000000000433237002e+00
1.000000000433237002e+00
1.000000000433237002e+00
1.000000000433237002e+00
1.000000000433237002e+00
1.000000000433237002e+00
1.000000000227216690e+00
1.000000000227215802e+00
1.000000000227215802e+00
1.000000000227215802e+00
1.000000000227215802e+00
1.000000000227215802e+00
1.000000000212512896e+00
1.000000000212512896e+00
1.000000000212512896e+00
1.000000000212512896e+00
1.000000000212512896e+00
1.000000000212512896e+00
1.000000000212362128e+00
1.000000000012210899e+00
1.000000000012210899e+00
1.000000000012210899e+00
1.000000000012210899e+00
1.000000000012210899e+00
1.000000000012210899e+00
1.000000000012210899e+00
1.000000000012210899e+00
1.000000000012210899e+00
1.000000000007599255e+00
1.000000000007599255e+00
1.000000000007599255e+00
1.000000000006656009e+00
1.000000000006656009e+00
1.000000000006656009e+00
1.000000000006656009e+00
1.000000000006654455e+00
1.000000000006654455e+00
1.000000000000262901e+00
1.000000000000262901e+00
1.000000000000262901e+00
1.000000000000262901e+00
1.000000000000262901e+00
1.000000000000262901e+00
1.000000000000262901e+00
1.000000000000262901e+00
1.000000000000262901e+00
1.000000000000262901e+00
1.000000000000262901e+00
1.000000000000262901e+00
1.000000000000190736e+00
1.000000000000190736e+00
1.000000000000148104e+00
1.000000000000148104e+00
1.000000000000148104e+00
1.000000000000148104e+00
1.000000000000148104e+00
1.000000000000148104e+00
1.000000000000148104e+00
1.000000000000004885e+00
1.000000000000004885e+00
1.000000000000004885e+00
1.000000000000004885e+00
1.000000000000004885e+00
1.000000000000004885e+00
1.000000000000004885e+00
1.000000000000004885e+00
1.000000000000004219e+00
1.000000000000004219e+00
1.000000000000004219e+00
1.000000000000002887e+00
1.000000000000002887e+00
1.000000000000002887e+00
1.000000000000002887e+00
1.000000000000002887e+00
1.000000000000002887e+00
1.000000000000002887e+00
1.000000000000002887e+00
1.000000000000002887e+00
1.000000000000000666e+00
1.000000000000000666e+00
1.000000000000000666e+00
1.000000000000000666e+00
1.000000000000000666e+00
1.000000000000000666e+00
1.000000000000000666e+00
1.000000000000000666e+00
1.000000000000000666e+00
1.000000000000000666e+00
1.000000000000000666e+00
1.000000000000000666e+00
1.000000000000000666e+00
1.000000000000000666e+00
1.000000000000000666e+00
1.000000000000000666e+00
1.000000000000000666e+00
1.000000000000000666e+00
1.000000000000000666e+00
1.000000000000000666e+00
1.000000000000000666e+00
1.000000000000000666e+00
1.000000000000000666e+00
1.000000000000000666e+00
1.000000000000000666e+00
1.000000000000000666e+00
1.000000000000000666e+00
1.000000000000000666e+00
1.000000000000000666e+00
1.000000000000000666e+00
1.000000000000000666e+00
1.000000000000000666e+00
1.000000000000000666e+00
1.000000000000000666e+00
1.000000000000000666e+00
1.000000000000000666e+00
1.000000000000000666e+00
1.000000000000000666e+00
1.000000000000000666e+00
1.000000000000000666e+00
1.000000000000000666e+00
1.000000000000000666e+00
1.000000000000000666e+00
1.000000000000000666e+00
1.000000000000000666e+00
1.000000000000000666e+00
1.000000000000000666e+00
1.000000000000000666e+00
1.000000000000000666e+00
1.000000000000000666e+00
1.000000000000000666e+00
1.000000000000000666e+00
1.000000000000000666e+00
1.000000000000000666e+00
1.000000000000000666e+00
1.000000000000000666e+00
1.000000000000000666e+00
1.000000000000000666e+00
1.000000000000000666e+00
1.000000000000000666e+00
1.000000000000000666e+00
1.000000000000000666e+00
1.000000000000000666e+00
1.000000000000000666e+00
1.000000000000000666e+00
1.000000000000000666e+00
1.000000000000000666e+00
1.000000000000000666e+00
1.000000000000000666e+00
1.000000000000000666e+00
1.000000000000000666e+00
1.000000000000000666e+00
1.000000000000000666e+00
1.000000000000000666e+00
1.000000000000000666e+00
1.000000000000000666e+00
1.000000000000000666e+00
1.000000000000000666e+00
1.000000000000000666e+00
1.000000000000000666e+00
1.000000000000000666e+00
1.000000000000000666e+00
1.000000000000000666e+00
1.000000000000000666e+00
1.000000000000000666e+00
1.000000000000000666e+00
1.000000000000000666e+00
1.000000000000000666e+00
1.000000000000000666e+00
1.000000000000000666e+00
1.000000000000000666e+00
1.000000000000000666e+00
1.000000000000000666e+00
1.000000000000000666e+00
1.000000000000000666e+00
1.000000000000000666e+00
1.000000000000000666e+00
1.000000000000000666e+00
1.000000000000000666e+00
1.000000000000000666e+00
1.000000000000000666e+00
1.000000000000000666e+00
1.000000000000000666e+00
1.000000000000000666e+00
1.000000000000000666e+00
1.000000000000000666e+00
1.000000000000000666e+00
1.000000000000000666e+00
1.000000000000000666e+00
1.000000000000000666e+00
1.000000000000000666e+00
1.000000000000000666e+00
1.000000000000000666e+00
1.000000000000000666e+00
1.000000000000000666e+00
1.000000000000000666e+00
1.000000000000000666e+00
1.000000000000000666e+00
1.000000000000000666e+00
1.000000000000000666e+00
1.000000000000000666e+00
1.000000000000000666e+00
1.000000000000000666e+00
1.000000000000000666e+00
1.000000000000000666e+00
1.000000000000000666e+00
1.000000000000000666e+00
1.000000000000000666e+00
1.000000000000000666e+00
1.000000000000000666e+00
1.000000000000000666e+00
1.000000000000000666e+00
1.000000000000000666e+00
1.000000000000000666e+00
1.000000000000000666e+00
1.000000000000000666e+00
1.000000000000000666e+00
1.000000000000000666e+00
1.000000000000000666e+00
1.000000000000000666e+00
1.000000000000000666e+00
1.000000000000000666e+00
1.000000000000000666e+00
1.000000000000000666e+00
1.000000000000000666e+00
1.000000000000000666e+00
1.000000000000000666e+00
1.000000000000000666e+00
1.000000000000000666e+00
1.000000000000000666e+00
1.000000000000000666e+00
1.000000000000000666e+00
1.000000000000000666e+00
1.000000000000000666e+00
1.000000000000000666e+00
1.000000000000000666e+00
1.000000000000000666e+00
1.000000000000000666e+00
1.000000000000000666e+00
1.000000000000000666e+00
1.000000000000000666e+00
1.000000000000000666e+00
1.000000000000000666e+00
1.000000000000000666e+00
1.000000000000000666e+00
1.000000000000000666e+00
1.000000000000000666e+00
1.000000000000000666e+00
1.000000000000000666e+00
1.000000000000000666e+00
1.000000000000000666e+00
1.000000000000000666e+00
1.000000000000000666e+00
1.000000000000000666e+00
1.000000000000000666e+00
1.000000000000000666e+00
1.000000000000000666e+00
1.000000000000000666e+00
1.000000000000000666e+00
1.000000000000000666e+00
1.000000000000000666e+00
1.000000000000000666e+00
1.000000000000000666e+00
1.000000000000000666e+00
1.000000000000000666e+00
1.000000000000000666e+00
1.000000000000000666e+00
1.000000000000000666e+00
1.000000000000000666e+00
1.000000000000000666e+00
1.000000000000000666e+00
1.000000000000000666e+00
1.000000000000000666e+00
1.000000000000000666e+00
1.000000000000000666e+00
1.000000000000000666e+00
1.000000000000000666e+00
1.000000000000000666e+00
1.000000000000000666e+00
1.000000000000000666e+00
1.000000000000000666e+00
1.000000000000000666e+00
1.000000000000000666e+00
1.000000000000000666e+00
1.000000000000000666e+00
1.000000000000000666e+00
1.000000000000000666e+00
1.000000000000000666e+00
1.000000000000000666e+00
1.000000000000000666e+00
1.000000000000000666e+00
1.000000000000000666e+00
1.000000000000000666e+00
1.000000000000000666e+00
1.000000000000000666e+00
1.000000000000000666e+00
1.000000000000000666e+00
1.000000000000000666e+00
1.000000000000000666e+00
1.000000000000000666e+00
1.000000000000000666e+00
1.000000000000000666e+00
1.000000000000000666e+00
1.000000000000000666e+00
1.000000000000000666e+00
1.000000000000000666e+00
1.000000000000000666e+00
1.000000000000000666e+00
1.000000000000000666e+00
1.000000000000000666e+00
1.000000000000000666e+00
1.000000000000000666e+00
1.000000000000000666e+00
1.000000000000000666e+00
1.000000000000000666e+00
1.000000000000000666e+00
1.000000000000000666e+00
1.000000000000000666e+00
1.000000000000000666e+00
1.000000000000000666e+00
1.000000000000000666e+00
1.000000000000000666e+00
1.000000000000000666e+00
1.000000000000000666e+00
1.000000000000000666e+00
1.000000000000000666e+00
1.000000000000000666e+00
1.000000000000000666e+00
1.000000000000000666e+00
1.000000000000000666e+00
1.000000000000000666e+00
