8.088460674087661472e+89
4.616603287468511309e+89
1.510166066422320113e+89
2.749017024301552046e+88
2.183976197482715947e+88
2.059341324876937104e+88
4.213242780507794413e+87
1.290008967792060887e+87
1.181740485092927729e+87
9.513903848855512415e+86
9.505580865211199652e+86
1.410944602838072730e+86
6.958159486600701178e+85
6.957639305326780877e+85
6.901106104649727985e+85
3.850591209592142873e+85
3.792397342184420740e+85
5.826691837393834857e+84
4.075697089652546451e+84
4.075656590530273142e+84
3.893751166704900718e+84
3.893544176251439912e+84
1.345485472006199847e+84
1.342490295313101716e+84
2.966930678673831165e+83
2.546541307334931774e+83
2.094519661783186516e+83
2.093515189593945294e+83
4.919734948971919230e+82
4.919733964488301536e+82
1.789366416972718342e+82
1.789203062010145972e+82
1.779870374964195247e+82
9.646228573672233393e+81
9.364214192792946451e+81
9.364206423569558946e+81
2.078896884501519688e+81
2.078896863004029336e+81
1.189104757642149358e+81
1.189088387389750346e+81
1.150071329150893151e+81
1.150045593737036184e+81
3.470523508126718713e+80
3.470523505937602637e+80
3.454946821095888641e+80
1.035306267321993536e+80
8.080665793908717224e+79
8.080665791006188041e+79
6.903873598497530701e+79
6.902317921408378093e+79
1.268930178137731577e+79
1.268930167188177963e+79
1.268929856177356650e+79
5.867805294590160932e+78
5.866429260015747387e+78
5.852090951951561948e+78
3.459385215162476856e+78
3.286124577230129521e+78
3.286122470356532870e+78
5.398771755127574834e+77
5.398771755119141623e+77
5.398771755104893610e+77
5.398771686257613366e+77
3.597600207223377577e+77
3.597482815049670062e+77
3.545619441649923756e+77
3.545565576932651712e+77
1.277446556069794699e+77
1.277446555681298787e+77
1.267180713983048034e+77
2.787678361876095374e+76
2.787678361875989317e+76
2.332620465954388052e+76
2.332620464805849010e+76
2.179769310310689719e+76
2.179427787195165170e+76
4.854917267277994705e+75
4.854917246283431111e+75
4.854913679556161621e+75
4.854913679556015389e+75
1.709613429718759603e+75
1.709043258379711482e+75
1.706361173987638995e+75
1.325419884598054179e+75
1.259850491360405140e+75
1.259850085729712093e+75
2.152054881324666415e+74
2.152054881322850826e+74
2.152054881316487603e+74
2.152054795610744296e+74
1.178885149900620378e+74
1.178823614868130310e+74
1.166511204660466407e+74
1.166503567640142482e+74
6.365682062703247833e+73
6.365682061929582490e+73
6.300154930714333489e+73
1.169343072265814861e+73
1.169343072265814704e+73
1.169343072265726040e+73
8.736323384226257976e+72
8.736323371604456396e+72
8.258695477211755160e+72
8.258053265181617033e+72
2.863300220289777032e+72
2.863300214433270537e+72
2.863294158040894050e+72
2.863294158040833633e+72
7.737064597091066346e+71
7.734056099555849659e+71
7.726856956046224443e+71
6.005653622095597269e+71
5.471896861821041764e+71
5.471896248157458518e+71
1.366398336928152804e+71
1.366398336928152313e+71
1.366398336927285779e+71
1.366398336907188019e+71
1.366398168239284077e+71
5.929008495126445048e+70
5.929008495126445048e+70
5.928607491228945289e+70
5.887669767226817331e+70
5.887654164648895748e+70
3.058088938760107543e+70
3.058088938548742693e+70
2.996165170316348335e+70
7.539782841197944964e+69
7.539782841197944964e+69
7.539782841195053145e+69
7.539782841195053145e+69
4.885686786551967938e+69
4.885686767281611188e+69
4.687121371200973778e+69
4.686955470585909904e+69
1.397091138969647174e+69
1.397091137319116145e+69
1.397087422469953338e+69
1.397087422469943377e+69
4.854363876530828988e+68
4.849468240776157682e+68
4.849468240776157682e+68
4.847197240864388186e+68
3.923283152866868545e+68
3.923282779424834238e+68
3.386197938312256485e+68
6.646802111962164670e+67
6.646802111962157486e+67
6.646802111960706404e+67
6.646802111728542908e+67
6.646802111728542908e+67
6.646801083440002872e+67
3.490211182604221725e+67
3.490211182604221725e+67
3.489636454750576048e+67
3.478220126007908585e+67
3.478213679963576832e+67
2.026945147528750064e+67
2.026945147463049107e+67
1.960110776825664059e+67
3.709425247256459452e+66
3.709425247256459452e+66
3.709425247253042017e+66
3.709425247253042017e+66
2.686267896353510218e+66
2.686267881344609940e+66
2.637007909000923374e+66
2.636945745861992125e+66
2.636945745861992125e+66
2.636945745861992125e+66
9.640267386934566462e+65
9.640267381374138736e+65
9.640194219594833346e+65
9.640194219594812768e+65
2.501603856733293600e+65
2.498368713910375890e+65
2.498368713910375890e+65
2.497655055090726010e+65
2.276148789382560911e+65
2.276148700445842930e+65
2.012260440986389089e+65
4.805884134510380136e+64
4.805884134510360260e+64
4.805884134510013007e+64
4.805884134197313624e+64
4.805884134197313624e+64
4.805881910618701819e+64
4.805881910618701819e+64
1.969624271929309260e+64
1.969624271929309260e+64
1.969168725750137134e+64
1.964860749857006196e+64
1.964859294400998707e+64
1.483616450703719478e+64
1.483616450687590638e+64
1.432660321541861407e+64
2.808283965661142570e+63
2.808283965661142570e+63
2.808283965656096736e+63
2.808283965656096736e+63
1.717621462059391496e+63
1.717621436677634691e+63
1.693673946131162280e+63
1.693655802209789063e+63
1.693655802209789063e+63
1.693655802209789063e+63
8.942858498519087692e+62
8.942858496326502744e+62
8.942701788661322417e+62
8.942701788661311456e+62
2.001786075814745109e+62
1.998834410068970419e+62
1.998834410068970419e+62
1.998511158288843867e+62
1.829839603194192254e+62
1.829839576856397031e+62
1.485068921086678493e+62
5.145189163233274711e+61
5.145189163233216480e+61
5.145189163232960717e+61
5.145189161750446568e+61
5.145189161750446568e+61
5.145182818030674718e+61
5.145182818030674718e+61
1.704068047480265281e+61
1.704068047480265281e+61
1.703582121181401827e+61
1.701298846697130678e+61
1.701298346696567031e+61
1.276794219850465233e+61
1.276794219842785642e+61
1.276794219842785642e+61
1.196167344872670771e+61
3.192873416596332049e+60
3.192873416596332049e+60
3.192873416569353500e+60
3.192873416569352786e+60
1.641040200719536098e+60
1.641040143050733871e+60
1.625503196574783952e+60
1.625495538433750685e+60
1.625495538433750685e+60
1.625495538433750685e+60
8.064772973566553531e+59
8.064772972420177480e+59
8.064591348121416738e+59
8.064591348121416738e+59
8.064591348121413170e+59
2.299115422113328376e+59
2.290560606039359569e+59
2.290560606039359569e+59
2.290366079985249933e+59
2.131078305390568288e+59
2.131078282424225682e+59
1.573733935848627928e+59
4.674960285370014127e+58
4.674960285369816208e+58
4.674960285369733696e+58
4.674960282323328690e+58
4.674960282323328690e+58
4.674960282323328690e+58
4.674952818672780967e+58
4.674952818672780967e+58
1.891570553648361776e+58
1.891570553648361776e+58
1.890252605851762833e+58
1.888963669568254633e+58
1.888963273293710491e+58
1.888963273293710491e+58
1.497760231699818797e+58
1.497760231695690093e+58
1.497760231695690093e+58
1.357196223428523746e+58
2.894583813083490554e+57
2.894583813083490554e+57
2.894583813028300739e+57
2.894583813028298648e+57
1.715278008870476806e+57
1.715277919080920556e+57
1.707461324890206599e+57
1.707455892514871405e+57
1.707455892514871405e+57
1.707455892514871405e+57
9.730306981891786713e+56
9.730306981239857529e+56
9.729724794971272889e+56
9.729724794971272889e+56
9.729724794971271147e+56
2.123710131431705920e+56
2.114156626535580459e+56
2.114156626535580459e+56
2.114156626535580459e+56
2.114050083966026665e+56
2.049266437524872438e+56
2.049266429228394585e+56
1.609641637854495689e+56
5.934216179743059221e+55
5.934216179742265410e+55
5.934216179742230565e+55
5.934216172746826534e+55
5.934216172746826534e+55
5.934216172746826534e+55
5.934189690407381054e+55
5.934189690407381054e+55
1.848037250294350028e+55
1.848037250294350028e+55
1.846389800647167936e+55
1.845598961102734547e+55
1.845598813318683251e+55
1.845598813318683251e+55
1.652376896464091316e+55
1.652376896462758226e+55
1.652376896462758226e+55
1.513672011954769373e+55
3.870417956187432176e+54
3.870417956187432176e+54
3.870417956046807766e+54
3.870417956046799599e+54
1.853416930481096409e+54
1.853416699626552013e+54
1.847541277637557583e+54
1.847538792897338494e+54
1.847538792897338494e+54
1.847538792897338494e+54
1.344417404986731891e+54
1.344417404953709358e+54
1.344271832801614797e+54
1.344271832801614797e+54
1.344271832801614797e+54
2.986541599646374013e+53
2.971398268054514956e+53
2.971398268054514956e+53
2.971398268054514956e+53
2.971398268054514956e+53
2.971316046757330592e+53
2.888796444055630102e+53
2.888796439681139492e+53
1.984383968964205444e+53
1.008645980527256265e+53
1.008645980526929806e+53
1.008645980526925978e+53
1.008645976076526028e+53
1.008645976076526028e+53
1.008645976076526028e+53
1.008635954709133655e+53
1.008635954709133655e+53
2.756522633128862655e+52
2.756522633128862655e+52
2.753583633470361917e+52
2.752896375702295123e+52
2.752896288459551312e+52
2.752896288459551312e+52
2.475326634377871919e+52
2.475326634376816512e+52
2.475326634376816512e+52
2.129313679447535806e+52
7.402931333828398594e+51
7.402931333828398594e+51
7.402931333828398594e+51
7.402931332695508207e+51
7.402931332695464343e+51
2.993781597940877765e+51
2.993780808981644378e+51
2.993780808981644378e+51
2.987785037605883152e+51
2.987783313402907276e+51
2.987783313402907276e+51
2.987783313402907276e+51
2.150915058360360429e+51
2.150915058330545180e+51
2.150616241590271658e+51
2.150616241590271658e+51
2.150616241590271658e+51
6.029922477910134942e+50
5.957357555766290513e+50
5.957357555766290513e+50
5.957357555766290513e+50
5.957357555766290513e+50
5.957269861293392260e+50
5.826899163667597938e+50
3.530480408202045903e+50
3.530480405897370589e+50
1.676012240521733105e+50
1.676012240519747779e+50
1.676012240519745286e+50
1.676012224424481131e+50
1.676012224424481131e+50
1.676012224424481131e+50
1.676012224424481131e+50
1.675990034079337919e+50
1.675990034079337919e+50
5.541160972054543124e+49
5.541160972054543124e+49
5.527122852849111664e+49
5.526388053626891637e+49
5.526388053626891637e+49
5.526387929609995438e+49
5.079672859204777257e+49
5.079672859203801105e+49
5.079672859203801105e+49
4.109948673817896420e+49
1.234844423198831300e+49
1.234844423198831300e+49
1.234844423198831300e+49
1.234844422785947902e+49
1.234844422785921421e+49
5.809160445583236931e+48
5.809158063249071754e+48
5.803162219702984055e+48
5.803162219702984055e+48
5.803162219702984055e+48
5.803159925310522959e+48
5.803159925310522959e+48
4.480426079816586067e+48
4.480426079788159540e+48
4.478891540736670800e+48
4.478891540736670800e+48
4.478891540736670800e+48
1.009582814613595779e+48
9.952219979126662152e+47
9.952219979126662152e+47
9.952219979126662152e+47
9.952219979126662152e+47
9.952133650275811012e+47
9.854401303290375553e+47
6.551860362001705526e+47
6.551860360257636539e+47
3.635500522137681276e+47
3.635500522125445304e+47
3.635500522125443681e+47
3.635500461391172477e+47
3.635500461391171666e+47
3.635500461391171666e+47
3.635500461391171666e+47
3.635376867095491714e+47
3.635376867095491714e+47
9.508415852671574142e+46
9.508415852671574142e+46
9.479184824947984776e+46
9.478422423423185292e+46
9.478422423423185292e+46
9.478422343262250986e+46
9.113684996780049615e+46
9.113684996780049615e+46
9.113684996779561823e+46
7.633067840285421542e+46
7.633067840285421542e+46
2.838305487315796668e+46
2.838305487315796668e+46
2.838305487315796668e+46
2.838305485566421599e+46
2.838305485566237536e+46
1.065659800957475771e+46
1.065658851922464979e+46
1.065658851922464979e+46
1.064946873160188194e+46
1.064946703380079415e+46
1.064946703380079415e+46
1.064946703380079415e+46
9.310995141842502835e+45
9.310995141823419622e+45
9.306306819799135981e+45
9.306306819799135981e+45
9.306306819799135981e+45
9.306306819799135981e+45
2.455874984063130414e+45
2.416999695109384377e+45
2.416999695109384377e+45
2.416999695109384377e+45
2.416999695109384377e+45
2.416988506824687308e+45
2.396626743600415141e+45
1.340303909342699665e+45
1.340303909229242084e+45
9.337338952673149470e+44
9.337338952608416892e+44
9.337338478343525866e+44
9.337338478343521112e+44
9.337338478343519527e+44
9.337338478343519527e+44
9.337338478343519527e+44
9.336761632135605015e+44
9.336761632135605015e+44
2.436033528401695093e+44
2.436033528401695093e+44
2.427246629076498319e+44
2.427136784808609643e+44
2.427136784808609643e+44
2.427136776637682478e+44
2.342459850720908659e+44
2.342459850720908659e+44
2.342459850720845276e+44
1.773885731771709645e+44
1.773885731771709645e+44
8.688395694844602128e+43
8.688395694844602128e+43
8.688395694844602128e+43
8.688395675439625607e+43
8.688395675438244066e+43
2.906554520408107700e+43
2.906549525154525707e+43
2.906549525154525707e+43
2.905385412759686972e+43
2.905385216319358535e+43
2.905385216319358535e+43
2.905385216319358535e+43
2.552307354308004091e+43
2.552307354305200900e+43
2.550693334933140405e+43
2.550693334933140405e+43
2.550693334933140405e+43
2.550693334933140405e+43
8.422114382879259846e+42
8.133685377107933869e+42
8.133685377107933869e+42
8.133685377107933869e+42
8.133685377107933869e+42
8.133665681100425236e+42
8.082886495784881586e+42
3.965315555370267820e+42
3.965315555176154489e+42
2.726433208170052001e+42
2.726433208104719406e+42
2.726432922003100494e+42
2.726432922003098328e+42
2.726432922003098328e+42
2.726432922003098328e+42
2.726432922003098328e+42
2.726207566607436520e+42
2.726207566607436520e+42
2.726207566607436520e+42
8.533588871071698170e+41
8.533588871071698170e+41
8.464578370482152433e+41
8.464578370482152433e+41
8.464370706378515299e+41
8.464370686954197761e+41
8.236224067172695090e+41
8.236224067172695090e+41
8.236224067172695090e+41
8.236224067172596055e+41
5.718518870566089919e+41
5.718518870566089919e+41
2.617761954157398159e+41
2.617761954157398159e+41
2.617761954157398159e+41
2.617761954155913404e+41
2.617761941692123026e+41
1.010607762345858100e+41
1.010604995155948879e+41
1.010604995155948879e+41
1.010386181481514897e+41
1.010386135043725934e+41
1.010386135043725934e+41
9.137899280567291642e+40
9.137899280567291642e+40
9.137899280562780898e+40
9.124609499478021161e+40
9.124609499478021161e+40
9.124609499478021161e+40
2.563288492477270641e+40
2.563288492477270641e+40
2.459584944265682882e+40
2.459584944265682882e+40
2.459584944265682882e+40
2.459584944265682882e+40
2.459581423791825774e+40
2.452339284443623913e+40
1.335741863716218222e+40
1.335741863688565252e+40
9.995558824848251332e+39
9.995558824848251332e+39
9.995558824226939623e+39
9.995558824226900938e+39
9.995557062176715185e+39
9.995557062176715185e+39
9.995557062176715185e+39
9.993609984520299790e+39
9.993609984520299790e+39
9.993609984520299790e+39
9.993609984520299790e+39
2.603989246025257579e+39
2.603989246025257579e+39
2.578924699389473565e+39
2.578924699389473565e+39
2.578887019815573975e+39
2.578887017551885161e+39
2.545491561785765078e+39
2.545491561785765078e+39
2.545491561785756616e+39
2.545491561785756616e+39
1.870247720611403488e+39
1.010274346627014303e+39
1.010274346627014303e+39
1.010274346627014303e+39
1.010274346627014303e+39
1.010274346625449651e+39
1.010274338119123441e+39
3.192147247107640493e+38
3.192147247107640493e+38
3.192129497941199761e+38
3.191702739482942487e+38
3.191702681307826065e+38
3.191702681307826065e+38
3.034200966807317432e+38
3.034200966807317432e+38
3.028479202229036590e+38
3.028479202228580599e+38
3.028479202228580599e+38
3.028479202228580599e+38
1.056398922346539557e+38
1.056398922346539557e+38
1.009839121455686149e+38
1.009839121455686149e+38
1.009839121455686149e+38
1.009839121455686149e+38
1.009838376418764356e+38
1.009838376418764356e+38
1.007450706032627918e+38
4.555839341359563562e+37
4.555839341329970380e+37
4.555839341329970380e+37
4.555839340738537424e+37
3.866371316100266479e+37
3.866371316100225867e+37
3.866369621174112953e+37
3.866369621174112953e+37
3.866369621174112953e+37
3.865231635897735964e+37
3.865231635897735964e+37
3.865231635897735964e+37
3.865231635897735964e+37
1.132924354168888961e+37
1.132924354168888961e+37
1.120354362228962158e+37
1.120354362228962158e+37
1.120345434561543184e+37
1.120345434168518095e+37
1.108001621535628663e+37
1.108001621535628663e+37
7.128423142557986682e+36
7.128423142557978418e+36
7.128423142557978418e+36
4.738539676042884497e+36
4.738539676042884497e+36
4.738539676042884497e+36
4.738539676042884497e+36
4.738539676027113564e+36
4.738539555719787467e+36
1.466514358593759814e+36
1.466514358593759814e+36
1.466499723796067254e+36
1.466386638713378325e+36
1.466386627416623244e+36
1.466386627416623244e+36
1.401073352790911062e+36
1.397837600184005209e+36
1.397837600184005209e+36
1.397837600184005209e+36
1.397837600183898956e+36
1.397837600183898956e+36
1.397837600183898956e+36
5.975113125826538635e+35
5.975113125826538635e+35
5.471781345873253143e+35
5.471781345873253143e+35
5.471781345873253143e+35
5.471781345873253143e+35
5.471779333560994629e+35
5.471779333560994629e+35
5.462971849340449896e+35
2.235877866104453978e+35
2.235877866096659491e+35
2.235877866096659491e+35
2.235877865180851697e+35
1.909267088105865889e+35
1.909267088105820510e+35
1.909267088105820510e+35
1.909265473447183933e+35
1.909265473447183933e+35
1.909265473447183933e+35
1.908529233200456450e+35
1.908529233200456450e+35
1.908529233200456450e+35
6.693867811352940637e+34
6.540920037332557861e+34
6.540920037332557861e+34
6.540920037332557861e+34
6.540892042956242031e+34
6.540892041491315986e+34
6.487914147284645833e+34
6.487914147284645833e+34
3.786925574304302208e+34
3.786925574304300363e+34
3.786925574304300363e+34
2.485316074516133718e+34
2.485316074516133718e+34
2.485316074516133718e+34
2.485316074516133718e+34
2.485316074488240857e+34
2.485315945196688915e+34
8.815951058835561363e+33
8.815951058835560210e+33
8.815810730130476580e+33
8.815434767081054679e+33
8.815434722436407234e+33
8.815434722436407234e+33
8.815434722436407234e+33
8.770377104152276157e+33
8.473769258074422537e+33
8.473769258074422537e+33
8.473769258074422537e+33
8.473769258074422537e+33
8.473769258074138918e+33
3.275346036433821682e+33
2.948644196420533497e+33
2.948644196420533497e+33
2.948644196420533497e+33
2.948644196420533497e+33
2.948644196420533497e+33
2.948643557410159019e+33
2.948643557410159019e+33
2.946288745357200087e+33
1.333134265373578340e+33
1.333134265373578340e+33
1.333134265371564186e+33
1.333134264099643889e+33
1.181802472686129967e+33
1.181802472686129967e+33
1.181802472686018422e+33
1.181800831213669120e+33
1.181800831213669120e+33
1.181800831213669120e+33
1.180806282917782355e+33
1.180806282917782355e+33
1.180806282917782355e+33
3.645917291697439486e+32
3.546663630100119447e+32
3.546663630100119447e+32
3.546663630100119447e+32
3.546654629756840695e+32
3.546654629443769905e+32
3.546654629443769905e+32
3.532266995848602204e+32
3.532266995848602204e+32
2.202658537648667975e+32
2.202658537648667615e+32
2.202658537648667615e+32
1.593320518234454357e+32
1.593320518234454357e+32
1.593320518234454357e+32
1.593320518189668941e+32
1.593320518189668941e+32
1.593320377192678131e+32
1.593320377192675609e+32
4.858307363780759942e+31
4.858157042613874265e+31
4.858032190383324641e+31
4.858032180528120095e+31
4.858032180528120095e+31
4.858032180528120095e+31
4.858032180528120095e+31
4.858032180528120095e+31
4.827997281991836013e+31
4.743905204255197138e+31
4.743905204255197138e+31
4.743905204255148499e+31
4.743905204255148499e+31
2.242451385820259164e+31
2.005914116916264673e+31
2.005914116916264673e+31
2.005914116916264673e+31
2.005914116916264673e+31
2.005914116916264673e+31
2.005913901959640007e+31
7.684546895327069211e+30
7.682796962065800871e+30
7.682796962065800871e+30
7.682796962065800871e+30
7.682796962062127060e+30
7.682796950853627980e+30
7.682796950853627980e+30
7.682796950851783756e+30
7.194382402496730050e+30
7.194360945020553772e+30
7.194360945020553772e+30
7.194360945020553772e+30
7.186264564888320994e+30
7.186264564888320994e+30
2.651289666375410667e+30
2.651289666375410667e+30
2.651289666375410667e+30
2.569987866174763641e+30
2.569987866174763641e+30
2.569984431032812624e+30
2.569984431032812624e+30
2.561716369872145285e+30
2.561716369782461165e+30
2.561716369782461165e+30
1.380449219325132487e+30
1.380449219325132487e+30
1.380449219325132487e+30
1.131059677836731001e+30
1.131059677836731001e+30
1.131059677836731001e+30
1.131059677776848466e+30
1.131059427152627096e+30
1.131059427152627096e+30
1.131059427152621889e+30
3.730931324847436385e+29
3.730736534258154743e+29
3.730683014979957746e+29
3.730683011788632459e+29
3.730683011788632459e+29
3.730683011788632459e+29
3.730683011788632459e+29
3.703181642638868787e+29
3.703181642638868787e+29
3.648929394792739087e+29
3.648929394792739087e+29
3.648929394792721494e+29
3.648929394792721494e+29
2.039261750814942910e+29
1.685884507273040548e+29
1.685884507273040548e+29
1.685884507273040548e+29
1.685884507273040548e+29
1.685884507273040548e+29
1.685884507273040548e+29
1.685884423898916067e+29
6.246054617048900443e+28
6.245214190177958168e+28
6.245214190177958168e+28
6.245214164053219724e+28
6.245214164053219724e+28
6.245214164051720870e+28
6.245214164048489185e+28
6.245178635486158244e+28
5.889757541994290389e+28
5.889757541994290389e+28
5.889757541994290389e+28
5.881324966351930683e+28
5.881324966351930683e+28
2.570715243727377359e+28
2.570715243727377359e+28
2.570715243727377359e+28
2.570715243727377359e+28
2.425301581644329693e+28
2.425301581644329693e+28
2.425301581644329693e+28
2.425299901820335752e+28
2.419942236965619782e+28
2.419942236916217405e+28
2.419942236916217405e+28
1.201059661428038240e+28
1.201059661428038240e+28
9.927925990472243178e+27
9.927925990472243178e+27
9.927925990472243178e+27
9.927925990472243178e+27
9.927925988844842824e+27
9.927921745957430200e+27
9.927921745957430200e+27
9.927921745957326846e+27
9.925778010329199150e+27
3.759590933482050056e+27
3.759590933482050056e+27
3.759590933482050056e+27
3.759561089654939146e+27
3.759561089654939146e+27
3.759561087654378289e+27
3.705357037574016513e+27
3.665717437977967922e+27
3.665717437977967922e+27
3.665717437977967922e+27
3.665717437977960226e+27
3.665717437977960226e+27
3.665717437977960226e+27
1.963294600507025564e+27
1.566439093684603822e+27
1.566439093684603822e+27
1.566439093684603822e+27
1.566439093684603822e+27
1.566439093684603822e+27
1.566439093684603822e+27
6.387480093281244436e+26
6.387480019402779427e+26
6.386997380233173144e+26
6.386997380233173144e+26
6.386997380233173144e+26
6.386997320192813763e+26
6.386997320180886811e+26
6.386997320180220232e+26
6.386939554863481623e+26
6.112724379090114778e+26
6.112724379090114778e+26
6.112724379090114778e+26
6.094995982076467310e+26
6.094995982076467310e+26
2.478234539778577604e+26
2.478234539778577604e+26
2.478234539778577604e+26
2.478234539778577604e+26
2.310569480406397844e+26
2.310569480406397844e+26
2.310569480406397844e+26
2.310568539267871741e+26
2.310568539267871741e+26
2.307895597073695331e+26
2.307895597054573106e+26
2.307895597054573106e+26
1.220866785196879468e+26
1.057028496516945191e+26
1.057028496516945191e+26
1.057028496516945191e+26
1.057028496516945191e+26
1.057028496516945191e+26
1.057028496111583085e+26
1.057027748441675086e+26
1.057027748441633683e+26
1.057027748441633683e+26
1.056552851342990876e+26
3.631892962472078456e+25
3.631892962472078456e+25
3.631892962472078456e+25
3.631892962472078456e+25
3.631875770571777950e+25
3.631875769777245937e+25
3.568563972598637712e+25
3.548273124561772433e+25
3.548273124561772433e+25
3.548273124561770285e+25
3.548273124561770285e+25
3.548273124561770285e+25
3.548273124561770285e+25
3.548273124561770285e+25
2.203755730760376151e+25
1.746774757907560893e+25
1.746774757907560893e+25
1.746774757907560893e+25
1.746774757907560893e+25
1.746774757907560893e+25
6.303734573537752347e+24
6.303734573537752347e+24
6.303734542916245065e+24
6.303444371121564176e+24
6.303444280214456040e+24
6.303444280214456040e+24
6.303444280188929976e+24
6.303334303799565326e+24
6.303334303799565326e+24
6.303334303799348430e+24
6.153737393407851449e+24
6.153737393407851449e+24
6.131198054415185176e+24
6.131198054415185176e+24
2.966061394964965099e+24
2.966061394964965099e+24
2.966061394964965099e+24
2.966061394964965099e+24
2.746617371215773856e+24
2.746617371215773856e+24
2.746617371215773856e+24
2.746617371215773856e+24
2.746616805258196572e+24
2.744284610267979805e+24
2.744284610258984533e+24
2.744284610258984533e+24
1.271832961644218544e+24
1.168252754124777909e+24
1.168252754124777909e+24
1.168252754124777909e+24
1.168252754124777909e+24
1.168252753355052660e+24
1.168250968169515242e+24
1.168250968169515242e+24
1.168250968169404109e+24
1.168250968169404109e+24
1.167522821161144390e+24
1.167522821161144390e+24
4.608459700250670279e+23
4.608459700250670279e+23
4.608459700250670279e+23
4.608459700250670279e+23
4.608447920331348792e+23
4.514943634561530363e+23
4.514943634153018575e+23
4.494869253783091130e+23
4.494869253783091130e+23
4.494869253783089788e+23
4.494869253783089788e+23
4.494869253783089788e+23
4.494869253783089788e+23
4.494869253783089788e+23
3.155672527139734731e+23
2.238618426736387503e+23
2.238618426736387503e+23
2.238618426736387503e+23
2.238618426736387503e+23
2.238618426736387503e+23
8.448287827256653382e+22
8.448287827256653382e+22
8.448287808958012326e+22
8.448287489765303910e+22
8.448065681716831846e+22
8.448065681645558877e+22
8.448065681645558877e+22
8.448065681645558877e+22
8.447817683374976061e+22
8.447817683374840165e+22
8.281270267805568493e+22
8.281270267805563460e+22
8.243751974284112901e+22
8.243751974284112901e+22
8.243751974284112901e+22
4.610996564625434083e+22
4.059617165130395864e+22
4.059617165130395864e+22
4.059617165130395864e+22
4.059617165130395864e+22
4.059617165130395864e+22
4.059617165130395864e+22
4.059616753783261050e+22
4.057447813506368799e+22
4.057447813506368799e+22
4.057447813499513628e+22
1.807953349418273892e+22
1.677447737309601255e+22
1.677447737309601255e+22
1.677447737309601255e+22
1.677447734207658852e+22
1.677447734207658852e+22
1.677443113560192110e+22
1.677443113560192110e+22
1.677443113559835804e+22
1.677443113559835804e+22
1.676062348327891501e+22
1.676062348327891501e+22
7.588257444758499099e+21
7.588257444758499099e+21
7.588257444758499099e+21
7.588257444758499099e+21
7.588246818850284241e+21
7.315454304410900890e+21
7.315454304036997562e+21
7.292995223975089930e+21
7.292995223975089930e+21
7.292995223975089930e+21
7.292995223975088882e+21
7.292995223975088882e+21
7.292995223975088882e+21
7.292995223975088882e+21
4.320075552215715021e+21
3.451164259430691242e+21
3.451164259430691242e+21
3.451164259430691242e+21
3.451164259430691242e+21
1.440041552082025054e+21
1.440041552082025054e+21
1.440041435653008523e+21
1.440041435653008523e+21
1.440041435612528509e+21
1.440041433758964908e+21
1.440019992733058597e+21
1.440019992733058597e+21
1.439953705755111850e+21
1.439953705755111850e+21
1.439953705755109491e+21
1.439953705755099529e+21
1.419248696903194640e+21
1.407246107224214602e+21
1.407246107224214602e+21
1.407246107224214602e+21
7.689134697731669361e+20
7.689134697731669361e+20
6.602207952746910843e+20
6.602207952746910843e+20
6.602207952746910843e+20
6.602207952746910843e+20
6.602207952746910843e+20
6.602207573438245110e+20
6.602207573438245110e+20
6.600298541976012718e+20
6.600298541971450102e+20
3.126077128400393339e+20
2.956804311586391327e+20
2.956804311586391327e+20
2.956804311586391327e+20
2.956804299486638244e+20
2.956791092200431288e+20
2.956791092200431288e+20
2.956791092200431288e+20
2.956791092198268600e+20
2.956791092198268600e+20
2.956791092198268600e+20
2.952103397968048292e+20
2.952103397968048292e+20
1.275643584361646981e+20
1.275643584361646981e+20
1.275643584361646981e+20
1.220050618175734252e+20
1.220049660510012047e+20
1.220049660483858924e+20
1.217968483529390162e+20
1.217968483529390162e+20
1.217968483529390162e+20
1.217968483529390162e+20
1.217968483529390162e+20
1.217968483529390162e+20
1.217968483529390162e+20
7.467338172464254157e+19
6.300453173386296525e+19
6.300453173386296525e+19
6.300453173386296525e+19
6.300453173386296525e+19
6.300453173386296525e+19
2.447907523388281651e+19
2.447907213884822733e+19
2.447907213737972122e+19
2.447907213737972122e+19
2.447885613220568269e+19
2.447885611873674035e+19
2.447676161353094349e+19
2.447676161353094349e+19
2.447676161353081242e+19
2.447676161353081242e+19
2.427647190587083981e+19
2.427647190587078246e+19
2.402173069203429786e+19
2.402173069203429786e+19
2.402173069203429786e+19
1.498472473827979264e+19
1.498472473827979264e+19
1.274027169306387866e+19
1.274027169306387866e+19
1.274027169306387866e+19
1.274027169306387866e+19
1.274027169306387866e+19
1.274027169306387866e+19
1.274027169306387866e+19
1.274027169306387866e+19
1.274027133787001446e+19
1.273779272205173555e+19
1.273779272204826010e+19
5.481096577290851328e+18
5.303969822745406464e+18
5.303969822745406464e+18
5.303969822745406464e+18
5.303969786927700992e+18
5.303923314662375424e+18
5.303923314653638656e+18
5.303923314653638656e+18
5.303923314653638656e+18
5.303923314653638656e+18
5.303923314653638656e+18
5.292964433138038784e+18
5.292964433138038784e+18
2.642816251938553856e+18
2.642816251938553856e+18
2.642816251938553856e+18
2.512575129120883200e+18
2.512574107734135296e+18
2.512574107734135296e+18
2.512574107711454720e+18
2.509495341204881920e+18
2.509495341204881920e+18
2.509495341204881920e+18
2.509495341204881920e+18
2.509495341204881920e+18
1.392145079958777088e+18
1.392145079958777088e+18
1.248700557669765632e+18
1.248700557669765632e+18
1.248700557669765632e+18
1.248700557669765632e+18
1.248700557669765632e+18
1.248699676991961856e+18
1.248699676640428288e+18
5.365148444672341120e+17
5.364417131157509120e+17
5.364391044721512960e+17
5.364391043398901760e+17
5.364391043398901760e+17
5.364391043398820480e+17
5.364391043398820480e+17
5.364391043398820480e+17
5.330785819274745600e+17
5.330785819274740480e+17
5.263484528813036160e+17
5.263484528813036160e+17
5.263484528813036160e+17
5.263484528813036160e+17
3.656115798896424960e+17
3.656115798896424960e+17
3.656115798896424960e+17
2.889456718789661440e+17
2.889456718789661440e+17
2.889456718789661440e+17
2.889456718789661440e+17
2.889456718789661440e+17
2.889456681431905920e+17
2.889456681431905920e+17
2.889136043986819200e+17
1.268299696326586880e+17
1.268299696326519360e+17
1.268299696326519360e+17
1.235026847738584800e+17
1.235026826502538240e+17
1.235008511589678240e+17
1.235008511589678240e+17
1.235008511585320640e+17
1.235008511585320640e+17
1.235008511585320640e+17
1.235008511585320640e+17
1.235008511585320640e+17
1.231747808708357120e+17
1.231747808708356800e+17
6.934016633862860000e+16
6.934016633862860000e+16
6.934016633862860000e+16
6.934016633862860000e+16
6.396978689333138400e+16
6.396977335571175200e+16
6.396977335571175200e+16
6.396977335542245600e+16
6.391956525379525600e+16
6.391956525379525600e+16
6.391956525379525600e+16
3.418140320125821600e+16
3.112111561608862400e+16
3.112111561608862400e+16
3.112111561608862400e+16
3.112111561608862400e+16
3.112111561608862400e+16
3.112111561608862400e+16
3.112111561608862400e+16
3.112107585360947600e+16
3.112107582973219200e+16
1.481481241741097200e+16
1.481481241741097200e+16
1.481175079712007200e+16
1.481175079711950800e+16
1.481171013184682400e+16
1.481171012986260400e+16
1.481171012986260400e+16
1.481171012986260400e+16
1.474715921468561600e+16
1.474715921468561600e+16
1.474715921468561000e+16
1.443203780069342800e+16
1.443203780069342800e+16
1.443203780069342800e+16
1.443203780069342800e+16
1.443203780069342800e+16
1.016149196145525800e+16
1.016149196145525800e+16
7.734246852664944000e+15
7.734246852664944000e+15
7.734246852664944000e+15
7.734246852664944000e+15
7.734246799993893000e+15
7.734246799993893000e+15
7.733777035658988000e+15
7.733777035658988000e+15
7.733777035658988000e+15
3.617076195654281000e+15
3.617076195654198500e+15
3.548513247760391000e+15
3.548513120328927000e+15
3.548513120328927000e+15
3.548430098816147000e+15
3.548430098776809500e+15
3.548430098776809500e+15
3.548430098776809500e+15
3.531847949783014000e+15
3.531847949783012000e+15
3.531847949783012000e+15
3.531847949783012000e+15
1.988510594339018500e+15
1.988510594339018500e+15
1.988510594339018500e+15
1.988510594339018500e+15
1.803706747270947000e+15
1.803706747270947000e+15
1.803706535477790000e+15
1.803706535474346500e+15
1.802890064763692000e+15
1.802890064763692000e+15
9.925546550810850000e+14
9.925546550810850000e+14
9.925546550810850000e+14
9.260574697636510000e+14
9.260574697636510000e+14
9.260574697636510000e+14
9.260574697636510000e+14
9.260574697636510000e+14
9.260574697636510000e+14
9.260574697636510000e+14
9.260555365131778750e+14
9.260555349763938750e+14
4.323583728369539375e+14
4.321974350905645625e+14
4.321974350905118125e+14
4.321967537514345625e+14
4.321967537261410625e+14
4.321967537261410625e+14
4.310709584930500000e+14
4.196718094484813750e+14
4.196718094484813750e+14
4.196718094484813750e+14
4.196718094484813125e+14
4.196718094484813125e+14
4.196718094484813125e+14
4.196718094484813125e+14
4.196718094484813125e+14
3.210149988999165000e+14
3.210149988999165000e+14
2.413922052547967188e+14
2.413922052547967188e+14
2.413922052547967188e+14
2.413922052547967188e+14
2.413922052547967188e+14
2.413922044866411562e+14
2.413831993942621562e+14
2.413831993942621562e+14
1.078343435336442500e+14
1.078343435336442500e+14
1.078343435336433281e+14
1.078343370719334375e+14
1.078343370719334375e+14
1.065790169637407969e+14
1.065790169611612656e+14
1.065743940490408750e+14
1.065743940490408750e+14
1.065743940490408750e+14
1.059386506652972031e+14
1.059386506652970156e+14
1.059386506652970156e+14
1.059386506652970156e+14
1.059386506652970156e+14
6.681990342933277344e+13
6.681990342933277344e+13
5.995266363879648438e+13
5.995266363879648438e+13
5.995266363879648438e+13
5.995266013560532031e+13
5.995266013555791406e+13
5.993490674523775781e+13
5.993490674523775781e+13
5.993490674523775781e+13
3.079537729530954688e+13
3.079537729530954688e+13
2.945361572818603125e+13
2.945361572818603125e+13
2.945361572818603125e+13
2.945361572818603125e+13
2.945361572818603125e+13
2.945361572818603125e+13
2.945361572818603125e+13
2.945361572818603125e+13
2.945361564282386328e+13
2.945349492491984375e+13
1.539413501616322656e+13
1.539413501615836523e+13
1.538545402238972070e+13
1.538544109571977539e+13
1.538544109532034961e+13
1.538544109532034961e+13
1.490471444584091016e+13
1.487834536694992969e+13
1.487834536694992969e+13
1.487834536694992969e+13
1.487834536694992969e+13
1.487834536694992969e+13
1.487834536694992969e+13
1.487834536694992969e+13
1.487834536694992969e+13
1.216758420710764844e+13
8.473942604165374023e+12
8.473942604165374023e+12
8.473942604165374023e+12
8.473942604165374023e+12
8.473942604165374023e+12
8.473942604165374023e+12
8.473942592369083984e+12
4.048048802948652832e+12
4.048010887859356934e+12
4.048010887859356934e+12
4.048010887859356934e+12
4.048010887859342285e+12
4.048010887859342285e+12
4.048010325777377441e+12
4.013093550940642578e+12
4.013093550739823730e+12
4.013093550739823730e+12
4.012814623186966797e+12
4.012814623186945312e+12
4.012814623186945312e+12
3.982873309819363770e+12
3.982873309819363770e+12
2.746713104989957520e+12
2.746713104989957520e+12
2.746713104989957520e+12
2.359402605643854004e+12
2.359402605643854004e+12
2.359402605643854004e+12
2.359402605643854004e+12
2.359402605643854004e+12
2.359402538032021973e+12
2.358990831190237793e+12
2.358990831190237793e+12
2.358990831189405762e+12
1.218132590535997559e+12
1.218132590535997559e+12
1.176417353901208740e+12
1.176417353901208740e+12
1.176417353901208740e+12
1.176417353901208740e+12
1.176417353901208740e+12
1.176417353901208740e+12
1.176417353901208740e+12
1.176417345495116943e+12
1.176409149757829834e+12
1.176409149757829834e+12
1.176409149756270752e+12
6.738180686024541016e+11
6.732648673452955322e+11
6.732645588775142822e+11
6.732645588775142822e+11
6.732645588688459473e+11
6.732645588688459473e+11
6.732645588688459473e+11
6.416890056297209473e+11
6.416890056297209473e+11
6.409567937062006836e+11
6.409567937062006836e+11
6.409567937062006836e+11
6.409567937062006836e+11
6.409567937062006836e+11
5.391339506835307007e+11
3.628856201540955200e+11
3.628856201540955200e+11
3.628856201540955200e+11
3.628856201540955200e+11
3.628856201540955200e+11
3.628856201540955200e+11
1.853944970053800659e+11
1.853944969413896790e+11
1.853944969413896790e+11
1.853935059092480164e+11
1.853935059092480164e+11
1.853934557354168701e+11
1.853934557354168701e+11
1.853934557354165955e+11
1.853934557089609375e+11
1.853736515612517395e+11
1.853736515612517395e+11
1.842744102512161865e+11
1.842744102512137451e+11
1.842744102512137451e+11
1.842744102512137451e+11
1.820829400264453735e+11
1.820829400264453735e+11
1.296078618695678406e+11
1.296078618695678406e+11
1.296078618695678406e+11
1.296078618695678406e+11
1.084774310942326660e+11
1.084774310942326660e+11
1.084774310942326660e+11
1.084774310942326660e+11
1.084774310942326660e+11
1.084774294744978943e+11
1.084665835432319794e+11
1.084665835432162018e+11
1.084665835432162018e+11
5.767854536745931244e+10
5.767854536745931244e+10
5.767854536745931244e+10
5.626421117989589691e+10
5.626421117989589691e+10
5.626421117989589691e+10
5.626421117989589691e+10
5.626421036160496521e+10
5.626421036160496521e+10
5.626358665753977203e+10
5.626358665731964874e+10
5.626358665731964874e+10
5.612932629124190521e+10
3.301120736070786285e+10
3.301120736070786285e+10
3.301120736070786285e+10
3.301120736070785522e+10
3.301120736070785522e+10
3.301119895629592896e+10
3.301119895610909653e+10
3.112287984779185104e+10
3.110140574880115509e+10
3.110140574880115509e+10
3.110140574880115509e+10
3.110140574880115509e+10
3.110140574880115509e+10
3.110140574880115509e+10
2.734901337620189667e+10
1.818685003595919037e+10
1.818685003595919037e+10
1.818685003595919037e+10
1.818685003595919037e+10
1.818685003595919037e+10
9.354506730906820297e+09
9.354506729446226120e+09
9.354478134890081406e+09
9.354478134890081406e+09
9.354478134890081406e+09
9.354473884997093201e+09
9.354473882130670547e+09
9.354473882130670547e+09
9.352716173422740936e+09
9.352716173422735214e+09
9.317769853152700424e+09
9.317769853152700424e+09
9.317769853152700424e+09
9.317769853152700424e+09
9.317769853152313232e+09
9.177319506554466248e+09
9.177319506554466248e+09
7.029644797414274216e+09
7.029644797414274216e+09
7.029644797414274216e+09
5.780821806919005394e+09
5.780821806919005394e+09
5.780821806919005394e+09
5.780821806919005394e+09
5.780821806919005394e+09
5.780821806919005394e+09
5.780821765679673195e+09
5.780821765679673195e+09
5.780472680867897987e+09
5.780472680867559433e+09
5.780472680867559433e+09
5.780472680867559433e+09
3.005300417992446423e+09
2.957036585211447239e+09
2.957036585211447239e+09
2.957036585211447239e+09
2.957036510013259888e+09
2.957036510013259888e+09
2.956976448051224709e+09
2.956976448025349617e+09
2.956976448025349617e+09
2.947657879104598045e+09
2.947657879104598045e+09
1.900965059590825796e+09
1.900965059590825796e+09
1.900965059590825796e+09
1.900965059590825796e+09
1.900965059590825081e+09
1.900964809728847265e+09
1.774212921436536789e+09
1.774212921432459831e+09
1.773421843141499043e+09
1.773421843141499043e+09
1.773421843141499043e+09
1.773421843141499043e+09
1.773421843141499043e+09
1.773421843141499043e+09
1.773421843141499043e+09
1.079489742404863834e+09
1.019017189381839395e+09
1.019017189381839395e+09
1.019017189381839395e+09
1.019017189381839395e+09
5.686360226960977316e+08
5.686354751969937086e+08
5.686354751969937086e+08
5.686345279190646410e+08
5.686345278782950640e+08
5.686345275259089470e+08
5.686345275259089470e+08
5.686345275259089470e+08
5.684712128613921404e+08
5.684712128613921404e+08
5.684712128613921404e+08
5.684712128613920212e+08
5.670063578402113914e+08
5.670063578401503563e+08
5.670063578401503563e+08
5.564109209894769192e+08
5.564109209894769192e+08
5.564109209894769192e+08
5.564109209894769192e+08
4.520626505608789921e+08
3.550104810342245102e+08
3.550104810342245102e+08
3.550104810342245102e+08
3.550104810342245102e+08
3.550104810342245102e+08
3.550104810342245102e+08
3.550104810342245102e+08
3.550104798593356609e+08
3.550104798593356609e+08
3.549986762924258709e+08
3.549986762924258709e+08
3.549986762924174070e+08
1.919899792388009131e+08
1.897477554960296154e+08
1.897477554960296154e+08
1.897477447010136843e+08
1.897415255991424918e+08
1.897415255991424918e+08
1.897415255955980122e+08
1.897415255955980122e+08
1.897415255955980122e+08
1.889577500897744000e+08
1.889577500897744000e+08
1.312343429513515532e+08
1.312343429513515532e+08
1.312343429513515532e+08
1.312343429513515532e+08
1.312343429513514042e+08
1.196244162052723318e+08
1.196244087309201211e+08
1.196244087307974994e+08
1.195921615663010925e+08
1.195921615663010925e+08
1.195921615663010925e+08
1.195921615663010925e+08
1.195921615663010925e+08
1.195921615663010925e+08
7.252331558945125341e+07
7.252331558945125341e+07
6.938809978965164721e+07
6.938809978965164721e+07
6.938809978965164721e+07
6.938809978965164721e+07
6.938809978965164721e+07
6.938809978965164721e+07
4.149807112903640419e+07
4.149799780204858631e+07
4.149799773661772907e+07
4.149799773661772907e+07
4.149795962599106878e+07
4.149795962455436587e+07
4.148017719343057275e+07
4.148017719343057275e+07
4.148017719343057275e+07
4.148017719341970235e+07
4.148017719341970235e+07
4.141019083269467205e+07
4.141019083269467205e+07
4.030709919215351343e+07
4.030709919215351343e+07
4.030709919215351343e+07
4.030709919215351343e+07
4.030709919215351343e+07
3.388562742063979059e+07
3.388562742063979059e+07
2.593033869697470963e+07
2.593033869697470963e+07
2.593033869697470963e+07
2.593033869697470963e+07
2.593033869697470963e+07
2.593033869697470963e+07
2.593033869697470963e+07
2.593033865550076962e+07
2.592986295267501101e+07
2.592986295267501101e+07
1.462635088421184942e+07
1.462635088421177305e+07
1.450924682955155894e+07
1.450924524227206595e+07
1.450924524227206595e+07
1.450924524227206595e+07
1.450850171593637764e+07
1.450850171521385573e+07
1.450850171521385573e+07
1.450850171521385573e+07
1.450850171521385573e+07
1.441851153768487461e+07
1.441851153768487461e+07
1.044539327500159293e+07
1.044539327500156127e+07
1.044539327500156127e+07
1.044539327500156127e+07
9.362589626369468868e+06
9.362589323419881985e+06
9.362589323415862396e+06
9.362589323415862396e+06
9.361096963096210733e+06
9.361096963096210733e+06
9.361096963096210733e+06
9.361096963096210733e+06
9.361096963096210733e+06
5.732208505356350914e+06
5.554368762912158854e+06
5.554368762912158854e+06
5.554368762912158854e+06
5.554368762912158854e+06
5.554368762912158854e+06
5.554368762912158854e+06
5.554368762912158854e+06
5.554368762912158854e+06
5.554341902268249542e+06
5.554341872790980153e+06
3.450547789795609191e+06
3.448129084946763236e+06
3.448127343927823007e+06
3.448127343874753453e+06
3.448127343872135505e+06
3.448127343872135505e+06
3.448127343872135505e+06
3.448127343872135505e+06
3.444471787659235764e+06
3.444471787659235764e+06
3.444471787659235764e+06
3.330949716657504905e+06
3.330949716657504905e+06
3.330949716657504905e+06
2.920856043002044316e+06
2.920856043002044316e+06
2.196884726276520640e+06
2.196884726276520640e+06
2.196884726276520640e+06
2.196884726276520640e+06
2.196884726276520640e+06
2.196884726276520640e+06
2.196884724683804438e+06
2.196884724683804438e+06
2.196862131269162521e+06
1.261086919625748415e+06
1.261086919625748415e+06
1.261086919625745853e+06
1.261086919625745853e+06
1.254492355766748777e+06
1.254492113139273366e+06
1.254382739037922351e+06
1.254382738902103854e+06
1.254382738902103854e+06
1.254382738902103854e+06
1.254382738902103854e+06
1.244329996983412420e+06
1.244329996983412420e+06
1.244329996983412420e+06
1.244329996983397054e+06
9.613928029713373398e+05
9.613928029713373398e+05
9.613928029713373398e+05
8.488008594345079036e+05
8.488008594345079036e+05
8.488008461129547795e+05
8.488008461129547795e+05
8.488008461128097260e+05
8.487196817221711390e+05
8.487196817221711390e+05
5.142251588630514452e+05
5.142251588630514452e+05
5.033047611951598665e+05
5.033047611951598665e+05
5.033047611951598665e+05
5.033047611951598665e+05
5.033047611951598665e+05
5.033047611951598665e+05
5.033047611951598665e+05
5.033047611951598665e+05
5.033047611951598665e+05
5.033004211429218994e+05
5.033004161939279875e+05
3.365859757255216246e+05
3.362415263061272562e+05
3.362415263061272562e+05
3.362415263055012911e+05
3.362414377319398918e+05
3.362414377297229366e+05
3.362414377297229366e+05
3.360113480196285527e+05
3.226441893827001913e+05
3.226441893827001913e+05
3.226441893827001913e+05
3.226441893827001913e+05
3.226441893827001331e+05
3.226441893827001331e+05
3.226441893827001331e+05
3.226441893827001331e+05
2.925859136703941040e+05
2.129269697306433518e+05
2.129269697306433518e+05
2.129269697306433518e+05
2.129269697306433518e+05
2.129269697306433518e+05
2.129269696649122925e+05
2.129258341425974213e+05
1.294545929427298979e+05
1.294545929427298979e+05
1.294545929427298979e+05
1.294545929427298252e+05
1.289940135141464998e+05
1.289939630328511703e+05
1.289766503747710085e+05
1.289766503454106423e+05
1.289766503454106423e+05
1.289766503454106423e+05
1.289766503454106423e+05
1.276552320405240898e+05
1.276552320405200153e+05
1.276552320405200153e+05
1.039475789006498671e+05
1.039475789006498671e+05
1.039475789006498671e+05
1.039475789006498671e+05
8.941415866801042284e+04
8.941415866801042284e+04
8.941415866801042284e+04
8.941415866801042284e+04
8.941415801856692997e+04
8.940933910127155832e+04
8.940933910126623232e+04
8.940933910126623232e+04
5.538383037438086467e+04
5.538383037438086467e+04
5.538383037438086467e+04
5.454049438859569636e+04
5.454049438859569636e+04
5.454049438859569636e+04
5.454049438859569636e+04
5.454049438859569636e+04
5.454049438859569636e+04
5.454049324495923065e+04
5.453973022578754171e+04
5.453973022578754171e+04
5.453973022578754171e+04
3.880568962996234768e+04
3.874865982364942465e+04
3.874865982347944373e+04
3.874865465574279369e+04
3.874865465564550686e+04
3.675834605615221517e+04
3.674362988332504028e+04
3.674362988332503301e+04
3.674362988332503301e+04
3.674362988332503301e+04
3.674362988332503301e+04
3.674362988332503301e+04
3.674362988332503301e+04
3.674362988332503301e+04
3.674362988332503301e+04
3.410357335352582595e+04
2.451824392591429569e+04
2.451824392591429569e+04
2.451824392591429569e+04
2.451824392591429569e+04
2.451824392591429569e+04
2.451824392591429569e+04
2.451824392303451168e+04
1.570806064132008214e+04
1.570803349152451847e+04
1.570803349152451847e+04
1.570803349152451483e+04
1.570802228420753090e+04
1.570802228420753090e+04
1.567169609261060214e+04
1.567169608408041131e+04
1.566851189581566905e+04
1.566851189581566905e+04
1.566851189581566905e+04
1.566851189581440667e+04
1.544834759033080445e+04
1.544834759033080445e+04
1.544834759033080445e+04
1.306275228984155365e+04
1.306275228984155365e+04
1.306275228984155365e+04
1.306275228984155365e+04
1.104088331688322978e+04
1.104088331688322978e+04
1.104088331688322978e+04
1.104088328416362128e+04
1.104056047877924539e+04
1.104056047877909805e+04
1.104056047877909805e+04
1.104056047877909805e+04
7.018455581420754243e+03
6.945641174905779735e+03
6.945641174905779735e+03
6.945641174905779735e+03
6.945641174905779735e+03
6.945641174905779735e+03
6.945641174905779735e+03
6.945641174905779735e+03
6.945640897227884125e+03
6.945486695185724784e+03
6.945486695185724784e+03
6.945486695078255252e+03
5.176831821830949593e+03
5.165338140872280746e+03
5.165337837443888930e+03
5.165337837440751173e+03
5.165337837440746625e+03
4.851401819591708772e+03
4.851401819591708772e+03
4.851401819591708772e+03
4.850275462639309808e+03
4.850275462639309808e+03
4.850275462639309808e+03
4.850275462639309808e+03
4.850275462639309808e+03
4.598848619748203419e+03
3.289018036360369933e+03
3.289018036360369933e+03
3.289018036360369933e+03
3.289018036360369933e+03
3.289018036360369933e+03
2.195850852328497695e+03
2.195850852286583176e+03
2.195849099216918148e+03
2.195849099216918148e+03
2.195846370022438805e+03
2.195846370022438805e+03
2.195846367515190195e+03
2.195846367515190195e+03
2.195846367515190195e+03
2.195137989161349651e+03
2.195137989161349651e+03
2.192018568480128124e+03
2.192018568479642454e+03
2.153524091226875044e+03
2.153524091226875044e+03
2.153524091226875044e+03
2.153524091226875044e+03
1.895364970729894821e+03
1.895364970729894821e+03
1.578524508960332696e+03
1.578524508960332696e+03
1.578524508960332696e+03
1.578524508960332696e+03
1.578524508960332696e+03
1.578524508960332696e+03
1.578524507746728204e+03
1.578502704851973931e+03
1.578502704851972567e+03
1.578502704851972567e+03
1.023580146334744427e+03
1.023580146334744427e+03
1.016750703349125274e+03
1.016750703349125274e+03
1.016750703349125274e+03
1.016750703349125274e+03
1.016750703349125274e+03
1.016750629198079082e+03
1.016713180688366720e+03
1.016713180653888458e+03
1.012745265861464190e+03
7.996238248855103166e+02
7.996238248855103166e+02
7.996238248855103166e+02
7.996238248855082702e+02
7.996238248855082702e+02
7.996238248855082702e+02
7.996238116906667983e+02
7.433704910092133105e+02
7.433704910091822740e+02
7.432830986151368506e+02
7.432830986151368506e+02
7.432830986151368506e+02
7.432830986151368506e+02
7.432830986151368506e+02
7.168959747065835018e+02
5.081587901168992403e+02
5.081587901168992403e+02
5.081587901168992403e+02
5.081587901168992403e+02
5.081587901168992403e+02
3.600104272907726113e+02
3.600104272907726113e+02
3.600095958990103782e+02
3.600095103931463996e+02
3.600095103931463996e+02
3.600095103926076945e+02
3.600095103926076945e+02
3.600095095527743752e+02
3.598388263291067801e+02
3.598388263291067801e+02
3.598388263291067801e+02
3.595616724414418854e+02
3.595616724414418854e+02
3.595616724412463441e+02
3.595616724412463441e+02
3.517702118687045072e+02
3.517702118687045072e+02
3.204483531665584337e+02
3.204483531665584337e+02
3.204483531665584337e+02
2.616881775800758305e+02
2.616881775800758305e+02
2.616881775800758305e+02
2.616881775800758305e+02
2.616881775641276704e+02
2.616881775641276704e+02
2.616870902428068462e+02
2.616870902428068462e+02
2.616870902428068462e+02
1.767137515148454838e+02
1.767137515148454838e+02
1.760392228552058214e+02
1.760392228552058214e+02
1.760391976637251616e+02
1.760291333792288810e+02
1.760291333792288810e+02
1.760291333663496971e+02
1.751317149547792269e+02
1.456415714044423169e+02
1.456415714044423169e+02
1.456415714044423169e+02
1.456415714044423169e+02
1.456415714044423169e+02
1.456415714044412937e+02
1.334693842421756926e+02
1.334693840663975664e+02
1.334693840663975379e+02
1.334642715496616745e+02
1.334642715496616745e+02
1.334642715496616745e+02
1.334642715496616745e+02
1.334642715496616745e+02
9.471314344074366431e+01
9.326772051382609163e+01
9.326772051382609163e+01
9.326772051382609163e+01
9.326772051382609163e+01
9.326772051382609163e+01
9.326772051382609163e+01
7.003040847926808965e+01
7.003012643617543631e+01
7.003012607602703099e+01
7.003012452896949469e+01
7.003012452896886941e+01
6.998134720144892640e+01
6.998134720144892640e+01
6.998134720144892640e+01
6.998134720135661269e+01
6.996231626995600550e+01
6.996231626995600550e+01
6.996231626995600550e+01
6.802255612430178644e+01
6.802255612430178644e+01
6.802255612430178644e+01
6.402404639793607544e+01
6.402404639793607544e+01
5.163142895699558466e+01
5.163142895699558466e+01
5.163142895699558466e+01
5.163142895699558466e+01
5.163142895699558466e+01
5.163142895697632895e+01
5.163142895697632895e+01
5.163140871800514020e+01
3.644222510595439246e+01
3.644222510595439246e+01
3.639004774211581861e+01
3.639003809122628752e+01
3.639003809122628752e+01
3.638678948416556125e+01
3.638678947792887897e+01
3.638678947792887897e+01
3.613354243517368047e+01
3.613354243517368047e+01
3.613354243517368047e+01
3.175064336870734039e+01
3.175064336870672932e+01
3.175064336870672932e+01
2.869803467840320010e+01
2.869803467815107823e+01
2.869803467815107823e+01
2.869792165706472886e+01
2.869792165706472886e+01
2.869792165706472886e+01
2.869792165706472886e+01
2.869792165706472886e+01
2.069816332374475820e+01
2.057173914295977468e+01
2.057173914295977468e+01
2.057173914295977468e+01
2.057173914295977468e+01
2.057173914295977468e+01
2.057173914295977468e+01
2.057173914295977468e+01
2.057155529280650796e+01
1.656554253717836644e+01
1.656554235650658313e+01
1.656554235650658313e+01
1.654749003449101963e+01
1.654749003181122546e+01
1.654749003181122546e+01
1.654749003175272293e+01
1.654698113078690724e+01
1.597069478675207321e+01
1.597069478675207321e+01
1.597069478675207321e+01
1.597069478675207321e+01
1.597069478675206966e+01
1.555677194788701634e+01
1.555677194788701634e+01
1.555677194788701634e+01
1.238380875050026475e+01
1.238380875050026475e+01
1.238380875050026475e+01
1.238380875050026475e+01
1.238380875050026475e+01
1.238380871437847475e+01
1.238380871437847475e+01
9.308859483987724559e+00
9.308859483987724559e+00
9.307229511291643220e+00
9.307224742319387900e+00
9.307224742319387900e+00
9.305818726507416372e+00
9.305818722850265345e+00
9.305818722850265345e+00
9.305818722850265345e+00
9.305818722850265345e+00
9.217425459436979551e+00
9.217425459436398683e+00
8.663830671207445988e+00
8.663830671207445988e+00
7.684003470379748180e+00
7.684003470379748180e+00
7.684003470379748180e+00
7.684003470379748180e+00
7.684003470379744627e+00
7.684003470379744627e+00
7.684003218998755713e+00
7.684003218998755713e+00
7.684003218998755713e+00
5.726027678453285752e+00
5.726027678453285752e+00
5.721376637957103384e+00
5.721376637957103384e+00
5.721376637957103384e+00
5.721376637957103384e+00
5.721376637957103384e+00
5.721376637957103384e+00
5.721282543449461855e+00
5.721282380651954824e+00
5.098994340967507810e+00
5.089850058252992859e+00
5.089850058203370331e+00
5.089850058203316152e+00
5.089850058203316152e+00
5.089850058203316152e+00
5.089848564402511322e+00
4.853194567340088916e+00
4.853194567340088916e+00
4.853194567340084475e+00
4.853194567340084475e+00
4.834503912255936342e+00
4.834503912255936342e+00
3.827501946670430755e+00
3.827501946670430755e+00
3.827501946670430755e+00
3.827501946670430755e+00
3.827501946670430755e+00
3.827501946669693123e+00
3.229256726839916603e+00
3.229256726839916603e+00
3.229256726839916603e+00
3.229252928154878965e+00
3.229246841660841305e+00
3.228341398993492373e+00
3.228341395668623992e+00
3.228341395668623992e+00
3.228341395668623992e+00
3.228341395668623992e+00
3.181836592985755718e+00
3.181836592985136658e+00
3.181836592985136658e+00
3.148628759493321105e+00
3.148628759493321105e+00
3.148628759493321105e+00
2.730518993044452003e+00
2.730518993044452003e+00
2.730518993044452003e+00
2.730518993044452003e+00
2.730518993037668096e+00
2.730518993037668096e+00
2.237234935772553612e+00
2.237234935772553612e+00
2.237212890498138762e+00
2.237212890498138762e+00
2.237212890498138762e+00
2.237212890498138762e+00
2.237212890498138762e+00
2.237212725788109591e+00
2.237135753428268092e+00
2.187227918533799720e+00
2.187227918533799720e+00
2.179847757074037773e+00
2.179847757005283437e+00
2.179847757005283437e+00
2.179847757005283437e+00
2.039137540272934146e+00
2.039137540221693801e+00
2.039137540221688027e+00
2.039137540221688027e+00
2.039137540221688027e+00
2.039137540221688027e+00
2.039137540221688027e+00
2.039034782013566360e+00
1.697279663474576816e+00
1.697279663474576816e+00
1.697279663474576816e+00
1.633128602086944436e+00
1.633128602086944436e+00
1.633128602086944436e+00
1.633123404127573952e+00
1.633123404127573952e+00
1.633123404127573952e+00
1.633123398497708711e+00
1.632106369697692960e+00
1.632106369365418086e+00
1.632106369365418086e+00
1.632106369365418086e+00
1.632106369364187071e+00
1.593207852243872402e+00
1.593207852243872402e+00
1.593207852243872402e+00
1.592946867329249505e+00
1.396621003994056087e+00
1.396621003994056087e+00
1.396621003994056087e+00
1.396621003994056087e+00
1.396621003994056087e+00
1.396621003994056087e+00
1.396621003994056087e+00
1.396621003994056087e+00
1.325162050097325794e+00
1.325162048444331830e+00
1.325162048444331830e+00
1.325162048444331830e+00
1.325162048444331830e+00
1.325161739266626171e+00
1.325043102416055829e+00
1.325043102247961402e+00
1.316123530818437137e+00
1.315575638399862024e+00
1.315575638399862024e+00
1.315575638399844038e+00
1.223144056633842736e+00
1.223144056633842736e+00
1.223144056633842736e+00
1.223144056633842736e+00
1.223144056633842736e+00
1.223144056633842736e+00
1.223144048731838129e+00
1.156359459396174127e+00
1.156359459396174127e+00
1.156359459396174127e+00
1.156359459396174127e+00
1.155400156408251888e+00
1.155400156408251888e+00
1.155400156408251888e+00
1.155400156408251888e+00
1.155400156408251888e+00
1.155388726583439052e+00
1.155388711507614685e+00
1.155388711507614685e+00
1.153708122457764329e+00
1.153708122457764329e+00
1.153708122457764329e+00
1.153708122453694918e+00
1.118674437800808885e+00
1.118674437800808885e+00
1.118674437800808885e+00
1.118674410297446409e+00
1.118674410297446187e+00
1.068249751254276347e+00
1.068249751254276347e+00
1.068249751254276347e+00
1.068249751254276347e+00
1.068249751254276347e+00
1.068249751254276347e+00
1.066884540246441304e+00
1.066884540246441304e+00
1.066884540246441304e+00
1.066884540246441304e+00
1.066883659825606845e+00
1.066629607554164361e+00
1.066629606971410293e+00
1.056174210034742211e+00
1.056174134596667091e+00
1.056174134596590930e+00
1.056174134596590930e+00
1.056174134596590930e+00
1.056174134596590930e+00
1.026399414607939153e+00
1.026399414607939153e+00
1.026399414607939153e+00
1.026399414607939153e+00
1.024858471690593076e+00
1.024858471690593076e+00
1.024858471690593076e+00
1.024858471690593076e+00
1.024858471690593076e+00
1.024858471690593076e+00
1.024858310516610471e+00
1.024828596199257591e+00
1.024828596199257591e+00
1.024828596199257591e+00
1.024828544090249371e+00
1.024828544090249371e+00
1.022431385047522623e+00
1.022431385047522623e+00
1.022431385030423412e+00
1.022431385030423412e+00
1.022431385030423412e+00
1.009040851445955900e+00
1.009040851445954790e+00
1.009040851445954790e+00
1.007709750046212660e+00
1.007709750046212660e+00
1.007709750046212660e+00
1.007709750046212660e+00
1.007709750046212660e+00
1.007709750046212660e+00
1.007709490079905068e+00
1.007709490079905068e+00
1.007709490079905068e+00
1.007706894723095825e+00
1.007295690473733352e+00
1.007295688190462224e+00
1.002813014989555551e+00
1.002813014989555551e+00
1.002813014989555329e+00
1.002813014989555329e+00
1.002813014989555329e+00
1.002813014989187179e+00
1.001956834748566338e+00
1.001956834748566338e+00
1.001956834748566338e+00
1.001956834748566338e+00
1.001956834748566338e+00
1.001956520451124932e+00
1.001956520451124932e+00
1.001956520451124932e+00
1.001956520451124932e+00
1.001956520451124932e+00
1.001956520451124932e+00
1.001904985708335749e+00
1.001904985708335527e+00
1.001904821144260493e+00
1.000807945270746568e+00
1.000807945270746568e+00
1.000807945270746568e+00
1.000807945198769255e+00
1.000807945198769255e+00
1.000404781028595425e+00
1.000404781028589651e+00
1.000404781028589651e+00
1.000404781028589651e+00
1.000404501030528914e+00
1.000404501030528914e+00
1.000404501030528914e+00
1.000404501030528914e+00
1.000404501030528914e+00
1.000404501030528470e+00
1.000404501030528470e+00
1.000404501030528470e+00
1.000399859611720288e+00
1.000206039744116593e+00
1.000206032305466453e+00
1.000206032305466453e+00
1.000068317781689808e+00
1.000068317781689808e+00
1.000068317781689808e+00
1.000068317780081095e+00
1.000068317780081095e+00
1.000068135645595380e+00
1.000068135645595380e+00
1.000068135645595380e+00
1.000068135645595380e+00
1.000068135645595380e+00
1.000068135645594714e+00
1.000068135645594714e+00
1.000068135645594714e+00
1.000068135645594714e+00
1.000068135645594714e+00
1.000068135645594714e+00
1.000068135645594714e+00
1.000043586180848543e+00
1.000043586180848543e+00
1.000043288676196074e+00
1.000043288676196074e+00
1.000009349320209573e+00
1.000009349082758181e+00
1.000009263022983097e+00
1.000009263022983097e+00
1.000009263022958006e+00
1.000009263022958006e+00
1.000009263022958006e+00
1.000009263022958006e+00
1.000009263022957562e+00
1.000009263022957562e+00
1.000009263022957562e+00
1.000009263022957562e+00
1.000009263022957562e+00
1.000007045452685484e+00
1.000007045452685484e+00
1.000001035941172400e+00
1.000001022448745003e+00
1.000001022448745003e+00
1.000001022448745003e+00
1.000000993024984242e+00
1.000000993019669160e+00
1.000000993019669160e+00
1.000000993019669160e+00
1.000000993019669160e+00
1.000000993019669160e+00
1.000000993019668938e+00
1.000000993019668938e+00
1.000000993019668938e+00
1.000000993019668716e+00
1.000000993019668716e+00
1.000000993019668716e+00
1.000000993019668716e+00
1.000000993019668716e+00
1.000000993019668716e+00
1.000000993019668716e+00
1.000000231476538604e+00
1.000000089235477896e+00
1.000000089235477896e+00
1.000000089235477896e+00
1.000000081982480582e+00
1.000000081551615905e+00
1.000000081551615905e+00
1.000000081551615683e+00
1.000000081551532638e+00
1.000000081551532638e+00
1.000000081551532638e+00
1.000000081551532638e+00
1.000000081551532638e+00
1.000000081551532638e+00
1.000000081551532638e+00
1.000000081551532638e+00
1.000000081551532638e+00
1.000000012754324707e+00
1.000000006302864675e+00
1.000000005018547133e+00
1.000000005018547133e+00
1.000000005018547133e+00
1.000000005018547133e+00
1.000000005018547133e+00
1.000000005008902626e+00
1.000000005008902626e+00
1.000000005008902626e+00
1.000000005008902626e+00
1.000000005008902626e+00
1.000000005008901738e+00
1.000000005008901738e+00
1.000000005008901738e+00
1.000000005008901738e+00
1.000000005008901738e+00
1.000000005008901738e+00
1.000000005008901738e+00
1.000000005008901738e+00
1.000000000595989258e+00
1.000000000433235670e+00
1.000000000433235670e+00
1.000000000227215580e+00
1.000000000227215580e+00
1.000000000227064811e+00
1.000000000227064811e+00
1.000000000227064811e+00
1.000000000227064811e+00
1.000000000227064811e+00
1.000000000227064811e+00
1.000000000227064811e+00
1.000000000227064811e+00
1.000000000227064811e+00
1.000000000227064811e+00
1.000000000212361906e+00
1.000000000212361906e+00
1.000000000012210455e+00
1.000000000012210455e+00
1.000000000012210455e+00
1.000000000012210455e+00
1.000000000007598810e+00
1.000000000007598810e+00
1.000000000007598810e+00
1.000000000007598810e+00
1.000000000007598810e+00
1.000000000007597256e+00
1.000000000007597256e+00
1.000000000007597256e+00
1.000000000007597256e+00
1.000000000007597256e+00
1.000000000007597256e+00
1.000000000007597256e+00
1.000000000007597256e+00
1.000000000006654011e+00
1.000000000006654011e+00
1.000000000000262457e+00
1.000000000000262457e+00
1.000000000000190514e+00
1.000000000000190514e+00
1.000000000000190514e+00
1.000000000000190514e+00
1.000000000000190514e+00
1.000000000000190514e+00
1.000000000000190514e+00
1.000000000000190514e+00
1.000000000000190514e+00
1.000000000000190514e+00
1.000000000000190514e+00
1.000000000000190514e+00
1.000000000000190514e+00
1.000000000000147660e+00
1.000000000000147660e+00
1.000000000000147660e+00
1.000000000000004663e+00
1.000000000000004663e+00
1.000000000000004663e+00
1.000000000000004663e+00
1.000000000000004663e+00
1.000000000000003775e+00
1.000000000000003775e+00
1.000000000000003775e+00
1.000000000000003775e+00
1.000000000000003775e+00
1.000000000000003775e+00
1.000000000000003775e+00
1.000000000000003775e+00
1.000000000000002442e+00
1.000000000000002442e+00
1.000000000000002442e+00
1.000000000000002442e+00
1.000000000000002442e+00
1.000000000000000222e+00
1.000000000000000222e+00
1.000000000000000222e+00
1.000000000000000222e+00
1.000000000000000222e+00
1.000000000000000222e+00
1.000000000000000222e+00
1.000000000000000222e+00
1.000000000000000222e+00
1.000000000000000222e+00
1.000000000000000222e+00
1.000000000000000222e+00
1.000000000000000222e+00
1.000000000000000222e+00
1.000000000000000222e+00
1.000000000000000222e+00
1.000000000000000222e+00
1.000000000000000222e+00
1.000000000000000222e+00
1.000000000000000222e+00
1.000000000000000222e+00
1.000000000000000222e+00
1.000000000000000222e+00
1.000000000000000222e+00
1.000000000000000222e+00
1.000000000000000222e+00
1.000000000000000222e+00
1.000000000000000222e+00
1.000000000000000222e+00
1.000000000000000222e+00
1.000000000000000222e+00
1.000000000000000222e+00
1.000000000000000222e+00
1.000000000000000222e+00
1.000000000000000222e+00
1.000000000000000222e+00
1.000000000000000222e+00
1.000000000000000222e+00
1.000000000000000222e+00
1.000000000000000222e+00
1.000000000000000222e+00
1.000000000000000222e+00
1.000000000000000222e+00
1.000000000000000222e+00
1.000000000000000222e+00
1.000000000000000222e+00
1.000000000000000222e+00
1.000000000000000222e+00
1.000000000000000222e+00
1.000000000000000222e+00
1.000000000000000222e+00
1.000000000000000222e+00
1.000000000000000222e+00
1.000000000000000222e+00
1.000000000000000222e+00
1.000000000000000222e+00
1.000000000000000222e+00
1.000000000000000222e+00
1.000000000000000222e+00
1.000000000000000222e+00
1.000000000000000222e+00
1.000000000000000222e+00
1.000000000000000222e+00
1.000000000000000222e+00
1.000000000000000222e+00
1.000000000000000222e+00
1.000000000000000222e+00
1.000000000000000222e+00
1.000000000000000222e+00
1.000000000000000222e+00
1.000000000000000222e+00
1.000000000000000222e+00
1.000000000000000222e+00
1.000000000000000222e+00
1.000000000000000222e+00
1.000000000000000222e+00
1.000000000000000222e+00
1.000000000000000222e+00
1.000000000000000222e+00
1.000000000000000222e+00
1.000000000000000222e+00
1.000000000000000222e+00
1.000000000000000222e+00
1.000000000000000222e+00
1.000000000000000222e+00
1.000000000000000222e+00
1.000000000000000222e+00
1.000000000000000222e+00
1.000000000000000222e+00
1.000000000000000222e+00
1.000000000000000222e+00
1.000000000000000222e+00
1.000000000000000222e+00
1.000000000000000222e+00
1.000000000000000222e+00
1.000000000000000222e+00
1.000000000000000222e+00
1.000000000000000222e+00
1.000000000000000222e+00
1.000000000000000222e+00
1.000000000000000222e+00
1.000000000000000222e+00
1.000000000000000222e+00
1.000000000000000222e+00
1.000000000000000222e+00
1.000000000000000222e+00
1.000000000000000222e+00
1.000000000000000222e+00
1.000000000000000222e+00
1.000000000000000222e+00
1.000000000000000222e+00
1.000000000000000222e+00
1.000000000000000222e+00
1.000000000000000222e+00
1.000000000000000222e+00
1.000000000000000222e+00
1.000000000000000222e+00
1.000000000000000222e+00
1.000000000000000222e+00
1.000000000000000222e+00
1.000000000000000222e+00
1.000000000000000222e+00
1.000000000000000222e+00
1.000000000000000222e+00
1.000000000000000222e+00
1.000000000000000222e+00
1.000000000000000222e+00
1.000000000000000222e+00
1.000000000000000222e+00
1.000000000000000222e+00
1.000000000000000222e+00
1.000000000000000222e+00
1.000000000000000222e+00
1.000000000000000222e+00
1.000000000000000222e+00
1.000000000000000222e+00
1.000000000000000222e+00
1.000000000000000222e+00
1.000000000000000222e+00
1.000000000000000222e+00
1.000000000000000222e+00
1.000000000000000222e+00
1.000000000000000222e+00
1.000000000000000222e+00
1.000000000000000222e+00
1.000000000000000222e+00
1.000000000000000222e+00
1.000000000000000222e+00
1.000000000000000222e+00
1.000000000000000222e+00
1.000000000000000222e+00
1.000000000000000222e+00
1.000000000000000222e+00
1.000000000000000222e+00
1.000000000000000222e+00
1.000000000000000222e+00
1.000000000000000222e+00
1.000000000000000222e+00
1.000000000000000222e+00
1.000000000000000222e+00
1.000000000000000222e+00
1.000000000000000222e+00
1.000000000000000222e+00
1.000000000000000222e+00
1.000000000000000222e+00
1.000000000000000222e+00
1.000000000000000222e+00
1.000000000000000222e+00
1.000000000000000222e+00
1.000000000000000222e+00
1.000000000000000222e+00
1.000000000000000222e+00
1.000000000000000222e+00
1.000000000000000222e+00
1.000000000000000222e+00
1.000000000000000222e+00
1.000000000000000222e+00
1.000000000000000222e+00
1.000000000000000222e+00
1.000000000000000222e+00
1.000000000000000222e+00
1.000000000000000222e+00
1.000000000000000222e+00
1.000000000000000222e+00
1.000000000000000222e+00
1.000000000000000222e+00
1.000000000000000222e+00
1.000000000000000222e+00
1.000000000000000222e+00
1.000000000000000222e+00
1.000000000000000222e+00
1.000000000000000222e+00
1.000000000000000222e+00
1.000000000000000222e+00
1.000000000000000222e+00
1.000000000000000222e+00
1.000000000000000222e+00
1.000000000000000222e+00
1.000000000000000222e+00
1.000000000000000222e+00
1.000000000000000222e+00
1.000000000000000222e+00
1.000000000000000222e+00
1.000000000000000222e+00
1.000000000000000222e+00
1.000000000000000222e+00
1.000000000000000222e+00
1.000000000000000222e+00
1.000000000000000222e+00
1.000000000000000222e+00
1.000000000000000222e+00
1.000000000000000222e+00
1.000000000000000222e+00
1.000000000000000222e+00
1.000000000000000222e+00
1.000000000000000222e+00
1.000000000000000222e+00
1.000000000000000222e+00
1.000000000000000222e+00
1.000000000000000222e+00
1.000000000000000222e+00
1.000000000000000222e+00
1.000000000000000222e+00
1.000000000000000222e+00
1.000000000000000222e+00
1.000000000000000222e+00
1.000000000000000222e+00
1.000000000000000222e+00
1.000000000000000222e+00
1.000000000000000222e+00
1.000000000000000222e+00
