8.088460674087661472e+89
1.756844692536150536e+89
1.510166066422320113e+89
1.064627194013868044e+89
2.554421299426655446e+88
4.387206656710638570e+87
4.369563844813461214e+87
4.196968797874502812e+87
2.256567388664680309e+87
1.019375791187128620e+87
9.101398837929320558e+86
1.401704926609101474e+86
5.372364961763722513e+85
5.351944558198576905e+85
5.348036662203180297e+85
3.848727047160368932e+85
2.670574210566118838e+85
5.473437028929157559e+84
1.494564318706876221e+84
1.489464881636252325e+84
1.489462497899648858e+84
1.488578935118569186e+84
1.341355588284762734e+84
6.277527167074319009e+83
2.370462423067500424e+83
2.370412638777198905e+83
2.216441632275276914e+83
4.984702098602902989e+82
4.984701646999489227e+82
1.480495078690168757e+82
1.480458734453274222e+82
1.480458681016685448e+82
1.468363193337875711e+82
1.467943787726652352e+82
9.644884968813648591e+81
7.563563676688918383e+81
1.974538199452743555e+81
1.974535548197974798e+81
3.970889976145373998e+80
3.965749010001386586e+80
3.965740985408882991e+80
3.960836949090082138e+80
3.960836942708930255e+80
3.466608984279569777e+80
2.002375794414873861e+80
2.002375792454950768e+80
8.504381558281063745e+79
8.504240451144148649e+79
8.212547180285433995e+79
1.307272490883997400e+79
1.307272450199094023e+79
5.136508937808964419e+78
5.136166212802332367e+78
5.136165907381093727e+78
5.065496851485618070e+78
5.064397651811920648e+78
5.064397651684342211e+78
3.459348696081591625e+78
3.032766067426555015e+78
5.325678195097739656e+77
5.325678195080169781e+77
5.325675668734232767e+77
1.452351050042181399e+77
1.450836243801969699e+77
1.450827829577625066e+77
1.447626801723050211e+77
1.447626797675302861e+77
1.276289118228449789e+77
9.223910129997291711e+76
9.223910129993509621e+76
9.223910126658172157e+76
2.575859106736747015e+76
2.575842150312263952e+76
2.516232250406996625e+76
5.004126162158669284e+75
5.004126162158445116e+75
5.004126114348392961e+75
2.715394738534613891e+75
2.714927213972782433e+75
2.714926545407544485e+75
2.664306540443588488e+75
2.663908201831161123e+75
2.663908201663537398e+75
1.325663964089664723e+75
1.325663964089659702e+75
1.185007445401206174e+75
2.129085170439719734e+74
2.129085170436395632e+74
2.129084846625951554e+74
8.450612070317283275e+73
8.443892829871554829e+73
8.443753696062298063e+73
8.415849969053252891e+73
8.415849861876024253e+73
6.362047608795397560e+73
4.476660286012213737e+73
4.476660286007982970e+73
4.476660286007981715e+73
4.476660285077971971e+73
1.087150822203614464e+73
1.087148399874079029e+73
1.087148399874079029e+73
1.073094481299315123e+73
3.111950527297617304e+72
3.111950527297555710e+72
3.111950505409991655e+72
1.444560057705284475e+72
1.444219183849197264e+72
1.444218260282953397e+72
1.386265300036419873e+72
1.386178807978048424e+72
1.386178807622464735e+72
6.007307023733206317e+71
6.007307023733156296e+71
5.611923027499991935e+71
1.374965373604961405e+71
1.374965373603980363e+71
1.374965373603980363e+71
1.374965213737408938e+71
4.350024021771211296e+70
4.348595484305578036e+70
4.348500411864420622e+70
4.318002673969196175e+70
4.318002536233359264e+70
3.057489510940000362e+70
2.416765224725626377e+70
2.416765224715967364e+70
2.416765224715967364e+70
2.416765224524187194e+70
7.110785452331381049e+69
7.110773184767269277e+69
7.110773184767269277e+69
7.062256333403598689e+69
1.552764640177086494e+69
1.552764640177079215e+69
1.552764636321415066e+69
8.850729723832155676e+68
8.850729723832155676e+68
8.845438696934955604e+68
8.845429771032461607e+68
8.315475720664684855e+68
8.315107307684234707e+68
8.315107301438068310e+68
3.926407153523047809e+68
3.926407153522882108e+68
3.786567526902083798e+68
6.787678115554399710e+67
6.787678115553304215e+67
6.787678115553304215e+67
6.787678115553304215e+67
6.787677839894076443e+67
2.831456280422368813e+67
2.830739757457851394e+67
2.830573126007362123e+67
2.798548201659982124e+67
2.798548052600905994e+67
2.026771819113956373e+67
1.776403239510114063e+67
1.776403239484638420e+67
1.776403239484638420e+67
1.776403239437160690e+67
3.638221867904910262e+66
3.638219595645511196e+66
3.638219595645510447e+66
3.623143942297535013e+66
1.070557900107761346e+66
1.070557900107761346e+66
1.070557900107759101e+66
1.070557899267947616e+66
7.554451338505625502e+65
7.554451338505625502e+65
7.544863260658108568e+65
7.544836399078078195e+65
7.002360119986216589e+65
7.002175272618803556e+65
7.002175261206967570e+65
2.278818133576679628e+65
2.278818133576406971e+65
2.222428911630363071e+65
4.916935343221101838e+64
4.916935343220732370e+64
4.916935343220732370e+64
4.916935343220732370e+64
4.916935276939188317e+64
2.713961401631162667e+64
2.713495591445094889e+64
2.713114511904942370e+64
2.671356934693436673e+64
2.671356934693436673e+64
2.671356372904548203e+64
1.483735969607183362e+64
1.322237355487491582e+64
1.322237355451127960e+64
1.322237355434217217e+64
1.322237355434217217e+64
2.763052884300080614e+63
2.763052884300080614e+63
2.763052283774272107e+63
2.763052283774269915e+63
2.756888238865966842e+63
1.122964942178188033e+63
1.122964942178188033e+63
1.122964942178187119e+63
1.122964941584122693e+63
7.397901142351005717e+62
7.397901142351005717e+62
7.384803924579017550e+62
7.384739871463014310e+62
6.328092817314312211e+62
6.328092778761880266e+62
6.328023603575988155e+62
1.832313707350811988e+62
1.832313707350811988e+62
1.832313707350357553e+62
1.806240772810346678e+62
5.482967872729372831e+61
5.482967872729193569e+61
5.482967872729193569e+61
5.482967872729193569e+61
5.482967819741541694e+61
5.482967819741541694e+61
2.646845942371627158e+61
2.646642906037519501e+61
2.646126277242665281e+61
2.646126277242665281e+61
2.560175277235113394e+61
2.560173992882382395e+61
1.277020273012341941e+61
1.188611311794269229e+61
1.188611311672721676e+61
1.188611311667382913e+61
1.188611311667382913e+61
3.187464763215277478e+60
3.187464763215277478e+60
3.187464249427533590e+60
3.187464249427527167e+60
3.187464249427527167e+60
3.183701470118170281e+60
1.065117789604046522e+60
1.065117789604046522e+60
1.065117789604046344e+60
1.065117789395261058e+60
7.903831383253875201e+59
7.870989053880201527e+59
7.870885355184848988e+59
7.870885355184848988e+59
6.382935863155748609e+59
6.382935765525861235e+59
6.382890518824305189e+59
2.138489073275815792e+59
2.138489073275815792e+59
2.138489073273254775e+59
2.122107245255280937e+59
5.063665730979289919e+58
5.063665730979289919e+58
5.063665730979249778e+58
5.063665730979249778e+58
5.063665713323863538e+58
5.063665713323863538e+58
2.978334869284677550e+58
2.978169592311481881e+58
2.976729478192719495e+58
2.976729478192719495e+58
2.836415140662611950e+58
2.836412893995723841e+58
1.498546485827792386e+58
1.440917429585157085e+58
1.440917429140545455e+58
1.440917429138463681e+58
1.440917429138463681e+58
2.930903439849858910e+57
2.930903270142804754e+57
2.930903270142804754e+57
2.930903270142782104e+57
2.930903270142782104e+57
2.928856965053732552e+57
1.276356337593422785e+57
1.276356337593422785e+57
1.276356337593422785e+57
1.276356337513871846e+57
1.071790332252213794e+57
1.063905326512800981e+57
1.063863606469173226e+57
1.063863606469173226e+57
8.492618173386998046e+56
8.492617927078541008e+56
8.492586634993510878e+56
8.492586634993510878e+56
2.058265460853946345e+56
2.058265460853946345e+56
2.058265460848041003e+56
2.048480460176648147e+56
6.443079148290474951e+55
6.443079148290474951e+55
6.443079148290450995e+55
6.443079148290450995e+55
6.443079140705884796e+55
6.443079140705884796e+55
4.575307663592330344e+55
4.575155286593380224e+55
4.575155286593380224e+55
4.570705702377090318e+55
4.570705702377090318e+55
4.308259857538184423e+55
4.308248443548132616e+55
1.653678345070129307e+55
1.653678344235566658e+55
1.608051254506566383e+55
1.608051254505651976e+55
1.608051254505651976e+55
3.929387469197721087e+54
3.929387388261434890e+54
3.929387388261434890e+54
3.929387388261333486e+54
3.929387388261333486e+54
3.929387388261333486e+54
3.927950028737399682e+54
2.187505479733664029e+54
2.187505479733664029e+54
2.187505479733664029e+54
2.187505479651241174e+54
1.807406771345903611e+54
1.807249063990258797e+54
1.789315942113387659e+54
1.789315942113387659e+54
1.190409905365759695e+54
1.190409798798306851e+54
1.190408167467671822e+54
1.190408167467671822e+54
1.190408167467671822e+54
2.903174482511160423e+53
2.903174482511160423e+53
2.903174482494417255e+53
2.895553057377579392e+53
1.200695584739987921e+53
1.200695584739987495e+53
1.200695584739985794e+53
1.200695584739985794e+53
1.200695583810894983e+53
8.063322297684444040e+52
8.063322297684444040e+52
8.063322297684444040e+52
8.063196720361753812e+52
8.052117496009301848e+52
8.052117496009301848e+52
8.052065271488018904e+52
7.144453365101356290e+52
2.477695598583755410e+52
2.477695594458145408e+52
2.437217693151170898e+52
2.437217693150709390e+52
2.437217693150709390e+52
7.743022725086811148e+51
7.743022725086248885e+51
7.743022614229242823e+51
7.743022614229242823e+51
7.743022614229242823e+51
7.743022614229242823e+51
7.743022614229242823e+51
7.741541429413558275e+51
3.855119162962382126e+51
3.855119162962382126e+51
3.855119162962382126e+51
3.854543788619726309e+51
3.759414682203921499e+51
3.294282597270350218e+51
3.294282597229276408e+51
3.294282597229276408e+51
3.294281528235094517e+51
1.990048155226182124e+51
1.990046547082187278e+51
1.990046547082187278e+51
1.990046547082187278e+51
1.990046547082187278e+51
5.896525696993429290e+50
5.896525696841334869e+50
5.888173418077089591e+50
2.069370527568856128e+50
2.069370527568854882e+50
2.069370527568854051e+50
2.069370527568854051e+50
2.069370526962451101e+50
1.556737005510824343e+50
1.556737005510824343e+50
1.556737005510824343e+50
1.556720494854051250e+50
1.556720494854051250e+50
1.551840503372083050e+50
1.551824946991675281e+50
1.322694836608822951e+50
1.322694836608822951e+50
5.091530477233339518e+49
5.091530454413575939e+49
5.045837004319607278e+49
5.045837004319299894e+49
5.045837004319299894e+49
1.307719897246061755e+49
1.307719897245708160e+49
1.307719890297640013e+49
1.307719890297640013e+49
1.307719890297640013e+49
1.307719890297640013e+49
1.307570851357544855e+49
7.852323602265340899e+48
7.852323602265340899e+48
7.852323602265340899e+48
7.849498402667302726e+48
7.849498402667302726e+48
7.573372401662301159e+48
7.041910999572758648e+48
7.041910999543584430e+48
7.041910999543584430e+48
7.041907082158498858e+48
4.288770852977678668e+48
4.288769211797863581e+48
4.288769211797863581e+48
4.288769211797863581e+48
4.288769211797863581e+48
9.995944203670604876e+47
9.995944203098084376e+47
9.987472784594526875e+47
4.493123700091883624e+47
4.493123700091869021e+47
4.493123700091868210e+47
4.493123700091868210e+47
4.493123699647469257e+47
4.493123699647469257e+47
3.776643031625619050e+47
3.776643031625619050e+47
3.776621679534669834e+47
3.776621679534669834e+47
3.756345495009074255e+47
3.756345495009074255e+47
3.756237598680165734e+47
3.150849301884065845e+47
3.150849301884065845e+47
3.150849231798050586e+47
9.140767747437523244e+46
9.088647933753237665e+46
9.088647933753042954e+46
9.088647933753042954e+46
3.018035755461391091e+46
3.018035755458925257e+46
3.018035749706174208e+46
3.018035749706174208e+46
3.018035749706174208e+46
3.018035749706174208e+46
2.144421349609101957e+46
2.144333282297965609e+46
2.144333282297965609e+46
2.144333282297965609e+46
2.142843071932848775e+46
2.049375379005171827e+46
2.049375379005171827e+46
1.911662921780880403e+46
1.911662921776677634e+46
1.911659504291492150e+46
9.015761957212132566e+45
9.015761957212132566e+45
9.015761957212132566e+45
9.015760829787152935e+45
9.015760829787152935e+45
9.015760826051984947e+45
2.435165471585407928e+45
2.435165471585407928e+45
2.434060301680066701e+45
2.434060301680066701e+45
1.359239233091558876e+45
1.359239233091541605e+45
1.359239233091541605e+45
1.359239233091541605e+45
1.359239233091541605e+45
1.359239233012046126e+45
1.359239233012046126e+45
1.130401646249438475e+45
1.130401646249438475e+45
1.130398672614861264e+45
1.130398672614861264e+45
1.130398672614861264e+45
1.122091548308379563e+45
1.122023428379797293e+45
8.196094483555407478e+44
8.196094483555407478e+44
8.196093922172303284e+44
2.350677867474623429e+44
2.343085195585355457e+44
2.343085195585338819e+44
2.343085195585338819e+44
2.343085195573416962e+44
9.861796525088958785e+43
9.861796513082568543e+43
9.861796513082568543e+43
9.861796513082568543e+43
9.861796513082568543e+43
6.710719995268050577e+43
6.710585924507158769e+43
6.710585924507158769e+43
6.710585924507157779e+43
6.703900538524848641e+43
6.140614856748142713e+43
5.862559018716923625e+43
5.862559018716923625e+43
5.862559018711961961e+43
5.862536277508733215e+43
2.502949966662610157e+43
2.502949966662610157e+43
2.502949966662610157e+43
2.502949966662610157e+43
2.502949796814499929e+43
2.502949793406660955e+43
8.369401136360526610e+42
8.369401136360526610e+42
8.369401136360526610e+42
8.367371375589609297e+42
4.271593430445095192e+42
4.271593430444959637e+42
4.271593430444959637e+42
4.271593430444959637e+42
4.271593430444959637e+42
4.271593430346394232e+42
4.271593430346394232e+42
3.747696838418500335e+42
3.747696838418500335e+42
3.747696838418500335e+42
3.747696838418500335e+42
3.747690449535701343e+42
3.689472300383701624e+42
3.689134852810942462e+42
2.502910738054620195e+42
2.502910367636692900e+42
2.502910367636692900e+42
8.301753026394389846e+41
8.287010452394239770e+41
8.287010452217704878e+41
8.287010452217686309e+41
3.050584543009409030e+41
3.050584543009409030e+41
3.050584543009409030e+41
3.050584541567087411e+41
3.050584541567087411e+41
3.050584541567087411e+41
2.312519291501976588e+41
2.312488171259105047e+41
2.312488171259104273e+41
2.312488171259104273e+41
2.312488171259104273e+41
2.307390418873343083e+41
2.054039210860829353e+41
2.004601106161657608e+41
2.004601106161657608e+41
2.004588922789332651e+41
2.004588922789332651e+41
2.004588922788798789e+41
9.038704245007285069e+40
9.038704245007285069e+40
9.038704245007285069e+40
9.038704245007285069e+40
9.038703966930719311e+40
9.038703935486345972e+40
2.556462939623038994e+40
2.556462939623038994e+40
2.556462939623038994e+40
2.556092727095260282e+40
2.556092727094686284e+40
1.555164521814702036e+40
1.555164521814702036e+40
1.555164521814702036e+40
1.555164521814702036e+40
1.555164521802683379e+40
1.555164521802683379e+40
1.441147870448423112e+40
1.441147870448423112e+40
1.441147870448423112e+40
1.441147870448423112e+40
1.441146684381681567e+40
1.407775179388004522e+40
1.407459369049499455e+40
9.511364945435847521e+39
9.511362494338982784e+39
2.570035850408430873e+39
2.570035850408430873e+39
2.567272154271543419e+39
2.567272154151666939e+39
1.183908157003018012e+39
1.183908157003017558e+39
1.183908157003017558e+39
1.183908157003017558e+39
1.183908157003017558e+39
1.183908156803171240e+39
1.183908156803171240e+39
1.183908156803168218e+39
9.927560570168180224e+38
9.927488566325508341e+38
9.927488566325508341e+38
9.927488566325508341e+38
9.890840202807537382e+38
8.673978157199959890e+38
8.673831506824388529e+38
8.500782706429515729e+38
8.500782706429515729e+38
8.500782706429515729e+38
8.500782706429515729e+38
3.012756295798718220e+38
3.012756295798585993e+38
3.012756295798585993e+38
3.012756295798585993e+38
3.012756279790765892e+38
3.012756251369437066e+38
1.054479319075329182e+38
1.054479319075329182e+38
1.054479319075329182e+38
1.054400237701263800e+38
1.054400237700572445e+38
7.463657384511438368e+37
7.463657384511438368e+37
7.463657384511438368e+37
7.463657384511438368e+37
7.463657384481166110e+37
7.463657384481166110e+37
7.463657384481166110e+37
6.947991997676122602e+37
6.947991997676122602e+37
6.743500307379594746e+37
6.743497918318057341e+37
6.743497918318057341e+37
6.740667509423850034e+37
3.723128201215199290e+37
3.723125786698328099e+37
1.120390088641398763e+37
1.120390088641398763e+37
1.119730371822585771e+37
1.119730371718092079e+37
1.119730371718092079e+37
1.119730371718092079e+37
6.247687736158360898e+36
6.247687736158360898e+36
6.247687736158359718e+36
6.247687736158359718e+36
6.247687735549770640e+36
6.247687735549770640e+36
6.247687735549711611e+36
5.212423714759493744e+36
5.212405454120694936e+36
5.212405454120694936e+36
5.212405454120694936e+36
5.185637264379164917e+36
4.117408165661346119e+36
4.117279075847527257e+36
4.117279075847527257e+36
4.067930102331238475e+36
1.395325266077153917e+36
1.395325266077153917e+36
1.395325266077153917e+36
1.395325266077153917e+36
1.395325266077133552e+36
1.395325244002436445e+36
1.395325244002436445e+36
1.395325237336019550e+36
5.970517884430686322e+35
5.970517884430686322e+35
5.970517884430686322e+35
5.970517884420528069e+35
5.970284644966429317e+35
4.098263754940978273e+35
4.098263754940978273e+35
4.098263754940978273e+35
4.098263754940978273e+35
4.098263754940978273e+35
4.098263754934344086e+35
4.098263754934344086e+35
4.098263754934343348e+35
3.898791484771402438e+35
3.898791484771402438e+35
3.678029302070665530e+35
3.675795605089777790e+35
3.675794828870290542e+35
3.675794828870290542e+35
1.864798123426764951e+35
1.864795757062958726e+35
6.639256763953282693e+34
6.639256763953282693e+34
6.637125002368969043e+34
6.637125002368969043e+34
6.637125000008692459e+34
6.637125000008692459e+34
6.637125000008692459e+34
3.460632668557085767e+34
3.460632668557085767e+34
3.460632668557085767e+34
3.460632668421360620e+34
3.460632668421360620e+34
3.460632668421360620e+34
3.460632668421277148e+34
3.040668436819438959e+34
3.040661641647923936e+34
3.040661641647923936e+34
3.040661641647923936e+34
3.008703998154566848e+34
2.260894931961246325e+34
2.260894931961246325e+34
2.260791656928527280e+34
2.247021892446595659e+34
2.247021892446595659e+34
8.496337482382570093e+33
8.496337482382570093e+33
8.496337482382528588e+33
8.496337482382528588e+33
8.496337162632046346e+33
8.496337162632046346e+33
8.496337162632046346e+33
8.496337144665360340e+33
3.278712260445497576e+33
3.278712260445497576e+33
3.278712260425804524e+33
3.278635344442875390e+33
2.493404647563262295e+33
2.493404647563262295e+33
2.493404647563262295e+33
2.493404647563262295e+33
2.493404647563262295e+33
2.493404647563262007e+33
2.493404647561913377e+33
2.493404647561913377e+33
2.493404647561913377e+33
2.423991645170703800e+33
2.240292215226592337e+33
2.237371098417958250e+33
2.237370889382056839e+33
1.165969848905268968e+33
1.165969848905268968e+33
1.165967394259570262e+33
3.631646544885149860e+32
3.631646544885149860e+32
3.630948974415349993e+32
3.630948974415349993e+32
3.630948971655743020e+32
3.630948971655743020e+32
3.630948971655743020e+32
2.227005967308330163e+32
2.227005967308330163e+32
2.227005967308330163e+32
2.227005967277467175e+32
2.227005967277243076e+32
2.227005967277243076e+32
2.227005967277243076e+32
2.227005967277243076e+32
2.058675997359287007e+32
2.058673733227324829e+32
2.058673733227324829e+32
2.026648980757739658e+32
2.026648980757739658e+32
1.505303444981901318e+32
1.505141970294389835e+32
1.505141970294389835e+32
1.498456906001715980e+32
4.766300952310500621e+31
4.766300952310500621e+31
4.766300952310492514e+31
4.766300685312938487e+31
4.766300685312938487e+31
4.766300685312938487e+31
4.766300685312938487e+31
4.766300682208257784e+31
2.247443156776627712e+31
2.247443156776627712e+31
2.247443156740479120e+31
2.247443156740479120e+31
2.247416887018354732e+31
1.875049172266079078e+31
1.875049172266079078e+31
1.875049172266079078e+31
1.875049172266079078e+31
1.875049172266079078e+31
1.875049172266076376e+31
1.875049172266076376e+31
1.875049172265605749e+31
1.831911248813344913e+31
1.831911248813344913e+31
1.670946363166571929e+31
1.667378604262790095e+31
1.667378540515347752e+31
7.129967939714624545e+30
7.129967939714624545e+30
7.129935562701332881e+30
2.643584294673140365e+30
2.643584294673140365e+30
2.643584290791726537e+30
2.643584290791726537e+30
2.643315589658931533e+30
2.643315589658931533e+30
2.643315589658931533e+30
1.858606415032884572e+30
1.858606415032884572e+30
1.858606415032884572e+30
1.858606415019614997e+30
1.858606415019005603e+30
1.858606415019005603e+30
1.858606415019005603e+30
1.858606415019005603e+30
1.729544961905537677e+30
1.729544084421626829e+30
1.729544084421626829e+30
1.729544084421626829e+30
1.694573415857124810e+30
1.082066507150097238e+30
1.081883178732918288e+30
1.081883178732918288e+30
3.675817469218925247e+29
3.672908689165935843e+29
3.672908689165935843e+29
3.672908129906789980e+29
3.672908129906787869e+29
3.672908129906787869e+29
3.672908129906787869e+29
2.046729404118653890e+29
2.046729404118653890e+29
2.046729403765260649e+29
2.046729403765260649e+29
2.046729403685712654e+29
2.046729403685712654e+29
2.046717440388287051e+29
1.708774381368741706e+29
1.708774381368741706e+29
1.708774381368741706e+29
1.708774381368741706e+29
1.708774381368732558e+29
1.708774381368732558e+29
1.708774381368732558e+29
1.708774381368566136e+29
1.682529030398171084e+29
1.682529030398171084e+29
1.434452088776668656e+29
1.430367722330716819e+29
5.858329977576472470e+28
5.858329929000101531e+28
5.858281900366759909e+28
5.858281900366759909e+28
5.858281900366759909e+28
5.858281900366759909e+28
2.566303028084266675e+28
2.566303015181941926e+28
2.566303015181941926e+28
2.566303015181941926e+28
2.566163965784198019e+28
2.566163965784198019e+28
1.771955272035788732e+28
1.771955272035788732e+28
1.771955272034319125e+28
1.771955272034319125e+28
1.771955272034319125e+28
1.771955272029186164e+28
1.771955272029186164e+28
1.771955272029186164e+28
1.684829064027946701e+28
1.684828550019434844e+28
1.684828550019434844e+28
1.621125836876414152e+28
1.621125836876414152e+28
9.650456947596893494e+27
9.650456947596893494e+27
9.648190313637663802e+27
9.648190313637663802e+27
9.648190313637663802e+27
3.719062126427434638e+27
3.717426545259323672e+27
3.717425286420648452e+27
3.717425286420647902e+27
3.717425286420647902e+27
3.717425286420647902e+27
1.978030398753233857e+27
1.978030398753233857e+27
1.978030398612766573e+27
1.978030398612766573e+27
1.978030398350693029e+27
1.978030398350693029e+27
1.978030398350693029e+27
1.978023501035506067e+27
1.736738783300805128e+27
1.736738783300805128e+27
1.736738783300805128e+27
1.736738783300780388e+27
1.736738783300780388e+27
1.736738783300780388e+27
1.736738783300723214e+27
1.721750247515714899e+27
1.408754229415251234e+27
1.401074234900555413e+27
1.401074234900555413e+27
6.094179226485546109e+26
6.094098433620391276e+26
6.094098411250270581e+26
6.094098411250270581e+26
6.094098411250270581e+26
2.478086136107271146e+26
2.478086136107271146e+26
2.478086136107271146e+26
2.478086136107271146e+26
2.478086109672386186e+26
2.478006074917649939e+26
2.478006074917649939e+26
1.884984411559220503e+26
1.884984411559220503e+26
1.884984411553353578e+26
1.884984411553353578e+26
1.884984411553353578e+26
1.884984411551421186e+26
1.829715489099625654e+26
1.829715489099625654e+26
1.829715489099625654e+26
1.829715231112639331e+26
1.829715231112639331e+26
1.829715231112639331e+26
1.736672477700229739e+26
1.736672477700229396e+26
1.039923891802891558e+26
1.039409552761475222e+26
1.039409552761475222e+26
1.039409552761475222e+26
3.611417805753159302e+25
3.611415958897873194e+25
3.610463777132925711e+25
3.610463777132925711e+25
3.610463777132925711e+25
3.610463777132925711e+25
2.227586780135032135e+25
2.227586780135032135e+25
2.227586780075762874e+25
2.227586779345432891e+25
2.227586779345432891e+25
2.227586779345432891e+25
2.227583056661360908e+25
2.051350141296457891e+25
2.051350141296457891e+25
2.051350141296457891e+25
2.051350141296457891e+25
2.051350141296335055e+25
2.051350141296335055e+25
2.051350141296335055e+25
2.030998030043987259e+25
1.636442592833234967e+25
1.628198445483569947e+25
1.628198445483552338e+25
1.628198445483552338e+25
1.628198445483552338e+25
6.142305038496774601e+24
6.142144613027056242e+24
6.142144605466735906e+24
6.142144605466735906e+24
6.142144605466735906e+24
2.968620845813215678e+24
2.968620845813215678e+24
2.968620786841158630e+24
2.968620786841158630e+24
2.968571906510471601e+24
2.459572681776787746e+24
2.459572681776787746e+24
2.459572681776787746e+24
2.459572681754840463e+24
2.459572681754840463e+24
2.459572681754840463e+24
2.459572681754840463e+24
2.459572681753693170e+24
2.401153911309716739e+24
2.401153911309716739e+24
2.401153911309716739e+24
2.401153911309716739e+24
2.401153911309716739e+24
2.401153763493725801e+24
2.255283561113467836e+24
2.255283561113466226e+24
2.252249149743206521e+24
1.154902853352954356e+24
1.154902853352954356e+24
1.154902853352954356e+24
4.588667694146763610e+23
4.588661866088806230e+23
4.588007589292268700e+23
4.588007589292268700e+23
4.588007589292268700e+23
4.588007589292268700e+23
3.201297779910478009e+23
3.201297777565741278e+23
3.201297777523064738e+23
3.201297777523064738e+23
3.201297777523064738e+23
3.201297777523064738e+23
3.201297777523064738e+23
3.201297777523064738e+23
2.974598161249355212e+23
2.974595952763367315e+23
2.974595952763367315e+23
2.974595952762798903e+23
2.935357356368081401e+23
2.125450697050580415e+23
2.125450697050580415e+23
2.119518741185350903e+23
2.119518741185350903e+23
2.119518741185350903e+23
2.119518741185343521e+23
2.119278944637881145e+23
8.272487066710217798e+22
8.272487066710217798e+22
8.272487061928892432e+22
8.272487061928892432e+22
8.272487061928892432e+22
4.619972623931739105e+22
4.619972344748607275e+22
4.619972344748607275e+22
4.619972344748607275e+22
4.619972344748607275e+22
4.619932957322252386e+22
4.619932957322252386e+22
3.853779883485994942e+22
3.853779883485994942e+22
3.853779883402234692e+22
3.853779883402234692e+22
3.853779883402234692e+22
3.853779883402234692e+22
3.853779883401526693e+22
3.853779883401526693e+22
3.853779883401526693e+22
3.792258015107549128e+22
3.792258015107549128e+22
3.792257886563131510e+22
3.792257886563131510e+22
3.792257886563119766e+22
3.411212036697111501e+22
3.411212036697111501e+22
3.404829031088145406e+22
1.665690094789119600e+22
1.665680453552745900e+22
1.665680453552745900e+22
1.665680453552745900e+22
7.566904632553938878e+21
7.566312655878247940e+21
7.566312655878247940e+21
5.250870040521777086e+21
5.250870028191350653e+21
5.250870028191350653e+21
5.250870028162477064e+21
5.250870028162477064e+21
5.250870028162477064e+21
5.250870028162477064e+21
5.250870028162477064e+21
5.250870028162477064e+21
4.985641229468342157e+21
4.985639066469692080e+21
4.985639066467209052e+21
4.985639066467209052e+21
4.985639066467209052e+21
4.985639066467209052e+21
4.866410780975639298e+21
3.335002882539456037e+21
3.330137480772393107e+21
3.330137480772393107e+21
3.330137480772393107e+21
3.329592934015123849e+21
3.329592934015120179e+21
1.418431404049315922e+21
1.418431404049315922e+21
1.418431404049315922e+21
1.418431404049315922e+21
1.418431403695818408e+21
1.418431403695818408e+21
1.418431073309076226e+21
7.722407283296289423e+20
7.722407283296289423e+20
7.722407283296289423e+20
7.722407283296289423e+20
7.722368915943707116e+20
7.722368915943707116e+20
6.765571521494146089e+20
6.765571520989549036e+20
6.765571520989549036e+20
6.765571520989549036e+20
6.765571520989549036e+20
6.765571520989549036e+20
6.765571520989102080e+20
6.765571520989102080e+20
6.702066411997356360e+20
6.702066411997299999e+20
6.702066411997299999e+20
6.702066311032817582e+20
6.702066311032817582e+20
5.861027417011750830e+20
5.861027417011750830e+20
5.840455872519052329e+20
2.944632489894425723e+20
2.944632489894425723e+20
2.944604771422840750e+20
1.274241402934996992e+20
1.274241402934996992e+20
1.274182875221459599e+20
1.274182866106080461e+20
9.682052572596112589e+19
9.682052572596112589e+19
9.682052572596112589e+19
9.682052572596112589e+19
9.682052572596112589e+19
9.682052572596112589e+19
9.682052572576040550e+19
9.682052572576040550e+19
9.682052572576040550e+19
9.376062706767193702e+19
9.376062706750033101e+19
9.376060782998385459e+19
9.376060782998385459e+19
9.376060782998385459e+19
9.376060782998385459e+19
9.072219614861013811e+19
9.072219614861013811e+19
6.171345979159331635e+19
6.169301310471179469e+19
6.163493675676975104e+19
2.426954339497721856e+19
2.426954339497721856e+19
2.426954339497721856e+19
2.426954339497721446e+19
2.426954339497721446e+19
2.426954339497721446e+19
2.426954339497721446e+19
2.426954339497721446e+19
2.426953449695636275e+19
2.426953449484027904e+19
1.508077858454844211e+19
1.508077858454844211e+19
1.508077858454844211e+19
1.508077858454844211e+19
1.508074178870605005e+19
1.508074178555846861e+19
1.508074178555846861e+19
1.381167434961051648e+19
1.381167434961051648e+19
1.381167434961051648e+19
1.381167434961051648e+19
1.381167434961051648e+19
1.381167434961014989e+19
1.381167434961014989e+19
1.371915233345394688e+19
1.371915233345394688e+19
1.371915233345347994e+19
1.181370682895463219e+19
1.181370676480947610e+19
1.175305460234672742e+19
1.175305460234672742e+19
1.175305460234672742e+19
5.290362325474762752e+18
5.290362325474762752e+18
5.290264489366576128e+18
2.642142962750419456e+18
2.642142962750419456e+18
2.642079681652832768e+18
2.642079645597677568e+18
2.642079645597677568e+18
2.169167775162316288e+18
2.169167775162316288e+18
2.169167775162316288e+18
2.169167775162316288e+18
2.169167775162316288e+18
2.169167775160333568e+18
2.169167775160333568e+18
2.169167775160333568e+18
2.169167775148802560e+18
2.115247818599950592e+18
2.115247618396818432e+18
2.115247618396818432e+18
2.115247618396818432e+18
2.115247618396818432e+18
2.030985915341754112e+18
1.231222091908201216e+18
1.230630619982301184e+18
1.230630619982301184e+18
1.230630619982301184e+18
1.230630619982301184e+18
1.230049212973035008e+18
5.330422622842678400e+17
5.330422622842677760e+17
5.330422622842677760e+17
5.330422622842677760e+17
5.330422622842677760e+17
5.330417929108723840e+17
5.330417929108723840e+17
5.330417928907850880e+17
3.688285927667127040e+17
3.688285927667127040e+17
3.688285927667127040e+17
3.688285927667127040e+17
3.688285925935139200e+17
3.688281425637643520e+17
3.420314159013197440e+17
3.420314159013197440e+17
3.420314159013197440e+17
3.420314159013197440e+17
3.420314159013197440e+17
3.420314159013197440e+17
3.420314159013197440e+17
3.420314159013163520e+17
3.420314159012800000e+17
3.420314159012800000e+17
3.406009515747403520e+17
3.406009515747403520e+17
2.730970327156981440e+17
2.713197472375318720e+17
2.713197465717349120e+17
1.233194991655706080e+17
1.233194991655706080e+17
1.233156350579640160e+17
1.233156350579640160e+17
6.938478113563722400e+16
6.938388878621246400e+16
6.938388606715739200e+16
6.938388606715739200e+16
6.938388606715739200e+16
6.938388606715739200e+16
6.938388606715739200e+16
5.783884619204000000e+16
5.783884619204000000e+16
5.783884619204000000e+16
5.783884619201889600e+16
5.783884619126468800e+16
5.783884619126468800e+16
5.783884619126468800e+16
5.686684326530658400e+16
5.686684326530658400e+16
5.686684041786948000e+16
5.686684041786948000e+16
5.686684041786948000e+16
5.686684041786948000e+16
5.320375873308875200e+16
3.085783859014552000e+16
3.085783859014552000e+16
3.083744172979413600e+16
3.083744172979410800e+16
3.082997514701243600e+16
1.474852057901347000e+16
1.474852057901347000e+16
1.474849446012669800e+16
1.474849446012669800e+16
1.474849446012669800e+16
1.474849446012669800e+16
1.474849446012669800e+16
1.474849446012669800e+16
1.031736287312346000e+16
1.031736287312346000e+16
1.031736287301079200e+16
1.031736285819044800e+16
1.031736285819044800e+16
1.031736285819044800e+16
1.031735592844577200e+16
9.778437222123030000e+15
9.778437222123030000e+15
9.778437222123030000e+15
9.778437222123030000e+15
9.778437222123030000e+15
9.778437222120298000e+15
9.778437222120298000e+15
9.778437222120298000e+15
9.778437222120264000e+15
9.754488659875324000e+15
9.754488659875324000e+15
7.496182629211807000e+15
7.413896137580276000e+15
3.545529606323829500e+15
3.545529604621639000e+15
3.545354220802634500e+15
3.545354220802634500e+15
1.992784866328610000e+15
1.992784866328610000e+15
1.992784866328610000e+15
1.992784703292241500e+15
1.992770218335009500e+15
1.992770218335009500e+15
1.992770218335009500e+15
1.992770218335009500e+15
1.741676620591375250e+15
1.741676620591375250e+15
1.741676620591375250e+15
1.741676620591375250e+15
1.741676620591136750e+15
1.741676620516352250e+15
1.741676620516352250e+15
1.741676620516352250e+15
1.741676620516352250e+15
1.723537451534032000e+15
1.723537451534032000e+15
1.723537412373900500e+15
1.723537412373900500e+15
1.723537412373900500e+15
1.582962295225662500e+15
1.582962295225662500e+15
9.220301862375290000e+14
9.209067114312518750e+14
9.209067114312497500e+14
4.312327033313539375e+14
4.312327033313539375e+14
4.312039656101383125e+14
4.312027396616269375e+14
4.312027396616269375e+14
4.312027396616269375e+14
4.312027396616269375e+14
4.312027396616269375e+14
4.312027396616269375e+14
3.277184626988066250e+14
3.277184626973900625e+14
3.277184626973900625e+14
3.277184626973900625e+14
3.277184616104999375e+14
3.277184616104999375e+14
3.277183569341498125e+14
3.163929637574973125e+14
3.163929637574973125e+14
3.163929637574973125e+14
3.163929637574973125e+14
3.163929637574973125e+14
3.163929637571845625e+14
3.163929637571845625e+14
3.163929637571845625e+14
3.158991442112561250e+14
3.158991442112557500e+14
2.384879544582097188e+14
2.349571875048681562e+14
2.349571875048681562e+14
1.065327186001899219e+14
1.065229449220966094e+14
1.065229449029494844e+14
1.065229449029494844e+14
1.065229449029494844e+14
6.705188358090931250e+13
6.705188358090931250e+13
6.705187344564560938e+13
6.705187344564560938e+13
6.705187344564560938e+13
6.705162792578173438e+13
6.705162792578173438e+13
6.100103757173604688e+13
6.100103757173604688e+13
6.100103757173604688e+13
6.100103756506778125e+13
6.100103756506778125e+13
6.100103756506778125e+13
6.100103756506778125e+13
6.100103756506446875e+13
6.056174659352105469e+13
6.056174659352105469e+13
6.056174659352105469e+13
6.056174659352105469e+13
6.056174599100142969e+13
6.056174599100142969e+13
5.486577473539528125e+13
2.939971329724039844e+13
2.935112380401214844e+13
2.935112380401190234e+13
2.935112380401190234e+13
2.935112380401190234e+13
2.935112380401190234e+13
1.536612357188137891e+13
1.536557726348716211e+13
1.536548117173753125e+13
1.536548117173753125e+13
1.536548117173753125e+13
1.536548117173753125e+13
1.249145106107018750e+13
1.249145106107018750e+13
1.249145106107018750e+13
1.249145106104686328e+13
1.249145097433888477e+13
1.249145097433888477e+13
1.249145097433888477e+13
1.249144907918571094e+13
1.216483692640232227e+13
1.216483692640232227e+13
1.216483692640232227e+13
1.216483692640232227e+13
1.216483692636871680e+13
1.216483692636871680e+13
1.216483692636871680e+13
1.216483692636871680e+13
8.472610018539308594e+12
8.467303348007482422e+12
8.319626125531851562e+12
8.319626125531849609e+12
4.012495233162940430e+12
4.012495233162940430e+12
4.011905210043623047e+12
4.011905210043623047e+12
4.011905209735825195e+12
2.760489248619915527e+12
2.760489248619915527e+12
2.760489248619915527e+12
2.760489248619915527e+12
2.760489248619915527e+12
2.760488188223650879e+12
2.760488188223650879e+12
2.760488188223650879e+12
2.760483002503520996e+12
2.555158119373208008e+12
2.555158119373208008e+12
2.555158119373208008e+12
2.555158119373208008e+12
2.555158118730780762e+12
2.555158118730780762e+12
2.555158118730780762e+12
2.555158118730780762e+12
2.555158118730728516e+12
2.543587730138627930e+12
2.543587730138627930e+12
2.543587730138627930e+12
2.543587718093417969e+12
2.543587718093417969e+12
2.543587718093417969e+12
2.207943888635951660e+12
2.207943888635851562e+12
2.198848764121696289e+12
1.173981676554850098e+12
1.173981676554850098e+12
1.173981676554850098e+12
6.730209811221020508e+11
6.730131357205064697e+11
6.730000759652612305e+11
6.730000759652612305e+11
6.730000759652612305e+11
5.616264308610556641e+11
5.616264308610556641e+11
5.616264308610556641e+11
5.616264200414499512e+11
5.616264200410272217e+11
5.616264200410272217e+11
5.616264200410272217e+11
5.616264200410272217e+11
5.616264200410272217e+11
5.616264200410272217e+11
5.516563962678231201e+11
5.516563543785899658e+11
5.516563543785899658e+11
5.516563543747951660e+11
5.516563543747951660e+11
5.302761744203790283e+11
3.588509340688370972e+11
3.587322708761308594e+11
3.587322708761308594e+11
3.587322708761308594e+11
3.587322708761308594e+11
3.587322708761308594e+11
3.585754132970856934e+11
1.842629238293702698e+11
1.842629238293702698e+11
1.842629238293702698e+11
1.842629238235491333e+11
1.842629238235491333e+11
1.842629238235490723e+11
1.842629238235490723e+11
1.307085937339119415e+11
1.307084925582244568e+11
1.307084925582244568e+11
1.307084925582244568e+11
1.307083607957330627e+11
1.307083607957330627e+11
1.307083607957330627e+11
1.236638377510497894e+11
1.236638376581623993e+11
1.236638376581623993e+11
1.236638376581623993e+11
1.236638376581623993e+11
1.236638376581614838e+11
1.236638376581614838e+11
1.236638376581614838e+11
1.233254996726602325e+11
1.233254996726602325e+11
1.233254994188003693e+11
1.233254994188003693e+11
1.233254994187832489e+11
1.040415003414732208e+11
1.040415003414732208e+11
1.033392801297375336e+11
1.033392801297375336e+11
5.619586916544548798e+10
5.619404942907997894e+10
3.303358408498113251e+10
3.303358408498113251e+10
3.303358408498113251e+10
3.303322751103393173e+10
3.303322591812722015e+10
2.883169364359520340e+10
2.883169364359520340e+10
2.883169364359520340e+10
2.883169364359520340e+10
2.883169364358678436e+10
2.883169364358678436e+10
2.883169364358678436e+10
2.883169364358678436e+10
2.883169364358678436e+10
2.883169364358678436e+10
2.850216008512313080e+10
2.850215908261478043e+10
2.850215908198948288e+10
2.850215908198948288e+10
2.850215908198948288e+10
2.850215908198948288e+10
2.708337950350288391e+10
2.708337950350288391e+10
1.806899977913082123e+10
1.806899977913082123e+10
1.806558970141822815e+10
1.805172528985212326e+10
9.318628454002313614e+09
9.318628454002313614e+09
9.318628454002313614e+09
9.318628454002313614e+09
9.318628454002313614e+09
9.318628454002313614e+09
9.318628454002305984e+09
9.318628454002305984e+09
9.318628453889841080e+09
9.318611344988273621e+09
7.112246732366313934e+09
7.112246732366313934e+09
7.112246732366313934e+09
7.112246732366313934e+09
7.112243234804677010e+09
7.112243234804677010e+09
7.112243221729230881e+09
7.112243221729230881e+09
6.847739932992520332e+09
6.847739932992520332e+09
6.847739932992520332e+09
6.847739932992520332e+09
6.847739932992520332e+09
6.847739932992502213e+09
6.847739932992502213e+09
6.835970673877525330e+09
6.835970673874276161e+09
6.835970673874276161e+09
5.649203935528720856e+09
5.649203931504842758e+09
5.597269135914408684e+09
5.597269135914408684e+09
2.955015017401540756e+09
2.955015017401540756e+09
2.955015017401540756e+09
2.954839595673489571e+09
1.903949389352796555e+09
1.903938769497023821e+09
1.903938769497023821e+09
1.903938593443396091e+09
1.723540213863831997e+09
1.723540213863831997e+09
1.723540213863831997e+09
1.723540213863831997e+09
1.723540213863831997e+09
1.723540213863831997e+09
1.723540213863632917e+09
1.723540213863632917e+09
1.723540213863632917e+09
1.723540213863632917e+09
1.723540213766325951e+09
1.710144909856443644e+09
1.710144882593029261e+09
1.710144882593029261e+09
1.710144882593029261e+09
1.710144882593029261e+09
1.710144882593029261e+09
1.606871438799438477e+09
1.015425028606458306e+09
1.015425028606458306e+09
1.014323872753620148e+09
1.014323872753620148e+09
1.014227521493895054e+09
1.014227521493895054e+09
5.671414595646655560e+08
5.671414595646640062e+08
5.671414595646640062e+08
5.671414595646640062e+08
5.671414595646640062e+08
5.671414595646640062e+08
5.671392501559418440e+08
5.671392501559418440e+08
5.671392501531853676e+08
4.591188441156122088e+08
4.591188441156122088e+08
4.591188441156122088e+08
4.591188441156122088e+08
4.591188423028359413e+08
4.591187322036639452e+08
4.465012859214598536e+08
4.465012859214598536e+08
4.465012859214598536e+08
4.465012859214598536e+08
4.465012859214598536e+08
4.465012859214598536e+08
4.465012859214594364e+08
4.465012859214594364e+08
4.465012859208694696e+08
4.460523570192347169e+08
4.460523570192347169e+08
3.512932276112378836e+08
3.471970283961619139e+08
3.471970283961619139e+08
3.471970282955923080e+08
1.896848523802655041e+08
1.896848523802655041e+08
1.896666760098977387e+08
1.896666760098977387e+08
1.315759045037227273e+08
1.315755213759213984e+08
1.315754920625887364e+08
1.315754920625887364e+08
1.315754920625887364e+08
1.315754920625887364e+08
1.216068111038372219e+08
1.216068111038372219e+08
1.216068111038372219e+08
1.216068111038372219e+08
1.216068111038319170e+08
1.216068110877155066e+08
1.216068110877155066e+08
1.216068110877155066e+08
1.216068110877155066e+08
1.216068110877155066e+08
1.210072480374449193e+08
1.210072480374449193e+08
1.210072471342495978e+08
1.210072471342495978e+08
1.210072471342495978e+08
1.210072471342495978e+08
1.110678111453348100e+08
6.929802482664677501e+07
6.919320368509110808e+07
6.919320368509110808e+07
6.919320368509110808e+07
6.918981654671595991e+07
6.918981654671505094e+07
4.142706906745545566e+07
4.142706906745545566e+07
4.142677261573923379e+07
4.142677261573923379e+07
4.142677261573923379e+07
4.142677261573923379e+07
4.142677261573923379e+07
4.142677261573923379e+07
3.467347392485371977e+07
3.467347392479859293e+07
3.467347392479859293e+07
3.467347356433224678e+07
3.467347356433224678e+07
3.467346940931286663e+07
3.402250879939818382e+07
3.402250879939818382e+07
3.402250879939818382e+07
3.402250879939818382e+07
3.402250879939818382e+07
3.402250879939818382e+07
3.402250879928421974e+07
3.402250879928421974e+07
3.402250879928421229e+07
3.402250879928421229e+07
3.400281034615360945e+07
3.400281034615360945e+07
2.599890286373151839e+07
2.555973138857709616e+07
1.450784538015520573e+07
1.450784537921573035e+07
1.450567135418252833e+07
1.450567135418252833e+07
1.049106024754836597e+07
1.049106024754836597e+07
1.049106024754836597e+07
1.049105556106198579e+07
1.049103944442624599e+07
1.049103944442624599e+07
1.049103944442624599e+07
1.049103944442624599e+07
9.910304890664964914e+06
9.910304890664964914e+06
9.910304890664964914e+06
9.910304890664964914e+06
9.910304890664964914e+06
9.910304886933304369e+06
9.910304886933147907e+06
9.910304886933147907e+06
9.910304886933147907e+06
9.880167965804580599e+06
9.880167965804580599e+06
9.880167965804580599e+06
9.880167965804580599e+06
9.880167933590006083e+06
9.880167933590006083e+06
8.905914845706973225e+06
8.905914845706973225e+06
5.558252214641767554e+06
5.558252214641767554e+06
5.544993805131570436e+06
5.544993805131375790e+06
3.446937769329983275e+06
3.446882149241101462e+06
3.446840185272689909e+06
3.446840185272689909e+06
3.446840185272689909e+06
3.446840185272689909e+06
3.446840185272689909e+06
3.009587080900816713e+06
3.009587080900816713e+06
3.009587080898992252e+06
3.009587080898992252e+06
3.009587012605780736e+06
3.009587012605780736e+06
3.009586845128064975e+06
2.972298565261042211e+06
2.972298565261042211e+06
2.972298565261042211e+06
2.972298565261042211e+06
2.972298565230718348e+06
2.972298565230718348e+06
2.972298565230718348e+06
2.972298565230718348e+06
2.971303538135498296e+06
2.971303538135497831e+06
2.225301751536348835e+06
2.177360556257194839e+06
2.177360556257194839e+06
1.254636329996047309e+06
1.254316413763161981e+06
1.254316413732310059e+06
9.673432346768877469e+05
9.673432346768877469e+05
9.673432346768877469e+05
9.673424199539725669e+05
9.673424199539723340e+05
9.673424199539723340e+05
9.673424199539723340e+05
9.673416868566019693e+05
9.673416868566019693e+05
9.673416868566019693e+05
9.294067118726656772e+05
9.294067118726656772e+05
9.294067118726656772e+05
9.294067110473243520e+05
9.294067110473243520e+05
9.294067110473243520e+05
9.294067110473243520e+05
9.294067110473243520e+05
9.294067110473196954e+05
9.276508813767282991e+05
9.276508813767282991e+05
9.276508813767282991e+05
9.276508801291194977e+05
9.276508801291194977e+05
9.276508801291194977e+05
8.223908544588511577e+05
5.044403552496487973e+05
5.028068148809292470e+05
5.028068148808735423e+05
5.028068148808735423e+05
5.028068148808735423e+05
3.363651473549871589e+05
3.363651473549871589e+05
3.363572836299503688e+05
3.363544500553102116e+05
3.363544500553102116e+05
3.363544500553102116e+05
3.038161516083176248e+05
3.038161516083176248e+05
3.038161516082562157e+05
3.038161373775739921e+05
3.038161373775739921e+05
3.038161373775739921e+05
3.038161373775739921e+05
3.012914064490300370e+05
3.012913990750449011e+05
3.012913990750449011e+05
3.012913990750449011e+05
3.012913990750449011e+05
3.012913990672093350e+05
2.175004163008256583e+05
2.118198955437414988e+05
2.117928535724012472e+05
2.117928535724012472e+05
2.117928535724012472e+05
2.117928535724012472e+05
1.290349233199660521e+05
1.289842683450516342e+05
1.289842683450516342e+05
1.289842683450516342e+05
1.289842683439736575e+05
1.048271064691681531e+05
1.048271064691681531e+05
1.048271064691680367e+05
1.048269181983365852e+05
1.048269181983365852e+05
1.048269181983365852e+05
1.048269181983365852e+05
1.048269181983365852e+05
1.048269181983365852e+05
1.048268803773774707e+05
1.018461956245902693e+05
1.018461956245902693e+05
1.018461954219377658e+05
1.018461954219377658e+05
1.018461954219377658e+05
1.018461954219377658e+05
1.018461954219377658e+05
1.018461954219376639e+05
1.018461954219376639e+05
1.017333029936172534e+05
1.017333029936172534e+05
1.017333029440371611e+05
1.017333029440371611e+05
8.777088092600592063e+04
8.777088092600592063e+04
8.777088092596326896e+04
8.715691690482228296e+04
5.451119315727439243e+04
5.451119315727439243e+04
5.450810122470236820e+04
3.878967477605795284e+04
3.878967477605795284e+04
3.878950921713247226e+04
3.878950921713247226e+04
3.585899595030702767e+04
3.585899595030702767e+04
3.585899204920102056e+04
3.585899204920102056e+04
3.585899204919947078e+04
3.585899204919947078e+04
3.585899204919947078e+04
3.585899204919947078e+04
3.585899204919947078e+04
3.567024225095147995e+04
3.567024190943429858e+04
3.567024190718860336e+04
3.567024190718860336e+04
3.397670322688017040e+04
2.445260028513954967e+04
2.445101696839069700e+04
2.445101696839069700e+04
2.442836316644837279e+04
1.567111990115563640e+04
1.567111990115563640e+04
1.567111990115563640e+04
1.567111990115563640e+04
1.567111990115563640e+04
1.567111990115563640e+04
1.567111990115563640e+04
1.567111990115563640e+04
1.567111990115563640e+04
1.567111990112676358e+04
1.567111990112669992e+04
1.567105690675848018e+04
1.322163547416795336e+04
1.322163547416795336e+04
1.322163547416795336e+04
1.322163547416795336e+04
1.322163348611008951e+04
1.322163348611008951e+04
1.296557434228631246e+04
1.296557427765642751e+04
1.296557427765642751e+04
1.296557427765642751e+04
1.296557427765642751e+04
1.296557427765642751e+04
1.296557427765642751e+04
1.296557427765642751e+04
1.295753241864916345e+04
1.295753241864916345e+04
1.295753241863015501e+04
1.295753241717067067e+04
1.096562095790104649e+04
1.096562095790104649e+04
1.085732970425317944e+04
1.085732970425317944e+04
6.943959571963417147e+03
6.943334355727155526e+03
5.175635996457524925e+03
5.175635996457524925e+03
5.175626257320482182e+03
5.175626257320482182e+03
5.175625040618989260e+03
4.890328216603707006e+03
4.890328216603707006e+03
4.890328216603707006e+03
4.890328216603707006e+03
4.890328216603693363e+03
4.890328216603693363e+03
4.890328216603693363e+03
4.890328216603693363e+03
4.874873208923539096e+03
4.874873208098160831e+03
4.874873196523691149e+03
4.874873196523691149e+03
4.874873196523691149e+03
4.594292900240074232e+03
3.286687189124669203e+03
3.286687189124669203e+03
3.286687189124669203e+03
3.286687189124669203e+03
3.282050585539595431e+03
3.281956332455958091e+03
2.192700981823188158e+03
2.192700981823188158e+03
2.192700981823188158e+03
2.192700981823188158e+03
2.192700981823188158e+03
2.192700981823163602e+03
2.192685613343950081e+03
2.192685613343950081e+03
2.192685613343679961e+03
1.925634110739635616e+03
1.925634110739635616e+03
1.925634110739635616e+03
1.925634110739635616e+03
1.925634110739635616e+03
1.925634034218702936e+03
1.925634012875276539e+03
1.901604613291377746e+03
1.901604613291377746e+03
1.901604613291377746e+03
1.901604613291377746e+03
1.901604613291377746e+03
1.901032839949097252e+03
1.901032839949097252e+03
1.901032839941046177e+03
1.901032839941046177e+03
1.582453850084980331e+03
1.562293496657091964e+03
1.562293496646946778e+03
1.016739683722113227e+03
1.016739683722113227e+03
1.016739683722113227e+03
1.016587784284484542e+03
8.020173629910865429e+02
8.020169386303837200e+02
8.020165745502979462e+02
7.713804634405961451e+02
7.713804634405960314e+02
7.713804634405960314e+02
7.713804634405960314e+02
7.713804634405960314e+02
7.713804634405960314e+02
7.713804634405960314e+02
7.713804631311886624e+02
7.713804631311886624e+02
7.701079572227297376e+02
7.701079570846129627e+02
7.701079570846129627e+02
7.701079570846129627e+02
7.701079570846129627e+02
7.701079570846129627e+02
7.701079570846129627e+02
7.177950114220000160e+02
5.086103397333764065e+02
5.086103397333764065e+02
5.076154300410153724e+02
5.076154300410153724e+02
5.076113387758080080e+02
3.597355662260741269e+02
3.597355662260610529e+02
3.597355662260610529e+02
3.597308782786475376e+02
3.597308782786475376e+02
3.597308782786475376e+02
3.270412026705009225e+02
3.270412026705006951e+02
3.270412026705006951e+02
3.270412026705006951e+02
3.270412026705006951e+02
3.270411949987711751e+02
3.270411939433969906e+02
3.247383913384541643e+02
3.247383913384541643e+02
3.247383913384541643e+02
3.247383913384541643e+02
3.247383913349368072e+02
3.247383913349368072e+02
3.247383913349368072e+02
3.247081281340272199e+02
2.645220575255507356e+02
2.645220575255507356e+02
2.602808402919550872e+02
2.602808402919550872e+02
1.760713639915214515e+02
1.760713639915174440e+02
1.760305277689500087e+02
1.462626337648630113e+02
1.462624965368003984e+02
1.462624897883726476e+02
1.462624897883726476e+02
1.462624897883725907e+02
1.462624897883725907e+02
1.428438923444299178e+02
1.428438923444299178e+02
1.428438923444299178e+02
1.428438923444299178e+02
1.428438922122125518e+02
1.428438922122125518e+02
1.428438922122125518e+02
1.427646245867630626e+02
1.427646245867630626e+02
1.427646245867630626e+02
1.427646245867630626e+02
1.427646245867630626e+02
1.427646245866157813e+02
1.427646245866157813e+02
1.310492357183460115e+02
9.349049450718618459e+01
9.349049450718618459e+01
9.323674792691268465e+01
9.323674792691268465e+01
9.323674792689953961e+01
7.001294527202007600e+01
7.001290805712683607e+01
7.001131608546751295e+01
7.001131608546751295e+01
7.001131608546751295e+01
7.001131608546751295e+01
7.001131608546751295e+01
6.578284848501770909e+01
6.578284848501770909e+01
6.578284848501770909e+01
6.578284496730637443e+01
6.578284496730637443e+01
6.578284496598165276e+01
6.561302165180765655e+01
6.561302165180765655e+01
6.561302165180765655e+01
6.561302165001829678e+01
6.561302165001829678e+01
6.561243086014511050e+01
6.561243086014511050e+01
5.265948583379415027e+01
5.265948583379415027e+01
5.155296107830964303e+01
3.640312698654950196e+01
3.640312698654950196e+01
3.638994226805237275e+01
3.638994226805237275e+01
3.194844418257961749e+01
3.194844418257961749e+01
3.194838548198129757e+01
3.194838548198124784e+01
3.194838548198124784e+01
3.194838547199194778e+01
3.164817563014922541e+01
3.164817563014922541e+01
3.164817563014922541e+01
3.164817555659476156e+01
3.164817555659476156e+01
3.164817555659476156e+01
3.164817555659476156e+01
3.164817555659476156e+01
3.164817555659476156e+01
3.164817555659476156e+01
3.164817555659476156e+01
3.164631409453650690e+01
3.164631409453650690e+01
3.164631409453650690e+01
3.164631409453650690e+01
2.861277520209895897e+01
2.065383425176530352e+01
2.057199395803547759e+01
2.057199395802750175e+01
1.656582698883876503e+01
1.656582698883876503e+01
1.656515373393149559e+01
1.656515366929888344e+01
1.656515366929888344e+01
1.656515366929888344e+01
1.612027258067956126e+01
1.612027258067956126e+01
1.612027068682370867e+01
1.612027068682370867e+01
1.612027068682370867e+01
1.612027068682370867e+01
1.611538330351838866e+01
1.611538330351837089e+01
1.611538330351837089e+01
1.611538330351837089e+01
1.611538330229503302e+01
1.273521555823668905e+01
1.239109414042409796e+01
1.239109348672688959e+01
1.239109348672688959e+01
1.239109348672688959e+01
9.312975120706715515e+00
9.307266832500989295e+00
9.307266832500989295e+00
9.307266832500989295e+00
8.743158006178433084e+00
8.743124796791013509e+00
8.743124796790967324e+00
8.743124796790967324e+00
8.743124796790967324e+00
8.743124796790967324e+00
8.743124796790807451e+00
8.743124796790807451e+00
8.743124796790807451e+00
8.732285758355205374e+00
8.732285708151602321e+00
8.732285708151602321e+00
8.732285708151602321e+00
8.732285708151602321e+00
8.732285708151602321e+00
8.732285708151602321e+00
8.732285708151602321e+00
8.732281311333547791e+00
8.732281311333547791e+00
8.732281311333547791e+00
7.737798831480627193e+00
7.737798831467835647e+00
7.676586275305322893e+00
5.721907997134377588e+00
5.721907997134377588e+00
5.721907997134377588e+00
5.721376553979290236e+00
5.099069142316611902e+00
5.099069142315302727e+00
5.099069142315302727e+00
5.078440711545495034e+00
5.078439291687788071e+00
5.078439291687788071e+00
5.078439291687788071e+00
5.078439291687788071e+00
5.078439291687788071e+00
5.078424238685124159e+00
5.078424238685124159e+00
5.078424238685124159e+00
5.078424237595964286e+00
4.842806814046477726e+00
3.832704320744433790e+00
3.832704320731067593e+00
3.827535580822558181e+00
3.229280668496802953e+00
3.229280668496802953e+00
3.229280668496802953e+00
3.229280668496802953e+00
3.229280668496731899e+00
3.229280668496731899e+00
3.229280668496731899e+00
3.229250692205865025e+00
3.229250692205865025e+00
3.195051111311203229e+00
3.195051111311203229e+00
3.195051111311203229e+00
3.195051111311203229e+00
3.195051111311203229e+00
3.195051111311203229e+00
3.195006149260395389e+00
3.195006149260395389e+00
3.195006098490723367e+00
3.195006098490723367e+00
3.195006098490723367e+00
3.195006098490723367e+00
3.195006098364928437e+00
3.195006098364928437e+00
3.195006098345375634e+00
2.765329046712595940e+00
2.765329046712595940e+00
2.731136558175385254e+00
2.237649505712338893e+00
2.237649505712338893e+00
2.237214715272617394e+00
2.187303396527227939e+00
2.187303396527227939e+00
2.187303396527227939e+00
2.187301653732009132e+00
2.187183420583484583e+00
2.187183420583483695e+00
2.187183420583483695e+00
2.187183420583483695e+00
2.187183420583483695e+00
2.187183419986763244e+00
2.187183418460652895e+00
2.187183418460652895e+00
2.045555332666345816e+00
1.701795197388925818e+00
1.701795197388925818e+00
1.697324063023349261e+00
1.697324063023349261e+00
1.697324063023349261e+00
1.633169708736615489e+00
1.633169708736615489e+00
1.633169708736615489e+00
1.633169708736615489e+00
1.633169708736452286e+00
1.633169708736452286e+00
1.633169708736452286e+00
1.633128689562877822e+00
1.632854462973313048e+00
1.632854462973313048e+00
1.632854462973313048e+00
1.632854462973313048e+00
1.632854375232756894e+00
1.632854375232756894e+00
1.632854375232756894e+00
1.632854372723020031e+00
1.632854372723020031e+00
1.632854372723020031e+00
1.632854372723020031e+00
1.632854372684441779e+00
1.632854372684441779e+00
1.427203311491690663e+00
1.397369465631758789e+00
1.325835861690872974e+00
1.325835861690872974e+00
1.325835861690872974e+00
1.325165474566347479e+00
1.324610029688901847e+00
1.324610029688901847e+00
1.324606610142904151e+00
1.324606600875547269e+00
1.324606600875544826e+00
1.324606600875544826e+00
1.324606600875544826e+00
1.324606597171861910e+00
1.324606597171861910e+00
1.324606597171861910e+00
1.324606597171861910e+00
1.324606597171861910e+00
1.324606597171861910e+00
1.324606597171861910e+00
1.230946812533356471e+00
1.163330983257972351e+00
1.156450047527788350e+00
1.156450047527788350e+00
1.156450047527788350e+00
1.156450047527788350e+00
1.155490594294513507e+00
1.155490594294513507e+00
1.155490594293896667e+00
1.155490594293896667e+00
1.155400391572527274e+00
1.155400391572527274e+00
1.155400362233657052e+00
1.155400362233657052e+00
1.155400362233657052e+00
1.155400127197215854e+00
1.155400127197215854e+00
1.155400127197215854e+00
1.155400127197215854e+00
1.155400127197215854e+00
1.155400127197215854e+00
1.155400127069407867e+00
1.155400127069407867e+00
1.101689751799856953e+00
1.069700244119768939e+00
1.069700244119768939e+00
1.068331325543676602e+00
1.066894298912492323e+00
1.066894221935263953e+00
1.066884476128744375e+00
1.066884476128744375e+00
1.066884476128732606e+00
1.066884476128732606e+00
1.066884476128732606e+00
1.066884476128732606e+00
1.066884463274101691e+00
1.066884463274101691e+00
1.066884463274101691e+00
1.066884463274101691e+00
1.066884463274101691e+00
1.066884463274101691e+00
1.066884463274101691e+00
1.066884463274101691e+00
1.036511492302358173e+00
1.034940060350100000e+00
1.034940060350100000e+00
1.034940060350100000e+00
1.025093826451703327e+00
1.025093826451703327e+00
1.025093826448490564e+00
1.025093665200473403e+00
1.025093665200473403e+00
1.024859123480707401e+00
1.024859123480707401e+00
1.024859123480707401e+00
1.024859123480707401e+00
1.024858311054686721e+00
1.024858311054686721e+00
1.024858311054686721e+00
1.024858311054686499e+00
1.024858311054686499e+00
1.024858310516682414e+00
1.024858310516682414e+00
1.023485178431046361e+00
1.010067209195762983e+00
1.010067209195762983e+00
1.010066948011690613e+00
1.007738270359583854e+00
1.007738270359583854e+00
1.007738270359583854e+00
1.007709540479244659e+00
1.007709540479175159e+00
1.007709540479175159e+00
1.007709540479175159e+00
1.007709540479175159e+00
1.007709540479175159e+00
1.007709490096516669e+00
1.007709490096516669e+00
1.007709490096516669e+00
1.007709490096516669e+00
1.007709490096516669e+00
1.007709490096516669e+00
1.007709490096516669e+00
1.007709490096516669e+00
1.007709490096516669e+00
1.006844932036904172e+00
1.006844614665350912e+00
1.002365946380415096e+00
1.002365946363980465e+00
1.002365946363980242e+00
1.002365946363980242e+00
1.001959088531653830e+00
1.001959088531653830e+00
1.001959088531653830e+00
1.001956522710623965e+00
1.001956522710623965e+00
1.001956522710622854e+00
1.001956522710622854e+00
1.001956522710622854e+00
1.001956522710622854e+00
1.001956520451492638e+00
1.001956520451492638e+00
1.001552430556010620e+00
1.001552149915162060e+00
1.000456045685555795e+00
1.000456045685555351e+00
1.000456045685555351e+00
1.000456045685555351e+00
1.000456045685188755e+00
1.000404665174039254e+00
1.000404665174039254e+00
1.000404665174039254e+00
1.000404665174039254e+00
1.000404665174039254e+00
1.000404665174039254e+00
1.000404665174039254e+00
1.000404665174039254e+00
1.000404501102453825e+00
1.000404501102453825e+00
1.000404501102453825e+00
1.000404501102453825e+00
1.000404501102453825e+00
1.000404501102453825e+00
1.000404501102453825e+00
1.000404318845494966e+00
1.000404318773575607e+00
1.000266549645543845e+00
1.000266549645543401e+00
1.000266549645543401e+00
1.000266549645543401e+00
1.000072781425080493e+00
1.000072781425080493e+00
1.000072781425080493e+00
1.000068143083808980e+00
1.000068143083808980e+00
1.000068143083808980e+00
1.000068143083803207e+00
1.000068143083803207e+00
1.000068143083803207e+00
1.000068135647203871e+00
1.000068049577310436e+00
1.000068049577309992e+00
1.000034108540665878e+00
1.000034108540665878e+00
1.000034108540665878e+00
1.000034108540665878e+00
1.000034108539057165e+00
1.000034108539057165e+00
1.000009560744842485e+00
1.000009560744842485e+00
1.000009560744842485e+00
1.000009560744842485e+00
1.000009560744842485e+00
1.000009560744842485e+00
1.000009560744842485e+00
1.000009560744842485e+00
1.000009560744842485e+00
1.000009263260434489e+00
1.000009263260434489e+00
1.000009263260434489e+00
1.000009263260434267e+00
1.000009263260434267e+00
1.000009263022982875e+00
1.000009263022982431e+00
1.000009233598736946e+00
1.000009233598736946e+00
1.000009233598736946e+00
1.000003224060924678e+00
1.000003224060924678e+00
1.000003224060924678e+00
1.000003224060924678e+00
1.000001006517435842e+00
1.000001006517410751e+00
1.000001006517410751e+00
1.000001006517410751e+00
1.000000993024984242e+00
1.000000993024984242e+00
1.000000993024984020e+00
1.000000993024984020e+00
1.000000985771973827e+00
1.000000985771973827e+00
1.000000985771973827e+00
1.000000985771973827e+00
1.000000985771973827e+00
1.000000985771973827e+00
1.000000985771973827e+00
1.000000985766658745e+00
1.000000985766658745e+00
1.000000224223539513e+00
1.000000224223539513e+00
1.000000224223539513e+00
1.000000224223539513e+00
1.000000224223539513e+00
1.000000081982481026e+00
1.000000081982481026e+00
1.000000081982480804e+00
1.000000081982480804e+00
1.000000081551615905e+00
1.000000081551615905e+00
1.000000081551615905e+00
1.000000081551615905e+00
1.000000081551615905e+00
1.000000081551615905e+00
1.000000081551615905e+00
1.000000080267298364e+00
1.000000011470090655e+00
1.000000011470007610e+00
1.000000011470007610e+00
1.000000011470007610e+00
1.000000005018547355e+00
1.000000005018547355e+00
1.000000005018547355e+00
1.000000005018547355e+00
1.000000005018547355e+00
1.000000005018547355e+00
1.000000005018547355e+00
1.000000005018547355e+00
1.000000005018547355e+00
1.000000005018547355e+00
1.000000005018547355e+00
1.000000005018547355e+00
1.000000005008902848e+00
1.000000005008902848e+00
1.000000005008902848e+00
1.000000004846149260e+00
1.000000004846149260e+00
1.000000004846149260e+00
1.000000000433236780e+00
1.000000000433236780e+00
1.000000000433235892e+00
1.000000000433235892e+00
1.000000000227215802e+00
1.000000000227215802e+00
1.000000000227215802e+00
1.000000000227215802e+00
1.000000000227215802e+00
1.000000000227215802e+00
1.000000000212512674e+00
1.000000000212512674e+00
1.000000000212362128e+00
1.000000000212362128e+00
1.000000000012210677e+00
1.000000000012210677e+00
1.000000000012210677e+00
1.000000000012210677e+00
1.000000000012210677e+00
1.000000000012210677e+00
1.000000000012210677e+00
1.000000000012210677e+00
1.000000000012210677e+00
1.000000000012210677e+00
1.000000000012210677e+00
1.000000000012210677e+00
1.000000000012210677e+00
1.000000000007599033e+00
1.000000000007599033e+00
1.000000000007599033e+00
1.000000000007599033e+00
1.000000000007599033e+00
1.000000000006656009e+00
1.000000000006656009e+00
1.000000000006654233e+00
1.000000000006654233e+00
1.000000000000262679e+00
1.000000000000262679e+00
1.000000000000262679e+00
1.000000000000262679e+00
1.000000000000262679e+00
1.000000000000262679e+00
1.000000000000262679e+00
1.000000000000190736e+00
1.000000000000190736e+00
1.000000000000190736e+00
1.000000000000190736e+00
1.000000000000147882e+00
1.000000000000147882e+00
1.000000000000147882e+00
1.000000000000147882e+00
1.000000000000147882e+00
1.000000000000147882e+00
1.000000000000147882e+00
1.000000000000147882e+00
1.000000000000147882e+00
1.000000000000004885e+00
1.000000000000004885e+00
1.000000000000004885e+00
1.000000000000004885e+00
1.000000000000004885e+00
1.000000000000004885e+00
1.000000000000004885e+00
1.000000000000004885e+00
1.000000000000003997e+00
1.000000000000003997e+00
1.000000000000003997e+00
1.000000000000002665e+00
1.000000000000002665e+00
1.000000000000002665e+00
1.000000000000002665e+00
1.000000000000002665e+00
1.000000000000000444e+00
1.000000000000000444e+00
1.000000000000000444e+00
1.000000000000000444e+00
1.000000000000000444e+00
1.000000000000000444e+00
1.000000000000000444e+00
1.000000000000000444e+00
1.000000000000000444e+00
1.000000000000000444e+00
1.000000000000000444e+00
1.000000000000000444e+00
1.000000000000000444e+00
1.000000000000000444e+00
1.000000000000000444e+00
1.000000000000000444e+00
1.000000000000000444e+00
1.000000000000000444e+00
1.000000000000000444e+00
1.000000000000000444e+00
1.000000000000000444e+00
1.000000000000000444e+00
1.000000000000000444e+00
1.000000000000000444e+00
1.000000000000000444e+00
1.000000000000000444e+00
1.000000000000000444e+00
1.000000000000000444e+00
1.000000000000000444e+00
1.000000000000000444e+00
1.000000000000000444e+00
1.000000000000000444e+00
1.000000000000000444e+00
1.000000000000000444e+00
1.000000000000000444e+00
1.000000000000000444e+00
1.000000000000000444e+00
1.000000000000000444e+00
1.000000000000000444e+00
1.000000000000000444e+00
1.000000000000000444e+00
1.000000000000000444e+00
1.000000000000000444e+00
1.000000000000000444e+00
1.000000000000000444e+00
1.000000000000000444e+00
1.000000000000000444e+00
1.000000000000000444e+00
1.000000000000000444e+00
1.000000000000000444e+00
1.000000000000000444e+00
1.000000000000000444e+00
1.000000000000000444e+00
1.000000000000000444e+00
1.000000000000000444e+00
1.000000000000000444e+00
1.000000000000000444e+00
1.000000000000000444e+00
1.000000000000000444e+00
1.000000000000000444e+00
1.000000000000000444e+00
1.000000000000000444e+00
1.000000000000000444e+00
1.000000000000000444e+00
1.000000000000000444e+00
1.000000000000000444e+00
1.000000000000000444e+00
1.000000000000000444e+00
1.000000000000000444e+00
1.000000000000000444e+00
1.000000000000000444e+00
1.000000000000000444e+00
1.000000000000000444e+00
1.000000000000000444e+00
1.000000000000000444e+00
1.000000000000000444e+00
1.000000000000000444e+00
1.000000000000000444e+00
1.000000000000000444e+00
1.000000000000000444e+00
1.000000000000000444e+00
1.000000000000000444e+00
1.000000000000000444e+00
1.000000000000000444e+00
1.000000000000000444e+00
1.000000000000000444e+00
1.000000000000000444e+00
1.000000000000000444e+00
1.000000000000000444e+00
1.000000000000000444e+00
1.000000000000000444e+00
1.000000000000000444e+00
1.000000000000000444e+00
1.000000000000000444e+00
1.000000000000000444e+00
1.000000000000000444e+00
1.000000000000000444e+00
1.000000000000000444e+00
1.000000000000000444e+00
1.000000000000000444e+00
1.000000000000000444e+00
1.000000000000000444e+00
1.000000000000000444e+00
1.000000000000000444e+00
1.000000000000000444e+00
1.000000000000000444e+00
1.000000000000000444e+00
1.000000000000000444e+00
1.000000000000000444e+00
1.000000000000000444e+00
1.000000000000000444e+00
1.000000000000000444e+00
1.000000000000000444e+00
1.000000000000000444e+00
1.000000000000000444e+00
1.000000000000000444e+00
1.000000000000000444e+00
1.000000000000000444e+00
1.000000000000000444e+00
1.000000000000000444e+00
1.000000000000000444e+00
1.000000000000000444e+00
1.000000000000000444e+00
1.000000000000000444e+00
1.000000000000000444e+00
1.000000000000000444e+00
1.000000000000000444e+00
1.000000000000000444e+00
1.000000000000000444e+00
1.000000000000000444e+00
1.000000000000000444e+00
1.000000000000000444e+00
1.000000000000000444e+00
1.000000000000000444e+00
1.000000000000000444e+00
1.000000000000000444e+00
1.000000000000000444e+00
1.000000000000000444e+00
1.000000000000000444e+00
1.000000000000000444e+00
1.000000000000000444e+00
1.000000000000000444e+00
1.000000000000000444e+00
1.000000000000000444e+00
1.000000000000000444e+00
1.000000000000000444e+00
1.000000000000000444e+00
1.000000000000000444e+00
1.000000000000000444e+00
1.000000000000000444e+00
1.000000000000000444e+00
1.000000000000000444e+00
1.000000000000000444e+00
1.000000000000000444e+00
1.000000000000000444e+00
1.000000000000000444e+00
1.000000000000000444e+00
1.000000000000000444e+00
1.000000000000000444e+00
1.000000000000000444e+00
1.000000000000000444e+00
1.000000000000000444e+00
1.000000000000000444e+00
1.000000000000000444e+00
1.000000000000000444e+00
1.000000000000000444e+00
1.000000000000000444e+00
1.000000000000000444e+00
1.000000000000000444e+00
1.000000000000000444e+00
1.000000000000000444e+00
1.000000000000000444e+00
1.000000000000000444e+00
1.000000000000000444e+00
1.000000000000000444e+00
1.000000000000000444e+00
1.000000000000000444e+00
1.000000000000000444e+00
1.000000000000000444e+00
1.000000000000000444e+00
1.000000000000000444e+00
1.000000000000000444e+00
1.000000000000000444e+00
1.000000000000000444e+00
1.000000000000000444e+00
1.000000000000000444e+00
1.000000000000000444e+00
1.000000000000000444e+00
1.000000000000000444e+00
1.000000000000000444e+00
1.000000000000000444e+00
1.000000000000000444e+00
1.000000000000000444e+00
1.000000000000000444e+00
1.000000000000000444e+00
1.000000000000000444e+00
1.000000000000000444e+00
1.000000000000000444e+00
1.000000000000000444e+00
1.000000000000000444e+00
1.000000000000000444e+00
1.000000000000000444e+00
1.000000000000000444e+00
1.000000000000000444e+00
1.000000000000000444e+00
1.000000000000000444e+00
1.000000000000000444e+00
1.000000000000000444e+00
1.000000000000000444e+00
1.000000000000000444e+00
1.000000000000000444e+00
1.000000000000000444e+00
1.000000000000000444e+00
1.000000000000000444e+00
1.000000000000000444e+00
1.000000000000000444e+00
1.000000000000000444e+00
1.000000000000000444e+00
1.000000000000000444e+00
1.000000000000000444e+00
1.000000000000000444e+00
1.000000000000000444e+00
1.000000000000000444e+00
1.000000000000000444e+00
1.000000000000000444e+00
1.000000000000000444e+00
1.000000000000000444e+00
1.000000000000000444e+00
1.000000000000000444e+00
1.000000000000000444e+00
1.000000000000000444e+00
1.000000000000000444e+00
1.000000000000000444e+00
1.000000000000000444e+00
1.000000000000000444e+00
1.000000000000000444e+00
1.000000000000000444e+00
1.000000000000000444e+00
1.000000000000000444e+00
1.000000000000000444e+00
1.000000000000000444e+00
1.000000000000000444e+00
1.000000000000000444e+00
1.000000000000000444e+00
1.000000000000000444e+00
1.000000000000000444e+00
1.000000000000000444e+00
1.000000000000000444e+00
