1.086571670015651077e+90
2.708928157774852373e+89
1.227416981101992095e+89
1.065698192893318930e+89
4.340880622720448520e+88
7.103457839140970003e+87
2.893014012270118296e+87
1.871089683164722351e+87
1.605012142548116325e+87
1.600343717075554922e+87
3.429809305690426790e+86
3.395160516561020827e+86
6.940645107917830008e+85
3.862869690716401633e+85
3.862730958296771457e+85
3.132453619225216801e+85
3.067120049204516520e+85
1.920802718994056001e+85
1.920622387043172539e+85
2.897476504179041514e+84
2.892968151172378657e+84
8.381279667686389746e+83
5.954060925933003532e+83
5.954027561894509994e+83
5.334353465381528969e+83
5.327587754142647004e+83
4.944919686476243025e+83
1.891471084029422125e+83
1.891468867842077165e+83
2.957022165977620905e+82
1.229991164177513332e+82
1.229880973484868964e+82
1.032435783214263802e+82
1.023027861524194677e+82
7.112543874539701267e+81
7.112345563265450090e+81
1.791308642603892237e+81
1.791308613941645462e+81
1.791308386050222438e+81
1.782922830559794133e+81
3.744924294791364917e+80
2.135766454623254054e+80
2.135732821935343412e+80
2.025196014741103151e+80
2.024413254140768688e+80
1.881843696384073085e+80
7.998135167035120438e+79
7.998130476157197958e+79
1.881001822736900201e+79
1.881001822526562923e+79
5.835913852387151808e+78
5.834703025488875726e+78
5.834703011922199112e+78
4.242555647918435330e+78
4.229736895789628541e+78
3.418273216064840814e+78
3.418218992808837268e+78
8.249091240051773552e+77
8.249087453833756858e+77
8.249087410826959791e+77
8.203311630087747351e+77
2.366755319166625064e+77
2.366755319166023427e+77
2.366755319164913225e+77
1.083085024347936068e+77
1.083042801875702140e+77
1.083042801681200416e+77
1.059524221245436146e+77
1.059270562491773156e+77
9.100487902620134016e+76
4.900779466030511949e+76
4.900778219901517924e+76
9.095663736687544468e+75
9.095663736462182656e+75
3.592238033209880389e+75
3.592238033209871149e+75
3.592237992922161525e+75
3.591056167183730226e+75
2.280175479966576948e+75
2.280175479966564092e+75
2.275787403880174027e+75
2.064330643634174994e+75
2.064316651292628802e+75
5.920316565390116145e+74
5.920307044942746841e+74
5.920307034792250510e+74
5.823833026735528290e+74
1.199478960888295089e+74
1.199478960887560919e+74
1.199478960887377628e+74
6.462636105638499556e+73
6.462248811808508662e+73
6.462248806383430586e+73
5.173984085305164811e+73
5.109840042478448094e+73
5.109422532297073067e+73
3.686840928987670018e+73
3.686840605829522391e+73
6.924993623698437589e+72
6.924993623698437589e+72
6.924993623614455460e+72
1.940561087846523511e+72
1.940561030451850463e+72
1.939135035345870433e+72
1.939135035345869256e+72
1.939135035345825709e+72
1.344361988212347447e+72
1.343281516659731068e+72
1.253560862980171070e+72
1.253558498702889974e+72
1.253547501928630935e+72
5.669388155818395727e+71
5.669388149834130595e+71
5.454037004899276692e+71
5.454037004780367788e+71
9.519679459042227489e+70
9.519679459041775096e+70
3.813879201357457835e+70
3.813879201357457835e+70
3.813321329994898631e+70
3.813321329994898631e+70
3.813321320773006182e+70
3.153097162057658688e+70
3.136122147980491025e+70
3.136050080811530825e+70
2.449365994544179785e+70
2.449365902847555216e+70
7.413806317650201770e+69
7.413806317650201770e+69
7.413806317612597395e+69
1.611029193843046326e+69
1.611029091928666198e+69
1.608584728726302312e+69
1.608584728726301929e+69
1.608584728726067265e+69
8.896169627659819039e+68
8.896169627659819039e+68
8.894000406509638496e+68
8.605459713213678641e+68
8.605452550199382070e+68
8.605238195479360435e+68
4.336973667464777919e+68
4.157988402739818715e+68
4.157988401482316089e+68
4.157988401144935280e+68
1.068491512572216495e+68
1.068491512572216495e+68
1.068491512572201529e+68
3.339575575680811826e+67
3.339575575680811826e+67
3.339575575680811826e+67
3.338511080825076224e+67
3.338511062614209021e+67
2.378396346908879612e+67
2.373955047046787025e+67
2.373928498468009078e+67
2.064004958164537472e+67
2.064004932727218376e+67
2.064004932727212090e+67
6.258159916961967409e+66
6.258159916954857917e+66
6.258153555769114255e+66
1.820094546880000600e+66
1.815652334073052678e+66
1.815652334073052678e+66
1.815652334071592767e+66
8.272289014154668508e+65
8.272289014154668508e+65
8.272289014154668508e+65
8.271083058438280807e+65
8.154570462560947464e+65
8.154091381678154070e+65
8.154088869196401694e+65
4.912600718561039031e+65
4.436266545411785626e+65
4.436266544422318618e+65
4.436266544042501234e+65
4.436266544042501234e+65
9.536435558194737112e+64
9.536435558194695021e+64
3.704426189745487327e+64
3.704426189745487327e+64
3.702559909687767689e+64
3.702559909687767689e+64
3.702559817037709959e+64
2.333905748755584024e+64
2.331154389026667398e+64
2.331144387984991513e+64
2.183609764684943814e+64
2.183609764684943814e+64
2.183609764684908445e+64
2.183609757130567247e+64
8.027263774002837150e+63
8.027263773998711330e+63
8.027237723586454840e+63
1.707035648529993599e+63
1.698453335519883389e+63
1.698453335519883389e+63
1.698453335519883389e+63
1.698453335516592453e+63
8.956216459339133739e+62
8.956216459339133739e+62
8.956216459339133739e+62
8.955392898459021097e+62
8.954840707028816490e+62
8.866661327030079952e+62
8.866660538771376898e+62
6.672837026700190419e+62
5.602548228444440609e+62
5.602548221916835368e+62
5.602548221916835368e+62
5.602548221703158348e+62
1.314163729733393261e+62
1.314163729733393261e+62
1.314163729733391434e+62
3.682980760724110361e+61
3.682980760724110361e+61
3.678920919038247431e+61
3.678920691361788117e+61
3.678920691361788117e+61
2.507282250579884118e+61
2.506040917630455299e+61
2.394240031638039650e+61
2.394237232421050649e+61
2.394237232420941607e+61
2.394237232420941607e+61
2.394237229217407089e+61
1.284268136801226370e+61
1.284258634179314759e+61
1.284258634179082546e+61
1.223342689556679205e+61
2.450445116676085998e+60
2.450445116676085998e+60
2.450445116647751207e+60
2.450445116647751207e+60
9.681923454274901341e+59
9.681923454274901341e+59
9.681923454274901341e+59
9.679804360728721458e+59
9.639321984489404013e+59
9.639152226919069332e+59
7.838120002782991040e+59
7.838119970981885754e+59
7.838119753701318658e+59
6.642693867623747809e+59
6.642693867623747809e+59
6.642693867557744740e+59
2.395603963773283054e+59
2.395603963773283054e+59
2.395603963773282162e+59
5.555067408820215941e+58
5.555067408820215941e+58
5.542982475658680175e+58
5.542981739081075973e+58
5.542981739081075973e+58
3.023242078097970463e+58
3.022763039400864855e+58
3.022763039400145656e+58
2.957682824817755556e+58
2.957681318026168143e+58
2.957681318026168143e+58
2.957681318026168143e+58
1.753840408083863854e+58
1.753840407706145819e+58
1.753801382864549380e+58
1.663104577521967707e+58
1.663104577521967707e+58
4.769477968210402101e+57
4.769477968210351924e+57
4.769477967943169484e+57
4.769477967943169484e+57
4.769477967943169484e+57
1.534409068388070472e+57
1.534409068388070472e+57
1.533712074266367366e+57
1.533712074266367366e+57
1.531008917965694987e+57
1.530993812173973522e+57
1.530993794882995606e+57
1.530993794882995606e+57
1.081125486743622820e+57
9.822325988907366457e+56
9.822325913932050288e+56
3.657765875739787344e+56
3.657765875736676564e+56
3.657765875736676564e+56
3.657765875736663933e+56
1.102556082461234692e+56
1.102556082461234692e+56
1.098743055190342452e+56
1.098742417868194170e+56
1.098742417868194170e+56
1.098742417868194170e+56
5.065810843717907368e+55
5.065810843712878812e+55
5.065810843712878812e+55
5.065336383997774322e+55
5.016259359978161453e+55
5.016258407614913483e+55
3.448096664160190635e+55
3.448096664160190635e+55
3.448096663933236452e+55
3.447899091264465379e+55
3.447899091264465379e+55
3.059588743064723226e+55
7.762691270178508931e+54
7.762691270178483070e+54
7.762691269169822161e+54
7.762691269169822161e+54
7.762691269169822161e+54
3.017708295967108107e+54
3.017708295967108107e+54
3.015546826422197193e+54
3.015546826422197193e+54
3.015546826422197193e+54
3.015546678701874863e+54
3.011858612152240023e+54
3.011845766617733595e+54
1.907203733389189489e+54
1.821368387040432757e+54
1.821368383032897037e+54
8.201105688999237844e+53
8.201105688996180407e+53
8.201105688996180407e+53
8.201105688996018773e+53
8.201105688996018773e+53
1.889402681736965624e+53
1.889402681736965624e+53
1.876194446575586896e+53
1.876192012442475156e+53
1.876192012442475156e+53
9.799234374629454396e+52
9.799234374629454396e+52
9.799234374629454396e+52
9.799234374602640145e+52
9.799234374602640145e+52
9.798844251546940893e+52
9.733861443869813011e+52
9.733860886420704862e+52
7.887031061933205279e+52
7.887031061933205279e+52
7.886202097293759455e+52
7.886202097293759455e+52
7.886202097061704959e+52
6.542433552610202778e+52
1.892426676869157960e+52
1.892426675549097384e+52
1.892426675549095257e+52
1.892426675549095257e+52
1.892426675549095257e+52
5.462560964285199309e+51
5.462560964285199309e+51
5.454183719864314999e+51
5.454183719864314335e+51
5.454183086884576960e+51
5.451530077583599386e+51
5.451530077583599386e+51
3.682524060434505490e+51
3.682521075272595300e+51
3.567998859724566533e+51
3.567998856718457605e+51
3.567998856718457605e+51
2.182802117454019937e+51
2.182802117453748110e+51
2.182802117453748110e+51
2.182802117453585612e+51
2.182802117453585612e+51
4.879400797783805302e+50
4.879387594478347745e+50
4.817418098848727694e+50
4.817418098848727694e+50
4.817418098848727694e+50
4.817418098848727694e+50
1.919434223346932214e+50
1.919434223324276353e+50
1.919434223324276353e+50
1.919434223324276353e+50
1.919410954844672824e+50
1.913911485198631323e+50
1.913911443072439851e+50
1.913911443072439851e+50
1.646510439552131978e+50
1.646082837217719332e+50
1.646082837205026451e+50
1.646082837205026451e+50
1.375810753154975584e+50
5.802558849395038626e+49
5.802558833138909429e+49
5.802558833138908390e+49
5.802558833138908390e+49
1.468279496784486641e+49
1.468279496784486641e+49
1.468279496784486641e+49
1.464003063197143491e+49
1.464003063197142712e+49
1.464002697454279867e+49
1.464002697454279867e+49
8.002782251371276144e+48
8.001894039383298428e+48
8.001891284291467095e+48
8.001891284291467095e+48
7.881111993896860235e+48
7.881111993896860235e+48
7.881111992055553644e+48
7.881111992055553644e+48
5.273643108649756428e+48
5.273643108649756428e+48
5.273643108647665230e+48
5.273643108647519197e+48
5.273643108647519197e+48
1.634378742419209566e+48
1.634378742419209566e+48
1.634361206806275708e+48
1.602718247907114376e+48
1.602718247907114376e+48
1.602718247907114376e+48
1.602718247700209134e+48
5.410351299339033681e+47
5.410351299339033681e+47
5.410351299339033681e+47
5.410351299339033681e+47
5.410315162645521339e+47
5.403511827765394883e+47
5.403511785609689182e+47
5.400254393059513206e+47
4.906247600727333699e+47
3.564482701551749028e+47
3.564482701546273995e+47
3.564482701546273995e+47
3.564482652349942343e+47
1.582133745527726367e+47
1.582133745527726367e+47
1.582133745527726367e+47
5.045645165924850658e+46
5.045645165924850658e+46
5.045645165924850658e+46
5.022543410954031513e+46
5.022543410954014273e+46
5.022538315201872679e+46
5.022538315201872679e+46
5.022538315201872679e+46
2.378593708639249539e+46
2.378440328566652202e+46
2.378440022982561009e+46
2.361716625758313051e+46
2.361716625758313051e+46
2.361716625758313051e+46
2.361716625606198528e+46
2.361716625606198528e+46
1.781664373785467718e+46
1.781664373782340678e+46
1.781664373782340678e+46
1.781664373782322677e+46
1.781516941720955134e+46
4.876440918317558136e+45
4.698500837017964970e+45
4.698500837017964970e+45
4.698500837017964970e+45
4.698500837017964970e+45
4.698500835591906849e+45
1.859761547423396198e+45
1.859761547423396198e+45
1.859761547423396198e+45
1.859761547423396198e+45
1.859756186874043628e+45
1.858184226702147636e+45
1.856419740444446694e+45
1.856419735867025661e+45
1.761631866664460398e+45
1.152886160513913791e+45
1.152886099590830986e+45
1.152886099590204767e+45
1.152886099590204767e+45
6.098409643511972462e+44
6.098409643511972462e+44
6.098409643511972462e+44
1.562216312401835755e+44
1.562216312401835755e+44
1.562216312401814165e+44
1.548043095525368610e+44
1.548043095525368610e+44
1.548043095525368610e+44
1.548043095525368610e+44
1.548039670353603428e+44
1.548039670353603428e+44
8.108954646354811094e+43
8.108954646354811094e+43
8.108730841342252465e+43
8.108730514591679051e+43
8.070646799968776536e+43
8.070646799968776536e+43
8.070646799917320815e+43
8.070646799723073168e+43
6.880655523237554701e+43
6.880655523237554701e+43
6.880655523237554701e+43
6.879648021795425878e+43
6.879648021795406070e+43
2.115887222617870268e+43
1.988249573337293504e+43
1.988249573337293504e+43
1.988249573337293504e+43
1.988249570314351381e+43
1.988249570314351381e+43
6.064710668210210430e+42
6.064710668210210430e+42
6.064710668210210430e+42
6.052639539530485471e+42
6.052639539530485471e+42
6.050548164445505037e+42
6.050542944698868604e+42
5.850009897279026502e+42
5.850009892308449656e+42
3.992495946808142009e+42
3.992495429851835859e+42
3.992495429851835240e+42
3.992495429851289309e+42
2.698783483157597680e+42
2.698783483157597680e+42
2.698783483157597680e+42
2.698783483157597680e+42
2.698783483157597680e+42
2.698783483157597680e+42
7.058332124962046616e+41
7.058332124961695350e+41
7.058332124961695350e+41
6.946081172248136299e+41
6.946049573599349249e+41
6.946049573599349249e+41
6.946049573599349249e+41
6.946049573599349249e+41
6.946049573599349249e+41
2.848175394293828376e+41
2.848149993577145195e+41
2.848149993501285390e+41
2.842235784154587986e+41
2.842235740255449238e+41
2.842235740255449238e+41
2.842235740255449238e+41
2.539858674870050584e+41
2.539858674856066504e+41
2.539858674856066504e+41
2.538976291133533876e+41
2.108092330335513667e+41
2.108092330335512893e+41
1.017203043864011462e+41
1.017203043864011462e+41
1.017203038265671354e+41
1.017203038265671354e+41
1.017203038265671354e+41
2.856282215260606335e+40
2.856282215260606335e+40
2.845839621253808994e+40
2.845839621253808994e+40
2.845414206405431076e+40
2.845412944065415662e+40
2.845412944065415662e+40
2.845411740890124442e+40
2.788967553382093727e+40
2.788967553382090342e+40
1.564735243864507436e+40
1.564735243606020479e+40
1.144455490791742398e+40
1.144455490791717977e+40
1.144455490791717977e+40
1.144455490791717977e+40
1.144455490791717977e+40
1.144455490791717977e+40
1.144455490791717977e+40
3.999768287373412766e+39
3.999768287372075694e+39
3.999768287372075694e+39
3.999768287372075694e+39
3.999768287372075694e+39
3.904885400809189670e+39
3.904821200092875014e+39
3.904821200092875014e+39
3.904821200092875014e+39
3.904821200092875014e+39
1.406004481186284575e+39
1.406004481055482428e+39
1.406004481055482428e+39
1.405997712236497456e+39
1.404670326686100369e+39
1.404670318892330602e+39
1.308048938446378246e+39
1.308048938446378246e+39
1.308048938444341660e+39
1.307134956563087874e+39
1.307134956563087874e+39
9.532941456302004455e+38
9.532941456302004455e+38
4.893841107100657971e+38
4.893841107100657971e+38
4.893841047723794860e+38
4.893841047723794860e+38
4.893841047723794860e+38
1.678534714627323857e+38
1.678534714627323857e+38
1.668985308390057312e+38
1.668982647159713879e+38
1.668982647159698579e+38
1.668982647159698579e+38
1.668822638337316715e+38
1.668822322714214985e+38
8.226130878583928481e+37
8.182090114164517983e+37
8.182090114164517983e+37
8.182090113776426349e+37
8.182090113776426349e+37
6.592725356453845362e+37
6.592725356453845362e+37
6.592725356453845362e+37
6.592725356453795305e+37
6.592725356453795305e+37
6.592725356453795305e+37
6.592725356428095242e+37
6.592725356428095242e+37
2.129546783667623180e+37
2.129546783667623180e+37
2.036609857998396871e+37
2.036541634272016779e+37
2.036541634272016779e+37
2.036541634272016779e+37
8.343425221263027372e+36
8.343425221263027372e+36
8.343425221263027372e+36
8.343425219152442411e+36
8.343425219152442411e+36
8.343407893388833603e+36
8.338294796963738184e+36
8.338294781883691957e+36
8.014984796957669757e+36
8.005883530978696515e+36
8.005883530978696515e+36
8.005883530973987135e+36
8.005883530973987135e+36
5.338925302199911340e+36
3.203656941120112006e+36
3.203656941120112006e+36
3.203656777532972392e+36
3.203656777532972392e+36
3.203656777532971802e+36
9.282991247878505992e+35
9.282991247878505992e+35
9.282991247878505992e+35
9.180521111473443805e+35
9.180521111473120618e+35
9.180489654626497803e+35
9.180489654626497803e+35
9.180137721687008787e+35
4.883942696458366591e+35
4.883942548022427903e+35
4.883942548022427903e+35
4.883942548022427903e+35
4.866934822044594801e+35
4.866934822044594801e+35
4.866934822044594801e+35
4.866934822044594801e+35
4.866934821959832750e+35
4.866934821959832750e+35
4.866934821959832750e+35
4.299712152744252836e+35
4.299712152744243981e+35
4.299712152694153692e+35
4.299712152694153692e+35
4.299712152694153692e+35
1.583081976071563783e+35
1.582972603662898936e+35
1.473170132679411168e+35
1.473170132679411168e+35
1.473170132679411168e+35
1.473170132679411168e+35
1.473170132679411168e+35
4.850185539935528200e+34
4.850185535350197967e+34
4.850185535350197967e+34
4.850185535350197967e+34
4.850182320428458778e+34
4.848925914942039950e+34
4.848925914942039950e+34
4.848925911794129822e+34
4.837191072697007368e+34
4.716499376202812698e+34
4.716499376202117256e+34
3.236081034613405394e+34
3.236081034613405394e+34
3.236080382535123371e+34
2.359257917318225332e+34
2.359257917318224871e+34
2.359257917318224871e+34
2.359257917318224871e+34
7.223381863336660819e+33
7.223381863336660819e+33
7.223381863336660819e+33
7.088110573056130059e+33
7.088110573055243463e+33
7.088060818070655271e+33
7.088060818070655271e+33
7.088060818070655271e+33
7.088060818070655271e+33
3.045230888257123438e+33
3.045230888257123438e+33
3.045209624903935559e+33
3.045209624903935559e+33
3.045209589282171136e+33
3.045209589282171136e+33
3.040394213226543996e+33
3.040394213226543996e+33
3.040394213212466248e+33
3.040394213212466248e+33
3.040394213212466248e+33
2.789049378178641861e+33
2.789049378178641861e+33
2.789049378043145915e+33
2.789049378043144762e+33
2.789049378043144762e+33
1.377975482244794245e+33
1.377683221595141125e+33
1.251485058333815864e+33
1.251485058333815864e+33
1.251485058333815864e+33
1.251485058333815864e+33
1.251485046407423972e+33
1.251485046407423972e+33
3.944332100993959381e+32
3.944332100993959381e+32
3.944332100993959381e+32
3.944332100993959381e+32
3.944330788540610026e+32
3.943874465831921968e+32
3.926849032648475721e+32
3.926849031769874595e+32
3.868436372172419387e+32
2.231675204600136675e+32
2.231674381752294991e+32
2.231674381752243110e+32
1.743131118758983493e+32
1.743131118758983493e+32
1.743131118758980971e+32
1.743131118758980971e+32
1.743131118758980971e+32
6.861906081232736652e+31
6.861906081227397184e+31
6.673824481122533427e+31
6.673824481122533427e+31
6.673824481122533427e+31
6.673824481122533427e+31
6.673824481122533427e+31
6.673668896516057337e+31
6.673668896516057337e+31
6.673668896516057337e+31
6.673668896516057337e+31
2.597494549342932555e+31
2.597494549342932555e+31
2.597484999744520038e+31
2.597484988714936586e+31
2.595559607924748312e+31
2.595559607924748312e+31
2.595559607924748312e+31
2.595559607924748312e+31
2.595559607466310693e+31
2.595559607462897415e+31
2.458099319949302486e+31
2.458099319949302486e+31
2.458099319949302486e+31
2.458099319949302486e+31
2.456057065268611617e+31
1.236630475805188868e+31
1.050729217671758316e+31
1.050729217671758316e+31
1.050729217671758316e+31
1.050729217671758316e+31
1.050729195365022237e+31
3.923156743589715023e+30
3.923156743589715023e+30
3.923156743589715023e+30
3.923156743589715023e+30
3.897029570038431959e+30
3.897029570038431959e+30
3.896754593583147830e+30
3.896754048434294559e+30
3.864954267339694836e+30
3.864954267056527632e+30
2.013061336798583837e+30
2.013058975125737228e+30
2.013058975125715554e+30
2.013058975125700918e+30
1.700556988250039482e+30
1.700556988250039482e+30
1.700556988250039482e+30
6.433689835932382251e+29
6.433689835932382251e+29
6.433689835932382251e+29
6.433689835932382251e+29
6.433689835914046971e+29
6.433689835914046971e+29
6.433689835914046971e+29
6.117716934503298695e+29
6.117429672564482795e+29
6.117429672564482795e+29
6.117429672564482795e+29
6.117429672564482795e+29
6.117429672564482795e+29
2.633048615841474345e+29
2.633048615841474345e+29
2.633048615841474345e+29
2.633044439784046813e+29
2.631822835622260248e+29
2.631822831855074806e+29
2.631822830604445948e+29
2.631822830604445948e+29
2.631822830604445948e+29
2.552354530771500812e+29
2.552354530771500812e+29
2.552354530770350283e+29
2.552354530770350283e+29
2.548933447053189859e+29
1.748441689840809007e+29
1.157709207035187006e+29
1.157709207035187006e+29
1.157709207035187006e+29
1.157709111513525241e+29
1.157709111513525241e+29
1.157709111513525241e+29
3.830843704051425283e+28
3.830843704051425283e+28
3.830843704051425283e+28
3.782441702142217979e+28
3.782441702142217979e+28
3.782331456213725002e+28
3.782331285338571472e+28
3.782331285338571472e+28
3.782312965746814949e+28
3.763758898976502851e+28
2.063306716109550127e+28
2.063306716081414504e+28
2.063306716081325223e+28
1.869914054678113429e+28
1.869914054678110351e+28
1.869914054678110351e+28
1.869914054678110351e+28
1.869914054678110351e+28
1.869914054678110351e+28
1.869914054678110351e+28
8.083090543174755748e+27
8.083090543174755748e+27
8.083090543174755748e+27
8.083090543097965856e+27
8.083090543097965856e+27
8.083090543097965856e+27
7.474201414241603889e+27
7.474201414241603889e+27
7.473534910219642754e+27
7.473534910219642754e+27
7.473534910219642754e+27
7.473534910219642754e+27
7.473534910219642754e+27
2.700108377600030667e+27
2.700108372956738638e+27
2.700106911916192816e+27
2.699560070247576728e+27
2.699560070247576728e+27
2.699560068865711613e+27
2.647370103254307351e+27
2.647370103254307351e+27
2.647370103254307351e+27
2.647370103253996189e+27
2.640185762373929291e+27
1.838235827871315295e+27
1.838235827871315295e+27
1.838235827871315295e+27
1.419956846010984903e+27
1.419956846010984903e+27
1.419956530259311540e+27
1.419956530259311540e+27
1.419956530259309890e+27
5.066297689653204839e+26
5.066297689653204839e+26
4.960897059331326250e+26
4.960897059331326250e+26
4.960848069370396550e+26
4.960784975411539490e+26
4.960784975410173347e+26
4.960784975410173347e+26
4.960784872930767949e+26
2.267444915456529468e+26
2.264596787673648175e+26
2.264596787673648175e+26
2.264596787665124555e+26
2.116308293254209677e+26
2.116308293254209677e+26
2.116308293254209677e+26
2.116308293254208647e+26
2.116308293254208647e+26
2.116308293254208647e+26
2.116308293254208647e+26
2.116308293254208647e+26
2.116308293068534805e+26
1.165244896459712101e+26
1.165244896459712101e+26
1.165244896459712101e+26
1.165244896459712101e+26
1.051628770125282720e+26
1.051370898296885693e+26
1.051370898296885693e+26
1.051370898296885693e+26
1.051370898296885693e+26
1.051370898296885693e+26
3.744512251517383662e+25
3.744512251517383662e+25
3.744512251517383662e+25
3.744512231895230717e+25
3.744512231895230717e+25
3.744511252255171228e+25
3.744161316715168928e+25
3.744161316046698070e+25
3.701095157197183805e+25
3.683502773930610191e+25
3.683502773930610191e+25
3.683502773930487355e+25
3.683502773930487355e+25
3.683502773930487355e+25
2.211548716525818989e+25
1.814588174906148429e+25
1.814587373332164777e+25
1.814587373332164777e+25
1.814587373332164777e+25
1.814587373332158334e+25
8.011451654967203262e+24
8.011451654967203262e+24
8.011451654967203262e+24
7.771259270861520940e+24
7.771259270849689379e+24
7.771024289066528635e+24
7.771024289066528635e+24
3.303269809224860903e+24
3.303260056088577000e+24
3.303260044662029647e+24
3.303260044662029647e+24
3.301247695068819913e+24
3.301247695068819913e+24
3.301247695068819913e+24
3.301247695068819913e+24
3.301247695065116578e+24
3.301247695065116578e+24
3.163721334870015176e+24
3.163721334870015176e+24
3.163721334870015176e+24
3.163721334870014639e+24
3.163721333958251601e+24
3.163721333958251601e+24
3.163721333958251601e+24
1.804569022975071564e+24
1.804569022975071564e+24
1.803616010229901659e+24
1.524786558611186023e+24
1.524786558611186023e+24
1.524786558611186023e+24
1.524786558611186023e+24
1.524786558611186023e+24
1.524786558611186023e+24
6.250127744656637522e+23
6.250127744656637522e+23
6.250127659674802649e+23
6.250127659674802649e+23
6.250127659674802649e+23
6.250127659674802649e+23
6.250126973321752242e+23
6.249787059791975028e+23
6.249787059791975028e+23
6.249787059411133567e+23
6.203759501868141726e+23
6.164219643416521002e+23
3.406373396030532176e+23
3.406373396030511372e+23
3.406373396030511372e+23
3.406367874683643185e+23
2.979167863676603256e+23
2.979167863676603256e+23
2.979167863676544200e+23
2.979167863676544200e+23
2.979167863676544200e+23
1.305507526602146521e+23
1.305507526602146521e+23
1.305507526602146521e+23
1.237358933502522441e+23
1.237358933495931847e+23
1.237284146632938068e+23
1.237284146632938068e+23
1.237284146632938068e+23
5.669221990759963558e+22
5.669221990759963558e+22
5.669214766430416378e+22
5.669214766430416378e+22
5.669214759548400697e+22
5.669214759548400697e+22
5.667147733124364055e+22
5.667147733124364055e+22
5.667147733124364055e+22
5.667147733122215733e+22
5.667147733122215733e+22
5.529857758065594466e+22
5.529857758065594466e+22
5.529857758065594466e+22
5.529857753735417666e+22
5.529857753735417666e+22
5.529857753735417666e+22
5.529857753735417666e+22
3.544211218245710827e+22
3.540830801615618939e+22
2.808070892852181624e+22
2.808070892852181624e+22
2.808070892852181624e+22
2.808070892852181624e+22
2.808070892852181624e+22
2.808070892852181624e+22
2.808070557548760216e+22
1.065059175009078582e+22
1.065059175009078582e+22
1.065059175009078582e+22
1.065059175009078372e+22
1.065059175009078372e+22
1.065059134256263777e+22
1.065034311762602833e+22
1.050510290885462196e+22
1.050510290864288091e+22
1.046547171059087022e+22
5.964052755275788059e+21
5.964031506286554120e+21
5.964031506286544683e+21
5.504267557005885964e+21
5.504267557005440319e+21
5.504267557005440319e+21
5.504267557005440319e+21
5.504267557005440319e+21
5.504267557005440319e+21
2.741156575053166412e+21
2.741156575002885620e+21
2.528607133648722330e+21
2.528607133648722330e+21
2.528607133648722330e+21
2.528319832163878437e+21
2.528319832163878437e+21
2.528319832163878437e+21
2.528319832163878437e+21
2.528319832163878437e+21
2.528319832163878437e+21
1.014766598423715906e+21
1.014766598423715906e+21
1.014766125137768481e+21
1.014599548953963921e+21
1.014599548520206828e+21
1.014599548520206828e+21
1.014599548520206828e+21
1.014599545670891340e+21
1.014599545670891340e+21
9.991168243200308019e+20
9.991168243199309251e+20
9.991168243199309251e+20
9.991168243199309251e+20
9.991168243199309251e+20
9.961850741441168671e+20
9.961850741441168671e+20
7.457684570209045709e+20
5.728801258266487685e+20
5.728801258266487685e+20
5.728801258266487685e+20
5.728801258266487685e+20
5.728799506222841201e+20
5.728799506222841201e+20
2.366422655973162680e+20
2.366422655973162680e+20
2.366422655973162680e+20
2.366422655973160714e+20
2.366422655973160714e+20
2.366422655973160714e+20
2.314735854590699438e+20
2.314711880244296417e+20
2.314711842365903340e+20
2.314711842365903340e+20
2.309865039920082452e+20
2.309865039904755876e+20
1.138819566467592684e+20
1.138812439113689498e+20
1.138812439113392620e+20
1.078823120755108577e+20
1.078823120755108250e+20
1.078823120755108250e+20
1.078823120755108250e+20
1.078823120755108250e+20
6.509508688711235994e+19
6.509508688711235994e+19
6.509508688711235994e+19
6.509508688711235994e+19
6.509508688156984115e+19
6.509508688156984115e+19
6.509508688156984115e+19
5.866493770086354944e+19
5.864803010954300621e+19
5.864803010954300621e+19
5.864803010954300621e+19
5.864803010954300621e+19
5.864803010954300621e+19
2.372112134804762214e+19
2.372112134804762214e+19
2.372112134804762214e+19
2.372111625884963635e+19
2.372111606331798323e+19
2.371925471029676851e+19
2.371925470674760090e+19
2.371925470674760090e+19
2.350511682039659725e+19
2.350511682039659725e+19
2.350511682039659725e+19
2.350511682039590912e+19
2.350511682039590912e+19
2.338741633126384026e+19
1.476289781647754035e+19
1.476289781647754035e+19
1.258036839746103091e+19
1.258036839746103091e+19
1.258036839746103091e+19
1.258036062482518016e+19
1.258036062482518016e+19
1.258036062482518016e+19
6.172628148573105152e+18
6.172628148573105152e+18
6.172628148573083648e+18
6.172628148573083648e+18
5.981333212474429440e+18
5.981333212474429440e+18
5.981333212474429440e+18
5.981301711090936832e+18
5.981301673224375296e+18
5.981086681272312832e+18
2.803885948439442944e+18
2.803885948435927040e+18
2.802429459727858688e+18
2.802429459727858688e+18
2.802429459725047296e+18
2.709202538919410176e+18
2.709202538919409664e+18
2.709202538919409664e+18
2.709202538919409664e+18
2.709202538919409664e+18
2.709202538919409664e+18
2.709202538919409664e+18
2.709202537714126848e+18
1.719600279920101120e+18
1.719600279920101120e+18
1.719600279920101120e+18
1.719600279920101120e+18
1.458854752209066240e+18
1.458854752209066240e+18
1.458094932589908992e+18
1.458094932589908992e+18
1.458094932589908992e+18
1.458094932589908992e+18
6.574244033399968000e+17
6.574244033399968000e+17
6.574244033399968000e+17
6.574243895233454080e+17
6.574243895233454080e+17
6.574243895233454080e+17
6.574243309988910080e+17
6.573961956001111040e+17
6.573961955661368320e+17
6.540195282787988480e+17
6.490290984947950080e+17
6.490290984947891200e+17
6.490290984947891200e+17
6.490290984947891200e+17
6.490290984947889920e+17
3.840524197843454080e+17
3.840524197843454080e+17
3.449069683970709760e+17
3.449069683970709760e+17
3.449069683970709760e+17
3.449063295304426240e+17
3.449063295304295040e+17
1.731245657305815360e+17
1.731245657305815360e+17
1.731245657305815360e+17
1.731245657305815360e+17
1.640415313891251200e+17
1.640415313891251200e+17
1.640297773844408960e+17
1.640297773829302720e+17
1.640297773829302720e+17
1.640294226943940160e+17
8.064790679221049600e+16
8.064790670642332800e+16
8.064790670642332800e+16
8.062418979809158400e+16
8.062418979806521600e+16
8.062418979806521600e+16
8.062418979806521600e+16
7.902451144310121600e+16
7.902451144310121600e+16
7.902451144310121600e+16
7.902451144310121600e+16
7.902451144310121600e+16
7.902451144310121600e+16
7.902451134876163200e+16
7.902451134876163200e+16
5.556767497759196800e+16
5.556767497759196800e+16
5.556767497759196800e+16
4.460421951682124800e+16
4.456523122438079200e+16
4.456523122438079200e+16
4.456523122438079200e+16
4.456523122438079200e+16
4.456523122438079200e+16
4.456523122438079200e+16
1.939507579124847200e+16
1.939507447626801200e+16
1.939507447626801200e+16
1.939507447626801200e+16
1.939507447626801200e+16
1.939507384152140400e+16
1.939470721695692800e+16
1.939470721695692800e+16
1.939470721662180400e+16
1.933674772715128800e+16
1.906915091540443600e+16
1.906915091540443200e+16
1.138846250448753600e+16
1.138846250448752000e+16
1.138846250448752000e+16
1.065520574364262800e+16
1.065516142444459800e+16
1.065516142444459800e+16
1.065516142444459800e+16
1.065516142444459800e+16
1.065516142444302600e+16
1.065516142444302600e+16
6.016969370562089000e+15
6.016969370562089000e+15
6.016969370562089000e+15
5.561499040838795000e+15
5.561499040679038000e+15
5.560757244469015000e+15
2.502611012972242000e+15
2.502611012972242000e+15
2.502609984101217000e+15
2.502609984101217000e+15
2.502609983165016000e+15
2.502609983165016000e+15
2.502609983165016000e+15
2.502609983165016000e+15
2.502268008929125000e+15
2.502268008929125000e+15
2.502268008929125000e+15
2.502268008929125000e+15
2.502268008928897000e+15
2.471710049035529000e+15
2.471710049035529000e+15
2.471710038943218500e+15
2.471710038943218500e+15
2.471710038943218500e+15
2.471710038943218500e+15
1.946266999801313750e+15
1.941691612500396750e+15
1.510167260790036250e+15
1.510167260790036250e+15
1.510167260790036250e+15
1.510167260790036250e+15
1.510167260790036250e+15
1.510167260790036250e+15
1.510167260790036250e+15
1.510166681295626250e+15
7.171114014103035000e+14
7.171114014103035000e+14
7.171114014103035000e+14
7.171114014103035000e+14
7.171114014103035000e+14
7.171114014103022500e+14
7.171113915761422500e+14
7.171051457762262500e+14
7.015673175624261250e+14
7.015673175584947500e+14
7.004303215001001250e+14
3.758351486055851875e+14
3.758351486055851875e+14
3.758321209200507500e+14
3.758321209200506875e+14
3.597546768555841250e+14
3.597546768555841250e+14
3.597546768554193750e+14
3.597546768554193750e+14
3.597546768554193750e+14
3.597546768554193750e+14
2.347993939011270625e+14
2.347993939011270625e+14
2.122335231653633438e+14
2.122335231399226562e+14
2.122335231399226562e+14
2.122335231399226562e+14
2.121668526867114375e+14
2.121668526867114375e+14
2.121668526867114375e+14
2.121668526867114375e+14
9.766152509663673438e+13
9.766152509663673438e+13
9.766152509663673438e+13
9.766150733970775000e+13
9.765501716948320312e+13
9.765501715670296875e+13
9.765501715670296875e+13
9.765501715670296875e+13
9.765501715670296875e+13
9.765501715670296875e+13
9.765501715670296875e+13
9.765501601159185938e+13
9.695465332111004688e+13
9.695465332110746875e+13
9.695465332110746875e+13
9.695465332110746875e+13
9.695465332110746875e+13
9.647271625107968750e+13
9.647271625107968750e+13
7.990408235967623438e+13
5.667103619423339062e+13
5.667103619423339062e+13
5.667103619423339062e+13
5.667103619423339062e+13
5.667099138466738281e+13
5.667099138466738281e+13
3.065649028817795312e+13
3.065649028817795312e+13
3.065649028817795312e+13
3.065649028817773828e+13
3.065649028817773828e+13
3.065649028817773828e+13
2.972029930030104297e+13
2.972017771818218359e+13
2.972017756674443359e+13
2.972017756674443359e+13
2.969473111804783984e+13
2.969473111799463281e+13
1.545977746334655664e+13
1.545946123546913281e+13
1.545946123543585742e+13
1.504538426038949805e+13
1.504538426038949609e+13
1.504538426038949609e+13
1.504538426038949609e+13
1.504538426038949609e+13
1.504538426038949609e+13
1.046295060727842773e+13
1.046295060727842773e+13
1.046295060278402344e+13
1.046295060278402344e+13
8.979645361523822266e+12
8.979645361523822266e+12
8.979645361523822266e+12
8.974567433043066406e+12
8.974567433043066406e+12
8.974567433043066406e+12
8.974567433043066406e+12
8.974567433043066406e+12
8.974567433043066406e+12
8.974567433043066406e+12
4.455881669577579102e+12
4.455881669577579102e+12
4.455881338175265625e+12
4.455728216407895508e+12
4.455728085506177734e+12
4.455728085506177734e+12
4.455728085305190430e+12
4.437502194584847656e+12
4.437502194584847656e+12
4.437502194584847656e+12
4.437502194584811523e+12
4.437502194584811523e+12
4.404001491341996094e+12
4.404001491341996094e+12
2.808278826847704102e+12
2.808278826847704102e+12
2.575530322404739746e+12
2.575530322404739746e+12
2.575530322404739258e+12
2.575524609404687988e+12
2.575524609404687988e+12
2.575524609404687988e+12
1.464280073124945068e+12
1.464280073124945068e+12
1.464280073124892090e+12
1.464280073124892090e+12
1.391299118983613525e+12
1.391299118983613525e+12
1.391296730222396973e+12
1.391296730222396973e+12
1.391296727715405518e+12
1.391187739373562256e+12
1.391187739373562256e+12
7.391824492071202393e+11
7.390039479377496338e+11
7.390039479322227783e+11
7.390039479322227783e+11
7.390039479320047607e+11
7.270836720722773438e+11
7.270836720722773438e+11
7.270836720722773438e+11
7.270836720722773438e+11
7.270836720722773438e+11
5.521274974369443359e+11
5.521274967497304688e+11
5.521274967497304688e+11
5.521274967497304688e+11
5.521274967497304688e+11
5.521274967497304688e+11
5.521274967497304688e+11
4.528586621130041504e+11
4.524291476008237915e+11
4.524291476008237915e+11
4.524291476008237915e+11
4.524291476008237915e+11
4.524291476008237915e+11
4.524291476008237915e+11
2.255366352111045227e+11
2.255366352111045227e+11
2.255366352111045227e+11
2.255366145084893494e+11
2.255366080948529663e+11
2.255366080948529663e+11
2.255330910388937073e+11
2.255330910388937073e+11
2.255330910354865112e+11
2.250029681653747864e+11
2.220174530164896545e+11
2.220174530164891663e+11
2.220174530164891663e+11
1.400096561557337341e+11
1.400096561557337341e+11
1.400096561557336731e+11
1.325667212206730652e+11
1.325667212206730652e+11
1.325667212206730652e+11
1.325667212206730652e+11
1.325660770947820129e+11
1.325660770947505341e+11
8.364763390134346008e+10
8.364763390134346008e+10
8.364763390134346008e+10
8.364763390134346008e+10
7.778606298978912354e+10
7.777472945043672180e+10
7.777472944707539368e+10
7.777467305849905396e+10
7.777467305849905396e+10
3.947202245620372009e+10
3.947202244285202026e+10
3.946745851488095856e+10
3.946745851488095856e+10
3.946745851487763214e+10
3.946745851487763214e+10
3.907967284526618195e+10
3.907967284526618195e+10
3.907967284526618195e+10
3.907967284526618195e+10
3.907967284526618195e+10
3.907967284526618195e+10
3.907967284526618195e+10
3.907967263274703217e+10
3.907967263274703217e+10
3.223755896781701279e+10
3.223755896781701279e+10
3.223755896781701279e+10
2.555077363556713104e+10
2.550314825416670227e+10
2.550314825416670227e+10
2.550314825416670227e+10
2.550314825416670227e+10
2.550314825416670227e+10
1.379286279800252151e+10
1.379286279800252151e+10
1.379286279800252151e+10
1.379285950287851143e+10
1.379285950287851143e+10
1.379285950287851143e+10
1.379285950287851143e+10
1.379285934416155434e+10
1.379275997779499626e+10
1.379275997772681999e+10
1.377496542586808014e+10
1.349556995543706703e+10
1.349556995543706703e+10
1.349556995543702507e+10
7.935629219666292191e+09
7.935629219666289330e+09
7.935629219666289330e+09
7.659397090052182198e+09
7.659325551578826904e+09
7.659325551578826904e+09
7.659325551578826904e+09
7.659325551573054314e+09
7.659325551573054314e+09
7.659325551573054314e+09
5.389850097266252518e+09
5.389850097266252518e+09
5.389850097266252518e+09
4.903058939207285881e+09
4.903058938382671356e+09
4.901489311381612778e+09
2.558750041427727222e+09
2.558750041427727222e+09
2.558749637582863808e+09
2.558749637282686234e+09
2.558749637282686234e+09
2.558604752357849598e+09
2.558604752357849598e+09
2.558604752357849598e+09
2.558604752357849598e+09
2.558604752357849598e+09
2.558604752357849598e+09
2.558604752357788086e+09
2.558604752357788086e+09
2.543933137834660053e+09
2.543933137834660053e+09
2.543933099509886742e+09
2.543933099509886742e+09
2.543933099509886742e+09
2.543933099509886742e+09
2.199535305242730618e+09
2.190679174269706249e+09
1.622774294196135759e+09
1.622774294196135759e+09
1.622774294196135759e+09
1.622774294196135759e+09
1.622774294196135759e+09
1.622774294196135759e+09
1.622774294196135759e+09
1.622772776693041563e+09
9.698576848698374033e+08
9.698576848698374033e+08
9.698576848698374033e+08
9.698576848698374033e+08
9.698576848698258400e+08
9.698544340494706631e+08
9.698544298509850502e+08
9.698544298509850502e+08
9.417848334660831690e+08
9.417848334646866322e+08
9.411577267869173288e+08
5.435439512591794729e+08
5.435313912521553040e+08
5.435313912521553040e+08
5.435313912521551847e+08
5.317552768555065393e+08
5.317552768537890315e+08
5.317552768537890315e+08
5.317552768537890315e+08
3.994266879475030899e+08
3.994266879475030899e+08
3.994266879475030899e+08
3.489097935483062267e+08
3.489097933705950379e+08
3.487099579387929440e+08
3.487099579387929440e+08
3.487099579387929440e+08
3.487099579387929440e+08
3.487099579387929440e+08
3.487099579387929440e+08
1.924749582843318582e+08
1.924749582843318582e+08
1.924749582843318582e+08
1.924749460586753786e+08
1.924695213945149183e+08
1.924695213870533109e+08
1.924695213870533109e+08
1.924695213870533109e+08
1.924695140883980989e+08
1.918407989759361744e+08
1.918407989759361744e+08
1.918407989759350419e+08
1.918407989759350419e+08
1.918407989759350419e+08
1.918407989759350419e+08
1.918407989759350419e+08
1.904675898417332470e+08
1.723529054817056358e+08
1.723529054817056358e+08
1.220443564835610241e+08
1.220443564835609943e+08
1.220443564835609943e+08
1.220443564835609943e+08
1.220440572404775023e+08
1.220440572404775023e+08
7.754779098382602632e+07
7.754779098382140696e+07
7.754779098382140696e+07
7.407402299194568396e+07
7.407402299194568396e+07
7.407392153669825196e+07
7.407392142910234630e+07
7.404824397856554389e+07
7.404824397856554389e+07
4.312106540980947018e+07
4.312106540979979932e+07
4.311907756156388670e+07
4.311907756108328700e+07
4.255432179590108246e+07
4.255432179590108246e+07
4.255432179590108246e+07
4.255432179590108246e+07
3.438197747022121400e+07
3.438197747022121400e+07
3.438197741280946881e+07
2.897549390722226724e+07
2.897549390722226724e+07
2.897549390722226724e+07
2.897549390722226724e+07
2.894732470332283154e+07
2.894732470332283154e+07
2.894732470332283154e+07
2.894732470332283154e+07
2.894732470332283154e+07
1.641329900414854102e+07
1.641329900414854102e+07
1.641329900414854102e+07
1.641329900414854102e+07
1.641329900414854102e+07
1.641329861357660592e+07
1.641308756244632043e+07
1.641308571200427786e+07
1.641308571182498708e+07
1.641308571182498708e+07
1.638279052947295085e+07
1.638279052947295085e+07
1.638279052947293594e+07
1.638279052947293594e+07
1.618667692407478020e+07
1.091901123761962913e+07
1.091901123761962913e+07
1.044366581395425647e+07
1.044366581395425647e+07
1.044366581395425647e+07
1.044366581395425089e+07
1.044366581395425089e+07
1.044361070944730937e+07
7.251472333556404337e+06
7.251472333556404337e+06
7.251472333556404337e+06
7.251472333556404337e+06
7.251472333554681391e+06
6.804718214481624775e+06
6.804714453087605536e+06
6.803702361531123519e+06
6.803702358531772159e+06
6.803702358531772159e+06
3.894861735244071577e+06
3.894481827304870356e+06
3.894481827174435370e+06
3.894481827174435370e+06
3.894481827174292412e+06
3.894481827174292412e+06
3.863836767567133531e+06
3.863836767567133531e+06
3.863836767567133531e+06
3.863836767567133531e+06
3.863836767567133531e+06
3.322210186162118334e+06
3.322210167473839596e+06
3.322210167473839596e+06
3.322210167473839596e+06
2.712731155623929109e+06
2.712731155623929109e+06
2.712731155623929109e+06
2.707876500018700026e+06
2.707876500018700026e+06
2.707876500018700026e+06
2.707876500018700026e+06
1.650695387021853821e+06
1.650695387021853821e+06
1.650695387021853821e+06
1.650694916345466394e+06
1.650694916345466394e+06
1.650694916345466394e+06
1.650694903292339295e+06
1.650685525119948434e+06
1.650685525119948434e+06
1.650685525116657838e+06
1.649044719730319455e+06
1.649044719730319455e+06
1.619475775667266222e+06
1.619475775667266222e+06
1.046839999502173625e+06
1.046839999502170365e+06
1.046839999502170365e+06
1.017462407281422755e+06
1.017462407281422755e+06
1.017451712892652140e+06
1.017451712892652140e+06
1.017451712891523843e+06
7.684872866388057591e+05
7.684872866388057591e+05
7.684872866388057591e+05
7.684872866388057591e+05
7.071724003054830246e+05
7.069573348683071090e+05
7.069573347184571903e+05
4.169034813588360557e+05
4.169034347067098715e+05
4.169034346862745588e+05
4.168843109299972421e+05
4.168843109299972421e+05
4.168843109299964271e+05
4.149992744974863599e+05
4.149992744974863599e+05
4.149992744974863599e+05
4.149992744974863599e+05
4.149992744974863599e+05
4.149992744974863599e+05
4.149992744974863599e+05
4.149992671641187044e+05
4.149992671641187044e+05
3.719086972548732883e+05
3.719086972548732883e+05
2.894138147013474954e+05
2.885874224172913819e+05
2.885874224172913819e+05
2.885874224172913819e+05
2.885874224172913819e+05
2.885874224172913819e+05
1.904113284906728077e+05
1.904112004304529692e+05
1.904112004304529692e+05
1.904112004304529692e+05
1.904112004304529692e+05
1.904112004304529692e+05
1.904112001152865414e+05
1.904107877873436373e+05
1.904107877873226826e+05
1.855363864707132743e+05
1.854452713011373708e+05
1.854452713011339947e+05
1.854452713011339947e+05
1.187553703176399576e+05
1.187553703176399576e+05
1.167101308096096036e+05
1.167073618404381268e+05
1.167073618404381268e+05
1.167073618399206171e+05
1.167073618399206171e+05
1.167073618399206171e+05
1.167073618399206171e+05
9.367437165501571144e+04
8.365453306240396341e+04
8.365453306240396341e+04
8.365453300963937363e+04
8.360948621153878048e+04
5.156094353749265429e+04
5.156094353749265429e+04
5.156094224265251978e+04
5.156094224265251978e+04
5.156094224265251978e+04
5.155997568582297390e+04
5.155997568567351846e+04
5.155997568567351846e+04
5.155997568567351846e+04
5.155997568567351846e+04
5.155997568567351846e+04
5.155997568567351846e+04
5.143303604693485249e+04
5.143303374372557300e+04
5.143303374372557300e+04
5.143303374372557300e+04
5.143303374372557300e+04
4.776357207257922710e+04
4.748392855868354673e+04
3.580244335412832879e+04
3.580244335412832879e+04
3.580244335412832879e+04
3.580244335412832879e+04
3.580244335412832879e+04
3.580244335412831424e+04
3.580235426171051222e+04
2.515544355677773274e+04
2.515544355677773274e+04
2.515544355677555723e+04
2.515544355677555723e+04
2.515543049818019426e+04
2.420339065719199789e+04
2.420339065475712778e+04
2.419826584258144794e+04
2.419826584258143703e+04
2.419826584258143703e+04
1.557610497065890559e+04
1.557536659863253772e+04
1.557536659863253772e+04
1.541966924596818535e+04
1.541966924596818535e+04
1.541966924574100449e+04
1.541966924574100449e+04
1.541966924574100449e+04
1.313644291270315080e+04
1.313644291270315080e+04
1.141713825980611728e+04
1.141713823970970407e+04
1.140668604831985976e+04
1.140668604831985976e+04
1.140668604831985976e+04
1.140668604831985976e+04
1.140668604831985976e+04
7.306852747969906886e+03
7.306852747969906886e+03
7.306852747969906886e+03
7.306852735536104774e+03
7.306817512526238716e+03
7.306817512526146857e+03
7.306817512526146857e+03
7.306817512526146857e+03
7.306816597795789676e+03
7.298381913069827533e+03
7.298381913069827533e+03
7.298381913069827533e+03
7.298381913069827533e+03
7.298381913069827533e+03
7.298381913069827533e+03
7.224701118639212837e+03
5.254297288636725170e+03
5.079169019531590493e+03
5.079169019531590493e+03
5.079169019531584127e+03
5.079169019531584127e+03
5.079142174352387883e+03
3.844211600154587813e+03
3.844211600154587813e+03
3.844211600154587813e+03
3.844211600153312702e+03
3.844211600153312702e+03
3.647634426293024717e+03
3.647634295005294916e+03
3.647634295005294916e+03
3.647634295003579155e+03
3.647423048790854409e+03
2.350019470765511414e+03
2.349810033471135739e+03
2.349810033471135739e+03
2.349810033363258754e+03
2.338041441005691922e+03
2.338041441005691922e+03
2.338041441005691922e+03
2.338041441005691922e+03
2.095432132024664043e+03
2.095432118703605283e+03
2.095432118703605283e+03
2.095432118703605283e+03
1.773600219756268643e+03
1.773600219756268643e+03
1.770743625580697881e+03
1.770743625580697881e+03
1.770743625580697881e+03
1.770743625580697881e+03
1.770743625580697881e+03
1.207864537249141677e+03
1.207864537249141677e+03
1.207864537249141677e+03
1.207864537249141677e+03
1.207864163018167346e+03
1.207864163007626303e+03
1.207864163007626303e+03
1.207863702779999585e+03
1.207863702779999585e+03
1.207863702779999585e+03
1.207445127670110423e+03
1.207445127670110423e+03
1.189452700774239020e+03
8.444704056898723366e+02
8.444704056898723366e+02
8.292856021573173848e+02
8.292856021573135195e+02
8.292856021573135195e+02
8.292856021573135195e+02
8.292766843401251435e+02
6.739757270802831499e+02
6.739757270802831499e+02
6.739757270794814303e+02
6.739757270794814303e+02
6.290759874880913003e+02
6.289059341643210246e+02
6.289059340432406771e+02
4.166889913169234205e+02
4.166889912501699200e+02
4.166889912501699200e+02
4.166889912501699200e+02
4.166876730450553623e+02
4.166876730450553623e+02
4.166876730450553623e+02
4.160138714568520300e+02
4.160138714568520300e+02
4.160138714568520300e+02
4.160138714568520300e+02
4.160138635959218050e+02
4.160138635959218050e+02
3.895002529982804163e+02
3.895002529982804163e+02
3.184329303021095257e+02
3.184329303021095257e+02
3.176081958493658135e+02
3.176081958493658135e+02
3.176081958493658135e+02
3.176081958493658135e+02
3.176081958493658135e+02
3.176081958493658135e+02
2.323033211184676361e+02
2.323031486198453308e+02
2.323031486198453308e+02
2.323031486198452455e+02
2.323031486198452455e+02
2.323031480917073566e+02
2.323031480917073566e+02
2.323031480917073566e+02
2.322957426115727060e+02
2.272988995199062003e+02
2.272988995199003455e+02
1.603333716930568471e+02
1.603333716930568471e+02
1.593282668189381468e+02
1.593282668189381468e+02
1.593245362334236290e+02
1.593245362334236290e+02
1.593245362325419876e+02
1.389926942017846159e+02
1.389926942017846159e+02
1.389926942017846159e+02
1.266570384705715924e+02
1.265952495795956594e+02
1.265952494873488376e+02
8.728380844033057429e+01
8.728380844033007691e+01
8.728380844033007691e+01
8.728380664589337812e+01
8.728380664589337812e+01
8.728380664589337812e+01
8.728380664589337812e+01
8.726964938338353761e+01
8.726964938338353761e+01
8.726964938338353761e+01
8.726964938338353761e+01
8.726964507259735626e+01
8.726964507259735626e+01
8.726964507259735626e+01
8.726964507259735626e+01
8.506548108674603270e+01
8.462205285041871150e+01
6.719163352223604591e+01
6.719163352223604591e+01
6.719163352223604591e+01
6.719163352223604591e+01
5.346703373575421381e+01
5.346703373575421381e+01
5.346693017553140237e+01
5.346693017553140237e+01
5.346693017553138816e+01
5.346693017552540539e+01
5.346693017552540539e+01
5.346693017551903893e+01
5.346693017551903893e+01
5.173484204490065963e+01
5.173483064966006850e+01
5.173483064966006850e+01
3.649371697127462966e+01
3.649196234689217277e+01
3.649196234689217277e+01
3.646692664262834427e+01
3.646692664193684408e+01
3.646692664193684408e+01
3.646692664193684408e+01
3.437830525140527982e+01
3.045342519343066456e+01
3.045342512690938008e+01
3.042645188916363708e+01
3.042645188916363708e+01
2.241067276446680623e+01
2.241067276446680623e+01
2.241067276446680623e+01
2.241067276446680623e+01
2.241067276446680623e+01
2.241067276444152512e+01
2.241067276444152512e+01
2.241067276444152512e+01
2.241067276444152512e+01
2.241067276444152512e+01
2.241064380487436125e+01
2.241064058317386554e+01
2.241064058317386554e+01
2.241064058317386554e+01
2.241064058317386554e+01
2.220778340099827375e+01
2.220778340099827375e+01
2.213798596640424421e+01
1.705350728119845627e+01
1.705350728119845627e+01
1.705350728119845627e+01
1.705350728119842429e+01
1.705341282858259788e+01
1.525052575629029228e+01
1.525052575629029228e+01
1.525052575628253670e+01
1.450922331318479408e+01
1.450922331318479408e+01
1.450922331318479408e+01
1.450922331318479408e+01
1.450922331299324419e+01
1.046073019270436255e+01
1.046073019270436255e+01
1.046073019270436255e+01
1.045964118841129320e+01
1.045964118770237050e+01
1.045957733271590939e+01
1.037314633148239373e+01
1.037314633148239373e+01
1.037314624401304997e+01
8.859539772007284597e+00
8.844446898066065543e+00
8.844446898066065543e+00
8.844446898066065543e+00
8.844446898066065543e+00
8.844446898066065543e+00
8.844446898066065543e+00
8.844446898066065543e+00
7.440674970737389593e+00
7.440674970737389593e+00
7.440674970737389593e+00
7.440674970737389593e+00
7.440674970737389593e+00
7.440671786771694052e+00
7.440671786771694052e+00
7.440671786771694052e+00
7.440671786089444240e+00
7.440671786089444240e+00
7.440671786089444240e+00
7.321868132286133424e+00
5.522487862737015973e+00
5.522353538129503470e+00
5.522353538129456396e+00
5.522353538129456396e+00
5.522278718859810809e+00
5.423012800544861456e+00
5.423012800544861456e+00
5.423012800532637456e+00
5.423012800532637456e+00
5.022161508017259912e+00
5.022161508017259912e+00
5.020501030422254374e+00
5.020501030422254374e+00
4.039015640102942228e+00
4.039015640102942228e+00
4.039015638904925432e+00
4.039015636869985215e+00
4.039015636869985215e+00
4.039015636869985215e+00
4.038612499472305828e+00
4.038612380603864516e+00
4.038612380603864516e+00
4.038612380603864516e+00
4.038612380603864516e+00
3.310925475492621839e+00
3.299667132336323139e+00
3.299667132336323139e+00
3.299667132336323139e+00
3.299667132336323139e+00
3.299667132336323139e+00
3.192231855265728946e+00
3.192231855265728946e+00
3.192227428218938456e+00
3.192227428218938456e+00
3.192227428218938456e+00
3.192227428218938012e+00
3.192227428218938012e+00
3.192227428218938012e+00
3.192227428218938012e+00
3.097497741025951878e+00
3.097497741025951878e+00
2.477757059119519045e+00
2.477757059119403138e+00
2.477757053340428950e+00
2.477757053340428950e+00
2.477657394601050278e+00
2.477657394601050278e+00
2.477657394572133409e+00
2.477026272247856653e+00
2.210716382431711313e+00
2.208995750271435465e+00
2.208995750271435465e+00
2.208995747058745795e+00
2.101555782700978980e+00
2.101555782700978980e+00
2.101555782700978980e+00
2.101555782700978980e+00
2.101555782700978980e+00
2.101555782700978980e+00
2.101555782700978980e+00
2.101555782700978980e+00
2.101555782700978980e+00
2.101555539555630681e+00
2.101555539555630681e+00
2.101555516228366560e+00
2.101555516228366560e+00
2.101555516228366560e+00
1.740377496584837314e+00
1.726771858936223314e+00
1.726771858936223314e+00
1.726771858936223314e+00
1.726771858936223314e+00
1.725828850665956260e+00
1.725820288894414523e+00
1.725820288894412968e+00
1.725820288894412968e+00
1.725820288894412968e+00
1.725820288894412968e+00
1.636419145911936379e+00
1.636419145911936379e+00
1.636419145911364392e+00
1.539169064631728645e+00
1.539169064631728645e+00
1.538963335943704935e+00
1.538963335943704935e+00
1.538963335843684277e+00
1.538963283791985548e+00
1.538963283791985548e+00
1.538963283791985548e+00
1.354949996654187361e+00
1.354949987523415222e+00
1.352114143889814990e+00
1.350802741994269418e+00
1.350802741994269418e+00
1.350802741994269418e+00
1.350802741994269418e+00
1.350802741994269418e+00
1.350802741994269418e+00
1.350802741994269418e+00
1.350802741994269418e+00
1.350802741994269418e+00
1.350802077314738892e+00
1.350802077314738892e+00
1.350802077314738892e+00
1.350802077314738892e+00
1.324046936057414525e+00
1.324046936057414525e+00
1.246140018818466810e+00
1.246140018818466810e+00
1.246140018818466810e+00
1.246140018818466810e+00
1.246116137376541255e+00
1.246116137376530597e+00
1.246116032365114368e+00
1.246116032365114368e+00
1.246116032362140080e+00
1.162878396081852950e+00
1.162878396081852950e+00
1.161260786829064973e+00
1.160746467410010752e+00
1.160746467410010752e+00
1.160746467410010752e+00
1.160746466980187019e+00
1.160746466980187019e+00
1.160746466980187019e+00
1.106549535671116358e+00
1.106549495376487835e+00
1.100322077633518303e+00
1.100322077633518303e+00
1.100322077633518303e+00
1.100322077633518303e+00
1.100322077633518303e+00
1.100321891850165601e+00
1.100321891850165601e+00
1.100321891850165601e+00
1.100321891850165601e+00
1.100321891850165601e+00
1.100319532284494972e+00
1.100319532284494972e+00
1.100319532284494972e+00
1.100319532284494750e+00
1.100319532284494750e+00
1.068408396159115981e+00
1.068408396159115981e+00
1.066738837588783184e+00
1.066738837588783184e+00
1.066738837588713684e+00
1.066661958959851608e+00
1.066661958959851608e+00
1.066661958959851608e+00
1.066661958959851608e+00
1.066661958943388777e+00
1.066661958943388777e+00
1.036301475274118644e+00
1.036301475274118644e+00
1.034949269960515394e+00
1.034948995749897849e+00
1.034948993488911784e+00
1.034948993488911784e+00
1.034948993488911784e+00
1.034948993488911784e+00
1.034948993488911784e+00
1.034948804903494946e+00
1.033548519161322066e+00
1.033548519161322066e+00
1.033548519161322066e+00
1.033548519161322066e+00
1.023728619593049061e+00
1.023728619593049061e+00
1.023728619593049061e+00
1.023728619593049061e+00
1.023728619593048839e+00
1.023728619593048839e+00
1.023728619593048839e+00
1.023728619593048839e+00
1.023719646443436826e+00
1.023719646443436826e+00
1.023719646443435494e+00
1.010295569034014296e+00
1.010295249483355917e+00
1.010295249483355917e+00
1.010295249483355917e+00
1.010295249483355917e+00
1.010295249482884294e+00
1.010295249482884294e+00
1.010067429894883517e+00
1.010067429894883517e+00
1.010067429894883517e+00
1.010067429797206096e+00
1.010067429797206096e+00
1.009198822788492267e+00
1.006874141680798029e+00
1.006874130231596443e+00
1.006874130231595998e+00
1.006874130231595998e+00
1.006874130231595998e+00
1.006874130231595998e+00
1.006874130231595998e+00
1.006873346069488084e+00
1.006873346069488084e+00
1.006873346069488084e+00
1.006873346069488084e+00
1.006873346069488084e+00
1.006873062438815802e+00
1.002394141629204372e+00
1.002394141629204372e+00
1.002394141629204372e+00
1.002394141629204372e+00
1.002394141629204372e+00
1.002394141629204372e+00
1.002394141629204372e+00
1.002365715650998856e+00
1.002365715650988420e+00
1.002365715650988420e+00
1.002365715650988420e+00
1.001961295697193499e+00
1.001961295697193499e+00
1.001961295694124177e+00
1.001961295694123510e+00
1.001554766222269022e+00
1.001554766222269022e+00
1.001554765708453365e+00
1.001554765708453365e+00
1.001554765708453365e+00
1.001554583032135515e+00
1.001554583032135515e+00
1.001554583032135515e+00
1.001554533263058877e+00
1.000458423819602594e+00
1.000458423819602594e+00
1.000458423819602594e+00
1.000458423819602594e+00
1.000458423819602594e+00
1.000458423819602594e+00
1.000458423819602594e+00
1.000455865678624212e+00
1.000455865678624212e+00
1.000455865678624212e+00
1.000318082353800486e+00
1.000318082353800042e+00
1.000318082353800042e+00
1.000318082353800042e+00
1.000318082353800042e+00
1.000266716012099932e+00
1.000266716012099932e+00
1.000266716012099932e+00
1.000266716012031543e+00
1.000266716012031543e+00
1.000266716012031543e+00
1.000266715995665523e+00
1.000266629891587433e+00
1.000266629891587433e+00
1.000266629891587433e+00
1.000072861640037614e+00
1.000072859389393498e+00
1.000072859389393498e+00
1.000072859389393498e+00
1.000072859389393498e+00
1.000072859389393276e+00
1.000072695426625469e+00
1.000038754074637604e+00
1.000038754074637604e+00
1.000038754074637604e+00
1.000038754074637604e+00
1.000038754074637604e+00
1.000038754074637604e+00
1.000038754074637604e+00
1.000038754074637604e+00
1.000038754074637604e+00
1.000034116048997834e+00
1.000034116048997834e+00
1.000034116048997834e+00
1.000034116048997834e+00
1.000034116048996724e+00
1.000034086623288632e+00
1.000034086623288632e+00
1.000034086623288632e+00
1.000034086623288632e+00
1.000034086622922480e+00
1.000009538829783828e+00
1.000009538829783828e+00
1.000009538757921312e+00
1.000009538757921090e+00
1.000009538757921090e+00
1.000009538757921090e+00
1.000009538757921090e+00
1.000009538757921090e+00
1.000003529216441089e+00
1.000003529216441089e+00
1.000003521780802762e+00
1.000003521780802762e+00
1.000003224299987670e+00
1.000003224299987670e+00
1.000003217046944837e+00
1.000003217046944837e+00
1.000003217046944837e+00
1.000003217046944837e+00
1.000003217046944837e+00
1.000003217046944837e+00
1.000003217046944837e+00
1.000003217046944837e+00
1.000003217046944837e+00
1.000000999503487309e+00
1.000000999503487309e+00
1.000000999503481536e+00
1.000000999503481536e+00
1.000000999503481536e+00
1.000000999503481536e+00
1.000000999503481536e+00
1.000000999501873045e+00
1.000000999501873045e+00
1.000000237958732940e+00
1.000000237958732940e+00
1.000000237958732940e+00
1.000000237721285767e+00
1.000000237721285767e+00
1.000000237721285767e+00
1.000000236436967782e+00
1.000000222944561923e+00
1.000000222944561923e+00
1.000000222944561923e+00
1.000000080703503658e+00
1.000000080703503658e+00
1.000000080703503658e+00
1.000000080703503658e+00
1.000000080703503658e+00
1.000000080703503658e+00
1.000000080703503658e+00
1.000000080703503658e+00
1.000000080703503658e+00
1.000000080703503658e+00
1.000000080703503658e+00
1.000000080703503436e+00
1.000000080703503436e+00
1.000000011906295727e+00
1.000000011906270636e+00
1.000000011906270636e+00
1.000000011906270636e+00
1.000000011906270636e+00
1.000000011900955554e+00
1.000000011900955554e+00
1.000000011738201966e+00
1.000000011738201966e+00
1.000000011307337289e+00
1.000000011307337289e+00
1.000000011307337289e+00
1.000000011307337289e+00
1.000000011307337289e+00
1.000000004855877034e+00
1.000000004855877034e+00
1.000000004855877034e+00
1.000000004855877034e+00
1.000000004855877034e+00
1.000000004855877034e+00
1.000000004855877034e+00
1.000000000442964776e+00
1.000000000442964776e+00
1.000000000442964776e+00
1.000000000442964776e+00
1.000000000442964776e+00
1.000000000442964554e+00
1.000000000442964554e+00
1.000000000442964554e+00
1.000000000428261426e+00
1.000000000428178382e+00
1.000000000428178382e+00
1.000000000428178382e+00
1.000000000418533874e+00
1.000000000418533874e+00
1.000000000418533874e+00
1.000000000418533874e+00
1.000000000418533874e+00
1.000000000212513562e+00
1.000000000212513562e+00
1.000000000212513562e+00
1.000000000212513562e+00
1.000000000012362333e+00
1.000000000012362333e+00
1.000000000012362333e+00
1.000000000012362333e+00
1.000000000012362333e+00
1.000000000012362333e+00
1.000000000012362333e+00
1.000000000012362333e+00
1.000000000011419088e+00
1.000000000011419088e+00
1.000000000011419088e+00
1.000000000011419088e+00
1.000000000011419088e+00
1.000000000011419088e+00
1.000000000011418200e+00
1.000000000011418200e+00
1.000000000011418200e+00
1.000000000011267653e+00
1.000000000011267653e+00
1.000000000011267653e+00
1.000000000006656009e+00
1.000000000006656009e+00
1.000000000006656009e+00
1.000000000006656009e+00
1.000000000006656009e+00
1.000000000000264455e+00
1.000000000000221601e+00
1.000000000000221601e+00
1.000000000000221601e+00
1.000000000000221601e+00
1.000000000000221601e+00
1.000000000000221601e+00
1.000000000000221601e+00
1.000000000000221601e+00
1.000000000000221601e+00
1.000000000000221601e+00
1.000000000000221601e+00
1.000000000000221601e+00
1.000000000000221601e+00
1.000000000000220046e+00
1.000000000000220046e+00
1.000000000000220046e+00
1.000000000000147882e+00
1.000000000000147882e+00
1.000000000000147882e+00
1.000000000000147882e+00
1.000000000000004885e+00
1.000000000000004885e+00
1.000000000000004885e+00
1.000000000000004885e+00
1.000000000000003553e+00
1.000000000000003553e+00
1.000000000000003553e+00
1.000000000000003553e+00
1.000000000000003553e+00
1.000000000000003553e+00
1.000000000000003553e+00
1.000000000000003553e+00
1.000000000000003553e+00
1.000000000000003553e+00
1.000000000000003553e+00
1.000000000000003553e+00
1.000000000000003553e+00
1.000000000000003553e+00
1.000000000000003553e+00
1.000000000000002665e+00
1.000000000000002665e+00
1.000000000000000444e+00
1.000000000000000444e+00
1.000000000000000444e+00
1.000000000000000444e+00
1.000000000000000444e+00
1.000000000000000444e+00
1.000000000000000444e+00
1.000000000000000444e+00
1.000000000000000444e+00
1.000000000000000444e+00
1.000000000000000444e+00
1.000000000000000444e+00
1.000000000000000444e+00
1.000000000000000444e+00
1.000000000000000444e+00
1.000000000000000444e+00
1.000000000000000444e+00
1.000000000000000444e+00
1.000000000000000444e+00
1.000000000000000444e+00
1.000000000000000444e+00
1.000000000000000444e+00
1.000000000000000444e+00
1.000000000000000444e+00
1.000000000000000444e+00
1.000000000000000444e+00
1.000000000000000444e+00
1.000000000000000444e+00
1.000000000000000444e+00
1.000000000000000444e+00
1.000000000000000444e+00
1.000000000000000444e+00
1.000000000000000444e+00
1.000000000000000444e+00
1.000000000000000444e+00
1.000000000000000444e+00
1.000000000000000444e+00
1.000000000000000444e+00
1.000000000000000444e+00
1.000000000000000444e+00
1.000000000000000444e+00
1.000000000000000444e+00
1.000000000000000444e+00
1.000000000000000444e+00
1.000000000000000444e+00
1.000000000000000444e+00
1.000000000000000444e+00
1.000000000000000444e+00
1.000000000000000444e+00
1.000000000000000444e+00
1.000000000000000444e+00
1.000000000000000444e+00
1.000000000000000444e+00
1.000000000000000444e+00
1.000000000000000444e+00
1.000000000000000444e+00
1.000000000000000444e+00
1.000000000000000444e+00
1.000000000000000444e+00
1.000000000000000444e+00
1.000000000000000444e+00
1.000000000000000444e+00
1.000000000000000444e+00
1.000000000000000444e+00
1.000000000000000444e+00
1.000000000000000444e+00
1.000000000000000444e+00
1.000000000000000444e+00
1.000000000000000444e+00
1.000000000000000444e+00
1.000000000000000444e+00
1.000000000000000444e+00
1.000000000000000444e+00
1.000000000000000444e+00
1.000000000000000444e+00
1.000000000000000444e+00
1.000000000000000444e+00
1.000000000000000444e+00
1.000000000000000444e+00
1.000000000000000444e+00
1.000000000000000444e+00
1.000000000000000444e+00
1.000000000000000444e+00
1.000000000000000444e+00
1.000000000000000444e+00
1.000000000000000444e+00
1.000000000000000444e+00
1.000000000000000444e+00
1.000000000000000444e+00
1.000000000000000444e+00
1.000000000000000444e+00
1.000000000000000444e+00
1.000000000000000444e+00
1.000000000000000444e+00
1.000000000000000444e+00
1.000000000000000444e+00
1.000000000000000444e+00
1.000000000000000444e+00
1.000000000000000444e+00
1.000000000000000444e+00
1.000000000000000444e+00
1.000000000000000444e+00
1.000000000000000444e+00
1.000000000000000444e+00
1.000000000000000444e+00
1.000000000000000444e+00
1.000000000000000444e+00
1.000000000000000444e+00
1.000000000000000444e+00
1.000000000000000444e+00
1.000000000000000444e+00
1.000000000000000444e+00
1.000000000000000444e+00
1.000000000000000444e+00
1.000000000000000444e+00
1.000000000000000444e+00
1.000000000000000444e+00
1.000000000000000444e+00
1.000000000000000444e+00
1.000000000000000444e+00
1.000000000000000444e+00
1.000000000000000444e+00
1.000000000000000444e+00
1.000000000000000444e+00
1.000000000000000444e+00
1.000000000000000444e+00
1.000000000000000444e+00
1.000000000000000444e+00
1.000000000000000444e+00
1.000000000000000444e+00
1.000000000000000444e+00
1.000000000000000444e+00
1.000000000000000444e+00
1.000000000000000444e+00
1.000000000000000444e+00
1.000000000000000444e+00
1.000000000000000444e+00
1.000000000000000444e+00
1.000000000000000444e+00
1.000000000000000444e+00
1.000000000000000444e+00
1.000000000000000444e+00
1.000000000000000444e+00
1.000000000000000444e+00
1.000000000000000444e+00
1.000000000000000444e+00
1.000000000000000444e+00
1.000000000000000444e+00
1.000000000000000444e+00
1.000000000000000444e+00
1.000000000000000444e+00
1.000000000000000444e+00
1.000000000000000444e+00
1.000000000000000444e+00
1.000000000000000444e+00
1.000000000000000444e+00
1.000000000000000444e+00
1.000000000000000444e+00
1.000000000000000444e+00
1.000000000000000444e+00
1.000000000000000444e+00
1.000000000000000444e+00
1.000000000000000444e+00
1.000000000000000444e+00
1.000000000000000444e+00
1.000000000000000444e+00
1.000000000000000444e+00
1.000000000000000444e+00
1.000000000000000444e+00
1.000000000000000444e+00
1.000000000000000444e+00
1.000000000000000444e+00
1.000000000000000444e+00
1.000000000000000444e+00
1.000000000000000444e+00
1.000000000000000444e+00
1.000000000000000444e+00
1.000000000000000444e+00
1.000000000000000444e+00
1.000000000000000444e+00
1.000000000000000444e+00
1.000000000000000444e+00
1.000000000000000444e+00
1.000000000000000444e+00
1.000000000000000444e+00
1.000000000000000444e+00
1.000000000000000444e+00
1.000000000000000444e+00
1.000000000000000444e+00
1.000000000000000444e+00
1.000000000000000444e+00
1.000000000000000444e+00
1.000000000000000444e+00
1.000000000000000444e+00
1.000000000000000444e+00
1.000000000000000444e+00
1.000000000000000444e+00
1.000000000000000444e+00
1.000000000000000444e+00
1.000000000000000444e+00
1.000000000000000444e+00
1.000000000000000444e+00
1.000000000000000444e+00
1.000000000000000444e+00
1.000000000000000444e+00
1.000000000000000444e+00
1.000000000000000444e+00
1.000000000000000444e+00
1.000000000000000444e+00
1.000000000000000444e+00
1.000000000000000444e+00
1.000000000000000444e+00
1.000000000000000444e+00
1.000000000000000444e+00
1.000000000000000444e+00
1.000000000000000444e+00
1.000000000000000444e+00
1.000000000000000444e+00
1.000000000000000444e+00
1.000000000000000444e+00
1.000000000000000444e+00
1.000000000000000444e+00
1.000000000000000444e+00
1.000000000000000444e+00
1.000000000000000444e+00
1.000000000000000444e+00
1.000000000000000444e+00
1.000000000000000444e+00
1.000000000000000444e+00
1.000000000000000444e+00
1.000000000000000444e+00
1.000000000000000444e+00
1.000000000000000444e+00
1.000000000000000444e+00
1.000000000000000444e+00
1.000000000000000444e+00
1.000000000000000444e+00
1.000000000000000444e+00
1.000000000000000444e+00
1.000000000000000444e+00
1.000000000000000444e+00
1.000000000000000444e+00
1.000000000000000444e+00
1.000000000000000444e+00
1.000000000000000444e+00
1.000000000000000444e+00
1.000000000000000444e+00
1.000000000000000444e+00
1.000000000000000444e+00
1.000000000000000444e+00
1.000000000000000444e+00
1.000000000000000444e+00
1.000000000000000444e+00
1.000000000000000444e+00
1.000000000000000444e+00
1.000000000000000444e+00
1.000000000000000444e+00
1.000000000000000444e+00
1.000000000000000444e+00
1.000000000000000444e+00
1.000000000000000444e+00
1.000000000000000444e+00
1.000000000000000444e+00
1.000000000000000444e+00
1.000000000000000444e+00
1.000000000000000444e+00
1.000000000000000444e+00
1.000000000000000444e+00
1.000000000000000444e+00
1.000000000000000444e+00
1.000000000000000444e+00
1.000000000000000444e+00
1.000000000000000444e+00
1.000000000000000444e+00
1.000000000000000444e+00
1.000000000000000444e+00
1.000000000000000444e+00
1.000000000000000444e+00
1.000000000000000444e+00
1.000000000000000444e+00
1.000000000000000444e+00
1.000000000000000444e+00
1.000000000000000444e+00
1.000000000000000444e+00
1.000000000000000444e+00
