1.075539977029853116e+90
4.616603287468511309e+89
8.637442948002719039e+88
2.419412325626864171e+88
2.183976197482715594e+88
1.713415550454754772e+87
1.294637082458731044e+87
1.185623169850430809e+87
1.181740485092927729e+87
1.180241864988828555e+87
1.452913779836080583e+86
7.058713775346942460e+85
6.958084852049489800e+85
6.770353403576995676e+85
6.769931573793122093e+85
6.768814342711646055e+85
6.248864906916205729e+84
5.830608998653554234e+84
4.077613301050105456e+84
4.075656590530273142e+84
4.048297460734735854e+84
4.048230801112196251e+84
3.481138148421129732e+83
2.977063687777439589e+83
2.554002615387054716e+83
2.546547523621249461e+83
2.543242968082836915e+83
2.543234137055849124e+83
5.133036894418874013e+82
1.816825967681445456e+82
1.816825803490770549e+82
1.789276238289470511e+82
1.694611154688520899e+82
1.694545373665687743e+82
1.694212987966726522e+82
2.308087274554454161e+81
2.080114478696308814e+81
1.189503025926822988e+81
1.189088512664519992e+81
1.189088506379438404e+81
1.170999711046084468e+81
1.170999589553765432e+81
1.170973104319110948e+81
1.312582699458942548e+80
1.038373453619789077e+80
8.099338808970149685e+79
8.080665885208444972e+79
8.054647908265762008e+79
8.054635284650126594e+79
8.054635282772956058e+79
1.303205528734071479e+79
1.303205528703203788e+79
5.940049196085608860e+78
5.866541637092363436e+78
5.866540824147450728e+78
5.385049203447918030e+78
5.384954535408677284e+78
5.382325602369357240e+78
5.382325582669598823e+78
5.382325582629988237e+78
5.767822880340774577e+77
5.399725365029845560e+77
3.598023667227912762e+77
3.597483067558189523e+77
3.597483040239802598e+77
3.517238798195243797e+77
3.517238556830189184e+77
3.517051364912077555e+77
3.244235725151638144e+76
2.790833265388041097e+76
2.334829023357010369e+76
2.332614562646487026e+76
2.332614562646220917e+76
2.332612231270478098e+76
2.322042423111118199e+76
2.322042422370273803e+76
4.922261117704064036e+75
4.922261117646383798e+75
1.717890340560978665e+75
1.709064258970402209e+75
1.709063718440274360e+75
1.601581650776685052e+75
1.601563210804789195e+75
1.600428245980629422e+75
1.600428243699155029e+75
2.233234961509442341e+74
2.233234961506204110e+74
2.152275810052246112e+74
1.178951468726287942e+74
1.178823650381038262e+74
1.178823650381037509e+74
1.178823627400424938e+74
1.156547621042373012e+74
1.156547586858603187e+74
1.156448783646992559e+74
1.277259293698663974e+73
1.170559304007873878e+73
8.743110349495899315e+72
8.743110349495599583e+72
8.736271273885544183e+72
8.736271273885376270e+72
8.736266990363694430e+72
8.698062488558208377e+72
8.698062480414199290e+72
2.914418996121890150e+72
2.914418996105673650e+72
7.773913956420798448e+71
7.734112428950443187e+71
7.734107025159854329e+71
6.870981143671533880e+71
6.870936688324210082e+71
6.870936688324210082e+71
6.870936688324208121e+71
6.865555162478934116e+71
6.865555159111832993e+71
1.439359117030611320e+71
1.439359117020072409e+71
1.366410130615181725e+71
5.929031018056903353e+70
5.928607563250425712e+70
5.928607563250423260e+70
5.700213232690422640e+70
5.700212970376884261e+70
5.700212903782631360e+70
5.699594562981411766e+70
8.561722629448654348e+69
7.546350100327978204e+69
7.546350100327978204e+69
7.546350100327713082e+69
4.888443455304779775e+69
4.885642411985033161e+69
4.885642411984617855e+69
4.885641337614590467e+69
4.836501293618247627e+69
4.836501281326024269e+69
4.836501281326024269e+69
4.836501281273156238e+69
1.410087534746862259e+69
4.869964269890226715e+68
4.849486001440533516e+68
4.849480527746790539e+68
4.054565844215385185e+68
4.054553429454636217e+68
4.054553429454636217e+68
4.054553429454636217e+68
4.054553429454629512e+68
4.046810839017554995e+68
4.046810837632713483e+68
6.866836866705742287e+67
6.866836866588646457e+67
6.645143678256795708e+67
3.489754138436010951e+67
3.489636484265757127e+67
3.489636484265756528e+67
3.296144204077596436e+67
3.296143978101442486e+67
3.296143951741995979e+67
3.295288867196544178e+67
4.017478097069083201e+66
3.710612211192012375e+66
3.710612211192012375e+66
3.710612211192012375e+66
3.710612211192012375e+66
3.710612211191966729e+66
2.686890317862431449e+66
2.686211459217186386e+66
2.686211459216573538e+66
2.686211074748485449e+66
2.649372606430565817e+66
2.649372596927458827e+66
2.649372596927458827e+66
2.649372596916234494e+66
9.656826625873920503e+65
2.502722434264264095e+65
2.498374293440585729e+65
2.498368284193557042e+65
2.183996446639894758e+65
2.183992182579804389e+65
2.183992182579804389e+65
2.183992182579804389e+65
2.178404192391719404e+65
2.178404192391709582e+65
2.178404192107782139e+65
4.895048568981321787e+64
4.895048568828017865e+64
4.803434579660199329e+64
1.969213080713756074e+64
1.969168732381881748e+64
1.969168732381881748e+64
1.969168732381881748e+64
1.880399080310360044e+64
1.880398776105073722e+64
1.880398770035198736e+64
1.879706165937055665e+64
2.945604113094330108e+63
2.809007939774910728e+63
2.809007939774910728e+63
2.809007939774910728e+63
2.809007939774910728e+63
2.809007939774899036e+63
2.808129668493224965e+63
1.717563740230447929e+63
1.717563740229802676e+63
1.717563629015268123e+63
1.696073931224873899e+63
1.696073915115241915e+63
1.696073915115241915e+63
1.696073915113134065e+63
8.949595806892446936e+62
2.002131307364735778e+62
1.998836935087242828e+62
1.998827361063836313e+62
1.594472262728417713e+62
1.594470654640853265e+62
1.594470654640853265e+62
1.594470654640853265e+62
1.594470654640853265e+62
1.590226454045260083e+62
1.590226454045246382e+62
1.590226453975916398e+62
5.265832457823461459e+61
5.265832457089642628e+61
5.140969304301917374e+61
1.703605608338886908e+61
1.703582123387486026e+61
1.703582123387486026e+61
1.703582123387486026e+61
1.563012196697281869e+61
1.563011673546242556e+61
1.563011671624576852e+61
1.562329750157255169e+61
3.405946520752380863e+60
3.193391889892777189e+60
3.193391889892777189e+60
3.193391889892777189e+60
3.193391889892777189e+60
3.193391889892767199e+60
3.193391889892767199e+60
3.192588715905117616e+60
1.640964989550250844e+60
1.640964989547814532e+60
1.640964943031207857e+60
1.598357894741819306e+60
1.598357859131173344e+60
1.598357859131173344e+60
1.598357859129969818e+60
7.997404899154836736e+59
2.293622127617097801e+59
2.290562119483238313e+59
2.290544202004785857e+59
1.659027175710353765e+59
1.659026377979220581e+59
1.659026377979220581e+59
1.659026377979220581e+59
1.659026377979220581e+59
1.659026377979220581e+59
1.648942799099693113e+59
1.648942799099693113e+59
1.648942799099632455e+59
1.648942799051708377e+59
4.739171738250051497e+58
4.739171736770616158e+58
4.666991616526682634e+58
1.890265856140273456e+58
1.890252607423303874e+58
1.890252607423303874e+58
1.890252607423303874e+58
1.671739432312579398e+58
1.671738579421127879e+58
1.671738578007842961e+58
1.670021755679467498e+58
3.015036393655431656e+57
2.894370883601260469e+57
2.894370883601260469e+57
2.894370883601260469e+57
2.894370883601257333e+57
2.894370883601257333e+57
2.894370883601256636e+57
2.894068505046973150e+57
1.715097043635565535e+57
1.715097043628940471e+57
1.715097010960647474e+57
1.654710351334115110e+57
1.654710296942737298e+57
1.654710296942737298e+57
1.654710296942737298e+57
1.654710296942233789e+57
9.556707049062088528e+56
2.115351031725834721e+56
2.114157450530852939e+56
2.114123838147227227e+56
1.649386629789690340e+56
1.649386122875783761e+56
1.649386122875783761e+56
1.649386122875783761e+56
1.649386122875783761e+56
1.649386122875783761e+56
1.636355117272413626e+56
1.636355117272413626e+56
1.636355117272265100e+56
1.636355117253827567e+56
5.970147412650014729e+55
5.970147409304094983e+55
5.917319700126832128e+55
1.846397927798024898e+55
1.846389801000630936e+55
1.846389801000630936e+55
1.846389801000630936e+55
1.674891102610449237e+55
1.674889217378057699e+55
1.674889216823854508e+55
1.672632673167205004e+55
3.966813498734414516e+54
3.869558229889422953e+54
3.869558229889422953e+54
3.869558229889422953e+54
3.869558229889420911e+54
3.869558229889420911e+54
3.869210764604059835e+54
3.869210764604057793e+54
1.853140059611154812e+54
1.853140059600132726e+54
1.853140059600132726e+54
1.853140044700711059e+54
1.796334915735005139e+54
1.796334774580054047e+54
1.796334774580054047e+54
1.796334774580054047e+54
1.796334774579896496e+54
1.317097742325067560e+54
2.972914579053855069e+53
2.971398872155102512e+53
2.971311903455686826e+53
2.022975000532783869e+53
2.022974702630219510e+53
2.022974702630219510e+53
2.022974702630219510e+53
2.022974702630219510e+53
2.022974702630219510e+53
2.007251825709269380e+53
2.007251825709269380e+53
2.007251825708950365e+53
2.007251825701589207e+53
1.014520841951113959e+53
1.004721475517307958e+53
1.004721473430549950e+53
1.004721473430549950e+53
2.753590693398819204e+52
2.753583632300370650e+52
2.753583632300370650e+52
2.753583632300370650e+52
2.332030189806316185e+52
2.332025402602763961e+52
2.332025402317688155e+52
2.328517628763507810e+52
7.629865223718297446e+51
7.399884504913463566e+51
7.399884504913463566e+51
7.399884504913463566e+51
7.399884504913463566e+51
7.399884504913462237e+51
7.399884504913462237e+51
7.399388081485910312e+51
7.399388081485902337e+51
2.993201957667666652e+51
2.993201957604344225e+51
2.993201957604344225e+51
2.993201947290474741e+51
2.822539716285644451e+51
2.822539259803495699e+51
2.822539259803495699e+51
2.822539259803495699e+51
2.822539259803358788e+51
2.063928017370034740e+51
5.959737926232445244e+50
5.957358037894817102e+50
5.957077686701365676e+50
3.577852748670656288e+50
3.577852501421488068e+50
3.577852501421488068e+50
3.577852501421488068e+50
3.577852501421488068e+50
3.577852501421488068e+50
3.520124110845543475e+50
3.520124110845543475e+50
3.520124110843384310e+50
3.520124110835398973e+50
1.673674690738157999e+50
1.663219885886077707e+50
1.663219878395724882e+50
1.663219878395724882e+50
5.527130393805864699e+49
5.527122845141619476e+49
5.527122845141619476e+49
5.527122845141619476e+49
5.527122845141619476e+49
4.398022274257020479e+49
4.398008619322730869e+49
4.398008618965084942e+49
4.383267104770102595e+49
1.258420559522083240e+49
1.233715030729083886e+49
1.233715030729083886e+49
1.233715030729083886e+49
1.233715030729083886e+49
1.233715030729083626e+49
1.233715030729083626e+49
1.233678416911307437e+49
1.233678416911303024e+49
5.806578659756447927e+48
5.806578659444308458e+48
5.806578659444308458e+48
5.806578645753195847e+48
5.361606834512875643e+48
5.361605513535951007e+48
5.361605513535951007e+48
5.361605513535951007e+48
5.361605513535951007e+48
5.361605513535841320e+48
4.212575931768484833e+48
9.953982131028706560e+47
9.952220198713793284e+47
9.951294042341837662e+47
6.594550866312561715e+47
6.594550570028095780e+47
6.594550570028095780e+47
6.594550570028095780e+47
6.594550570028095780e+47
6.594550570028095780e+47
6.456466048077794782e+47
6.456466048077794782e+47
6.456466048068282332e+47
6.456466048062379339e+47
3.605937732631595010e+47
3.605937704395733387e+47
3.593026388384226736e+47
3.593026388384226736e+47
9.479192637608609748e+46
9.479184805798789905e+46
9.479184805798789905e+46
9.479184805798789905e+46
9.479184805798789905e+46
7.887795990683977890e+46
7.887743996600123895e+46
7.887743996347345238e+46
7.854224300145374434e+46
2.868337650697328849e+46
2.834014862413758556e+46
2.834014862413758556e+46
2.834014862413758556e+46
2.834014862413758556e+46
2.834014862413758556e+46
2.834014862413758556e+46
2.834014862413726104e+46
2.833946711684339232e+46
1.065044765761323707e+46
1.065044765677105691e+46
1.065044765677105691e+46
1.065044764664998747e+46
9.955993993348564780e+45
9.955988601424503328e+45
9.955988601424503328e+45
9.955988601424503328e+45
9.955988601424503328e+45
9.955988601424445016e+45
8.776506508388420455e+45
2.417366020348234359e+45
2.416999464741213579e+45
2.416612987141098088e+45
1.346531837289996888e+45
1.346531810146597325e+45
1.346531810146597325e+45
1.346531810146597325e+45
1.346531810146597325e+45
1.346531810146597325e+45
1.346531810146597325e+45
1.320115805586228250e+45
1.320115805586228250e+45
1.320115805583038682e+45
1.320115805582655059e+45
9.238909729240826215e+44
9.238909509821242731e+44
9.209002451440833213e+44
9.209002451440833213e+44
2.427247742308809934e+44
2.427246613967891740e+44
2.427246613967891740e+44
2.427246613967891740e+44
2.427246613967891740e+44
1.822084524071603437e+44
1.822064893465958154e+44
1.822064893465958154e+44
1.822064893444990420e+44
1.813871047901747913e+44
8.783229308022845028e+43
8.669816319616112083e+43
8.669816319616112083e+43
8.669816319616112083e+43
8.669816319616112083e+43
8.669816319616112083e+43
8.669816319616112083e+43
8.669816319615868456e+43
8.669676173194553462e+43
2.904456570133802252e+43
2.904456569392374709e+43
2.904456569392374709e+43
2.904456568222302504e+43
2.587970474391787744e+43
2.587967896594056237e+43
2.587967896594056237e+43
2.587967896594056237e+43
2.587967896594056237e+43
2.587967896594048810e+43
2.304054767240475278e+43
8.134595071944674053e+42
8.133682984211076189e+42
8.131677673739159974e+42
3.977022145968741794e+42
3.977022145968741794e+42
3.977022109160998186e+42
3.977022109160998186e+42
3.977022109160998186e+42
3.977022109160998186e+42
3.977022109160997567e+42
3.977022109160997567e+42
3.977022109160997567e+42
3.831443178094224481e+42
3.831443178062420563e+42
3.831443178061789214e+42
2.662469974153698357e+42
2.662469845222134326e+42
2.657005852153347201e+42
2.657005852153347201e+42
8.464580373358174789e+41
8.464578240238256524e+41
8.464578240238256524e+41
8.464578240238256524e+41
5.827676595912108784e+41
5.827676595912108784e+41
5.827584580850029267e+41
5.827584580850029267e+41
5.827584580808104106e+41
5.773953195185274688e+41
2.629317624584678766e+41
2.606886226588072221e+41
2.606886226588072221e+41
2.606886226588072221e+41
2.606886226588072221e+41
2.606886226588072221e+41
2.606886226587811480e+41
2.606886226587811480e+41
2.606866529487369688e+41
1.008979742118636068e+41
1.008979742118636068e+41
1.008979741485554112e+41
1.008979741209546289e+41
8.653601629582857307e+40
8.653588422791229197e+40
8.653588422791229197e+40
8.653588422791229197e+40
8.653588422791229197e+40
8.653588422791218558e+40
7.935167968993763249e+40
2.459713548311460104e+40
2.459713548311460104e+40
2.459583904498309049e+40
2.458405297543981404e+40
1.337539486049036952e+40
1.337539486049036952e+40
1.337539477911181328e+40
1.337539477911181328e+40
1.337539477911181328e+40
1.337539477911181328e+40
1.337539477911180603e+40
1.337539477911180603e+40
1.337539477911180603e+40
1.273942226286104120e+40
1.273942226261226119e+40
1.273942226261138351e+40
9.645418747847233751e+39
9.645417972483418078e+39
9.645417972483418078e+39
9.634260532591525850e+39
2.578925030999773767e+39
2.578924643960119257e+39
2.578924643960119257e+39
2.578924643960119257e+39
1.888233151800426036e+39
1.888171048955309237e+39
1.888171048955309237e+39
1.888171048955309237e+39
1.888171048949783841e+39
1.866229492592424837e+39
1.009100681447994965e+39
1.003946868807841113e+39
1.003946868807841113e+39
1.003946868807841113e+39
1.003946868807841113e+39
1.003946868807841113e+39
1.003946868807567443e+39
1.003946868807567443e+39
1.003941158572405292e+39
3.185797224590176662e+38
3.185797224590176662e+38
3.185797224590176662e+38
3.185797221698133315e+38
3.185797221352680873e+38
2.796906916973607477e+38
2.796898047486852667e+38
2.796898047486852667e+38
2.796898047486852667e+38
2.796898047486852667e+38
2.796898047486851911e+38
2.675208631291594396e+38
1.009880687770982914e+38
1.009880687770982914e+38
1.009837970749483328e+38
1.009062032233912411e+38
4.559131587717556979e+37
4.559131587717556979e+37
4.559131575847395809e+37
4.559131575847395809e+37
4.559131575847395809e+37
4.559131575847388253e+37
4.559131575847388253e+37
4.559131575847388253e+37
4.559131575701387793e+37
4.362177862780062899e+37
4.362177862780062899e+37
4.362177862779968452e+37
3.725987692539842687e+37
3.725986948689127503e+37
3.725986948689127503e+37
3.722731568263057068e+37
1.120354386671808292e+37
1.120354294968598810e+37
1.120354294968598810e+37
1.120354294968598810e+37
7.179349633945560035e+36
7.178998908391894163e+36
7.178998908391894163e+36
7.178998908391894163e+36
7.178998908384546160e+36
7.094846871591944150e+36
4.723679603922628968e+36
4.701595353778208709e+36
4.701595353778208709e+36
4.701595353778208709e+36
4.701595353778208709e+36
4.701595353775459702e+36
4.701595353775459702e+36
4.701595353775459702e+36
4.701595353775459702e+36
1.462956617844962808e+36
1.462955095570054931e+36
1.462955095570054931e+36
1.462955091649295401e+36
1.462955091649295401e+36
1.462955091582279413e+36
1.194032833350781302e+36
1.194026518283877069e+36
1.194026518283877069e+36
1.194026518283877069e+36
1.194026518283877069e+36
1.150360845358156088e+36
1.150360845358155941e+36
5.471925544280321812e+35
5.471925544280321812e+35
5.471768094267005700e+35
5.465725409879698044e+35
2.236338975070059085e+35
2.236338975070059085e+35
2.236338972442624394e+35
2.236338972442624394e+35
2.236338972442616277e+35
2.236338972442616277e+35
2.236338972442616277e+35
2.236338972442616277e+35
2.236338972216774634e+35
2.074294148236263627e+35
2.074294148236263627e+35
2.074294148236240384e+35
1.790185685389357172e+35
1.790185685389357172e+35
1.790185014574132063e+35
1.789241255463544521e+35
1.789241255463544521e+35
6.540919429158463828e+34
6.540919141606959218e+34
6.540919141606959218e+34
6.540919141606959218e+34
3.804922798916771687e+34
3.804661416148538220e+34
3.804661416148538220e+34
3.804661416148538220e+34
3.804661416146280800e+34
3.722131025383421187e+34
2.457243012729772157e+34
2.449728191990065577e+34
2.449728191990065577e+34
2.449728191990065577e+34
2.449728191990065577e+34
2.449728191985266656e+34
2.449728191985266656e+34
2.449728191985266656e+34
8.770754311613209111e+33
8.770754311613209111e+33
8.770749278130080001e+33
8.770749278130080001e+33
8.770749223076510183e+33
8.770749223076510183e+33
8.770749222813110277e+33
6.763931546779703133e+33
6.763877776865805198e+33
6.763877776865805198e+33
6.763877776865805198e+33
6.763877776865805198e+33
6.586086314044652082e+33
6.586086314044652082e+33
2.948676038407847295e+33
2.948676038407847295e+33
2.948633976681261210e+33
2.942450496662012071e+33
2.942450496662012071e+33
1.332347871425310681e+33
1.332347870405505493e+33
1.332347870405505493e+33
1.332347870405487623e+33
1.332347870405487623e+33
1.332347870405487623e+33
1.332347870405487623e+33
1.332347870092326760e+33
1.208733770048288548e+33
1.208733770048288548e+33
1.208733770048282784e+33
1.208733770048282784e+33
1.082995184821693769e+33
1.082994533408763323e+33
1.082994533408763323e+33
1.082676711577086779e+33
3.546663023704812317e+32
3.546662931255623169e+32
3.546662931255623169e+32
3.546662931255623169e+32
3.545861981368295233e+32
2.207937363372126857e+32
2.207937363372126857e+32
2.207937363372126857e+32
2.207937363371574535e+32
2.147226912869286209e+32
1.564112398690941131e+32
1.561307782546046377e+32
1.561307782546046017e+32
1.561307782546046017e+32
1.561307782546046017e+32
1.561307782538431331e+32
1.561307782538431331e+32
1.561307782538431331e+32
4.828122272880924133e+31
4.828122272880924133e+31
4.828120604955827169e+31
4.828120604955827169e+31
4.828120560690367068e+31
4.828120560690367068e+31
4.828120560632348995e+31
3.850519543638106467e+31
3.850519543638106467e+31
3.850458079098974305e+31
3.850458079098974305e+31
3.850458079098974305e+31
3.850458079098974305e+31
3.796782080276251639e+31
3.796782080276251639e+31
2.005918715892437478e+31
2.005897430266763547e+31
2.005897430266763547e+31
1.999616111767810590e+31
1.999616111767810590e+31
7.675286231518213058e+30
7.675286229058218589e+30
7.675286229058218589e+30
7.675286229057985528e+30
7.675286229057985528e+30
7.675286229057985528e+30
7.675286229057985528e+30
7.675286226300468631e+30
7.031346810234590580e+30
7.031346810234590580e+30
7.031346810234579321e+30
7.031346810234579321e+30
7.031337124589797607e+30
6.620023433157716204e+30
6.620023433157716204e+30
6.618724706636721182e+30
2.569986607211145860e+30
2.569986571926324360e+30
2.569986571926324360e+30
2.569062593829727419e+30
1.382579658004979736e+30
1.382579658004979736e+30
1.382579658004979736e+30
1.382579658004979736e+30
1.382579658004860953e+30
1.382579658004860953e+30
1.345547406485724981e+30
1.345547406485724981e+30
1.345547406485724418e+30
1.107521850661395385e+30
1.105983543319477474e+30
1.105983543319477474e+30
1.105983543319477474e+30
1.105983543309338745e+30
1.105983543309338745e+30
3.703235092174851127e+29
3.703235092174851127e+29
3.703234378918569001e+29
3.703234378918569001e+29
3.703234378918569001e+29
3.703234287060002000e+29
3.703234287060002000e+29
3.703234287041259989e+29
2.682251413259405435e+29
2.682251413259405435e+29
2.682185878186471452e+29
2.682185878186471452e+29
2.682185878186471452e+29
2.682185878186471452e+29
2.653609762847953088e+29
2.653609762847953088e+29
1.685869527543735295e+29
1.685858598745109702e+29
1.678968090768038452e+29
1.678968090768038452e+29
1.678968090768038452e+29
6.236536415368631925e+28
6.236536414476803970e+28
6.236536414476803970e+28
6.236536414476394952e+28
6.236536414476394952e+28
6.236536414476394952e+28
6.236536414476394952e+28
6.236536408054483545e+28
5.444592644508513966e+28
5.444592644508513966e+28
5.444592644508509568e+28
5.444592644508509568e+28
5.444592644508509568e+28
5.444579883811471337e+28
5.172458717441861597e+28
5.171882359230086467e+28
2.425299065858122758e+28
2.425299048603468312e+28
2.425299048603468312e+28
2.425299048603468312e+28
2.424020109584652553e+28
1.202063316231983763e+28
1.202063316231983763e+28
1.202063316231983763e+28
1.202063316231928128e+28
1.202063316231928128e+28
1.148351868850488238e+28
1.148351868850488238e+28
1.148351868850487138e+28
9.565031639720146043e+27
9.565031639720146043e+27
9.556687167463671267e+27
9.556687167463671267e+27
9.556687167196650470e+27
9.556687167196650470e+27
3.705386421062645315e+27
3.705386028960203921e+27
3.705386028960203921e+27
3.705386028960203921e+27
3.705386028960203921e+27
3.705385826883286769e+27
3.705385826883286769e+27
2.506767493953141919e+27
2.506767493947840624e+27
2.506767493947840624e+27
2.506678514375931359e+27
2.506678514375931359e+27
2.506678514375931359e+27
2.506678514375931359e+27
2.488474297127593101e+27
2.488474297127593101e+27
1.566409493366770171e+27
1.554820471353873345e+27
1.554815367057888222e+27
1.554815367057888222e+27
1.554815367057888222e+27
6.368067200888457721e+26
6.368067200314483789e+26
6.368067200314483789e+26
6.368067200312980207e+26
6.368067200312980207e+26
6.368067200312980207e+26
6.368067200312980207e+26
6.368067185600523693e+26
5.367277510217251284e+26
5.367277510217251284e+26
5.367277510217249222e+26
5.367277510217249222e+26
5.367277510217249222e+26
5.367258233043606597e+26
5.367258233043606597e+26
5.172274698409389448e+26
5.171958228179048033e+26
2.310565915620234241e+26
2.310565905953151057e+26
2.310565905953151057e+26
2.308297962977299631e+26
1.220979372591893202e+26
1.220979372591893202e+26
1.220979372591893202e+26
1.220979372591893202e+26
1.220979372591868806e+26
1.220979372591868806e+26
1.220979372591868806e+26
1.152254056964347890e+26
1.152254056964343424e+26
1.152254056964343424e+26
1.152254056964343424e+26
1.005204683573666489e+26
1.004698457172453338e+26
1.004698457107605345e+26
1.004698457107605345e+26
3.568580795519450588e+25
3.568580795519450588e+25
3.568580571024434470e+25
3.568580571024434470e+25
3.568580571024434470e+25
3.568580279662390216e+25
3.568580279662390216e+25
2.506665593797293247e+25
2.506665593795037530e+25
2.506665593795037530e+25
2.506491688075025889e+25
2.506491688075025889e+25
2.506491688075025889e+25
2.506491688075025889e+25
2.496464450040384145e+25
1.746694213844115882e+25
1.746694213844115882e+25
1.728656460402398329e+25
1.728656460402398329e+25
1.728652565682163187e+25
1.728652565682163187e+25
6.279975910049048965e+24
6.279975909811492177e+24
6.279975909811492177e+24
6.279975909808281689e+24
6.279975909808281689e+24
6.279975887566064476e+24
6.279975887566064476e+24
6.279975887566064476e+24
5.371346812115077581e+24
5.371346812115077581e+24
5.371346812115077581e+24
5.371346812115077581e+24
5.371346812115076508e+24
5.371346812115076508e+24
5.371309074562207126e+24
5.262298421782522345e+24
5.262096206668745299e+24
2.746607505318789889e+24
2.746607505318789889e+24
2.746607505318789889e+24
2.746607499505473270e+24
2.742586125949172110e+24
1.271468033266446403e+24
1.271468033266446403e+24
1.271468033266446403e+24
1.271468033266446403e+24
1.271468033266437813e+24
1.271468033266437813e+24
1.202744822406630940e+24
1.202744822406630940e+24
1.202744822406620337e+24
1.202744822406620337e+24
1.202744822406620337e+24
1.109700640890589641e+24
1.109700640767611440e+24
1.109319750200799682e+24
1.109319750200799682e+24
1.109319750200799682e+24
4.514955094035851096e+23
4.514954941105213654e+23
4.514954941105213654e+23
4.514954029467400782e+23
4.514954029467400782e+23
2.846564839329359137e+23
2.846564839329359137e+23
2.846564839329359137e+23
2.846564839328391428e+23
2.846283295480009185e+23
2.846283295480009185e+23
2.846283295480009185e+23
2.846283295480009185e+23
2.838292169533201821e+23
2.238446852095500752e+23
2.238446852095500752e+23
2.238446852095500752e+23
2.211244605391149109e+23
2.211241893296272793e+23
2.211241893296272793e+23
8.408998454015360500e+22
8.408998454015360500e+22
8.408998454006411533e+22
8.408998453864704455e+22
8.408998453864704455e+22
8.408998375913245848e+22
6.739633701318111422e+22
6.739633701318111422e+22
6.739633701318111422e+22
6.739633701318111422e+22
6.739633701318111422e+22
6.739633701318111422e+22
6.739633701318111422e+22
6.739633701318111422e+22
6.739559112484314101e+22
6.633133385809521961e+22
6.632996650762762401e+22
4.059590088350057156e+22
4.059590088350057156e+22
4.059590088350057156e+22
4.059590084124871334e+22
4.051512504673086996e+22
1.806773940973454806e+22
1.806773940973454806e+22
1.806773940973454806e+22
1.806773940973454806e+22
1.806773940973448515e+22
1.806773940973448515e+22
1.659436178298689815e+22
1.659436178298689815e+22
1.659436178298658567e+22
1.659436178298658567e+22
1.659436178298658567e+22
1.659436177761117405e+22
1.548835255267250248e+22
1.548519441176863126e+22
1.548519441176863126e+22
7.315464312593731027e+21
7.315464312593731027e+21
7.315461307937222296e+21
7.315461174363266482e+21
7.315461174363266482e+21
7.315461174363266482e+21
7.315461174363266482e+21
4.327948739947822318e+21
4.327948739947822318e+21
4.327948739947042177e+21
4.327350031614474715e+21
4.327350031614474715e+21
4.327350031614474715e+21
4.327350031614474715e+21
4.327350031614474715e+21
4.319481415317149188e+21
4.319481415317149188e+21
3.450785077953153729e+21
3.380677011249302077e+21
3.380677011249302077e+21
3.380674902185854632e+21
3.380674902185854632e+21
1.427620955711968641e+21
1.427620955711968379e+21
1.427620955706926825e+21
1.427620955692686901e+21
1.427620955692686901e+21
1.427620927485669540e+21
1.093404749418631266e+21
1.093404749418631266e+21
1.093404749418631266e+21
1.093404749418631266e+21
1.093404749418631266e+21
1.093404749418631266e+21
1.093386689112582783e+21
1.093386689112582783e+21
1.093386689112582783e+21
1.081407387460118905e+21
6.602187116697145836e+20
6.602142048026867794e+20
6.602142048026867794e+20
6.602142048026867794e+20
6.578816079825323950e+20
6.578816075956731249e+20
3.121249864585478144e+20
3.121249864585478144e+20
3.121249864585478144e+20
3.121249864585478144e+20
3.121249864585478144e+20
3.121249864585473556e+20
3.121249864585473556e+20
3.121249864585255977e+20
2.808163875529271869e+20
2.808163875529271869e+20
2.808163875529271869e+20
2.808163873596720087e+20
2.670813164593634673e+20
2.670500703076893655e+20
2.670500703076893655e+20
1.220050630764059197e+20
1.220050630764059197e+20
1.220049861932890685e+20
1.220049848979915080e+20
1.220049848979915080e+20
1.220049848979915080e+20
1.220049848979915080e+20
7.475156625497158451e+19
7.473203799765190246e+19
7.473203799764605338e+19
7.473203799764605338e+19
7.473203799764605338e+19
7.473203799764605338e+19
7.473203799764605338e+19
7.473203799764605338e+19
7.465390134833409229e+19
7.465390134833409229e+19
6.299066331392557056e+19
6.130382633551529574e+19
6.130382633551529574e+19
6.130380215678012621e+19
2.421803349841692262e+19
2.421803349841692262e+19
2.421803349841691443e+19
2.421803349823476531e+19
2.421803349823476531e+19
2.421803349813171405e+19
2.421803275138483405e+19
1.885078764911137178e+19
1.885078764911137178e+19
1.885078764911137178e+19
1.885078764911137178e+19
1.885078764911137178e+19
1.885078764911137178e+19
1.885020064513435648e+19
1.885020064513435648e+19
1.885020064513435648e+19
1.873118601330950554e+19
1.274006186952891392e+19
1.274000336100229734e+19
1.274000336100229734e+19
1.267695778655447245e+19
1.267695778655447245e+19
1.267695778294219366e+19
5.469801664302085120e+18
5.469801664302085120e+18
5.469801664302085120e+18
5.469801664302085120e+18
5.469801664302085120e+18
5.469801664302085120e+18
5.469801664302082048e+18
5.469801664301242368e+18
4.939837671934659584e+18
4.939837671934659584e+18
4.939837666433224704e+18
4.939837666433224704e+18
4.939837666433224704e+18
4.795505626917523456e+18
4.795505626917523456e+18
4.795154411668658176e+18
2.512575141512417792e+18
2.512571575866230272e+18
2.512571575866230272e+18
2.512571562051418624e+18
2.512571562051418624e+18
2.512571562051418624e+18
2.512571562051418624e+18
1.393091266450573568e+18
1.392598314317012992e+18
1.392598314317012992e+18
1.392598314316971520e+18
1.392598314316971520e+18
1.392598314316971520e+18
1.392598314316971520e+18
1.392598314316971520e+18
1.391652016152331520e+18
1.248303853659239680e+18
1.212013875228333312e+18
1.212013875228333312e+18
1.212013875228333312e+18
1.212013637562156032e+18
5.296269397799363200e+17
5.296269397799358080e+17
5.296269397799358080e+17
5.296269397719217920e+17
5.296269397719217920e+17
5.296269397709140480e+17
5.296269007173224960e+17
5.296269007173224960e+17
5.296269007173224960e+17
3.825793712628188800e+17
3.825793712628188800e+17
3.825793712628188800e+17
3.825793712628188800e+17
3.825793712628188800e+17
3.825617968160571520e+17
3.825617968160571520e+17
3.825617968160571520e+17
3.808496135368346240e+17
2.889363922786804480e+17
2.889363922786804480e+17
2.889356354891191040e+17
2.871571911293746560e+17
1.264903300998184160e+17
1.264903300924647200e+17
1.264903300924647200e+17
1.264903300924647200e+17
1.264903300924647200e+17
1.264903300924647200e+17
1.264903300924647200e+17
1.264903300924647200e+17
1.264903300924646880e+17
1.264903300924234080e+17
1.264903300924234080e+17
1.096916189913916480e+17
1.096916189913916480e+17
1.096916186947564320e+17
1.096916186947564320e+17
1.071939467068033760e+17
1.071939467068033760e+17
1.071895335160347360e+17
6.396978697554193600e+16
6.396961897434973600e+16
6.396961897434973600e+16
6.396961879124653600e+16
6.396961879124653600e+16
6.396961879124653600e+16
6.396961879124653600e+16
3.419571152416811600e+16
3.419571152416811600e+16
3.417940411734538800e+16
3.417940411734490000e+16
3.417940411734490000e+16
3.417940411734490000e+16
3.417940411734490000e+16
3.417940411734490000e+16
3.416506534666350000e+16
3.252003054422481200e+16
2.973789453146146400e+16
2.973789453146146400e+16
2.973789453146146400e+16
2.973789160587470400e+16
1.449389266485484400e+16
1.449389266485481200e+16
1.449389266419851000e+16
1.449389266419851000e+16
1.449389266419851000e+16
1.449389266418365800e+16
1.449389053822975200e+16
1.449389053822975200e+16
1.449389053822975200e+16
1.449389053822975200e+16
1.001212332679654200e+16
1.001212332679654200e+16
1.001212332679654200e+16
1.001212332679654200e+16
1.001146243298471200e+16
1.001146243298471200e+16
9.981929888428938000e+15
9.981929888428938000e+15
9.981929888428938000e+15
7.733862948107144000e+15
7.733862948107144000e+15
7.733851861353206000e+15
7.655513811919993000e+15
3.599864030826285500e+15
3.599864030709079000e+15
3.599864030709079000e+15
3.599864030709079000e+15
3.599864030709079000e+15
3.599864030709079000e+15
3.599864030709079000e+15
3.599864030709079000e+15
3.599864030705422000e+15
3.599864030705422000e+15
3.599864030705421000e+15
3.599864030705421000e+15
3.036623154548078500e+15
3.036623138023875000e+15
3.036623138023875000e+15
2.988152465745882000e+15
2.988082341907209500e+15
2.988082341907209500e+15
2.988062214151624500e+15
1.803699410265127250e+15
1.803699410265127250e+15
1.803699407400525500e+15
1.803699407400525500e+15
1.803699407400525500e+15
1.803699407400525500e+15
1.803699407400525500e+15
9.927999085568465000e+14
9.919517361746310000e+14
9.919517361746310000e+14
9.919517361746247500e+14
9.919517361746247500e+14
9.919517361746247500e+14
9.335985492670203750e+14
9.333797609975016250e+14
8.743393595314076250e+14
8.743393595314076250e+14
8.743393595314076250e+14
8.743393595314076250e+14
8.743393097645580000e+14
8.743393097645441250e+14
4.207394233697963750e+14
4.207394233295966250e+14
4.207394233295966250e+14
4.207394233295966250e+14
4.207394233295966250e+14
4.207394233295966250e+14
4.207393249602928750e+14
4.207393249601055625e+14
4.207393249601055625e+14
2.937474254982025625e+14
2.937123109346483125e+14
2.937123109346483125e+14
2.937123109346483125e+14
2.937123109346483125e+14
2.937123109346483125e+14
2.937123109346483125e+14
2.937123109346483125e+14
2.931919516183286250e+14
2.931919516183286250e+14
2.413686719194352500e+14
2.413684594184091250e+14
2.381319805004722812e+14
1.071806189661506719e+14
1.071806189661506719e+14
1.071806189645951406e+14
1.071806189645951406e+14
1.071806189645951406e+14
1.071806189645951406e+14
1.071806189645951406e+14
1.071806189645951406e+14
1.071806189643594688e+14
1.071806189643594531e+14
1.071806189643594531e+14
9.054468756518385938e+13
9.054468756518385938e+13
9.054468675847995312e+13
9.054468675847995312e+13
8.965798484301342188e+13
8.965674253347035938e+13
8.965562398005235938e+13
8.965562398005235938e+13
5.995216317171790625e+13
5.995216317171790625e+13
5.995216312433601562e+13
5.995216312433601562e+13
5.995216312433601562e+13
5.995216312433601562e+13
5.995216312433601562e+13
3.079993242005101172e+13
3.076520173359725781e+13
3.076520173359725781e+13
3.076520173359718750e+13
3.076520173359718750e+13
3.076520173359718750e+13
2.890122452592113672e+13
2.771626857272772656e+13
2.771247364889276953e+13
2.771247364889276953e+13
2.771247364889276953e+13
2.771247364889175781e+13
2.771247364889175781e+13
2.771247290038199219e+13
2.771247290038199219e+13
1.490472657770618164e+13
1.490472657493608789e+13
1.490472657493608789e+13
1.490472657493608789e+13
1.490472657493608789e+13
1.490472657493608789e+13
1.490471895477465625e+13
1.490471895477465625e+13
1.490471895477172656e+13
9.716654005293152344e+12
9.715018983945644531e+12
9.715018983945644531e+12
9.715018983945644531e+12
9.715018983945644531e+12
9.715018983945644531e+12
9.715018983945644531e+12
9.715018983945644531e+12
9.703809062737373047e+12
8.472700490922969727e+12
8.472700490922969727e+12
8.472696570707849609e+12
8.340314449620470703e+12
8.340314449620470703e+12
4.017301280108103516e+12
4.017301280080871582e+12
4.017301280080871582e+12
4.017301280080871582e+12
4.017301280080871582e+12
4.017301280080871582e+12
4.017301280080871582e+12
4.017301280062691895e+12
4.017301280062690918e+12
3.239517836137836426e+12
3.239517836137836426e+12
3.239517772394904785e+12
3.239517772394904785e+12
3.239517772394904785e+12
3.217117130315365723e+12
3.217055839741430664e+12
3.217031893429402832e+12
2.359369606740429688e+12
2.359369606740429688e+12
2.359369606740429688e+12
2.359369606740429688e+12
2.359369605825966309e+12
2.359369605825966309e+12
2.359369605825966309e+12
2.359369605825966309e+12
1.218233581795067139e+12
1.216426528325256836e+12
1.216426528325256836e+12
1.216426528325256836e+12
1.216426528325255371e+12
1.216426528325255371e+12
1.117109809099973877e+12
1.081926840033697998e+12
1.081840259387482422e+12
1.081840259387482422e+12
1.081840259387482422e+12
1.081840259387397705e+12
1.081840258486540649e+12
1.081840258486540649e+12
1.081840258486540649e+12
6.416892905343066406e+11
6.416892905343066406e+11
6.416892855331761475e+11
6.416892855331761475e+11
6.416892855331761475e+11
6.416886844459266357e+11
6.416886844459266357e+11
6.416886844459266357e+11
6.416886844458651123e+11
4.066279188570494385e+11
4.065326597760482788e+11
4.065326597760482788e+11
4.065326597760482788e+11
4.065326597760482788e+11
4.065326597760482788e+11
4.065326597760482788e+11
4.062386511137034912e+11
4.062386511137034912e+11
3.628096488110492554e+11
3.628095592342266235e+11
3.628095592342266235e+11
3.628095592342266235e+11
3.544113322506901855e+11
1.831570826918823547e+11
1.831570826918823547e+11
1.831570826912408447e+11
1.831570826912408447e+11
1.831570826912408447e+11
1.831570826912407227e+11
1.831570826889080505e+11
1.831570826889080505e+11
1.831570826889080505e+11
1.831570826889080505e+11
1.436220250539768677e+11
1.436220197220357056e+11
1.436220197220357056e+11
1.436220197220357056e+11
1.429612965861990356e+11
1.429572699382861023e+11
1.429572699382861023e+11
1.429566806781179504e+11
1.084751096733569031e+11
1.084751096733569031e+11
1.084751096733569031e+11
1.084751096733569031e+11
1.084751096514499969e+11
1.084751096514499969e+11
5.768095622491535187e+10
5.768095622491535187e+10
5.753985467126619720e+10
5.753985467126619720e+10
5.753985467126619720e+10
5.753985467126617432e+10
5.753985467126617432e+10
5.203668736757668304e+10
5.203668736757668304e+10
5.088274094438062286e+10
5.088035449554552460e+10
5.088035449553398132e+10
5.088035449553398132e+10
5.088035449553398132e+10
5.088035441073281097e+10
5.088035441073281097e+10
3.112288741996191406e+10
3.112288741996191406e+10
3.112288728663283157e+10
3.112288728663283157e+10
3.112288728663283157e+10
3.112288728663283157e+10
3.112284024329079819e+10
3.112284024329079819e+10
3.112284024328950119e+10
1.978194906213578415e+10
1.978194906213578415e+10
1.977409027773723221e+10
1.977409027773723221e+10
1.977409027773723221e+10
1.977409027773723221e+10
1.977409027773723221e+10
1.976541950697473145e+10
1.976541950697473145e+10
1.818019379965342331e+10
1.818019379965342331e+10
1.818019125058449173e+10
1.765306628736228180e+10
1.765306628736228180e+10
9.211246058556705475e+09
9.211246058556705475e+09
9.211246058556705475e+09
9.211246058542158127e+09
9.211246058542140961e+09
9.211246058291059494e+09
9.211246058291059494e+09
9.211246058291059494e+09
9.211246058291059494e+09
9.211246058291059494e+09
9.211245328613950729e+09
7.179058021465543747e+09
7.179058021465543747e+09
7.179058021465543747e+09
7.179058021465543747e+09
7.178704017217357635e+09
7.158097936250241280e+09
7.158097936250241280e+09
7.158081193100552559e+09
5.780591980799434662e+09
5.780591980799434662e+09
5.780591980799434662e+09
5.780591980799434662e+09
5.780591980241692543e+09
5.745086680592046738e+09
5.745086680592046738e+09
2.995707321551058292e+09
2.995707321551058292e+09
2.995707321551058292e+09
2.995707321551058292e+09
2.995707321551057816e+09
2.995707321551057816e+09
2.995707321551057816e+09
2.692568997901558876e+09
2.692568997900182724e+09
2.653762353768578529e+09
2.653688785583993912e+09
2.653688785583993912e+09
2.653688785583993912e+09
2.653688777909455299e+09
2.653688777909455299e+09
2.653688777909455299e+09
1.774213139542415380e+09
1.774213135657835484e+09
1.774213135657835484e+09
1.774213135657835484e+09
1.774213135657835484e+09
1.774207805680406570e+09
1.774207805680406570e+09
1.079780907608223677e+09
1.079780907608223677e+09
1.079780907608211994e+09
1.079780907608211994e+09
1.079192175243227482e+09
1.079192175243227482e+09
1.079192175243227482e+09
1.079192175243227482e+09
1.078899435674178600e+09
1.078899435674178600e+09
1.018491151501028895e+09
1.018491151501028895e+09
9.848056449284567833e+08
9.848055778700871468e+08
9.848055778700871468e+08
9.848055778700871468e+08
9.848055778700871468e+08
5.578223846586524248e+08
5.578223846582493782e+08
5.578223846582466364e+08
5.578223846276113987e+08
5.578223846276113987e+08
5.578223846276113987e+08
5.578222913318697214e+08
5.578222913318697214e+08
5.578222913318697214e+08
4.171148748743305802e+08
4.171148748743305802e+08
4.171148748743305802e+08
4.171148748743305802e+08
4.170848231964750290e+08
4.170848231964750290e+08
4.162957367412150502e+08
4.162957367412150502e+08
4.162952290336455107e+08
4.162952290336455107e+08
3.549886739588013291e+08
3.549886739588013291e+08
3.549886739429121614e+08
3.522550653343216181e+08
3.522550653343216181e+08
1.911846561618415415e+08
1.911846561618415415e+08
1.911846561618415415e+08
1.911846561618415415e+08
1.911846561618415415e+08
1.911846561618415415e+08
1.675017721750860512e+08
1.675017721750860512e+08
1.675017721750860512e+08
1.675017721749088764e+08
1.675017721749088764e+08
1.657925124591304660e+08
1.657925124591304660e+08
1.657899381040943861e+08
1.657899370597477853e+08
1.196244157948715538e+08
1.196244157948715538e+08
1.196244157948715538e+08
1.196244156614720970e+08
1.196238063403438777e+08
1.196238063403438777e+08
1.196238063403438777e+08
1.196238063403438777e+08
7.253495166796369851e+07
7.253495166796369851e+07
7.253495166796335578e+07
7.253495166796335578e+07
7.248064000082609057e+07
7.248064000082609057e+07
7.248064000082609057e+07
7.246880026249441504e+07
7.246880026249441504e+07
6.933819440337386727e+07
6.933819440337386727e+07
6.933819440337386727e+07
6.630004471889978647e+07
6.630004471889978647e+07
6.630004471889978647e+07
6.630004242295441777e+07
4.037343968710579723e+07
4.037343968710579723e+07
4.037343968710532784e+07
4.037343968151036650e+07
4.037343968149640411e+07
4.037343968149640411e+07
4.037342739140574634e+07
2.956603479386731610e+07
2.956603479386731610e+07
2.956603479386731610e+07
2.956603479386731610e+07
2.956603479386731610e+07
2.956603479386731610e+07
2.956603479386731610e+07
2.956294755818182975e+07
2.956294755818182975e+07
2.956294755818182975e+07
2.956294755818182975e+07
2.952738129471616820e+07
2.592797382133365050e+07
2.592795894386261702e+07
2.592795894386261702e+07
2.564195528916417435e+07
2.564195528916417435e+07
2.564195528861562163e+07
1.453429915553561039e+07
1.453429915553561039e+07
1.453429915553561039e+07
1.453429915553561039e+07
1.453429915553561039e+07
1.453429915553561039e+07
1.453429915553561039e+07
1.251958693217210844e+07
1.251958693213759921e+07
1.251958693213759921e+07
1.251958693213759549e+07
1.251958693213759549e+07
1.251958678237546235e+07
1.243368917302634194e+07
1.243357979665446095e+07
1.243357979665446095e+07
9.362589548001503572e+06
9.362589548001503572e+06
9.362513228147862479e+06
9.362513228147862479e+06
9.362513222741018981e+06
9.362513222741018981e+06
9.362513222741018981e+06
9.362513222741018981e+06
5.732739521691469476e+06
5.726066386847028509e+06
5.726066386847016402e+06
5.726066386847016402e+06
5.726066386847016402e+06
5.726066386847016402e+06
5.726066386847016402e+06
5.725508146282853559e+06
5.725508146282853559e+06
5.548077478943028487e+06
5.548077478943028487e+06
5.259365081714639440e+06
5.259365081714639440e+06
5.259365081714639440e+06
5.259364986117470078e+06
3.334369794222429860e+06
3.334369794222429860e+06
3.334369794222429860e+06
3.334369794222318567e+06
3.334369793262639083e+06
3.334369793262129184e+06
3.334369793262129184e+06
3.334368079181183130e+06
2.422882456481227186e+06
2.422882456481227186e+06
2.422882456481227186e+06
2.422882456481227186e+06
2.422882456481227186e+06
2.422882456481227186e+06
2.422882456481227186e+06
2.422882456481227186e+06
2.422474505432727281e+06
2.422474505432727281e+06
2.422474505432727281e+06
2.420669650592446793e+06
2.196549287255572155e+06
2.196548580745351501e+06
2.196548580745351501e+06
2.165907810834804084e+06
1.250825199938000413e+06
1.250825199931016890e+06
1.250825199931016890e+06
1.250825199931016890e+06
1.250825199931016890e+06
1.250825199931016890e+06
1.250825199931016890e+06
1.250825199931016890e+06
1.250825199931016890e+06
1.250825199931016890e+06
1.250825199922354193e+06
1.066726636156564346e+06
1.066726636156564113e+06
1.066726613925072132e+06
1.062004326098005287e+06
1.062004326098005287e+06
1.061999046240358613e+06
1.061999046240358613e+06
1.061999046240358613e+06
8.488008455924498849e+05
8.487885019902947824e+05
8.487885019902947824e+05
8.487885017525434960e+05
8.487885017525434960e+05
8.487885017525434960e+05
8.487885017525434960e+05
5.142504215229917318e+05
5.134468062072924804e+05
5.134468062072920147e+05
5.134468062072920147e+05
5.134468062072920147e+05
5.134468062072920147e+05
5.134468062072920147e+05
5.134468062072920147e+05
5.134171058792530675e+05
5.025306385588333942e+05
4.732097238590312190e+05
4.732097238590312190e+05
4.732097238590312190e+05
4.732097238590312190e+05
4.732097197185524274e+05
3.228564123208319652e+05
3.228564123208057717e+05
3.228564121368311462e+05
3.228564121368311462e+05
3.228564121368311462e+05
3.228564121368101332e+05
3.228560959017947316e+05
2.285191136800899403e+05
2.285191136800899403e+05
2.285191136800899403e+05
2.285191136800899403e+05
2.285191136800899403e+05
2.285191136800899403e+05
2.285191136800899403e+05
2.285191136800899403e+05
2.284647855105260678e+05
2.284647855105260678e+05
2.283585356088659901e+05
2.283585356088659901e+05
2.128796995661951369e+05
2.128796995661951369e+05
2.128796640627947345e+05
2.093036308480442385e+05
2.093036308480442385e+05
1.281066950559304823e+05
1.281066950556086813e+05
1.281066950556086813e+05
1.281066950556086813e+05
1.281066950556086813e+05
1.281066950556086813e+05
1.281066950556086813e+05
1.281066950556086813e+05
1.281066950537507073e+05
1.281066950537507073e+05
1.281066950537505618e+05
1.067273370718922815e+05
1.067273326926276495e+05
1.067273326926276495e+05
1.067273326926276495e+05
1.064140818300626270e+05
1.064137982121284003e+05
1.064137982121284003e+05
8.941415560498951527e+04
8.941210488671268104e+04
8.941210487512219697e+04
8.941210487512219697e+04
8.941210487512219697e+04
8.941210487512219697e+04
8.941210487512219697e+04
5.538489160986315255e+04
5.526879458055846044e+04
5.526879458055846044e+04
5.526879458055843861e+04
5.526879458055843861e+04
5.526879458055843861e+04
5.526879458055843861e+04
5.526879458055843861e+04
5.130638608169327927e+04
5.130479940034850006e+04
5.058030010198063246e+04
5.058030010198063246e+04
5.058030010198063246e+04
5.058030010198063246e+04
5.058029989415860473e+04
3.675835070673410519e+04
3.675835070672716392e+04
3.675835065979845240e+04
3.675835065979845240e+04
3.675835065979845240e+04
3.675828928788893973e+04
3.675828928788893973e+04
3.675828928788804478e+04
3.675828928788804478e+04
3.675828928788804478e+04
3.675828928788804478e+04
2.586100139841921919e+04
2.585233177879425421e+04
2.585233177879425421e+04
2.585233177879425421e+04
2.585233177879425421e+04
2.584505173509192900e+04
2.584505173509192900e+04
2.451042584745794738e+04
2.451042584745794738e+04
2.451042377975220006e+04
2.451042377975220006e+04
2.397590501640166985e+04
1.548367095413633433e+04
1.548367095412080016e+04
1.548367095412080016e+04
1.548367095412080016e+04
1.548367095412080016e+04
1.548367095412080016e+04
1.548367095358669030e+04
1.548367095358665028e+04
1.272214687238431179e+04
1.272214687238431179e+04
1.272214687238431179e+04
1.272214687238431179e+04
1.272214594076728463e+04
1.272214594076728463e+04
1.269830691230581215e+04
1.269828916987140838e+04
1.269777376571840432e+04
1.104049297209495126e+04
1.104049297209495126e+04
1.104049297209495126e+04
1.104049297151102473e+04
1.104049297151102473e+04
1.104049297151102473e+04
1.104049297151102473e+04
1.104049297151102473e+04
7.018428300918006244e+03
6.997319290065637688e+03
6.997319290065637688e+03
6.997319290065637688e+03
6.997319290065637688e+03
6.997319290065637688e+03
6.997319290065637688e+03
6.997319290065637688e+03
6.433363632615054485e+03
6.372130542104196138e+03
6.372023017505481221e+03
6.372023017505481221e+03
6.372023017501378490e+03
6.372023017501378490e+03
6.372023017501378490e+03
6.372023006603169961e+03
4.851402087258148640e+03
4.851402075019655058e+03
4.851402075019655058e+03
4.851402075019655058e+03
4.851388753204994828e+03
4.851388753204994828e+03
4.851388753204994828e+03
4.851388753204994828e+03
4.851388753204994828e+03
4.851388753204965724e+03
3.416199766344570889e+03
3.414485532598614554e+03
3.414485532598614554e+03
3.414485532598614554e+03
3.414485532598614554e+03
3.414485532598614554e+03
3.413927548310569364e+03
3.413927548310569364e+03
3.287423035684631486e+03
3.287422912779532908e+03
3.287422912779532908e+03
3.201595407494136452e+03
2.156536528038473989e+03
2.156536528038473989e+03
2.156536528037926928e+03
2.156536528037926928e+03
2.156536528037926928e+03
2.156536528037926928e+03
2.156536527882808969e+03
2.156536527882793962e+03
2.156536527882793962e+03
1.755597576898042234e+03
1.755597355823750377e+03
1.755597355823750377e+03
1.755597355823750377e+03
1.755597355823750377e+03
1.753601525001820164e+03
1.753490132520925272e+03
1.753489014627966981e+03
1.578434069333365414e+03
1.578434069333365414e+03
1.578434069333365414e+03
1.578434069333365414e+03
1.578434069311707844e+03
1.578434069311707844e+03
1.023551285509736772e+03
1.023551285509736772e+03
1.019529922796865549e+03
1.019529922796865549e+03
1.019529922796865549e+03
1.019529922796865549e+03
1.019529922796865549e+03
1.019529922796865549e+03
9.298170788202783115e+02
9.241780783547781084e+02
9.241706048328608176e+02
9.241706048315686530e+02
9.241706048315686530e+02
9.241705992971826618e+02
9.241705992971826618e+02
9.241705992971826618e+02
7.433704991003936584e+02
7.433704988312495061e+02
7.433704988312495061e+02
7.433704988312495061e+02
7.433704988312495061e+02
7.433704988312495061e+02
7.433669540851514057e+02
7.433669540851514057e+02
7.433669540851510646e+02
5.213174705119810142e+02
5.209596417860994961e+02
5.209596417860994961e+02
5.209596417860994961e+02
5.209596417860994961e+02
5.209596417860994961e+02
5.209167191448282210e+02
5.209167191448282210e+02
5.078171410090914719e+02
5.078171356874275375e+02
4.924134831747804810e+02
4.924134831747804810e+02
4.924134831747804810e+02
3.520355617483010633e+02
3.520355617483010633e+02
3.520355617482940715e+02
3.520355617482940715e+02
3.520355617482881598e+02
3.520355616967779611e+02
3.520355616967779611e+02
3.520355616967779611e+02
3.520354609554153171e+02
2.823792134003172123e+02
2.823792134003172123e+02
2.823792134003172123e+02
2.823792134003172123e+02
2.823792134003172123e+02
2.822085099138706141e+02
2.821826462896863745e+02
2.821826462896863745e+02
2.821825937571497320e+02
2.616658826369142048e+02
2.616658826369142048e+02
2.616658826369142048e+02
2.616658826366295898e+02
2.596878007179413999e+02
1.757997844857677308e+02
1.757997844857677308e+02
1.757997844857677308e+02
1.757997844857677308e+02
1.757997844857677308e+02
1.757997844857677308e+02
1.757997844857677308e+02
1.583663536102217790e+02
1.583663536102217790e+02
1.578244055118145184e+02
1.578244055113449349e+02
1.578240100184015091e+02
1.578240100184014807e+02
1.578240081892157036e+02
1.578240081892157036e+02
1.578240081892157036e+02
1.334693829377859799e+02
1.334693829377859799e+02
1.334693829336373199e+02
1.334693829336373199e+02
1.334693829336373199e+02
1.334693829336373199e+02
1.334683584527283244e+02
9.471520160928808707e+01
9.471520160928808707e+01
9.471520160928808707e+01
9.462599829987399858e+01
9.462599829987399858e+01
9.462599829987399858e+01
9.462599829987399858e+01
9.462342851232725138e+01
9.318072172291880406e+01
9.318072172291880406e+01
9.318072172291880406e+01
8.977119588764135472e+01
8.977119580812150446e+01
6.804054771483824027e+01
6.804054771483824027e+01
6.804054771483824027e+01
6.804054771483824027e+01
6.804054771483822606e+01
6.804054771483544073e+01
6.804054769302814520e+01
6.804054769302814520e+01
6.804051395360947652e+01
5.421217041617824606e+01
5.421217041617824606e+01
5.421217041617824606e+01
5.421217041617824606e+01
5.421217041617824606e+01
5.421217041617824606e+01
5.420496088929136391e+01
5.419354262364353758e+01
5.419354262364353758e+01
5.419354169717274061e+01
5.162487002621530507e+01
5.162487002621530507e+01
5.162487002621530507e+01
5.162487002621496401e+01
5.111658083851814638e+01
3.618499623910677343e+01
3.618499623910677343e+01
3.618499623910677343e+01
3.618499623910677343e+01
3.618499623910677343e+01
3.618499623910677343e+01
3.227271164288597305e+01
3.227271164266345238e+01
3.223178421721618747e+01
3.223178421721617326e+01
3.223178421721617326e+01
3.223177632990635999e+01
3.223177564591993161e+01
3.223177564591993161e+01
2.869803413600347142e+01
2.869803413600347142e+01
2.869803413600347142e+01
2.869803413599752062e+01
2.869767634884533081e+01
2.869767634884533081e+01
2.869767634884533081e+01
2.069803571634398409e+01
2.069803571634398409e+01
2.069803571634398409e+01
2.066986084321004213e+01
2.066986084321004213e+01
2.066986084321004213e+01
2.066980221174456389e+01
2.054372319719582052e+01
1.966283452356145389e+01
1.966283452356145389e+01
1.966283452356145389e+01
1.966283452344309879e+01
1.966283452344309879e+01
1.966283452344309879e+01
1.597116885969973410e+01
1.597116885969799149e+01
1.597116884892572664e+01
1.597116884892572664e+01
1.597116884892572664e+01
1.597116884892572664e+01
1.597115480601316762e+01
1.264497569757479845e+01
1.264497569757479845e+01
1.264497569757479845e+01
1.264238054872151551e+01
1.264238054872151551e+01
1.264238054872151551e+01
1.264208349849448609e+01
1.264208349849448609e+01
1.264208349849448609e+01
1.238131123899463226e+01
1.238131123749436036e+01
1.238131123749436036e+01
1.222532651890524313e+01
1.222532651890524313e+01
9.219024146479709358e+00
9.219024146479709358e+00
9.219024146479709358e+00
9.219024146479709358e+00
9.219024146479709358e+00
8.117577690423757986e+00
8.117577690423757986e+00
8.117577690297540727e+00
8.117577690297531845e+00
8.117577690297531845e+00
8.117577362569294408e+00
8.116337852713570555e+00
8.116337837197526994e+00
8.116337837197526994e+00
7.684003176612550945e+00
7.683833455519967437e+00
7.683833455519967437e+00
7.683833455519967437e+00
7.683833455519967437e+00
7.683833455519967437e+00
5.725933407364974137e+00
5.725933407364974137e+00
5.714404784836013107e+00
5.714404784836013107e+00
5.714404784836013107e+00
5.714404784836013107e+00
5.714404645808955685e+00
5.714404645808955685e+00
5.709772460430533769e+00
5.709772460430533769e+00
5.413637776640224608e+00
5.413637776640224608e+00
5.413637776640224608e+00
5.413637776640222832e+00
4.853195925460827453e+00
4.853195925459386828e+00
4.853195925459386828e+00
4.853195917945387627e+00
4.853195917945387627e+00
4.853195917945387627e+00
4.853187338019615105e+00
3.839203245300776501e+00
3.839203245300776501e+00
3.839203245300776501e+00
3.839203245300776501e+00
3.837923517286954134e+00
3.837923517286954134e+00
3.837923517286954134e+00
3.837923517286954134e+00
3.837922667959084766e+00
3.826224668649059524e+00
3.826224668649028882e+00
3.826224668649028882e+00
3.761073417914317485e+00
3.181842502073490841e+00
3.181842502073490841e+00
3.181842502073490841e+00
3.181842502073490841e+00
3.181842502073490841e+00
3.181842502073490841e+00
3.181842501927001798e+00
2.755462492468032654e+00
2.755462492468032654e+00
2.755462492468021996e+00
2.755462242609355350e+00
2.755457811095355147e+00
2.755457811095355147e+00
2.755457811094972786e+00
2.730518747581052619e+00
2.730518747581052619e+00
2.730404088813277674e+00
2.730404088813277674e+00
2.730404088813277674e+00
2.730404088813277674e+00
2.730404088813277674e+00
2.237157797114629254e+00
2.229437436847881759e+00
2.229437436847881759e+00
2.229437436847881759e+00
2.229437436847881759e+00
2.229437436847881759e+00
2.229437436847881759e+00
2.082468143833200891e+00
2.082468143829255158e+00
2.082449043126178179e+00
2.082449043126178179e+00
2.082449043126178179e+00
2.082449043126178179e+00
2.039137540272928373e+00
2.039137540271007243e+00
2.039137531493866895e+00
2.039137531493866895e+00
2.039129427766843250e+00
2.039129427766843250e+00
1.697345241041673169e+00
1.697345241041673169e+00
1.697345241041673169e+00
1.697345241041673169e+00
1.697345241041673169e+00
1.696246677991344320e+00
1.696246677991344320e+00
1.696246677955887572e+00
1.696175572130361076e+00
1.696175572130361076e+00
1.696175572130361076e+00
1.654202418256229157e+00
1.654202418256229157e+00
1.593207852560497795e+00
1.593207852560497795e+00
1.593207852560497795e+00
1.593207852560497795e+00
1.593207852317479967e+00
1.593207852317453765e+00
1.396821618030468226e+00
1.396821618030468226e+00
1.396821274510425592e+00
1.396821274510425592e+00
1.396821274510425592e+00
1.396821274267046942e+00
1.396821274267046942e+00
1.396689460305685415e+00
1.396488884282744980e+00
1.396488884282744980e+00
1.396488884282744980e+00
1.396488884282744980e+00
1.325043103900640507e+00
1.316123532448940869e+00
1.316123532448940869e+00
1.316123532448940869e+00
1.316123532448940869e+00
1.316123532448940869e+00
1.316123532448940869e+00
1.316123532448940869e+00
1.223617652005188239e+00
1.223617650595819173e+00
1.223617650595819173e+00
1.223617650591241501e+00
1.223144056629268839e+00
1.223144056629268839e+00
1.223144039733419008e+00
1.223144039733418786e+00
1.223131230306956363e+00
1.223131230306956363e+00
1.223131230306956363e+00
1.223131230306956363e+00
1.223131230306956363e+00
1.223131230306956363e+00
1.156348002541273123e+00
1.154664623661797229e+00
1.154664623661797229e+00
1.154664623661797229e+00
1.154664616619833550e+00
1.154664616619833550e+00
1.154664616619833550e+00
1.119573701205911931e+00
1.118674437800808663e+00
1.118674437800808663e+00
1.118674437800808663e+00
1.118674437800808663e+00
1.118674437159797863e+00
1.118674437159712376e+00
1.068249775749467778e+00
1.068248893073936889e+00
1.068248893073936889e+00
1.068248893073936889e+00
1.068248893073936889e+00
1.068248893073936889e+00
1.067994190270227461e+00
1.067994190270227461e+00
1.067994165202431844e+00
1.067994165202431844e+00
1.067994165202431844e+00
1.067994165202431844e+00
1.067994165202431844e+00
1.066629606971332578e+00
1.056174210034665828e+00
1.056174210034665828e+00
1.056174210034665828e+00
1.056174210034665828e+00
1.026399485852601545e+00
1.026399485852601545e+00
1.026399485852601545e+00
1.026399485835369330e+00
1.026399433566489883e+00
1.026399362321834596e+00
1.026399362321833486e+00
1.026399362321833486e+00
1.026399362321833486e+00
1.026369558577359564e+00
1.026369558577359564e+00
1.026369558577359564e+00
1.026369558577359564e+00
1.024828705237688986e+00
1.022431545441969458e+00
1.022431545441969458e+00
1.022431545441969458e+00
1.022431545441969458e+00
1.022431545441969458e+00
1.022431545441969458e+00
1.009041007683274982e+00
1.009041007683274982e+00
1.009040851445954790e+00
1.009040851445954790e+00
1.009040849154765329e+00
1.009040849154392516e+00
1.009040849154392516e+00
1.009040849154392516e+00
1.007709747760692442e+00
1.007707152402555817e+00
1.007707152402555817e+00
1.007295947942939085e+00
1.007295947942939085e+00
1.007295947942939085e+00
1.007295947942939085e+00
1.007295947942939085e+00
1.007295947942939085e+00
1.007295947942939085e+00
1.002813272435272296e+00
1.002813014989187179e+00
1.002813014989187179e+00
1.002813014989187179e+00
1.002813014989187179e+00
1.001956834748566560e+00
1.001956834748566560e+00
1.001956834676423602e+00
1.001956834676423602e+00
1.001956834676417829e+00
1.001956670095309754e+00
1.001956670095309754e+00
1.001956670095309754e+00
1.001956670095309754e+00
1.001956670095309754e+00
1.001905135337127328e+00
1.001905135337127328e+00
1.001904821072119534e+00
1.000807945198763704e+00
1.000807945198763704e+00
1.000807945198763704e+00
1.000807945198763704e+00
1.000807945198763704e+00
1.000404781028589873e+00
1.000404781028589873e+00
1.000404781028589873e+00
1.000404781028589651e+00
1.000404781028589651e+00
1.000404781028589651e+00
1.000404781028589651e+00
1.000404781026979828e+00
1.000404773585373164e+00
1.000404773585372942e+00
1.000400132164035671e+00
1.000399852168577297e+00
1.000399852168577297e+00
1.000206032303857517e+00
1.000206032303857517e+00
1.000206032303857517e+00
1.000206032303857517e+00
1.000206032303857517e+00
1.000206032303857517e+00
1.000068317780081317e+00
1.000068317780081317e+00
1.000068317780080873e+00
1.000068317780080873e+00
1.000068135645595380e+00
1.000068135645595380e+00
1.000068135408115788e+00
1.000068135408090697e+00
1.000068135408090697e+00
1.000068135408090697e+00
1.000067837888831912e+00
1.000067837888831912e+00
1.000067837888831912e+00
1.000067837888831912e+00
1.000067837888831912e+00
1.000043288438704048e+00
1.000043288438703382e+00
1.000043288438703382e+00
1.000009349082733090e+00
1.000009349082733090e+00
1.000009349082733090e+00
1.000009349082733090e+00
1.000009349082733090e+00
1.000009349082733090e+00
1.000009263022958006e+00
1.000009263022958006e+00
1.000009263022958006e+00
1.000009263022958006e+00
1.000009263022958006e+00
1.000009263017642924e+00
1.000009249524993482e+00
1.000009249524993260e+00
1.000007031954781134e+00
1.000007031954781134e+00
1.000007031954780690e+00
1.000007031954780690e+00
1.000001022443429699e+00
1.000001022443429699e+00
1.000001022443429699e+00
1.000001022443429699e+00
1.000001022443429699e+00
1.000001022443429699e+00
1.000000993019668938e+00
1.000000993019668938e+00
1.000000993019668938e+00
1.000000993019668938e+00
1.000000993019668716e+00
1.000000992588803150e+00
1.000000992588803150e+00
1.000000992588720106e+00
1.000000992588720106e+00
1.000000850347442904e+00
1.000000850347442904e+00
1.000000850347442904e+00
1.000000850347442904e+00
1.000000088804530174e+00
1.000000088804530174e+00
1.000000088804530174e+00
1.000000088804530174e+00
1.000000081551532860e+00
1.000000081551532860e+00
1.000000081551532860e+00
1.000000081551532860e+00
1.000000081551532638e+00
1.000000081551532638e+00
1.000000081551532638e+00
1.000000081551532638e+00
1.000000081551532638e+00
1.000000081541888131e+00
1.000000075090426988e+00
1.000000075090426988e+00
1.000000075090426099e+00
1.000000006293219057e+00
1.000000006293219057e+00
1.000000006293219057e+00
1.000000006293219057e+00
1.000000005008901738e+00
1.000000005008901738e+00
1.000000005008901738e+00
1.000000005008901738e+00
1.000000005008901738e+00
1.000000005008901738e+00
1.000000005008901738e+00
1.000000005008901738e+00
1.000000005008901738e+00
1.000000004802881426e+00
1.000000004802881426e+00
1.000000004802881426e+00
1.000000004802730880e+00
1.000000000389818400e+00
1.000000000389818400e+00
1.000000000227064811e+00
1.000000000227064811e+00
1.000000000227064811e+00
1.000000000227064811e+00
1.000000000227064811e+00
1.000000000227064811e+00
1.000000000227064811e+00
1.000000000227064811e+00
1.000000000227064811e+00
1.000000000227064811e+00
1.000000000227064811e+00
1.000000000227064811e+00
1.000000000227064811e+00
1.000000000222453167e+00
1.000000000022301938e+00
1.000000000022300162e+00
1.000000000007597256e+00
1.000000000007597256e+00
1.000000000007597256e+00
1.000000000007597256e+00
1.000000000007597256e+00
1.000000000007597256e+00
1.000000000007597256e+00
1.000000000007597256e+00
1.000000000007597256e+00
1.000000000007597256e+00
1.000000000007597256e+00
1.000000000007597256e+00
1.000000000007597256e+00
1.000000000001205702e+00
1.000000000001133538e+00
1.000000000001133538e+00
1.000000000001133538e+00
1.000000000000190514e+00
1.000000000000190514e+00
1.000000000000190514e+00
1.000000000000190514e+00
1.000000000000190514e+00
1.000000000000190514e+00
1.000000000000190514e+00
1.000000000000190514e+00
1.000000000000190514e+00
1.000000000000190514e+00
1.000000000000190514e+00
1.000000000000190514e+00
1.000000000000190514e+00
1.000000000000190514e+00
1.000000000000047296e+00
1.000000000000004663e+00
1.000000000000003775e+00
1.000000000000003775e+00
1.000000000000003775e+00
1.000000000000003775e+00
1.000000000000003775e+00
1.000000000000003775e+00
1.000000000000003775e+00
1.000000000000003775e+00
1.000000000000003775e+00
1.000000000000003775e+00
1.000000000000003775e+00
1.000000000000003775e+00
1.000000000000003775e+00
1.000000000000002442e+00
1.000000000000000222e+00
1.000000000000000222e+00
1.000000000000000222e+00
1.000000000000000222e+00
1.000000000000000222e+00
1.000000000000000222e+00
1.000000000000000222e+00
1.000000000000000222e+00
1.000000000000000222e+00
1.000000000000000222e+00
1.000000000000000222e+00
1.000000000000000222e+00
1.000000000000000222e+00
1.000000000000000222e+00
1.000000000000000222e+00
1.000000000000000222e+00
1.000000000000000222e+00
1.000000000000000222e+00
1.000000000000000222e+00
1.000000000000000222e+00
1.000000000000000222e+00
1.000000000000000222e+00
1.000000000000000222e+00
1.000000000000000222e+00
1.000000000000000222e+00
1.000000000000000222e+00
1.000000000000000222e+00
1.000000000000000222e+00
1.000000000000000222e+00
1.000000000000000222e+00
1.000000000000000222e+00
1.000000000000000222e+00
1.000000000000000222e+00
1.000000000000000222e+00
1.000000000000000222e+00
1.000000000000000222e+00
1.000000000000000222e+00
1.000000000000000222e+00
1.000000000000000222e+00
1.000000000000000222e+00
1.000000000000000222e+00
1.000000000000000222e+00
1.000000000000000222e+00
1.000000000000000222e+00
1.000000000000000222e+00
1.000000000000000222e+00
1.000000000000000222e+00
1.000000000000000222e+00
1.000000000000000222e+00
1.000000000000000222e+00
1.000000000000000222e+00
1.000000000000000222e+00
1.000000000000000222e+00
1.000000000000000222e+00
1.000000000000000222e+00
1.000000000000000222e+00
1.000000000000000222e+00
1.000000000000000222e+00
1.000000000000000222e+00
1.000000000000000222e+00
1.000000000000000222e+00
1.000000000000000222e+00
1.000000000000000222e+00
1.000000000000000222e+00
1.000000000000000222e+00
1.000000000000000222e+00
1.000000000000000222e+00
1.000000000000000222e+00
1.000000000000000222e+00
1.000000000000000222e+00
1.000000000000000222e+00
1.000000000000000222e+00
1.000000000000000222e+00
1.000000000000000222e+00
1.000000000000000222e+00
1.000000000000000222e+00
1.000000000000000222e+00
1.000000000000000222e+00
1.000000000000000222e+00
1.000000000000000222e+00
1.000000000000000222e+00
1.000000000000000222e+00
1.000000000000000222e+00
1.000000000000000222e+00
1.000000000000000222e+00
1.000000000000000222e+00
1.000000000000000222e+00
1.000000000000000222e+00
1.000000000000000222e+00
1.000000000000000222e+00
1.000000000000000222e+00
1.000000000000000222e+00
1.000000000000000222e+00
1.000000000000000222e+00
1.000000000000000222e+00
1.000000000000000222e+00
1.000000000000000222e+00
1.000000000000000222e+00
1.000000000000000222e+00
1.000000000000000222e+00
1.000000000000000222e+00
1.000000000000000222e+00
1.000000000000000222e+00
1.000000000000000222e+00
1.000000000000000222e+00
1.000000000000000222e+00
1.000000000000000222e+00
1.000000000000000222e+00
1.000000000000000222e+00
1.000000000000000222e+00
1.000000000000000222e+00
1.000000000000000222e+00
1.000000000000000222e+00
1.000000000000000222e+00
1.000000000000000222e+00
1.000000000000000222e+00
1.000000000000000222e+00
1.000000000000000222e+00
1.000000000000000222e+00
1.000000000000000222e+00
1.000000000000000222e+00
1.000000000000000222e+00
1.000000000000000222e+00
1.000000000000000222e+00
1.000000000000000222e+00
1.000000000000000222e+00
1.000000000000000222e+00
1.000000000000000222e+00
1.000000000000000222e+00
1.000000000000000222e+00
1.000000000000000222e+00
1.000000000000000222e+00
1.000000000000000222e+00
1.000000000000000222e+00
1.000000000000000222e+00
1.000000000000000222e+00
1.000000000000000222e+00
1.000000000000000222e+00
1.000000000000000222e+00
1.000000000000000222e+00
1.000000000000000222e+00
1.000000000000000222e+00
1.000000000000000222e+00
1.000000000000000222e+00
1.000000000000000222e+00
1.000000000000000222e+00
1.000000000000000222e+00
1.000000000000000222e+00
1.000000000000000222e+00
1.000000000000000222e+00
1.000000000000000222e+00
1.000000000000000222e+00
1.000000000000000222e+00
1.000000000000000222e+00
1.000000000000000222e+00
1.000000000000000222e+00
1.000000000000000222e+00
1.000000000000000222e+00
1.000000000000000222e+00
1.000000000000000222e+00
1.000000000000000222e+00
1.000000000000000222e+00
1.000000000000000222e+00
1.000000000000000222e+00
1.000000000000000222e+00
1.000000000000000222e+00
1.000000000000000222e+00
1.000000000000000222e+00
1.000000000000000222e+00
1.000000000000000222e+00
1.000000000000000222e+00
1.000000000000000222e+00
1.000000000000000222e+00
1.000000000000000222e+00
1.000000000000000222e+00
1.000000000000000222e+00
1.000000000000000222e+00
1.000000000000000222e+00
1.000000000000000222e+00
1.000000000000000222e+00
1.000000000000000222e+00
1.000000000000000222e+00
1.000000000000000222e+00
1.000000000000000222e+00
1.000000000000000222e+00
1.000000000000000222e+00
1.000000000000000222e+00
1.000000000000000222e+00
1.000000000000000222e+00
1.000000000000000222e+00
1.000000000000000222e+00
1.000000000000000222e+00
1.000000000000000222e+00
1.000000000000000222e+00
1.000000000000000222e+00
1.000000000000000222e+00
1.000000000000000222e+00
1.000000000000000222e+00
1.000000000000000222e+00
1.000000000000000222e+00
1.000000000000000222e+00
1.000000000000000222e+00
1.000000000000000222e+00
1.000000000000000222e+00
1.000000000000000222e+00
1.000000000000000222e+00
1.000000000000000222e+00
1.000000000000000222e+00
1.000000000000000222e+00
1.000000000000000222e+00
1.000000000000000222e+00
1.000000000000000222e+00
1.000000000000000222e+00
1.000000000000000222e+00
1.000000000000000222e+00
1.000000000000000222e+00
1.000000000000000222e+00
1.000000000000000222e+00
1.000000000000000222e+00
1.000000000000000222e+00
1.000000000000000222e+00
1.000000000000000222e+00
1.000000000000000222e+00
1.000000000000000222e+00
1.000000000000000222e+00
1.000000000000000222e+00
