8.088460674087661472e+89
1.756844692536150536e+89
1.510166066422320113e+89
6.237060406480462185e+88
2.183976197482715947e+88
8.560975806298567621e+87
8.362582496186198619e+87
1.521093409534502197e+87
1.181740485092927729e+87
1.180241864988828555e+87
1.452913779836080583e+86
7.058713775346942460e+85
6.958084852049489800e+85
6.770353403576995676e+85
6.769931573793122093e+85
6.768814342711646055e+85
6.248864906916205729e+84
4.277857227921337469e+84
4.077613301050105456e+84
4.050227983133435349e+84
4.048297460734735854e+84
4.048230801112196251e+84
3.481138148421129732e+83
2.977063687777439589e+83
2.554002615387054716e+83
2.546547523621249461e+83
2.543242968082836915e+83
2.543234137055849124e+83
5.133036894418874013e+82
5.133035583817765579e+82
1.816825803490770549e+82
1.789276238289470511e+82
1.694611154688520899e+82
1.694545373665687743e+82
1.694212987966726522e+82
2.308087274554454161e+81
1.260710309304490975e+81
1.189503025926822988e+81
1.189503019637358935e+81
1.171401706679716859e+81
1.170999711046084468e+81
1.170999589553765432e+81
1.170973104319110948e+81
1.312582699458942548e+80
1.038373453619789077e+80
8.099338808970149685e+79
8.080665885208444972e+79
8.054647908265762008e+79
8.054647906388586206e+79
8.054635282772956058e+79
1.303205528734071479e+79
5.940049196149738286e+78
5.940048362704852536e+78
5.940048362640723109e+78
5.866540824147450728e+78
5.385049203447918030e+78
5.384954535408677284e+78
5.382325602369357240e+78
5.382325602329746654e+78
5.382325582629988237e+78
5.767822880340774577e+77
3.757824795813317869e+77
3.598023667227912762e+77
3.598023639901315283e+77
3.517755548228960258e+77
3.517238798195243797e+77
3.517238556830189184e+77
3.517051364912077555e+77
3.244235725151638144e+76
2.790833265388041097e+76
2.334829023357010369e+76
2.332614562646487026e+76
2.332614562646220917e+76
2.322044733406310170e+76
2.322044732665464166e+76
2.322042422370273803e+76
4.922261117704064036e+75
1.717890340568004399e+75
1.717889794440566653e+75
1.717889794433540919e+75
1.709063718440274360e+75
1.601581650776685052e+75
1.601563210804789195e+75
1.600428245980629422e+75
1.600428245963998417e+75
1.600428243682524024e+75
2.233234961506203608e+74
1.202837078894065573e+74
1.178951468726287942e+74
1.178951445740691603e+74
1.178823627400425440e+74
1.156547621042373766e+74
1.156547621042373012e+74
1.156547586858603187e+74
1.156448783646992559e+74
1.277259293698663974e+73
1.170559304007873878e+73
8.743110349495899315e+72
8.743110349495731402e+72
8.736271273885676002e+72
8.736271273885376270e+72
8.698066734697327991e+72
8.698066726553311058e+72
8.698062480414199290e+72
2.914418996121890150e+72
7.773913956432336546e+71
7.773908496880348265e+71
7.773908496868809186e+71
7.734107025159854329e+71
6.870981143671533880e+71
6.870936688324210082e+71
6.870936688324208121e+71
6.865555162478934116e+71
6.865555162478934116e+71
6.865555162239159619e+71
6.865555158872058496e+71
1.439359117020072654e+71
6.062350554162803371e+70
5.929031018056903353e+70
5.929030734261114653e+70
5.928607279495173359e+70
5.700212970376886713e+70
5.700212970376884261e+70
5.700212903782631360e+70
5.699594562981411766e+70
5.699594562981411766e+70
8.561722629448654348e+69
7.546350100327978204e+69
4.888443455304890115e+69
4.888443455304474042e+69
4.885642411984728194e+69
4.885642411984617855e+69
4.836502346484817102e+69
4.836502334192588380e+69
4.836501281326024269e+69
4.836501281326024269e+69
1.410087534751356110e+69
4.869964269895587576e+68
4.869958749875955481e+68
4.869958749870595578e+68
4.849480527746790539e+68
4.054565844215385185e+68
4.054565844215385185e+68
4.054553429454636217e+68
4.054553429454629512e+68
4.046810839017554995e+68
4.046810839017554995e+68
4.046810838610874737e+68
4.046810837226033226e+68
6.866836866588646457e+67
3.549941777080956604e+67
3.489754138436011549e+67
3.489753885133284286e+67
3.489636230980109406e+67
3.296143978101443084e+67
3.296143978101443084e+67
3.296143951741996578e+67
3.295288867196544178e+67
3.295288867196544178e+67
3.295288867196544178e+67
4.017478097069083201e+66
3.710612211192012375e+66
2.686890317862455394e+66
2.686890317862455394e+66
2.686890317861842171e+66
2.686211459216597109e+66
2.686211459216573538e+66
2.649372980425835668e+66
2.649372606430565817e+66
2.649372596927458827e+66
2.649372596927458827e+66
9.656826625888833899e+65
2.502722434265265867e+65
2.502722434264264095e+65
2.502716404082215469e+65
2.498368284193557042e+65
2.183996446639894758e+65
2.183996446639894758e+65
2.183992182579804389e+65
2.183992182579794568e+65
2.178404192391709582e+65
2.178404192391709582e+65
2.178404192107782139e+65
2.178404191804172829e+65
4.895048568828017865e+64
4.803434579660199329e+64
1.969213080713756074e+64
1.969212747093725997e+64
1.969168398776878246e+64
1.880398776105073722e+64
1.880398776105073722e+64
1.880398776105073722e+64
1.880398770035198736e+64
1.879706165937055665e+64
1.879706165937055665e+64
1.879706165937055665e+64
2.945604113094330108e+63
2.809007939774910728e+63
1.717892264413930629e+63
1.717892264413930629e+63
1.717563740230452313e+63
1.717563740229807060e+63
1.717563740229802676e+63
1.696074039673845076e+63
1.696073931224873899e+63
1.696073915115241915e+63
1.696073915115241915e+63
8.949595806898314865e+62
2.002131307365029677e+62
2.002131307364735778e+62
2.002121701756648620e+62
1.998827361063836313e+62
1.594472262728417713e+62
1.594472262728417713e+62
1.594472262728417713e+62
1.594470654640853265e+62
1.594470654640839564e+62
1.590226454045246382e+62
1.590226454045246382e+62
1.590226453975916398e+62
1.590226453306689774e+62
5.265832457089642628e+61
5.140969304301917374e+61
1.703605608338886908e+61
1.703582123387486026e+61
1.703581501905573234e+61
1.563011673546242841e+61
1.563011673546242841e+61
1.563011673546242841e+61
1.563011671624577137e+61
1.562329750157255454e+61
1.562329750157255454e+61
1.562329750157255454e+61
1.562329750157255169e+61
3.405946520752380863e+60
3.193391889892777189e+60
1.641177152341255720e+60
1.641177152341255720e+60
1.640964989550253699e+60
1.640964989547817030e+60
1.640964989547814532e+60
1.598357938874212636e+60
1.598357894741819663e+60
1.598357859131173701e+60
1.598357859131173701e+60
7.997404899157850012e+59
2.293622127617345785e+59
2.293622127617097801e+59
2.293604162234214769e+59
2.290544202004785857e+59
1.659027175710353765e+59
1.659027175710353765e+59
1.659027175710353765e+59
1.659026377979220581e+59
1.659026377979220581e+59
1.659026377979159031e+59
1.648942799099632455e+59
1.648942799099632455e+59
1.648942799099632455e+59
1.648942799051708377e+59
1.648942797260681339e+59
4.739171736770616158e+58
4.666991616526682634e+58
1.890265856140273456e+58
1.890252607423303874e+58
1.890251516997171158e+58
1.671738579421127879e+58
1.671738579421127879e+58
1.671738579421127879e+58
1.671738578007842961e+58
1.670021755679467498e+58
1.670021755679467498e+58
1.670021755679467498e+58
3.015036393655431656e+57
3.015036393655430960e+57
2.894370883601260469e+57
1.715203235753893535e+57
1.715203235753893535e+57
1.715097043635566580e+57
1.715097043628941865e+57
1.715097043628940820e+57
1.654710381742477767e+57
1.654710351334115458e+57
1.654710296942737647e+57
1.654710296942737647e+57
1.654710296942737647e+57
9.556707049063771538e+56
2.115351031725917042e+56
2.115351031725834721e+56
2.115317381378987098e+56
2.114123838147227227e+56
1.649386629789690340e+56
1.649386629789690340e+56
1.649386629789690340e+56
1.649386122875783761e+56
1.649386122875783761e+56
1.649386122875632839e+56
1.649386122875632839e+56
1.636355117272265100e+56
1.636355117272265100e+56
1.636355117253827567e+56
1.636355114740202774e+56
5.970147409304094983e+55
5.917319700126832128e+55
1.846397927798024898e+55
1.846389801000630936e+55
1.846387509930005717e+55
1.674889217378057699e+55
1.674889217378057699e+55
1.674889217378057699e+55
1.674889216823854508e+55
1.672632673167205004e+55
1.672632673167205004e+55
1.672632673167205004e+55
3.966813498734414516e+54
3.966813498734412474e+54
3.869558229889420911e+54
3.869558229889420911e+54
3.869558229889420911e+54
1.853219760435706511e+54
1.853140059611155152e+54
1.853140059600133066e+54
1.853140059600132726e+54
1.796334929734989392e+54
1.796334915735005139e+54
1.796334774580054047e+54
1.796334774580054047e+54
1.796334774580054047e+54
1.317097742325152120e+54
2.972914579053898030e+53
2.972914579053855069e+53
2.972827521607856784e+53
2.971311903455686826e+53
2.022975000532783869e+53
2.022975000532783869e+53
2.022974702630219510e+53
2.022974702630219510e+53
2.022974702630219510e+53
2.022974702629895816e+53
2.022974702629895816e+53
2.007251825708950365e+53
2.007251825708950365e+53
2.007251825708950365e+53
2.007251825701589207e+53
2.007251817372750796e+53
1.014520839823451671e+53
1.004721473430549950e+53
2.753590693398819204e+52
2.753583632300370650e+52
2.753576957935585731e+52
2.332025402602763429e+52
2.332025402602763429e+52
2.332025402602763429e+52
2.332025402317687623e+52
2.328517628763507278e+52
2.328517628763507278e+52
2.328517628763507278e+52
7.629865223718297446e+51
7.629865223718288141e+51
7.399884504913455591e+51
7.399884504913455591e+51
7.399884504913455591e+51
2.993283187461063989e+51
2.993201957667666652e+51
2.993201957667666652e+51
2.993201957604344225e+51
2.993201957604344225e+51
2.822539725456919518e+51
2.822539716285644451e+51
2.822539259803495699e+51
2.822539259803495699e+51
2.822539259803495699e+51
2.063928017370107847e+51
5.959737926232506721e+50
5.959737926232445244e+50
5.959457351006094773e+50
5.957077686701365676e+50
3.577852748670656288e+50
3.577852748670656288e+50
3.577852501421488068e+50
3.577852501421488068e+50
3.577852501421488068e+50
3.577852501419257457e+50
3.577852501419257457e+50
3.520124110843384310e+50
3.520124110843384310e+50
3.520124110843384310e+50
3.520124110835398973e+50
3.520124077283361533e+50
1.673674683153342132e+50
1.663219878395724466e+50
5.527130393805864699e+49
5.527122845141619476e+49
5.527101278990017210e+49
4.398008619322730350e+49
4.398008619322730350e+49
4.398008619322730350e+49
4.398008619322730350e+49
4.398008618965083904e+49
4.383267104770101556e+49
4.383267104770101556e+49
4.383267104770101556e+49
1.258420559522083240e+49
1.258420559522078307e+49
1.233715030729079213e+49
1.233715030729079213e+49
1.233715030729079213e+49
5.806659769847096734e+48
5.806578659756449225e+48
5.806578659444309756e+48
5.806578659444309756e+48
5.806578659444309756e+48
5.806578659444309756e+48
5.361606846186026094e+48
5.361606834512876941e+48
5.361605513535951656e+48
5.361605513535951656e+48
5.361605513535951656e+48
4.212575931768552982e+48
9.953982131028743880e+47
9.953982131028706560e+47
9.953055646711167772e+47
9.951294042341837662e+47
6.594550866312561715e+47
6.594550866312561715e+47
6.594550570028095780e+47
6.594550570028095780e+47
6.594550570028095780e+47
6.594550570018172003e+47
6.594550570018172003e+47
6.456466048068282332e+47
6.456466048068282332e+47
6.456466048068282332e+47
6.456466048062379339e+47
6.456465957540335913e+47
3.605937704395732576e+47
3.593026388384225925e+47
9.479192637608607719e+46
9.479184805798789905e+46
9.479109715472006118e+46
7.887743996600123895e+46
7.887743996600123895e+46
7.887743996600123895e+46
7.887743996600123895e+46
7.887743996347345238e+46
7.854224300145374434e+46
7.854224300145374434e+46
7.854224300145374434e+46
2.868337650697328849e+46
2.868337650697295891e+46
2.834014862413726104e+46
2.834014862413726104e+46
2.834014862413726104e+46
1.065054391107428509e+46
1.065044765761323580e+46
1.065044765677105438e+46
1.065044765677105438e+46
1.065044765677105438e+46
1.065044765677105438e+46
9.955994002192791885e+45
9.955993993348563512e+45
9.955988601424500793e+45
9.955988601424500793e+45
9.955988601424500793e+45
8.776506508388464822e+45
2.417366020348237528e+45
2.417366020348233725e+45
2.416979425524307119e+45
2.416612987141097455e+45
1.346531837289996888e+45
1.346531837289996888e+45
1.346531837289996888e+45
1.346531810146597325e+45
1.346531810146597325e+45
1.346531810143278933e+45
1.346531810143278933e+45
1.320115805583038682e+45
1.320115805583038682e+45
1.320115805583038682e+45
1.320115805582655059e+45
1.320115805582655059e+45
1.320115760784719814e+45
9.238909509821242731e+44
9.209002451440833213e+44
2.427247742308809934e+44
2.427247742308809934e+44
2.427246613967891740e+44
2.427211778398491532e+44
1.822064893465958154e+44
1.822064893465958154e+44
1.822064893465958154e+44
1.822064893465958154e+44
1.822064893444990420e+44
1.813871047901747913e+44
1.813871047901747913e+44
1.813871047901747913e+44
8.783229308022845028e+43
8.783229308022595459e+43
8.669816319615868456e+43
8.669816319615868456e+43
2.904472299142966353e+43
2.904472299142966353e+43
2.904456570133802252e+43
2.904456569392374709e+43
2.904456569392374709e+43
2.904456569392374709e+43
2.904456569392374709e+43
2.587970475320757261e+43
2.587970474391787744e+43
2.587967896594056237e+43
2.587967896594056237e+43
2.587967896594056237e+43
2.304054767240481715e+43
8.134595071944681481e+42
8.134595071944681481e+42
8.134595071944674053e+42
8.132589311763537729e+42
8.131677673739159974e+42
3.977022145968741794e+42
3.977022145968741794e+42
3.977022145968740556e+42
3.977022109160997567e+42
3.977022109160997567e+42
3.977022109126730768e+42
3.831443178062420563e+42
3.831443178062420563e+42
3.831443178062420563e+42
3.831443178062420563e+42
3.831443178061789214e+42
3.831443178061789214e+42
3.831442911059747696e+42
2.662469845222134326e+42
2.657005852153347201e+42
8.464580373358174789e+41
8.464580373358174789e+41
8.464578240238256524e+41
8.464384117869372369e+41
5.827584580850028493e+41
5.827584580850028493e+41
5.827584580850028493e+41
5.827584580850028493e+41
5.827584580808103333e+41
5.773953195185273914e+41
5.773953195185273914e+41
5.773953195185273914e+41
5.773953195183994967e+41
2.629317624584412996e+41
2.606886226587811093e+41
2.606886226587811093e+41
1.008982692835844957e+41
1.008982692835844957e+41
1.008979742118636068e+41
1.008979741485554112e+41
1.008979741485554112e+41
1.008979741485554112e+41
1.008979741485554112e+41
8.653601631613110887e+40
8.653601629582857307e+40
8.653588422791229197e+40
8.653588422791229197e+40
8.653588422791229197e+40
7.935167968993772920e+40
2.459713548311461071e+40
2.459713548311461071e+40
2.459713548311460104e+40
2.458534817135704102e+40
2.458405297543981404e+40
2.458405297543981404e+40
1.337539486049036952e+40
1.337539486049036952e+40
1.337539486049036227e+40
1.337539477911180603e+40
1.337539477911180603e+40
1.337539477883756604e+40
1.273942226261226119e+40
1.273942226261226119e+40
1.273942226261226119e+40
1.273942226261226119e+40
1.273942226261138351e+40
1.273942091003185611e+40
1.273942091003185611e+40
9.645417972483418078e+39
9.634260532591525850e+39
2.578925030999773767e+39
2.578925030999773767e+39
2.578809187286374528e+39
2.578808800281490538e+39
1.888171048955309237e+39
1.888171048955309237e+39
1.888171048955309237e+39
1.888171048955309237e+39
1.888171048949783841e+39
1.866229492592424837e+39
1.866229492592424837e+39
1.866229492592424837e+39
1.866229492592424837e+39
1.866229492591479154e+39
1.009100681447718574e+39
1.003946868807567443e+39
1.003946868807567443e+39
3.185802974645829194e+38
3.185802974645829194e+38
3.185802971753775269e+38
3.185797221698133315e+38
3.185797221698133315e+38
3.185797221698133315e+38
3.185797221698133315e+38
2.796906917239868856e+38
2.796906916973607477e+38
2.796898047486852667e+38
2.796898047486852667e+38
2.796898047486852667e+38
2.675208631291595152e+38
2.675208631291595152e+38
1.009880687770982914e+38
1.009880687770982725e+38
1.009104683633502366e+38
1.009062032233912411e+38
1.009062032233912411e+38
4.559131587717556979e+37
4.559131587717556979e+37
4.559131587717550367e+37
4.559131575847388253e+37
4.559131575847388253e+37
4.559131575701387793e+37
4.362177862780062899e+37
4.362177862780062899e+37
4.362177862780062899e+37
4.362177862780062899e+37
4.362176843227368049e+37
4.362176843227273602e+37
4.362176843227273602e+37
3.725986948689127503e+37
1.120649048407072608e+37
1.120354386671808292e+37
1.120354386671808292e+37
1.120268979144702643e+37
1.120268887455474199e+37
7.178998908391894163e+36
7.178998908391894163e+36
7.178998908391894163e+36
7.178998908391894163e+36
7.178998908384546160e+36
7.178998908384546160e+36
7.094846871591944150e+36
7.094846871591944150e+36
7.094846871591944150e+36
7.094846871585682292e+36
4.723679603919853397e+36
4.701595353775458521e+36
4.701595353775458521e+36
1.462956617844962808e+36
1.462956617844962808e+36
1.462956613924195014e+36
1.462955091649295401e+36
1.462955091649295401e+36
1.462955091649295401e+36
1.462955091649295401e+36
1.194032833395423898e+36
1.194032833350781302e+36
1.194026518283877069e+36
1.194026518283877069e+36
1.194026518283877069e+36
1.194026518283877069e+36
1.194026518283877069e+36
1.150360845358156088e+36
5.471925544280321812e+35
5.465882512323806159e+35
5.465882512323806159e+35
5.465725409879698044e+35
2.236338975070059085e+35
2.236338975070059085e+35
2.236338975070059085e+35
2.236338975070050968e+35
2.236338972442616277e+35
2.236338972442616277e+35
2.236338972216774634e+35
2.074294148236263627e+35
2.074294148236263627e+35
2.074294148236263627e+35
2.074294148236263627e+35
2.074294148236263627e+35
2.074293247604189665e+35
2.074293247604166422e+35
2.074293247604166422e+35
1.790185014574132063e+35
6.542180256569328730e+34
6.540919429158463828e+34
6.540919429158463828e+34
6.540147030695304323e+34
6.540146743211707712e+34
3.804661416148538220e+34
3.804661416148538220e+34
3.804661416148538220e+34
3.804661416148538220e+34
3.804661416146280800e+34
3.804661416146280800e+34
3.722131025383421187e+34
3.722131025383421187e+34
3.722131025383421187e+34
3.722131025372342533e+34
2.457243012724943722e+34
2.449728191985266656e+34
2.449728191985266656e+34
8.770754311613209111e+33
8.770754311613209111e+33
8.770754256559575882e+33
8.770749223076510183e+33
8.770749223076510183e+33
8.770749223076510183e+33
8.770749223076510183e+33
6.763931546936356343e+33
6.763877777022454949e+33
6.763877776865804045e+33
6.763877776865804045e+33
6.763877776865804045e+33
6.763877776865804045e+33
6.586086314044650929e+33
6.586086314044650929e+33
2.948676038407846718e+33
2.942492382159886645e+33
2.942492382159886645e+33
2.942450496662012071e+33
1.332347871425310681e+33
1.332347871425310681e+33
1.332347871425310681e+33
1.332347871425292810e+33
1.332347871425292810e+33
1.332347870405487623e+33
1.332347870092326760e+33
1.208733770048288548e+33
1.208733770048288548e+33
1.208733770048288548e+33
1.208733770048288548e+33
1.208733770048288548e+33
1.208732958592981697e+33
1.208732958592975933e+33
1.208732958592975933e+33
1.082994533408763323e+33
3.547004012629655609e+32
3.546663023704811597e+32
3.546663023704811597e+32
3.545862073775732049e+32
3.545861981368294512e+32
2.207937363372126497e+32
2.207937363372126497e+32
2.207937363372126497e+32
2.207937363372126497e+32
2.207937363371574175e+32
2.207937363371574175e+32
2.207937363371573815e+32
2.147226912869285488e+32
2.147226912869285488e+32
2.147226912854882977e+32
1.564112398683298342e+32
1.561307782538430970e+32
1.561307782538430970e+32
4.828122272880924133e+31
4.828122228615433408e+31
4.828122228615433408e+31
4.828120560690367068e+31
4.828120560690367068e+31
4.828120560690367068e+31
4.828120560690367068e+31
3.850519543675008061e+31
3.850458079135874549e+31
3.850458079098974305e+31
3.850458079098974305e+31
3.850458079098974305e+31
3.850458079098974305e+31
3.850458079098974305e+31
3.796782080276251639e+31
2.005918715892437478e+31
2.005918715892437478e+31
1.999637264292800044e+31
1.999637264292800044e+31
1.999616111767810590e+31
7.675286231518213058e+30
7.675286231518213058e+30
7.675286231518213058e+30
7.675286231517978871e+30
7.675286231517978871e+30
7.675286229057985528e+30
7.675286226300468631e+30
7.031346810234590580e+30
7.031346810234590580e+30
7.031346810234590580e+30
7.031346810234590580e+30
7.031346810234590580e+30
7.031337124589808866e+30
7.031337124589797607e+30
7.031337124589797607e+30
6.620023433157716204e+30
2.570182391874555844e+30
2.569986607211145860e+30
2.569986607211145860e+30
2.569062629089181832e+30
1.382579668216879787e+30
1.382579658004980017e+30
1.382579658004980017e+30
1.382579658004980017e+30
1.382579658004980017e+30
1.382579658004980017e+30
1.382579658004980017e+30
1.382579658004860953e+30
1.382579658004860390e+30
1.345547406485724418e+30
1.345547406485724418e+30
1.345547406470717861e+30
1.345547406470717861e+30
1.107521850651228649e+30
1.107521850651228649e+30
1.105983543309338886e+30
3.703235092174851831e+29
3.703235000316249645e+29
3.703235000316249645e+29
3.703234287060002704e+29
3.703234287060002704e+29
3.703234287060002704e+29
3.703234287060002704e+29
2.682251413269237708e+29
2.682185878196303373e+29
2.682185878196303373e+29
2.682185878186471804e+29
2.682185878186471804e+29
2.682185878186471804e+29
2.682185878186471804e+29
2.653609762847953439e+29
1.685869527543735295e+29
1.678978930411711694e+29
1.678978930411711694e+29
1.678978930411711694e+29
1.678968090768038452e+29
6.236536415368631925e+28
6.236536415368631925e+28
6.236536415368631925e+28
6.236536415368222907e+28
6.236536415368222907e+28
6.236536414476394952e+28
6.236536408054483545e+28
6.236536408054483545e+28
5.444592644508513966e+28
5.444592644508513966e+28
5.444592644508513966e+28
5.444592644508513966e+28
5.444579883811475735e+28
5.444579883811471337e+28
5.444579883811471337e+28
5.172458717441861597e+28
2.425425801890569903e+28
2.425425801890569903e+28
2.425299065858122758e+28
2.424020126821113601e+28
1.202063320470661121e+28
1.202063316231983763e+28
1.202063316231983763e+28
1.202063316231983763e+28
1.202063316231983763e+28
1.202063316231983763e+28
1.202063316231983763e+28
1.202063316231928128e+28
1.202063316231926808e+28
1.202063316231926808e+28
1.148351868850487138e+28
1.148351868811931883e+28
1.148351868811931883e+28
9.565031639452657954e+27
9.565031639452657954e+27
9.556687167196650470e+27
3.705386421062645315e+27
3.705386218985685282e+27
3.705386218985685282e+27
3.705385826883286769e+27
3.705385826883286769e+27
3.705385826883286769e+27
3.705385826883286769e+27
2.506767493953141919e+27
2.506767493953141919e+27
2.506678514381232104e+27
2.506678514375931359e+27
2.506678514375931359e+27
2.506678514375931359e+27
2.506678514375931359e+27
2.488474297127593101e+27
1.566409493366770171e+27
1.554820471353873345e+27
1.554820471353873345e+27
1.554820471353873345e+27
1.554815367057888222e+27
6.368067200888457721e+26
6.368067200888457721e+26
6.368067200886955513e+26
6.368067200886955513e+26
6.368067200886955513e+26
6.368067200312980207e+26
6.368067185600523693e+26
6.368067185600523693e+26
6.368067185600523693e+26
6.368067185600523693e+26
5.367277510217251284e+26
5.367277510217251284e+26
5.367277510217251284e+26
5.367258233043608658e+26
5.367258233043606597e+26
5.172274698409389448e+26
5.172274698409389448e+26
5.172274698409389448e+26
2.310629076019833281e+26
2.310565915620234241e+26
2.308297972625414865e+26
1.220979375291343885e+26
1.220979372591893202e+26
1.220979372591893202e+26
1.220979372591893202e+26
1.220979372591893202e+26
1.220979372591893202e+26
1.220979372591893202e+26
1.220979372591888220e+26
1.220979372591863824e+26
1.220979372591863824e+26
1.152254056964343595e+26
1.152254056879049153e+26
1.152254056879049153e+26
1.005204683508753384e+26
1.005204683508753384e+26
1.004698457107605517e+26
3.568580795519450588e+25
3.568580504157369398e+25
3.568580504157369398e+25
3.568580279662390216e+25
3.568580279662390216e+25
3.568580279662390216e+25
3.568580279662390216e+25
2.506665593797293247e+25
2.506665593797293247e+25
2.506491688077281606e+25
2.506491688075025889e+25
2.506491688075025889e+25
2.506491688075025889e+25
2.506491688075025889e+25
2.496464450040384145e+25
2.459780290425956408e+25
1.728656460402398329e+25
1.728656460402398329e+25
1.728656460402398329e+25
1.728652565682163187e+25
6.279975910049048965e+24
6.279975910049048965e+24
6.279975910045837404e+24
6.279975910045837404e+24
6.279975910045837404e+24
6.279975887803620191e+24
6.279975887566064476e+24
6.279975887566064476e+24
6.279975887566064476e+24
6.279975887566064476e+24
5.371346812115077581e+24
5.371346812115077581e+24
5.371346812115077581e+24
5.371309074562208200e+24
5.371309074562207126e+24
5.262298421782522345e+24
5.262298421782522345e+24
5.262298421782522345e+24
2.746662596396838419e+24
2.746607505318789889e+24
2.742586131745477973e+24
1.271468034512227169e+24
1.271468033266446403e+24
1.271468033266446403e+24
1.271468033266446403e+24
1.271468033266446403e+24
1.271468033266446403e+24
1.271468033266446403e+24
1.271468033266446403e+24
1.271468033266434592e+24
1.271468033266434592e+24
1.271468033266425734e+24
1.202744822406620337e+24
1.202744822262154951e+24
1.202744822262154951e+24
1.109700640767611440e+24
1.109319750200799682e+24
1.109319750200799682e+24
1.109319199863621974e+24
4.514954182397976484e+23
4.514954182397976484e+23
4.514954029467400782e+23
4.514954029467400782e+23
4.514954029467400782e+23
4.514954029467400782e+23
4.514954029467400782e+23
2.846564839329359137e+23
2.846283295480976895e+23
2.846283295480009185e+23
2.846283295480009185e+23
2.846283295480009185e+23
2.802446713022336173e+23
2.794699504705705555e+23
2.211244605391149109e+23
2.211244605391149109e+23
2.211244605391149109e+23
2.211244605391149109e+23
2.211241893296272793e+23
2.211241893296272457e+23
8.408998454015360500e+22
8.408998454006411533e+22
8.408998454006411533e+22
8.408998454006411533e+22
8.408998454006411533e+22
8.408998376054952926e+22
8.408998376054952926e+22
8.408998375913245848e+22
8.408998375913245848e+22
6.739633701318111422e+22
6.739559112484314101e+22
6.739559112484314101e+22
6.739559112484314101e+22
6.739559112484314101e+22
6.739559112484314101e+22
6.633133385809521961e+22
6.633133385809521961e+22
4.059641306180856316e+22
4.059590088350057156e+22
4.051512508881475469e+22
1.806773941810384549e+22
1.806773941810384549e+22
1.806773940973454806e+22
1.806773940973454806e+22
1.806773940973454806e+22
1.806773940973454806e+22
1.806773940973454806e+22
1.806773940973417477e+22
1.806773940973417477e+22
1.806773940973417477e+22
1.659436178298663600e+22
1.659436178298658567e+22
1.659436177761117405e+22
1.659436177761117405e+22
1.548835255267250248e+22
1.548519441176863126e+22
1.548519441176863126e+22
1.548518094869676583e+22
7.315461307937221247e+21
7.315461307937221247e+21
7.315461174363264385e+21
7.315461174363264385e+21
7.315461174363264385e+21
7.315461174363264385e+21
7.315461174363264385e+21
4.327948739947822318e+21
4.327350031615254856e+21
4.327350031615254856e+21
4.327350031614474715e+21
4.327350031614474715e+21
4.327350031614474715e+21
4.217666688063650660e+21
4.210191556447371788e+21
3.380677011249302077e+21
3.380677011249302077e+21
3.380677011249302077e+21
3.380677011249302077e+21
3.380677011249301029e+21
3.380674902185853583e+21
1.427620955711968641e+21
1.427620955706926825e+21
1.427620955706926825e+21
1.427620955706926825e+21
1.427620955706926825e+21
1.427620955706926825e+21
1.427620927499909464e+21
1.427620927499909464e+21
1.427620927485669540e+21
1.093404749418631266e+21
1.093386689112582783e+21
1.093386689112582783e+21
1.093386689112582783e+21
1.093386689112582783e+21
1.093386689112582783e+21
1.081407387460118905e+21
6.602187116697145836e+20
6.602187116697145836e+20
6.602142048026867794e+20
6.578816079825323950e+20
3.121249865456270705e+20
3.121249865456270705e+20
3.121249864585478144e+20
3.121249864585478144e+20
3.121249864585478144e+20
3.121249864585478144e+20
3.121249864585478144e+20
3.121249864585260564e+20
3.121249864585260564e+20
3.121249864585260564e+20
2.808163875529275474e+20
2.808163873596723692e+20
2.808163873596720087e+20
2.808163873596720087e+20
2.670813164593634673e+20
2.670500703076893655e+20
2.670497019579712799e+20
1.220049861932890358e+20
1.220049861932890358e+20
1.220049861932890358e+20
1.220049848979914752e+20
1.220049848979914752e+20
1.220049848979914752e+20
1.220049848979914752e+20
7.475156625497158451e+19
7.475156625497158451e+19
7.475156625497158451e+19
7.473203799765188608e+19
7.473203799765188608e+19
7.473203799764603699e+19
7.473203799764603699e+19
7.236953716570855014e+19
6.135650607910333645e+19
6.130382633551527936e+19
6.130382633551527936e+19
6.130382633551522202e+19
6.130382633551522202e+19
6.130382633551522202e+19
6.130380215678005248e+19
2.421803349841691443e+19
2.421803349823476531e+19
2.421803349823476531e+19
2.421803349823476531e+19
2.421803349823476531e+19
2.421803275148788531e+19
2.421803275148788531e+19
2.421803275148788531e+19
2.421803275138483405e+19
1.885078764911137178e+19
1.885020064513435648e+19
1.885020064513435648e+19
1.885020064513435648e+19
1.885020064513435648e+19
1.885020064513435648e+19
1.873118601330950554e+19
1.274006186952891392e+19
1.274006186952891392e+19
1.274000336100229734e+19
1.267695778655447245e+19
1.267695778655447245e+19
5.469801664974587904e+18
5.469801664302085120e+18
5.469801664302085120e+18
5.469801664302085120e+18
5.469801664302085120e+18
5.469801664302085120e+18
5.469801664302085120e+18
5.469801664301245440e+18
5.469801664301245440e+18
4.939837671934661632e+18
4.939837666433226752e+18
4.939837666433226752e+18
4.939837666433226752e+18
4.939837666433224704e+18
4.795505626917523456e+18
4.795492638136976384e+18
4.795141424790594560e+18
4.795141424790594560e+18
2.512571575866230272e+18
2.512571575866230272e+18
2.512571575866230272e+18
2.512571562051418624e+18
2.512571562051418624e+18
2.512571562051418624e+18
2.512571562051418624e+18
1.393091266450573568e+18
1.392598314317012992e+18
1.392598314317012992e+18
1.392598314317012992e+18
1.392598314316971520e+18
1.392598314316971520e+18
1.347585015104998400e+18
1.212731576567993088e+18
1.212013875228333312e+18
1.212013875228333312e+18
1.212013875228330496e+18
1.212013875228330496e+18
1.212013875186362112e+18
1.212013875186362112e+18
5.296269851548438400e+17
5.296269851548438400e+17
5.296269397719217920e+17
5.296269397719217920e+17
5.296269397719217920e+17
5.296269007183302400e+17
5.296269007183302400e+17
5.296269007183302400e+17
5.296269007173224960e+17
3.825793712628188800e+17
3.825617968160571520e+17
3.825617968160571520e+17
3.825617968160571520e+17
3.825617968160571520e+17
3.825617968160571520e+17
3.808496135368346240e+17
3.808496135368346240e+17
2.889363922786804480e+17
2.889356354891191040e+17
2.889356354891191040e+17
2.889356354891191040e+17
2.871571911293746560e+17
1.264903300998184160e+17
1.264903300998184160e+17
1.264903300924647200e+17
1.264903300924647200e+17
1.264903300924647200e+17
1.264903300924647200e+17
1.264903300924234240e+17
1.264903300924234240e+17
1.264903300924234240e+17
1.264903300924234240e+17
1.096916189913916640e+17
1.096916186947564480e+17
1.096916186947564480e+17
1.096916186947564320e+17
1.071939467068033760e+17
1.071934749672337760e+17
1.071934749672337760e+17
1.071890618153074240e+17
6.396961897434972800e+16
6.396961897434972800e+16
6.396961897434972800e+16
6.396961897434972800e+16
6.396961879124652000e+16
6.396961879124652000e+16
3.419571152416811600e+16
3.419571152416811600e+16
3.417940411734538800e+16
3.417940411734538800e+16
3.417940411734538800e+16
3.417940411734490000e+16
3.417940411734490000e+16
3.253302148255944400e+16
2.974875739248330400e+16
2.973789453146146400e+16
2.973789453146131600e+16
2.973789453146131600e+16
2.973789453146131600e+16
2.973789452869848400e+16
2.973789452869848400e+16
1.449389335916312400e+16
1.449389266419850800e+16
1.449389266419850800e+16
1.449389266419850800e+16
1.449389266419850800e+16
1.449389266419850800e+16
1.449389053824460200e+16
1.449389053824460200e+16
1.449389053822975000e+16
1.001212332679654200e+16
1.001212332679654200e+16
1.001146243298471200e+16
1.001146243298471200e+16
1.001146243298471200e+16
1.001146243298471200e+16
1.001146243298471200e+16
9.981929888428938000e+15
9.981929888428938000e+15
7.733862948107143000e+15
7.733862948107143000e+15
7.733851861353204000e+15
7.655513811919991000e+15
7.655513811919991000e+15
3.599864030826285500e+15
3.599864030826285500e+15
3.599864030826285500e+15
3.599864030709079000e+15
3.599864030709079000e+15
3.599864030705422000e+15
3.599864030705422000e+15
3.599864030705422000e+15
3.599864030705422000e+15
3.599864030705422000e+15
3.599864007482816500e+15
3.036623138023876000e+15
3.036623138023876000e+15
3.036623138023875500e+15
3.036623138023875500e+15
3.036602351016306000e+15
2.988132337045580000e+15
2.988062214151625000e+15
2.988062214151625000e+15
1.803699410265127250e+15
1.803699410265127250e+15
1.803699410265127250e+15
1.803699407400525500e+15
1.803699407400525500e+15
1.800901804609701000e+15
9.919517361746310000e+14
9.919517361746310000e+14
9.919517361746310000e+14
9.919517361746310000e+14
9.919517361746247500e+14
9.919517361746247500e+14
9.335985492670203750e+14
8.745313417000301250e+14
8.745313417000162500e+14
8.743393595313937500e+14
8.743393595313937500e+14
8.743393595313937500e+14
8.743393593577907500e+14
8.743393593577907500e+14
8.743393593577907500e+14
4.207394348536840000e+14
4.207394233295966250e+14
4.207394233295966250e+14
4.207394233295966250e+14
4.207394233295966250e+14
4.207393249602928750e+14
4.207393249602928750e+14
4.207393249602928750e+14
2.937474254982938750e+14
2.937474254982025625e+14
2.937123109346483125e+14
2.937123109346483125e+14
2.937123109346483125e+14
2.937123109346483125e+14
2.937123109346483125e+14
2.931919516183286250e+14
2.931919516183286250e+14
2.413686719194352500e+14
2.413686719194352500e+14
2.381321873409048438e+14
2.381319805004722812e+14
2.381319805004722812e+14
2.381319805004722812e+14
1.071806189661506719e+14
1.071806189661506719e+14
1.071806189645951406e+14
1.071806189645951250e+14
1.071806189643594531e+14
1.071806189643594531e+14
1.071806189643594531e+14
1.071806189643594531e+14
1.071806178339891875e+14
1.071806178339891875e+14
9.054468675847995312e+13
9.054468675847995312e+13
9.054468675847995312e+13
9.054468675847995312e+13
9.054354593958582812e+13
8.965686625859740625e+13
8.965686625859740625e+13
8.965562398005235938e+13
5.995216317171790625e+13
5.995216317171790625e+13
5.995216317171790625e+13
5.995216312433601562e+13
5.982071321813617188e+13
3.076520173359725391e+13
3.076520173359725391e+13
3.076520173359725391e+13
3.076520173359725391e+13
3.076520173359725391e+13
3.076520173359717969e+13
3.076520173359717969e+13
2.890122452592113281e+13
2.890122452592113281e+13
2.890122452592003125e+13
2.890122452592003125e+13
2.771626857272670703e+13
2.771626857272670703e+13
2.771247364889175391e+13
2.771247364889175391e+13
2.771247363931546484e+13
2.771247363931546484e+13
1.490472679145454297e+13
1.490472657493608398e+13
1.490472657493608398e+13
1.490472657493608398e+13
1.490472657493608398e+13
1.490471895477465430e+13
1.490471895477465430e+13
9.716654005294396484e+12
9.716654005294396484e+12
9.716654005293152344e+12
9.716654005293152344e+12
9.715018983945642578e+12
9.715018983945642578e+12
9.715018983945642578e+12
9.715018983945642578e+12
9.703809062737371094e+12
8.472700490922967773e+12
8.472700490922967773e+12
8.472700490922967773e+12
8.340318248289350586e+12
8.340314449620468750e+12
8.340314449620468750e+12
8.340314449620468750e+12
8.340314449620468750e+12
4.017301280108102539e+12
4.017301280080870605e+12
4.017301280080869629e+12
4.017301280062689941e+12
4.017301280062689941e+12
4.017301182036959961e+12
4.017301182036959961e+12
3.239517772394903809e+12
3.239517772394903809e+12
3.239517772394903809e+12
3.239517772394903809e+12
3.239517772394903809e+12
3.239517772394903809e+12
3.239517772394903809e+12
3.239455625330650879e+12
3.217055839741429688e+12
3.217055839741429688e+12
3.217031893429401367e+12
2.359369606740429199e+12
2.359369606740429199e+12
2.359369606740429199e+12
2.359369605825965820e+12
2.352601006408325195e+12
1.216426528325256836e+12
1.216426528325256836e+12
1.216426528325256836e+12
1.216426528325256836e+12
1.216426528325256836e+12
1.216426528325255371e+12
1.117109809099973877e+12
1.117109809099973877e+12
1.117109809099883789e+12
1.117109809099883789e+12
1.117109809099883789e+12
1.117109809099883789e+12
1.081926840033613403e+12
1.081926839132612183e+12
1.081840258486540649e+12
6.416892905343066406e+11
6.416892905343066406e+11
6.416892905343066406e+11
6.416892855331761475e+11
6.416886844459266357e+11
6.416886844459266357e+11
6.416886844459266357e+11
6.416886844459266357e+11
4.066279188570740967e+11
4.066279188570740967e+11
4.066279188570494385e+11
4.065326597760482788e+11
4.065326597760482788e+11
4.065326597760482788e+11
4.065326597760482788e+11
4.062386511137034912e+11
4.062386511137034912e+11
3.628096488110492554e+11
3.628096488110492554e+11
3.544114177285044556e+11
3.544114177285044556e+11
3.544114177285044556e+11
3.544114177285044556e+11
3.544113322506901855e+11
1.831570826918823547e+11
1.831570826918823547e+11
1.831570826918822632e+11
1.831570826895495911e+11
1.831570826889080505e+11
1.831570826889080505e+11
1.831570740174787598e+11
1.436220197220357056e+11
1.436220197220357056e+11
1.436220197220357056e+11
1.436220197220357056e+11
1.436220197220357056e+11
1.436220197220357056e+11
1.436179557687864380e+11
1.436179557687864380e+11
1.436179557687864380e+11
1.436179557687864380e+11
1.429572699382861023e+11
1.084754489531057434e+11
1.084751096733569031e+11
1.084751096733569031e+11
1.079771518621136475e+11
1.079771518404074097e+11
1.079771518404074097e+11
5.753985467126619720e+10
5.753985467126619720e+10
5.753985467126619720e+10
5.753985467126619720e+10
5.753985467126619720e+10
5.753985467126617432e+10
5.753985467126617432e+10
5.203668736757668304e+10
5.203668736756460571e+10
5.203668736756460571e+10
5.203668736756460571e+10
5.203668727886517334e+10
5.203668727886517334e+10
5.088274085955995941e+10
5.088035441073281097e+10
5.088035441073281097e+10
3.112288741996191406e+10
3.112288741996191406e+10
3.112284037661947632e+10
3.112284037661947632e+10
3.112284024329079819e+10
3.112284024329079819e+10
3.112284024329079819e+10
3.112284024329079819e+10
1.978194906213630676e+10
1.977409027773775482e+10
1.977409027773723221e+10
1.977409027773723221e+10
1.977409027773723221e+10
1.977409027773723221e+10
1.977409027773723221e+10
1.977409027773723221e+10
1.976541950697473145e+10
1.818019379965342331e+10
1.765306869075635910e+10
1.765306869075635910e+10
1.765306869075635910e+10
1.765306869075635910e+10
1.765306628736228180e+10
9.211246058556705475e+09
9.211246058556705475e+09
9.211246058556688309e+09
9.211246058305606842e+09
9.211246058305606842e+09
9.211246058291059494e+09
9.211245328613950729e+09
7.179058021465543747e+09
7.179058021465543747e+09
7.179058021465543747e+09
7.179058021465543747e+09
7.179058021465543747e+09
7.179058021465543747e+09
7.179058021465543747e+09
7.179058021465543747e+09
7.178704017217357635e+09
7.178704017217357635e+09
7.158097936250241280e+09
7.158097936250241280e+09
5.780602899937469482e+09
5.780591980799434662e+09
5.780591980799434662e+09
5.745086681142957687e+09
2.995707321700849533e+09
2.995707321551058292e+09
2.995707321551058292e+09
2.995707321551058292e+09
2.995707321551058292e+09
2.995707321551058292e+09
2.995707321551058292e+09
2.995707321551058292e+09
2.995707321551057816e+09
2.995707321551057816e+09
2.995707321549354076e+09
2.692568997900182724e+09
2.692568997900182724e+09
2.692568989999111652e+09
2.653762346093614578e+09
2.653762346093614578e+09
2.653688777909455299e+09
2.653688777909455299e+09
2.653688777909455299e+09
1.774213139542415380e+09
1.774207809564962864e+09
1.774207809564962864e+09
1.774207805680406570e+09
1.774207805680406570e+09
1.774207805680406570e+09
1.774207805680406570e+09
1.079780907608223677e+09
1.079192175243239164e+09
1.079192175243227482e+09
1.079192175243227482e+09
1.079192175243227482e+09
1.079192175243227482e+09
1.079192175243227482e+09
1.078899435674178600e+09
1.078899435674178600e+09
1.018491151501028895e+09
9.848056449284567833e+08
9.848056449284567833e+08
9.848056449284567833e+08
9.848055778700871468e+08
9.848055778700871468e+08
5.578223846586524248e+08
5.578223846586496830e+08
5.578223846280144453e+08
5.578223846280144453e+08
5.578223846280144453e+08
5.578223846276113987e+08
5.578222913318697214e+08
4.171148748743305802e+08
4.171148748743305802e+08
4.171148748743305802e+08
4.171148748743305802e+08
4.171148748743305802e+08
4.171148748743305802e+08
4.171148748743305802e+08
4.171148748743305802e+08
4.170848231964750290e+08
4.170848231964750290e+08
4.162957367412150502e+08
4.162957367412150502e+08
3.549890431400947571e+08
3.549890431400947571e+08
3.549886739588013291e+08
3.522550653499669433e+08
3.522550653499669433e+08
1.911846561664502323e+08
1.911846561618415415e+08
1.911846561618415415e+08
1.911846561618415415e+08
1.911846561618415415e+08
1.911846561618415415e+08
1.911846561618415415e+08
1.911846561618415415e+08
1.911846561616106927e+08
1.911846561616106927e+08
1.911846561616106927e+08
1.675017721749088764e+08
1.675017711088844836e+08
1.675017711088844836e+08
1.675017711088844836e+08
1.657925114147514105e+08
1.657899370597477853e+08
1.657899370597477853e+08
1.196244157948715538e+08
1.196238064737419784e+08
1.196238063403438777e+08
1.196238063403438777e+08
1.196238063403438777e+08
1.196238063403438777e+08
1.196238063403438777e+08
7.253495166796369851e+07
7.248064000082643330e+07
7.248064000082643330e+07
7.248064000082609057e+07
7.248064000082609057e+07
7.248064000082609057e+07
7.248064000082609057e+07
6.916744810911017656e+07
6.915666597289854288e+07
6.630004471889980137e+07
6.630004471889980137e+07
6.630004471889980137e+07
6.630004471889980137e+07
6.630004242295443267e+07
4.037343968710580468e+07
4.037343968710533530e+07
4.037343968710533530e+07
4.037343968151038140e+07
4.037343968151038140e+07
4.037343968151038140e+07
4.037342739141973108e+07
4.037342739141973108e+07
4.037342739140576124e+07
4.037342739140576124e+07
4.037342739140576124e+07
4.037342739140576124e+07
2.956603479386731982e+07
2.956294755818183720e+07
2.956294755818183720e+07
2.956294755818183720e+07
2.956294755818183720e+07
2.956294755818183720e+07
2.952738129471617192e+07
2.952738129471617192e+07
2.592797382133365422e+07
2.592797382133365422e+07
2.592795894386262074e+07
2.592795894386262074e+07
2.564195528916418180e+07
1.453429915571185388e+07
1.453429915553561412e+07
1.453429915553561412e+07
1.453429915553561412e+07
1.453429915553561412e+07
1.453429915553561412e+07
1.453429915553561412e+07
1.453429915548910201e+07
1.453429915548910014e+07
1.453429915548910014e+07
1.251958693213759921e+07
1.251958693213759921e+07
1.251958678237546422e+07
1.251958678237546422e+07
1.251958678237546422e+07
1.243368917302634381e+07
1.243357979665446281e+07
1.243344519922355749e+07
9.362513228147862479e+06
9.362513228147862479e+06
9.362513228147862479e+06
9.362513222741018981e+06
9.362513222741018981e+06
9.362513222741018981e+06
9.362513222741018981e+06
5.732739521691469476e+06
5.732739521691469476e+06
5.726066386847028509e+06
5.726066386847028509e+06
5.726066386847016402e+06
5.726066386847016402e+06
5.726066386847016402e+06
5.726066386847016402e+06
5.419044930489350110e+06
5.259836120324945077e+06
5.259365081714639440e+06
5.259365081714639440e+06
5.259365081714363769e+06
5.259365081714363769e+06
5.259365081714363769e+06
5.259364986117194407e+06
3.334369794222319033e+06
3.334369793262639549e+06
3.334369793262639549e+06
3.334369793262639549e+06
3.334369793262639549e+06
3.334368079181693494e+06
3.334368079181693494e+06
3.334368079181693494e+06
3.334368079181693494e+06
3.334368079181693494e+06
3.334368079181183595e+06
2.422882456481227186e+06
2.422474505432727281e+06
2.422474505432727281e+06
2.422474505432727281e+06
2.422474505432727281e+06
2.422474505432727281e+06
2.422474505432727281e+06
2.420669650592446793e+06
2.420669650592446793e+06
2.196549287255572155e+06
2.196548580745351501e+06
2.196548580745351501e+06
2.165907810834804084e+06
1.250825199938000413e+06
1.250825199938000413e+06
1.250825199931016890e+06
1.250825199931016890e+06
1.250825199931016890e+06
1.250825199931016890e+06
1.250825199931016890e+06
1.250825199922354193e+06
1.250825199922353728e+06
1.250825199922353728e+06
1.066726636156564113e+06
1.066726613925072132e+06
1.066726613925072132e+06
1.066726613925072132e+06
1.066726613925072132e+06
1.062004326098005287e+06
1.061985002798123052e+06
1.061979723132609390e+06
8.487885019902948989e+05
8.487885019902948989e+05
8.487885019902948989e+05
8.487885017525437288e+05
8.487885017525437288e+05
8.487885017525437288e+05
8.487885017525437288e+05
5.142504215229918482e+05
5.134468062072925968e+05
5.134468062072925968e+05
5.134468062072925968e+05
5.134468062072925968e+05
5.134468062072925968e+05
5.134468062072921311e+05
5.134468062072921311e+05
4.828769602703815326e+05
4.732349543632981367e+05
4.732097238590313355e+05
4.732097238589750486e+05
4.732097238589750486e+05
4.732097234637482325e+05
3.228564140641877893e+05
3.228564140641877893e+05
3.228564121368312044e+05
3.228564121368312044e+05
3.228564121368312044e+05
3.228564121368312044e+05
3.228564121368312044e+05
3.228564121368312044e+05
3.228560959018158028e+05
3.228560959018158028e+05
3.228560959018158028e+05
3.228560959017947898e+05
2.285191136800899403e+05
2.284647855105260678e+05
2.284647855105260678e+05
2.284647855105260678e+05
2.284647855105260678e+05
2.284647855105260678e+05
2.284647855105260678e+05
2.283585356088659901e+05
2.283585356088659901e+05
2.128796995661951369e+05
2.128796640627947345e+05
2.093036308480442385e+05
2.093036308480442385e+05
2.093036308480442385e+05
1.281066950559304823e+05
1.281066950556086813e+05
1.281066950556086813e+05
1.281066950556086813e+05
1.281066950537507073e+05
1.281066950537505618e+05
1.281066950537505618e+05
1.281066950537505618e+05
1.281066950537505618e+05
1.067273370718922815e+05
1.067273326926276495e+05
1.067273326926276495e+05
1.067273326926276495e+05
1.067273326926276495e+05
1.064140818300626270e+05
1.064111772071863088e+05
1.064111772071863088e+05
1.064108936047348107e+05
8.941210488671268104e+04
8.941210488671268104e+04
8.941210488671268104e+04
8.941210487512219697e+04
8.941210487512219697e+04
8.941210487512219697e+04
5.538489160986315255e+04
5.526879458055846044e+04
5.526879458055846044e+04
5.526879458055846044e+04
5.526879458055846044e+04
5.526879458055846044e+04
5.526879458055843861e+04
5.526879458055843861e+04
5.130638608169327927e+04
5.058184228650851583e+04
5.058030010198063246e+04
5.058030010196749208e+04
5.058030010196749208e+04
5.058030010196749208e+04
5.058030001311094384e+04
5.058030001311094384e+04
3.675835076955761906e+04
3.675835076955761906e+04
3.675835065979845240e+04
3.675835065979845240e+04
3.675835065979845240e+04
3.675835065979845240e+04
3.675828928788893973e+04
3.675828928788893973e+04
2.586100139841966302e+04
2.586100139841921919e+04
2.586100139841921919e+04
2.585233177879425421e+04
2.585233177879425421e+04
2.585233177879425421e+04
2.585233177879425421e+04
2.585233177879425421e+04
2.584505173509192900e+04
2.451042584745794738e+04
2.451042584745794738e+04
2.451042584745794738e+04
2.397590699490649058e+04
2.397590501640166985e+04
2.397590501640166985e+04
1.548367095413633433e+04
1.548367095413633433e+04
1.548367095413633433e+04
1.548367095412080016e+04
1.548367095412076014e+04
1.548367095358665028e+04
1.548367095358665028e+04
1.548366957363310212e+04
1.548366957363310212e+04
1.548366957363310212e+04
1.272214594076728463e+04
1.272214594076728463e+04
1.272214594076728463e+04
1.272214594076728463e+04
1.272162859821478014e+04
1.272162859821478014e+04
1.269779150671255957e+04
1.269777376571840432e+04
1.104049297209495126e+04
1.104049297209495126e+04
1.104049297209495126e+04
1.104049297209495126e+04
1.104049297151102473e+04
1.104049297151102473e+04
1.098834743113237164e+04
6.997319290065637688e+03
6.997319290065637688e+03
6.997319290065637688e+03
6.997319290065637688e+03
6.997319290065637688e+03
6.997319290065637688e+03
6.433363632615054485e+03
6.433363632615054485e+03
6.433363632615054485e+03
6.433363632610871718e+03
6.372130542100093407e+03
6.372023017501378490e+03
6.372023017501378490e+03
6.372022996388467618e+03
6.372022996388467618e+03
6.372022996388467618e+03
4.851402081337005257e+03
4.851402081337005257e+03
4.851402075019655058e+03
4.851402075019655058e+03
4.851402075019655058e+03
4.851388753204994828e+03
4.851388753204994828e+03
3.416199766344585441e+03
3.416199766344585441e+03
3.416199766344571344e+03
3.416199766344571344e+03
3.414485532598615009e+03
3.414485532598615009e+03
3.414485532598615009e+03
3.414485532598615009e+03
3.413927548310570273e+03
3.413927548310570273e+03
3.287423035684631941e+03
3.287423035684631941e+03
3.201595524065437075e+03
3.201595407494136907e+03
3.201595407494136907e+03
2.156536528038473989e+03
2.156536528038473989e+03
2.156536528038473989e+03
2.156536528037926928e+03
2.156536528037911921e+03
2.156536527882793962e+03
2.156536527882793962e+03
2.156536194301321302e+03
2.156536194301321302e+03
1.755597355823750377e+03
1.755597355823750377e+03
1.755597355823750377e+03
1.755597355823750377e+03
1.755597355823750377e+03
1.755485709647838121e+03
1.755485709647838121e+03
1.755485709647838121e+03
1.753490132520925272e+03
1.578434975163963372e+03
1.578434069333365414e+03
1.578434069333365414e+03
1.578434069333365414e+03
1.568891113554657068e+03
1.568891113533260750e+03
1.568891113533260750e+03
1.019529922796865776e+03
1.019529922796865776e+03
1.019529922796865776e+03
1.019529922796865776e+03
1.019529922796865776e+03
1.019529922796865776e+03
9.298170788202786525e+02
9.298170788189706855e+02
9.298170788189706855e+02
9.298170788189706855e+02
9.241780783534862849e+02
9.241780728190108221e+02
9.241780728190108221e+02
9.241705992971830028e+02
7.433704991003938858e+02
7.433704991003938858e+02
7.433704991003938858e+02
7.433669543542932843e+02
7.433669540851516331e+02
7.433669540851516331e+02
7.433669540851516331e+02
7.433669540851516331e+02
5.213174705119813552e+02
5.213174705119813552e+02
5.209596417860997235e+02
5.209596417860996098e+02
5.209596417860996098e+02
5.209596417860996098e+02
5.209167191448283347e+02
5.078171410090915856e+02
4.924134881784961522e+02
4.924134881784961522e+02
4.924134881784961522e+02
4.924134881784961522e+02
4.924134881784961522e+02
4.924134831747805947e+02
3.520355617483011201e+02
3.520355617483011201e+02
3.520355617482951516e+02
3.520355616967850096e+02
3.520355616967780179e+02
3.520355616967780179e+02
3.520355616967780179e+02
3.520354609554153171e+02
2.823792134003172691e+02
2.823792134003172691e+02
2.823792134003172691e+02
2.823792134003172691e+02
2.823792134003172691e+02
2.823533184791069175e+02
2.823533184791069175e+02
2.823533184791069175e+02
2.823533184791069175e+02
2.821826462896864314e+02
2.821826462896864314e+02
2.616659278081659750e+02
2.616658826369142048e+02
2.616658826369142048e+02
2.596878007182216948e+02
1.757997844858961969e+02
1.757997844857677308e+02
1.757997844857677308e+02
1.757997844857677308e+02
1.757997844857677308e+02
1.757997844857677308e+02
1.757997844857677308e+02
1.757997844857677308e+02
1.583663536102217790e+02
1.583663536097489555e+02
1.583663536097489555e+02
1.583663536097489555e+02
1.583663517679700021e+02
1.578244036821499776e+02
1.578240081892157036e+02
1.578240081892157036e+02
1.334693829377859799e+02
1.334683584568768993e+02
1.334683584568768993e+02
1.334683584527283244e+02
1.334683584527283244e+02
1.334683584527283244e+02
1.334683584527283244e+02
1.334683584527283244e+02
9.471520160928808707e+01
9.462599829987399858e+01
9.462599829987399858e+01
9.462599829987399858e+01
9.462599829987399858e+01
9.462599829987399858e+01
9.462599829987399858e+01
9.462342851232725138e+01
9.318072172291880406e+01
9.318072172291880406e+01
8.977119588764135472e+01
8.977119588764135472e+01
8.977119588764135472e+01
8.977119580812150446e+01
6.804054771483824027e+01
6.804054771483824027e+01
6.804054771483545494e+01
6.804054769302815942e+01
6.804054769302815942e+01
6.804054769302814520e+01
6.804051395360947652e+01
5.421217041617824606e+01
5.421217041617824606e+01
5.421217041617824606e+01
5.421217041617824606e+01
5.421217041617824606e+01
5.421217041617824606e+01
5.420496088929136391e+01
5.420496088929136391e+01
5.420496088929136391e+01
5.419354262364353758e+01
5.162487086694155636e+01
5.162487002621530507e+01
5.162487002621530507e+01
5.111658083851848033e+01
3.618499623910693686e+01
3.618499623910677343e+01
3.618499623910677343e+01
3.618499623910677343e+01
3.618499623910677343e+01
3.618499623910677343e+01
3.618499623882702565e+01
3.618499623882702565e+01
3.227271164266345238e+01
3.227271164266345238e+01
3.227271164266343817e+01
3.227271095693854619e+01
3.223178353322941803e+01
3.223178353322941803e+01
3.223177564591993161e+01
3.223177564591993161e+01
2.869803413600347142e+01
2.869767634885127805e+01
2.869767634884533081e+01
2.869767634884533081e+01
2.869767634884533081e+01
2.869767634884533081e+01
2.069803571634398409e+01
2.066986084321004213e+01
2.066986084321004213e+01
2.066986084321004213e+01
2.066986084321004213e+01
2.066986084321004213e+01
2.066986084321004213e+01
1.977835642742907751e+01
1.977830274451346781e+01
1.966283452356145389e+01
1.966283452356145389e+01
1.966283452356145389e+01
1.966283452356145389e+01
1.966283452344309879e+01
1.597116885969973410e+01
1.597116885969799149e+01
1.597116884892572664e+01
1.597116884892572664e+01
1.597115480601316762e+01
1.597115480601316762e+01
1.264497569757479845e+01
1.264497569757479845e+01
1.264497569757479845e+01
1.264497569757479845e+01
1.264497569757479845e+01
1.264238054872151551e+01
1.264238054872151551e+01
1.264208349849448609e+01
1.264208349849448609e+01
1.264208349849448609e+01
1.238131123899463226e+01
1.238131123749436036e+01
1.222532651890524313e+01
1.222532651890524313e+01
9.219024146479709358e+00
9.219024146479709358e+00
9.219024146479709358e+00
9.219024146479709358e+00
9.219024146479709358e+00
9.219024146479709358e+00
9.219024146316916912e+00
9.219024146316904478e+00
8.117577690297531845e+00
8.117577362569294408e+00
8.117577362569294408e+00
8.117577362569294408e+00
8.117577362569294408e+00
8.116337852713570555e+00
8.116337837197526994e+00
8.116148480600740456e+00
7.683833455519967437e+00
7.683833455519967437e+00
7.683833455519967437e+00
7.683833455519967437e+00
7.683833455519967437e+00
5.725933407364974137e+00
5.725933407364974137e+00
5.714404784836013107e+00
5.714404784836013107e+00
5.714404784836013107e+00
5.714404784836013107e+00
5.714404784836013107e+00
5.714404784836013107e+00
5.417801879771310780e+00
5.413637901417568621e+00
5.413637776640224608e+00
5.413637776640224608e+00
5.413637776638431376e+00
4.853195925459388604e+00
4.853195925459386828e+00
4.853195925459386828e+00
4.853195917945387627e+00
4.853195917945387627e+00
4.853187338019615105e+00
4.853187338019615105e+00
4.853187338019615105e+00
4.853187338019615105e+00
4.853187338019615105e+00
4.853187338019615105e+00
3.839203245300776501e+00
3.837923517286954134e+00
3.837923517286954134e+00
3.837923517286954134e+00
3.837922667959084766e+00
3.837922667959084766e+00
3.826224668649059524e+00
3.826224668649059524e+00
3.826224668649028882e+00
3.761073417914317485e+00
3.181842502073490841e+00
3.181842502073490841e+00
3.181842502073490841e+00
3.181842502073490841e+00
3.181842501927001798e+00
3.181842501926987588e+00
3.181842501926987588e+00
2.755462492468022440e+00
2.755462492468022440e+00
2.755462242609355794e+00
2.755462242609355794e+00
2.755462242609355794e+00
2.755462242609355794e+00
2.755457811095355591e+00
2.755341048346695132e+00
2.755341048346312771e+00
2.730404088813278118e+00
2.730404088813278118e+00
2.730404088813278118e+00
2.730404088813278118e+00
2.730404088813278118e+00
2.237157797114629254e+00
2.229437436847882203e+00
2.229437436847882203e+00
2.229437436847882203e+00
2.229437436847882203e+00
2.229437436847882203e+00
2.229437436847882203e+00
2.082468143833201335e+00
2.082449043130124355e+00
2.082449043126178623e+00
2.082449043124174892e+00
2.082449033970219965e+00
2.082449033970219965e+00
2.039137531493867339e+00
2.039137531493867339e+00
2.039137531493867339e+00
2.039137531493867339e+00
2.039137531493867339e+00
2.039137531493867339e+00
2.039129427766843694e+00
2.039129427766843694e+00
1.697345241041673169e+00
1.697345241041673169e+00
1.696246677991344320e+00
1.696246677991344320e+00
1.696246677991344320e+00
1.696246677955887572e+00
1.696175572130361076e+00
1.696175572130361076e+00
1.696175572130361076e+00
1.654202418256229157e+00
1.654202418256229157e+00
1.593207852560497795e+00
1.593207852560497795e+00
1.593207852560497795e+00
1.593207852317479967e+00
1.593207852317453765e+00
1.593207852317453765e+00
1.593207852317453765e+00
1.593207405412625288e+00
1.396821274510425592e+00
1.396821274510425592e+00
1.396821274510425592e+00
1.396689460549018102e+00
1.396689460305685415e+00
1.396689460305685415e+00
1.396689460305685415e+00
1.396689460305685415e+00
1.396488884282744980e+00
1.396488884282744980e+00
1.396488884282744980e+00
1.396488884282744980e+00
1.386585096192824551e+00
1.316123532448940869e+00
1.316123532448940869e+00
1.316123532448940869e+00
1.316123532448940869e+00
1.223617652005188239e+00
1.223617650595819173e+00
1.223617650591241501e+00
1.223617650591241501e+00
1.223617650591241279e+00
1.223617633682305250e+00
1.223617633682305250e+00
1.223144039733418786e+00
1.223144039733418786e+00
1.223144039733418786e+00
1.223144039733418786e+00
1.223131230306956363e+00
1.223131230306956363e+00
1.156348002541273123e+00
1.156348002541273123e+00
1.154664623661797229e+00
1.154664623661797229e+00
1.154664623661797229e+00
1.154664623661797229e+00
1.154664616619833550e+00
1.154664616619833550e+00
1.119573701205911931e+00
1.119573701205911931e+00
1.118674437800808663e+00
1.118674437800808663e+00
1.118674437800808663e+00
1.118674437800808663e+00
1.118674437800808663e+00
1.118674437800723176e+00
1.118674437159712376e+00
1.118674437159712376e+00
1.118673469187526859e+00
1.068248893073936889e+00
1.068248893073936889e+00
1.067994190270227461e+00
1.067994190270227461e+00
1.067994190270227461e+00
1.067994190270227461e+00
1.067994165202431844e+00
1.067994165202431844e+00
1.067994165202431844e+00
1.057512131050368565e+00
1.057512131050368565e+00
1.057512131050368565e+00
1.056174210034665828e+00
1.056174210034665828e+00
1.026399485852601545e+00
1.026399485852601545e+00
1.026399485835369330e+00
1.026399485835368219e+00
1.026399485835368219e+00
1.026399433566488772e+00
1.026399433566488772e+00
1.026399433566488772e+00
1.026399433566488772e+00
1.026399362321833486e+00
1.026399362321833486e+00
1.026369558577359564e+00
1.026369558577359564e+00
1.024828705237688986e+00
1.024828705237688986e+00
1.022431545441969458e+00
1.022431545441969458e+00
1.022431545441969458e+00
1.022431545441969458e+00
1.022431545441969458e+00
1.009041007683274982e+00
1.009041007683274982e+00
1.009041007683274982e+00
1.009040851445954790e+00
1.009040851445954790e+00
1.009040851445954790e+00
1.009040851445581977e+00
1.009040849154392516e+00
1.009040849154392516e+00
1.009038246935228589e+00
1.009038246935228589e+00
1.007707152402555817e+00
1.007707152402555817e+00
1.007295947942939085e+00
1.007295947942939085e+00
1.007295947942939085e+00
1.007295947942939085e+00
1.007295947942939085e+00
1.007295947942939085e+00
1.007295947942939085e+00
1.002813272435272296e+00
1.002813272435272296e+00
1.002813014989187179e+00
1.002813014989187179e+00
1.001956834748566560e+00
1.001956834676423602e+00
1.001956834676423602e+00
1.001956834676417829e+00
1.001956834676417829e+00
1.001956670095309754e+00
1.001956670095309754e+00
1.001956670095309754e+00
1.001956670095309754e+00
1.001956670095309754e+00
1.001905135337127328e+00
1.001905135337127328e+00
1.001904821072119534e+00
1.001904821072119534e+00
1.000807945198763704e+00
1.000807945198763704e+00
1.000807945198763704e+00
1.000807945198763704e+00
1.000807945198763704e+00
1.000807945198763704e+00
1.000404781028589873e+00
1.000404781028589873e+00
1.000404781028589873e+00
1.000404781028589651e+00
1.000404781026979828e+00
1.000404773585373164e+00
1.000404773585373164e+00
1.000404773585372942e+00
1.000400132164035671e+00
1.000399852168577297e+00
1.000399852168577297e+00
1.000399852168577297e+00
1.000206032303857517e+00
1.000206032303857517e+00
1.000206032303857517e+00
1.000206032303857517e+00
1.000206032303857517e+00
1.000206032303857517e+00
1.000068317780081317e+00
1.000068317780080873e+00
1.000068317780080873e+00
1.000068317780080873e+00
1.000068317542601282e+00
1.000068135408115788e+00
1.000068135408115788e+00
1.000068135408090697e+00
1.000067837888831912e+00
1.000067837888831912e+00
1.000067837888831912e+00
1.000067837888831912e+00
1.000067837888831912e+00
1.000043288438704048e+00
1.000043288438704048e+00
1.000043288438704048e+00
1.000043288438704048e+00
1.000043288438703382e+00
1.000009349082733090e+00
1.000009349082733090e+00
1.000009349082733090e+00
1.000009349082733090e+00
1.000009349082733090e+00
1.000009263022958006e+00
1.000009263022958006e+00
1.000009263022958006e+00
1.000009263022958006e+00
1.000009263022958006e+00
1.000009263017642924e+00
1.000009249524993482e+00
1.000009249524993260e+00
1.000007031954781134e+00
1.000007031954780690e+00
1.000007031954780690e+00
1.000007031954780690e+00
1.000007031954780690e+00
1.000007031954780690e+00
1.000001022443429699e+00
1.000001022443429699e+00
1.000001022443429699e+00
1.000001022443429699e+00
1.000000993019668938e+00
1.000000993019668938e+00
1.000000993019668938e+00
1.000000993019668938e+00
1.000000993019668938e+00
1.000000992588803594e+00
1.000000992588720550e+00
1.000000992588720106e+00
1.000000850347442904e+00
1.000000850347442904e+00
1.000000850347442904e+00
1.000000088804530174e+00
1.000000088804530174e+00
1.000000088804530174e+00
1.000000088804530174e+00
1.000000088804530174e+00
1.000000088804530174e+00
1.000000081551532860e+00
1.000000081551532860e+00
1.000000081551532860e+00
1.000000081551532860e+00
1.000000081551532860e+00
1.000000081551532638e+00
1.000000081551532638e+00
1.000000081541888131e+00
1.000000081541888131e+00
1.000000081541888131e+00
1.000000075090426988e+00
1.000000075090426099e+00
1.000000006293219057e+00
1.000000006293219057e+00
1.000000006293219057e+00
1.000000006293219057e+00
1.000000006293219057e+00
1.000000006293219057e+00
1.000000005008901738e+00
1.000000005008901738e+00
1.000000005008901738e+00
1.000000005008901738e+00
1.000000005008901738e+00
1.000000005008901738e+00
1.000000005008901738e+00
1.000000005008901738e+00
1.000000004802881426e+00
1.000000004802730880e+00
1.000000004802730880e+00
1.000000000389818400e+00
1.000000000389818400e+00
1.000000000389818400e+00
1.000000000389818400e+00
1.000000000227064811e+00
1.000000000227064811e+00
1.000000000227064811e+00
1.000000000227064811e+00
1.000000000227064811e+00
1.000000000227064811e+00
1.000000000227064811e+00
1.000000000227064811e+00
1.000000000227064811e+00
1.000000000227064811e+00
1.000000000227064811e+00
1.000000000222453167e+00
1.000000000022301938e+00
1.000000000022300162e+00
1.000000000022300162e+00
1.000000000007597256e+00
1.000000000007597256e+00
1.000000000007597256e+00
1.000000000007597256e+00
1.000000000007597256e+00
1.000000000007597256e+00
1.000000000007597256e+00
1.000000000007597256e+00
1.000000000007597256e+00
1.000000000007597256e+00
1.000000000007597256e+00
1.000000000007597256e+00
1.000000000001205702e+00
1.000000000001133538e+00
1.000000000001133538e+00
1.000000000000190514e+00
1.000000000000190514e+00
1.000000000000190514e+00
1.000000000000190514e+00
1.000000000000190514e+00
1.000000000000190514e+00
1.000000000000190514e+00
1.000000000000190514e+00
1.000000000000190514e+00
1.000000000000190514e+00
1.000000000000190514e+00
1.000000000000190514e+00
1.000000000000190514e+00
1.000000000000190514e+00
1.000000000000190514e+00
1.000000000000047296e+00
1.000000000000046629e+00
1.000000000000003775e+00
1.000000000000003775e+00
1.000000000000003775e+00
1.000000000000003775e+00
1.000000000000003775e+00
1.000000000000003775e+00
1.000000000000003775e+00
1.000000000000003775e+00
1.000000000000003775e+00
1.000000000000003775e+00
1.000000000000003775e+00
1.000000000000003775e+00
1.000000000000003775e+00
1.000000000000003775e+00
1.000000000000003775e+00
1.000000000000001554e+00
1.000000000000000222e+00
1.000000000000000222e+00
1.000000000000000222e+00
1.000000000000000222e+00
1.000000000000000222e+00
1.000000000000000222e+00
1.000000000000000222e+00
1.000000000000000222e+00
1.000000000000000222e+00
1.000000000000000222e+00
1.000000000000000222e+00
1.000000000000000222e+00
1.000000000000000222e+00
1.000000000000000222e+00
1.000000000000000222e+00
1.000000000000000222e+00
1.000000000000000222e+00
1.000000000000000222e+00
1.000000000000000222e+00
1.000000000000000222e+00
1.000000000000000222e+00
1.000000000000000222e+00
1.000000000000000222e+00
1.000000000000000222e+00
1.000000000000000222e+00
1.000000000000000222e+00
1.000000000000000222e+00
1.000000000000000222e+00
1.000000000000000222e+00
1.000000000000000222e+00
1.000000000000000222e+00
1.000000000000000222e+00
1.000000000000000222e+00
1.000000000000000222e+00
1.000000000000000222e+00
1.000000000000000222e+00
1.000000000000000222e+00
1.000000000000000222e+00
1.000000000000000222e+00
1.000000000000000222e+00
1.000000000000000222e+00
1.000000000000000222e+00
1.000000000000000222e+00
1.000000000000000222e+00
1.000000000000000222e+00
1.000000000000000222e+00
1.000000000000000222e+00
1.000000000000000222e+00
1.000000000000000222e+00
1.000000000000000222e+00
1.000000000000000222e+00
1.000000000000000222e+00
1.000000000000000222e+00
1.000000000000000222e+00
1.000000000000000222e+00
1.000000000000000222e+00
1.000000000000000222e+00
1.000000000000000222e+00
1.000000000000000222e+00
1.000000000000000222e+00
1.000000000000000222e+00
1.000000000000000222e+00
1.000000000000000222e+00
1.000000000000000222e+00
1.000000000000000222e+00
1.000000000000000222e+00
1.000000000000000222e+00
1.000000000000000222e+00
1.000000000000000222e+00
1.000000000000000222e+00
1.000000000000000222e+00
1.000000000000000222e+00
1.000000000000000222e+00
1.000000000000000222e+00
1.000000000000000222e+00
1.000000000000000222e+00
1.000000000000000222e+00
1.000000000000000222e+00
1.000000000000000222e+00
1.000000000000000222e+00
1.000000000000000222e+00
1.000000000000000222e+00
1.000000000000000222e+00
1.000000000000000222e+00
1.000000000000000222e+00
1.000000000000000222e+00
1.000000000000000222e+00
1.000000000000000222e+00
1.000000000000000222e+00
1.000000000000000222e+00
1.000000000000000222e+00
1.000000000000000222e+00
1.000000000000000222e+00
1.000000000000000222e+00
1.000000000000000222e+00
1.000000000000000222e+00
1.000000000000000222e+00
1.000000000000000222e+00
1.000000000000000222e+00
1.000000000000000222e+00
1.000000000000000222e+00
1.000000000000000222e+00
1.000000000000000222e+00
1.000000000000000222e+00
1.000000000000000222e+00
1.000000000000000222e+00
1.000000000000000222e+00
1.000000000000000222e+00
1.000000000000000222e+00
1.000000000000000222e+00
1.000000000000000222e+00
1.000000000000000222e+00
1.000000000000000222e+00
1.000000000000000222e+00
1.000000000000000222e+00
1.000000000000000222e+00
1.000000000000000222e+00
1.000000000000000222e+00
1.000000000000000222e+00
1.000000000000000222e+00
1.000000000000000222e+00
1.000000000000000222e+00
1.000000000000000222e+00
1.000000000000000222e+00
1.000000000000000222e+00
1.000000000000000222e+00
1.000000000000000222e+00
1.000000000000000222e+00
1.000000000000000222e+00
1.000000000000000222e+00
1.000000000000000222e+00
1.000000000000000222e+00
1.000000000000000222e+00
1.000000000000000222e+00
1.000000000000000222e+00
1.000000000000000222e+00
1.000000000000000222e+00
1.000000000000000222e+00
1.000000000000000222e+00
1.000000000000000222e+00
1.000000000000000222e+00
1.000000000000000222e+00
1.000000000000000222e+00
1.000000000000000222e+00
1.000000000000000222e+00
1.000000000000000222e+00
1.000000000000000222e+00
1.000000000000000222e+00
1.000000000000000222e+00
1.000000000000000222e+00
1.000000000000000222e+00
1.000000000000000222e+00
1.000000000000000222e+00
1.000000000000000222e+00
1.000000000000000222e+00
1.000000000000000222e+00
1.000000000000000222e+00
1.000000000000000222e+00
1.000000000000000222e+00
1.000000000000000222e+00
1.000000000000000222e+00
1.000000000000000222e+00
1.000000000000000222e+00
1.000000000000000222e+00
1.000000000000000222e+00
1.000000000000000222e+00
1.000000000000000222e+00
1.000000000000000222e+00
1.000000000000000222e+00
1.000000000000000222e+00
1.000000000000000222e+00
1.000000000000000222e+00
1.000000000000000222e+00
1.000000000000000222e+00
1.000000000000000222e+00
1.000000000000000222e+00
1.000000000000000222e+00
1.000000000000000222e+00
1.000000000000000222e+00
1.000000000000000222e+00
1.000000000000000222e+00
1.000000000000000222e+00
1.000000000000000222e+00
1.000000000000000222e+00
1.000000000000000222e+00
1.000000000000000222e+00
1.000000000000000222e+00
1.000000000000000222e+00
1.000000000000000222e+00
1.000000000000000222e+00
1.000000000000000222e+00
1.000000000000000222e+00
1.000000000000000222e+00
1.000000000000000222e+00
1.000000000000000222e+00
1.000000000000000222e+00
1.000000000000000222e+00
1.000000000000000222e+00
1.000000000000000222e+00
1.000000000000000222e+00
1.000000000000000222e+00
1.000000000000000222e+00
1.000000000000000222e+00
1.000000000000000222e+00
1.000000000000000222e+00
1.000000000000000222e+00
1.000000000000000222e+00
1.000000000000000222e+00
1.000000000000000222e+00
1.000000000000000222e+00
1.000000000000000222e+00
1.000000000000000222e+00
1.000000000000000222e+00
1.000000000000000222e+00
1.000000000000000222e+00
1.000000000000000222e+00
1.000000000000000222e+00
1.000000000000000222e+00
1.000000000000000222e+00
1.000000000000000222e+00
1.000000000000000222e+00
1.000000000000000222e+00
1.000000000000000222e+00
1.000000000000000222e+00
