1.000000000000034639e+00
1.000000000000034639e+00
1.000000000000034639e+00
1.000000000000034639e+00
1.000000000000029088e+00
1.000000000000029310e+00
1.000000000000029088e+00
1.000000000000029088e+00
1.000000000000029310e+00
1.000000000000029088e+00
1.000000000000024203e+00
1.000000000000024203e+00
1.000000000000023981e+00
1.000000000000024203e+00
1.000000000000023981e+00
1.000000000000023981e+00
1.000000000000023981e+00
1.000000000000023981e+00
1.000000000000023981e+00
1.000000000000024203e+00
1.000000000000023093e+00
1.000000000000023093e+00
1.000000000000023093e+00
1.000000000000023093e+00
1.000000000000023093e+00
1.000000000000023093e+00
1.000000000000020206e+00
1.000000000000020206e+00
1.000000000000020206e+00
1.000000000000020206e+00
1.000000000000020206e+00
1.000000000000020206e+00
1.000000000000020206e+00
1.000000000000020206e+00
1.000000000000020206e+00
1.000000000000020206e+00
1.000000000000020206e+00
1.000000000000019984e+00
1.000000000000019984e+00
1.000000000000019984e+00
1.000000000000019984e+00
1.000000000000019984e+00
1.000000000000019984e+00
1.000000000000019984e+00
1.000000000000019984e+00
1.000000000000019984e+00
1.000000000000019984e+00
1.000000000000019984e+00
1.000000000000019984e+00
1.000000000000019984e+00
1.000000000000019984e+00
1.000000000000019984e+00
1.000000000000019984e+00
1.000000000000019984e+00
1.000000000000019984e+00
1.000000000000019984e+00
1.000000000000019984e+00
1.000000000000019984e+00
1.000000000000019984e+00
1.000000000000019984e+00
1.000000000000008660e+00
1.000000000000008438e+00
1.000000000000008438e+00
1.000000000000008660e+00
1.000000000000008660e+00
1.000000000000008660e+00
1.000000000000008660e+00
1.000000000000008660e+00
1.000000000000008660e+00
1.000000000000008660e+00
1.000000000000008660e+00
1.000000000000008660e+00
1.000000000000008660e+00
1.000000000000008660e+00
1.000000000000008882e+00
1.000000000000008660e+00
1.000000000000008660e+00
1.000000000000008660e+00
1.000000000000008660e+00
1.000000000000008660e+00
1.000000000000008660e+00
1.000000000000008882e+00
1.000000000000008660e+00
1.000000000000008660e+00
1.000000000000004885e+00
1.000000000000004885e+00
9.999999999999877875e-01
9.999999999999875655e-01
9.999999999999805711e-01
9.999999999999800160e-01
9.999999999999802380e-01
9.999999999999802380e-01
9.999999999999801270e-01
9.999999999999801270e-01
9.999999999999801270e-01
9.999999999998560041e-01
9.999999999998228084e-01
9.999999999998223643e-01
9.999999999998223643e-01
9.999999999998223643e-01
9.999999999998223643e-01
9.999999999998220312e-01
9.999999999998220312e-01
9.999999999998219202e-01
9.999999999986942667e-01
9.999999999986639576e-01
9.999999999986639576e-01
9.999999999986639576e-01
9.999999999985736965e-01
9.999999999985730303e-01
9.999999999985639265e-01
9.999999999985640375e-01
9.999999999985639265e-01
9.999999999985639265e-01
9.999999999985639265e-01
9.999999999914213067e-01
9.999999999905065939e-01
9.999999999904227721e-01
9.999999999902442482e-01
9.999999999902442482e-01
9.999999999902429160e-01
9.999999999902429160e-01
9.999999999902431380e-01
9.999999999902412506e-01
9.999999999902412506e-01
9.999999999482127588e-01
9.999999999413695662e-01
9.999999999411028906e-01
9.999999999411028906e-01
9.999999999385963401e-01
9.999999999385963401e-01
9.999999999385963401e-01
9.999999999385951188e-01
9.999999999385331684e-01
9.999999999385331684e-01
9.999999999385332794e-01
9.999999996826520743e-01
9.999999996696405935e-01
9.999999996696404825e-01
9.999999996696405935e-01
9.999999996446441441e-01
9.999999996446440331e-01
9.999999996442434647e-01
9.999999996428522442e-01
9.999999996428522442e-01
9.999999996428522442e-01
9.999999996428515781e-01
9.999999996428515781e-01
9.999999996428478033e-01
9.999999983498328859e-01
9.999999983498328859e-01
9.999999981340402799e-01
9.999999981138888439e-01
9.999999980926037590e-01
9.999999980921577825e-01
9.999999980921576714e-01
9.999999980921576714e-01
9.999999980921576714e-01
9.999999980920246667e-01
9.999999980920244447e-01
9.999999922032982713e-01
9.999999909194858816e-01
9.999999908718808506e-01
9.999999908718808506e-01
9.999999906443469699e-01
9.999999906443469699e-01
9.999999906443469699e-01
9.999999906440253383e-01
9.999999906407028849e-01
9.999999906407028849e-01
9.999999906407029959e-01
9.999999906407029959e-01
9.999999604471840886e-01
9.999999594872893693e-01
9.999999594872893693e-01
9.999999576717798488e-01
9.999999576717799599e-01
9.999999576133528079e-01
9.999999575531364204e-01
9.999999575531363094e-01
9.999999575531363094e-01
9.999999575529818774e-01
9.999999575529818774e-01
9.999999575527614981e-01
9.999998356168201541e-01
9.999998356168200431e-01
9.999998230077291606e-01
9.999998214225013227e-01
9.999998206220330754e-01
9.999998205687359309e-01
9.999998205687359309e-01
9.999998205687359309e-01
9.999998205687359309e-01
9.999998205619273772e-01
9.999998205618761959e-01
9.999993683833068303e-01
9.999993049890343322e-01
9.999993049890343322e-01
9.999993049890343322e-01
9.999993020289807966e-01
9.999992942812350183e-01
9.999992942812351293e-01
9.999992942812351293e-01
9.999992942812351293e-01
9.999992942482400782e-01
9.999992940917317163e-01
9.999992940917318274e-01
9.999992940917318274e-01
9.999992940917318274e-01
9.999975747610946319e-01
9.999974839463766640e-01
9.999974839463743326e-01
9.999974278517010928e-01
9.999974278517006487e-01
9.999974245280845997e-01
9.999974218825781191e-01
9.999974218825781191e-01
9.999974218825781191e-01
9.999974218825781191e-01
9.999974218686767946e-01
9.999974218686767946e-01
9.999974218633385092e-01
9.999917794751620459e-01
9.999917794751620459e-01
9.999913928051186174e-01
9.999912474863502654e-01
9.999912146498400878e-01
9.999912119965089774e-01
9.999912119965089774e-01
9.999912119965089774e-01
9.999912119965087554e-01
9.999912118419514995e-01
9.999912118379211678e-01
9.999741228359476652e-01
9.999724675431163057e-01
9.999724675431163057e-01
9.999724675431163057e-01
9.999724675431163057e-01
9.999722451524525324e-01
9.999719511275256822e-01
9.999719511275243500e-01
9.999719511275243500e-01
9.999719511275243500e-01
9.999719478287475427e-01
9.999719463925534901e-01
9.999719463925536012e-01
9.999719463925534901e-01
9.999719463925534901e-01
9.999228826369342960e-01
9.999185486329594807e-01
9.999185486329277284e-01
9.999166307840520185e-01
9.999166307840295920e-01
9.999164257220521934e-01
9.999163759253509864e-01
9.999163759253509864e-01
9.999163759253509864e-01
9.999163759253509864e-01
9.999163754098865375e-01
9.999163754098865375e-01
9.999163753487984030e-01
9.997853186171672402e-01
9.997853186171672402e-01
9.997728850958385038e-01
9.997682652370966094e-01
9.997677491551225648e-01
9.997677491551225648e-01
9.997676178524477208e-01
9.997676178524428359e-01
9.997676178524422808e-01
9.997676178524422808e-01
9.997676163544760852e-01
9.997676162346283979e-01
9.994495801001058721e-01
9.994071556006483004e-01
9.994071556006483004e-01
9.994071556006483004e-01
9.994018942103589653e-01
9.994018942103589653e-01
9.993982443651867609e-01
9.993982443651722170e-01
9.993982443651722170e-01
9.993982443651722170e-01
9.993982188239173281e-01
9.993981644153526744e-01
9.993981644153522303e-01
9.993981644153522303e-01
9.993981644153522303e-01
9.986146011357130980e-01
9.986146011352383667e-01
9.985695863073154044e-01
9.985505548163335909e-01
9.985505548158540856e-01
9.985467598509185638e-01
9.985464521058394771e-01
9.985464521058394771e-01
9.985464521058394771e-01
9.985464521058392551e-01
9.985464521058392551e-01
9.985464372680634693e-01
9.985464372680634693e-01
9.985464367715997103e-01
9.985464367715997103e-01
9.968554393849463624e-01
9.968554393849463624e-01
9.967611013421180388e-01
9.967154194845807558e-01
9.967127204293313447e-01
9.967127204293313447e-01
9.967107647694845030e-01
9.967107647694023465e-01
9.967107647694005701e-01
9.967107647694005701e-01
9.967107545097670940e-01
9.967107517632068925e-01
9.933513904777622194e-01
9.930678249684179448e-01
9.930678249684179448e-01
9.930678249684179448e-01
9.930239340229426448e-01
9.930239340229426448e-01
9.930067180792069292e-01
9.930067180792069292e-01
9.930067180791493087e-01
9.930067180791493087e-01
9.930067180791493087e-01
9.930065601629616268e-01
9.930058671585468844e-01
9.930058671585395569e-01
9.930058671585394459e-01
9.930058671585394459e-01
9.867547521594258741e-01
9.867547521570858571e-01
9.861545964027007560e-01
9.860714654102394894e-01
9.860714653997784129e-01
9.860427935739104477e-01
9.860410083103727796e-01
9.860410083103727796e-01
9.860410083103727796e-01
9.860410083103727796e-01
9.860410083103727796e-01
9.860408400987116240e-01
9.860408400987116240e-01
9.860408384656037528e-01
9.860408384656037528e-01
9.748368554159745347e-01
9.748368554159746457e-01
9.743911019235803606e-01
9.738485464943539283e-01
9.738337375558527853e-01
9.738337375558527853e-01
9.738205094099712245e-01
9.738205094099675607e-01
9.738205094084404490e-01
9.738205094084404490e-01
9.738204774698094868e-01
9.738204495706637154e-01
9.553852835337982574e-01
9.542352865709710086e-01
9.542352865709710086e-01
9.542352865709710086e-01
9.537961191143311535e-01
9.537961191143311535e-01
9.537069248883079942e-01
9.537069248881864247e-01
9.537069248881864247e-01
9.537069248881864247e-01
9.537069248881864247e-01
9.537064623884506931e-01
9.537022724335645352e-01
9.537022724334451862e-01
9.537022724334451862e-01
9.537022724334451862e-01
9.274290987494834271e-01
9.274290987426603294e-01
9.233651177412577349e-01
9.229541117553513585e-01
9.229541116511988941e-01
9.229541116511988941e-01
9.227085241751449285e-01
9.227036834986970248e-01
9.227036834986969138e-01
9.227036834986969138e-01
9.227036834986969138e-01
9.227036834986969138e-01
9.227027852353544279e-01
9.227027852353544279e-01
9.227027852353544279e-01
9.227027824101170506e-01
9.227027824101170506e-01
8.831981201438938722e-01
8.831981201438936502e-01
8.809180630435675674e-01
8.782392429225281960e-01
8.782035245969925796e-01
8.782035245969925796e-01
8.781081346294383749e-01
8.781081346294301593e-01
8.781081346172796565e-01
8.781081346172796565e-01
8.781080853069587189e-01
8.781079586131609327e-01
8.246778742523124262e-01
8.199633744170937710e-01
8.199633744170937710e-01
8.199633744170937710e-01
8.183223529978833621e-01
8.183223529978833621e-01
8.181435493143720539e-01
8.181435493141528958e-01
8.181435493141528958e-01
8.181435493141528958e-01
8.181435493141530069e-01
8.181435493141530069e-01
8.181429498056043137e-01
8.181186836087221970e-01
8.181186836079719082e-01
8.181186836079719082e-01
8.181186836079719082e-01
7.512774844566484367e-01
7.512774844485086145e-01
7.441481038218237254e-01
7.434755164406975370e-01
7.434755160892978498e-01
7.434755160892978498e-01
7.427686167161936526e-01
7.427635453282666056e-01
7.427635453282664946e-01
7.427635453282664946e-01
7.427635453282664946e-01
7.427635453282664946e-01
7.427595139095333199e-01
7.427595139095333199e-01
7.427595139095333199e-01
7.427595101906926400e-01
7.427595101906926400e-01
6.612287363741343738e-01
6.612287363741333746e-01
6.585502531920366387e-01
6.544545283678007142e-01
6.544235473616869525e-01
6.544235473616869525e-01
6.542070913004672805e-01
6.542070913004615074e-01
6.542070912693384033e-01
6.542070912693384033e-01
6.542070378625282068e-01
6.542065913317265391e-01
5.637009507733790059e-01
5.587652503572942964e-01
5.587652503572942964e-01
5.587652503572942964e-01
5.566176948752400433e-01
5.564810482741691100e-01
5.564810482741691100e-01
5.564810482740308872e-01
5.564810482740308872e-01
5.564810482740308872e-01
5.564810482740308872e-01
5.564810482740308872e-01
5.564810482740308872e-01
5.564804800136202712e-01
5.564344655057996691e-01
5.564344655042237076e-01
5.564344655042237076e-01
5.564344655042237076e-01
4.716217541622675924e-01
4.716217541551714354e-01
4.565433068373090375e-01
4.560653169990970812e-01
4.560653158957101994e-01
4.560653158957101994e-01
4.552333105192437612e-01
4.552288396916376878e-01
4.552288396916376323e-01
4.552288396916376323e-01
4.552288396916376323e-01
4.552288396916376323e-01
4.552220741720299779e-01
4.552220741720299779e-01
4.552220741720299779e-01
4.552220722605450076e-01
4.552220722605450076e-01
3.672216987026736823e-01
3.672216987026712398e-01
3.649622984881272791e-01
3.574183895844255110e-01
3.574183895844255110e-01
3.573922559003822053e-01
3.573922559003822053e-01
3.571613162449877588e-01
3.571613162449857048e-01
3.571613161596807751e-01
3.571613161596807751e-01
3.571612900188728679e-01
3.571612900188728679e-01
3.571606101712482828e-01
2.749540521104713031e-01
2.713978737649217488e-01
2.713978737649217488e-01
2.713978737649217488e-01
2.680549814305847045e-01
2.680549814305847045e-01
2.679443631751311505e-01
2.679443631750820787e-01
2.679443631750820787e-01
2.679443631750820787e-01
2.679443631750820232e-01
2.679443631750820232e-01
2.679443631750820232e-01
2.679440986321760532e-01
2.678996788447107202e-01
2.678996788408758989e-01
2.678996788408758989e-01
2.678996788408758989e-01
2.095272582791586347e-01
2.095272582755582369e-01
1.930343755185717491e-01
1.926480492774900188e-01
1.926480475538621673e-01
1.926480475538621673e-01
1.915299317165313209e-01
1.915279672067205230e-01
1.915279672067205230e-01
1.915279672067205230e-01
1.915279672067205230e-01
1.915279672067205230e-01
1.915221034723742499e-01
1.915221034723742499e-01
1.915221034723742499e-01
1.915221029168114597e-01
1.915221029168114597e-01
1.389619124939980854e-01
1.389619124939908690e-01
1.369548668591194784e-01
1.304999675506937074e-01
1.304999675506937074e-01
1.304892432149231674e-01
1.304892432149231674e-01
1.302212205920120769e-01
1.302212205920113275e-01
1.302212204842446708e-01
1.302212204842446708e-01
1.302212134734896942e-01
1.302212134734896942e-01
1.302206944362451768e-01
8.889075037470209328e-02
8.632540450577826097e-02
8.632540450577826097e-02
8.632540450577826097e-02
8.411048079263122590e-02
8.411048079263122590e-02
8.407083982669887046e-02
8.407083982668325794e-02
8.407083982668325794e-02
8.407083982668325794e-02
8.407083982668317468e-02
8.407083982668317468e-02
8.407083982668317468e-02
8.407077726901421300e-02
8.402767901355893965e-02
8.402767900955881997e-02
8.402767900955881997e-02
8.402767900955881997e-02
8.402767900955881997e-02
5.766128311101549608e-02
5.766128311020998765e-02
5.207803344761362252e-02
5.196016011058807171e-02
5.196015904061639101e-02
5.196015904061639101e-02
5.138942416836037724e-02
5.138903723041426952e-02
5.138903723041426952e-02
5.138903723041426258e-02
5.138903723041426258e-02
5.138903723041426258e-02
5.138449192299686386e-02
5.138449192299686386e-02
5.138449192299686386e-02
5.138449179319071886e-02
5.138449179319071886e-02
3.209578170752151738e-02
3.209578170751688220e-02
3.167705106175507102e-02
2.990471000582679145e-02
2.990471000582679145e-02
2.990471000582679145e-02
2.990296884728146226e-02
2.990296884728146226e-02
2.979669808263682787e-02
2.979669808263673766e-02
2.979669803295310893e-02
2.979669803295310893e-02
2.979669669148050579e-02
2.979669669148050579e-02
2.979638041796914966e-02
1.738740013616195748e-02
1.691916164866442973e-02
1.691916164866442973e-02
1.691916164866442973e-02
1.640827536406342865e-02
1.640827536406342865e-02
1.640278457163878156e-02
1.640278457163878156e-02
1.640278457163703643e-02
1.640278457163703643e-02
1.640278457163698092e-02
1.640278457163698092e-02
1.640277439348421934e-02
1.640277439348421934e-02
1.638887845357578713e-02
1.638887845209686597e-02
1.638887845209686597e-02
1.638887845209686597e-02
1.638887845209686597e-02
1.065354680265724260e-02
1.065354680253386560e-02
8.679286777562937247e-03
8.664433102797968952e-03
8.664432559503323569e-03
8.664432559503323569e-03
8.547390104973554351e-03
8.547332751939137191e-03
8.547332751939137191e-03
8.547332751939137191e-03
8.547332751939137191e-03
8.547332751939137191e-03
8.546060305706166399e-03
8.546060305706166399e-03
8.546060305706166399e-03
8.546060294132948321e-03
8.546060294132948321e-03
4.874512955710568959e-03
4.874512955708412698e-03
4.806927010789974718e-03
4.244269514306849012e-03
4.244269514306849012e-03
4.244269514306849012e-03
4.244020780163723812e-03
4.244020780163723812e-03
4.224098917806075847e-03
4.224098895416421480e-03
4.224098895416415408e-03
4.224098895416415408e-03
4.224098895416415408e-03
4.224098781496241767e-03
4.224098781496241767e-03
4.224018193704434827e-03
2.185180235591166475e-03
2.119992481991230145e-03
2.119992481991230145e-03
2.119992481991230145e-03
1.980719073977497448e-03
1.980719073977497448e-03
1.979950233225221106e-03
1.979950233225221106e-03
1.979950233225106614e-03
1.979950233225106614e-03
1.979950233225090568e-03
1.979950233225090568e-03
1.979949398100653082e-03
1.979949398100653082e-03
1.977561206293764265e-03
1.977561205694233423e-03
1.977561205694233423e-03
1.977561205694233423e-03
1.977561205694233423e-03
1.284090578685983565e-03
1.284090578674959831e-03
9.064798265755843109e-04
9.043163360834235217e-04
9.043161839447870888e-04
9.043161839447870888e-04
8.767610079545550819e-04
8.767564884111494344e-04
8.767564884111494344e-04
8.767564884111494344e-04
8.767564884111494344e-04
8.767564884111494344e-04
8.767564884111494344e-04
8.765577741467276557e-04
8.765577741467275473e-04
8.765577741467275473e-04
8.765577735269075967e-04
8.765577735269075967e-04
4.732037911928528269e-04
4.732037911916908333e-04
4.622387283862487923e-04
3.718241950570981688e-04
3.718241950570981688e-04
3.718241950570981688e-04
3.718051322192897248e-04
3.718051322192897248e-04
3.677097802026929509e-04
3.677097751961024854e-04
3.677097751961021059e-04
3.677097751961021059e-04
3.677097751961021059e-04
3.677097694336626437e-04
3.677097694336626437e-04
3.676984368394025033e-04
1.729126168467554243e-04
1.640342571844779465e-04
1.640342571844779465e-04
1.640342571844779465e-04
1.640342571844779465e-04
1.459814064215691934e-04
1.459814064215691934e-04
1.459278110106218464e-04
1.459278110106149618e-04
1.459278110106149618e-04
1.459278110106097305e-04
1.459278110106097305e-04
1.459277720234458643e-04
1.455045296898583760e-04
1.455045296898583760e-04
1.455045295754798173e-04
1.455045295754798173e-04
1.455045295754798173e-04
1.455045295754798173e-04
8.461677680532593299e-05
5.712710251395442814e-05
5.712710251385064966e-05
5.699086785881966129e-05
5.699084815053162019e-05
5.699084815053162019e-05
5.419014724560508725e-05
5.418996419354691604e-05
5.418996419354691604e-05
5.418996419354691604e-05
5.418996419354691604e-05
5.418996419354691604e-05
5.418996419354691604e-05
5.418996419354691604e-05
5.416083428741489227e-05
5.416083428741485161e-05
5.416083428741485161e-05
5.416083425955215005e-05
5.416083425955215005e-05
2.495437136587658306e-05
2.495437136572533685e-05
2.448561131427748545e-05
1.932808858652917998e-05
1.932808858652917998e-05
1.932808858652917998e-05
1.932743950916984184e-05
1.900546110770367773e-05
1.900546110770367773e-05
1.900546063818797199e-05
1.900546063818796182e-05
1.900546063818796182e-05
1.900546063818796182e-05
1.900546042279631619e-05
1.900546042279631619e-05
1.900413479889678607e-05
7.506586166430401424e-06
7.185988079551081284e-06
7.185988079551081284e-06
7.185988079551081284e-06
7.185988079551081284e-06
6.352252662339235593e-06
6.352252662339235593e-06
6.350741423288606197e-06
6.350741423288452884e-06
6.350741423288452884e-06
6.350741423287857420e-06
6.350741423287857420e-06
6.350741423287857420e-06
6.324325211097658483e-06
6.324324006210218968e-06
6.324324006210218968e-06
6.324323997779812699e-06
6.324323997779812699e-06
6.324323997779812699e-06
6.324323997779812699e-06
3.858619043225368720e-06
2.130122267853288004e-06
2.130122267851209385e-06
2.126780635790957107e-06
2.126778815474867031e-06
2.126778815474867031e-06
2.014420408070207655e-06
2.014415323318786286e-06
2.014415323318786286e-06
2.014415323318786286e-06
2.014415323318786286e-06
2.014415323318786286e-06
2.014415323318786286e-06
2.014415323318786286e-06
2.012869729936871823e-06
2.012869729936867588e-06
2.012869729936867588e-06
2.012869729453079214e-06
2.012869729453079214e-06
9.486539361118351350e-07
9.486539360977809526e-07
9.335074707521231505e-07
6.280443060888117821e-07
6.280443060888117821e-07
6.280443060888117821e-07
6.280268969025571309e-07
6.160666646152916206e-07
6.160666252310007837e-07
6.160666252310007837e-07
6.160666252310004660e-07
6.160666252310004660e-07
6.160666252310004660e-07
6.160666216561725569e-07
6.160020350777775105e-07
6.160020350777775105e-07
2.366097593819004993e-07
2.271896187108220841e-07
2.271896187108220841e-07
2.271896187108220841e-07
2.271896187108220841e-07
2.271896187108220841e-07
1.819360548181358949e-07
1.818947497392772452e-07
1.818947497392751541e-07
1.818947497392751541e-07
1.818947497392751541e-07
1.818947497392376993e-07
1.818947497392376993e-07
1.809569928442873109e-07
1.809569727961776728e-07
1.809569727961776728e-07
1.809569721339812113e-07
1.809569721339812113e-07
1.809569721339812113e-07
1.809569721339812113e-07
1.219400086560045659e-07
5.674044620601658469e-08
5.674044620598339821e-08
5.674044620598339821e-08
5.663852191374785422e-08
5.663841218673585750e-08
5.663841218673585750e-08
5.111669916410235042e-08
5.111661382135062320e-08
5.111661382135062320e-08
5.111661382135062320e-08
5.111661382135062320e-08
5.111661382135062320e-08
5.111661382135062320e-08
5.111661382135062320e-08
5.106419696555418076e-08
5.106419696555394915e-08
5.106419696555394915e-08
5.106419695984995649e-08
5.106419695984995649e-08
2.576478483137610246e-08
2.576478482983028057e-08
2.525494793216298757e-08
2.525494793216298757e-08
1.447799185628961392e-08
1.447799185628961392e-08
1.447768797397797539e-08
1.447768797397797539e-08
1.394027728086030470e-08
1.394027533594203771e-08
1.394027533594203771e-08
1.394027533594203440e-08
1.394027533594203440e-08
1.394027533594203440e-08
1.394027529396802808e-08
1.393818651783639334e-08
1.393818651783639334e-08
5.432887842427723540e-09
5.140493976198941144e-09
5.140493976198941144e-09
5.140493976198941144e-09
5.140493976198941144e-09
3.714219745706092561e-09
3.714219745706092561e-09
3.713524008718881372e-09
3.713524008718851180e-09
3.713524008718851180e-09
3.713524008718851180e-09
3.713524008715921720e-09
3.713524008715921720e-09
3.674527378127277609e-09
3.674527145339552809e-09
3.674527145339552809e-09
3.674527115231875887e-09
3.674527115231875887e-09
3.674527115231875887e-09
2.387836083537719347e-09
2.387836083537719347e-09
1.082270695500527527e-09
1.082270695500037216e-09
1.082270695500037216e-09
1.082266729105797635e-09
1.080538973609014692e-09
9.301576428512200761e-10
9.301576428512200761e-10
9.301576428512200761e-10
9.301566936208938590e-10
9.301566936208938590e-10
9.301566936208938590e-10
9.301566936208938590e-10
9.301566936208783494e-10
9.281730462168215895e-10
9.281730462168215895e-10
9.281730462168215895e-10
9.281730462168215895e-10
9.281730461497595757e-10
9.281730461497595757e-10
9.281730458431895868e-10
4.272661551818612397e-10
4.272661551818612397e-10
4.208534913026519752e-10
2.371917076504924236e-10
2.371917076504924236e-10
2.371885799082716848e-10
2.371885799082716848e-10
2.371885188445066549e-10
2.248822720150967662e-10
2.248822720150967662e-10
2.248822720150967662e-10
2.248822720150967662e-10
2.248822720150967662e-10
2.248822715672785276e-10
2.248129708673238612e-10
2.248129708673238612e-10
7.723009447838605567e-11
7.400450597657900759e-11
7.400450597657900759e-11
7.400450597657900759e-11
7.400450597657900759e-11
5.339379317109564838e-11
5.339379317109564838e-11
5.338761922901688015e-11
5.338761922901688015e-11
5.338761922901667982e-11
5.338761922901667982e-11
5.338761922891505939e-11
5.338761922891505939e-11
5.263625815147800885e-11
5.263625595795177508e-11
5.263625595795177508e-11
5.263625525184306847e-11
5.263625525184306847e-11
5.263625525184306847e-11
3.725950007512443147e-11
3.725950007512443147e-11
1.413882293783570145e-11
1.413882293783271261e-11
1.413882293783271261e-11
1.413871352261205120e-11
1.412529463758466539e-11
1.217517654371883416e-11
1.217517654371883416e-11
1.217517654371883416e-11
1.217516834023312910e-11
1.217516834023312910e-11
1.217516834023312910e-11
1.217516834023266058e-11
1.217516834023266058e-11
1.214117112078187920e-11
1.214117112078187920e-11
1.214117112078187920e-11
1.214117112078187920e-11
1.214117112039647120e-11
1.214117112039647120e-11
1.214117111399421604e-11
6.362840051198957914e-12
6.362840051198957914e-12
6.297008958830217505e-12
2.992756480294545456e-12
2.992756480294545456e-12
2.992729487465776229e-12
2.992729487465776229e-12
2.992727830741769480e-12
2.835181807090311776e-12
2.835181807090311776e-12
2.835181807090311776e-12
2.835181807090311776e-12
2.835181807090311776e-12
2.835181804498673330e-12
2.834009348063305216e-12
1.113074932385768500e-12
1.113074932385768500e-12
1.113074932385768500e-12
1.078731392809907604e-12
1.078731392809907604e-12
1.078731392809907402e-12
6.863931249236078237e-13
6.863931249236078237e-13
6.863931249236078237e-13
6.863339737992803316e-13
6.863339737992793219e-13
6.863339737968531139e-13
6.863339737968531139e-13
6.863339737968531139e-13
6.758902836234057658e-13
6.758902836234057658e-13
6.758902695648098745e-13
6.758902488820687380e-13
6.758902488820687380e-13
6.758902488820687380e-13
6.758902488820687380e-13
5.351281957271404188e-13
2.050479956633001575e-13
2.050479956633001575e-13
2.050479956632798112e-13
2.050451964058495247e-13
2.050451964058495247e-13
2.050451964058495247e-13
2.048765721354076767e-13
1.645742781534023200e-13
1.645742781534023200e-13
1.645742781534023200e-13
1.645742170922310840e-13
1.645742170922310840e-13
1.645742170922310840e-13
1.645742170922310840e-13
1.645742170922184622e-13
1.640337887633572804e-13
1.640337887633572804e-13
1.640337887633572804e-13
1.640337887633572804e-13
1.640337887611555129e-13
1.640337885466406805e-13
1.640337885466406805e-13
1.640337885466406805e-13
1.000579918581120195e-13
9.909610119912919548e-14
4.437543553961012041e-14
4.437543553961012041e-14
4.437518745150496637e-14
4.437514262463439670e-14
4.077108387934824937e-14
4.077108387934824937e-14
4.077108387934824937e-14
4.077108387934824937e-14
4.077108387934824937e-14
4.077108387934824937e-14
4.077108386203658321e-14
4.074949882896285007e-14
4.074949882896285007e-14
1.858037562929268048e-14
1.858037562929268048e-14
1.799690446191378387e-14
1.799690446191378387e-14
1.799690446191377124e-14
1.066139205793233946e-14
1.066139205793233946e-14
1.066139205793233946e-14
1.066078613409656822e-14
1.066078613398271666e-14
1.066078613398271666e-14
1.066078613398270719e-14
1.066078613398270719e-14
1.039095331625297771e-14
1.039095331625297771e-14
1.039095320699720962e-14
1.039095260113648596e-14
1.039095260113648596e-14
1.039095260113648596e-14
1.039095260113648596e-14
8.341750688113085130e-15
3.522481518204293164e-15
3.522481518204293164e-15
3.522481518204293164e-15
3.522405594014357331e-15
3.522405594014147889e-15
3.520290923044881697e-15
3.520290923044881697e-15
2.696859887168870730e-15
2.696859887168870730e-15
2.696859887168870730e-15
2.696859343383149037e-15
2.696859343383149037e-15
2.696859343383149037e-15
2.696859343383149037e-15
2.696859343382490732e-15
2.681122388906571765e-15
2.681122388906571765e-15
2.681122388906571765e-15
2.681122388906571765e-15
2.681122388886214420e-15
2.681122381745608801e-15
2.681122381745608801e-15
1.633788092063079741e-15
1.633788092063079741e-15
1.633788092063079741e-15
7.726353087007569601e-16
7.701933793795657108e-16
7.701921380933637268e-16
7.701896532568404112e-16
6.929560011882169595e-16
6.929560011882169595e-16
6.929560011882169595e-16
6.929560011882169595e-16
6.929560011882169595e-16
6.929560011882169595e-16
6.929560010143047829e-16
6.922764920715369247e-16
6.922764920715369247e-16
3.078563973237841474e-16
3.078563973237841474e-16
3.009815257901841537e-16
3.009815257901836113e-16
3.009815257901836113e-16
3.009815257901836113e-16
3.009815257901836113e-16
1.844492590668911743e-16
1.844492590668911743e-16
1.844432212631335058e-16
1.844432212631335058e-16
1.844432212588534423e-16
1.844432212588533684e-16
1.844432212588533684e-16
1.786128921308281135e-16
1.786128921308281135e-16
1.786128910060803421e-16
1.786128745496141962e-16
1.786128745496141962e-16
1.786128745496141962e-16
1.786128745496141962e-16
1.514326383855902611e-16
1.514326383855902611e-16
5.979477787595180151e-17
5.979238510218178987e-17
5.979238510218178987e-17
5.979238510218026145e-17
5.977210634841372433e-17
5.977210634841372433e-17
5.977210634841372433e-17
4.652625024681862593e-17
4.652625024681862593e-17
4.652625024681862593e-17
4.652625024681862593e-17
4.652624460447025676e-17
4.652624460447025676e-17
4.652624460444564800e-17
4.618639081705599702e-17
4.618639081705599702e-17
4.618639081705599702e-17
4.618639081705599702e-17
4.618639081705599702e-17
4.618639062220964606e-17
4.618639062205779649e-17
3.142392831654887767e-17
3.142392831654887767e-17
3.142392831654887767e-17
1.352580428714816024e-17
1.350086722102911536e-17
1.350082551216409544e-17
1.350079889241868146e-17
1.219273694850599688e-17
1.219273694850599688e-17
1.219273694850599688e-17
1.219273694850599688e-17
1.219273694850599688e-17
1.219273694850599688e-17
1.219273694715217136e-17
1.217745193629436090e-17
1.217745193629436090e-17
1.217745193629436090e-17
6.294255623173944919e-18
6.294255623173916415e-18
6.294255623173916415e-18
6.197957854695057749e-18
6.197957854695057749e-18
6.197957854695057749e-18
3.437374768641083927e-18
3.437374768641083927e-18
3.437374768504320945e-18
3.437301656736583320e-18
3.437301656736583320e-18
3.437301656736582550e-18
3.437301656736582550e-18
3.326197153835542479e-18
3.326196529778647374e-18
3.326196529778647374e-18
3.326196519969949338e-18
3.326196519969949338e-18
3.326196519969949338e-18
3.326196519969949338e-18
2.993342790184947776e-18
2.993342790184947776e-18
1.307599030393409165e-18
1.307515856443808397e-18
1.307515856443808397e-18
1.307515856443793375e-18
1.307177744530699987e-18
1.307177744530699987e-18
1.307177744530699987e-18
9.442651291268587402e-19
9.442651291268587402e-19
9.442651291268587402e-19
9.442651291268587402e-19
9.442650706818288685e-19
9.442650706818288685e-19
9.442650706808963332e-19
9.365849491450882473e-19
9.365849491450882473e-19
9.365849491450882473e-19
9.365849491450882473e-19
9.365849491450882473e-19
9.365849403836028702e-19
9.365849403823261712e-19
9.365849403823261712e-19
7.111827246253754796e-19
7.111827246253754796e-19
3.126772587996682514e-19
3.126772587996682514e-19
3.122124770022329473e-19
3.122108556796259950e-19
3.122108556796259950e-19
2.707474434599492302e-19
2.707471742398031493e-19
2.707471742398031493e-19
2.707471742398031493e-19
2.707471742398031493e-19
2.707471742398031493e-19
2.707471742261533616e-19
2.703334413654279851e-19
2.703334413654279851e-19
2.703334413654279851e-19
2.703334413654279851e-19
2.703334413654231221e-19
1.599285615850215775e-19
1.599285615850215775e-19
1.577572873164445270e-19
1.577572873164445270e-19
1.577572873164445270e-19
8.436506678632094862e-20
8.436506678632094862e-20
8.436506677731215853e-20
8.436395924302226669e-20
8.436395924302226669e-20
8.436395924302226669e-20
8.436395924302226669e-20
8.030024432818013258e-20
8.030024432818013258e-20
8.030021789040271634e-20
8.030021777350948170e-20
8.030021777350948170e-20
8.030021777350948170e-20
8.030021777350948170e-20
7.342790976161592813e-20
3.578118882621892487e-20
3.578118882621892487e-20
3.577776916154146835e-20
3.577776916154146835e-20
3.577776916154146835e-20
3.577776916154125169e-20
3.577140235098262018e-20
2.471098214041042514e-20
2.471098214041042514e-20
2.471098214041042514e-20
2.471098214041042514e-20
2.471098214041042514e-20
2.471098132198310684e-20
2.471098132198310684e-20
2.471098132191327984e-20
2.438792743176523351e-20
2.438792743176523351e-20
2.438792743176523351e-20
2.438792743176523351e-20
2.438792699995188786e-20
2.438792699995188786e-20
2.438792699995188786e-20
2.438792699993485240e-20
1.893873963308463320e-20
1.893873963308463320e-20
8.894901028101076817e-21
8.894901028101076817e-21
8.885438300587885557e-21
8.885438300587885557e-21
8.885366194012708134e-21
7.495155362859833227e-21
7.495151144140325526e-21
7.495151144140325526e-21
7.495151144140325526e-21
7.495151144140325526e-21
7.495151144140325526e-21
7.495151143934478221e-21
7.475600284539480134e-21
7.475600284539480134e-21
7.475600284539480134e-21
7.475600284539480134e-21
7.475600284539480134e-21
7.475600284539069369e-21
4.488351380491893536e-21
4.445172794178463956e-21
4.445172794178463956e-21
4.445172794178463956e-21
2.448422697467852880e-21
2.448422697467852880e-21
2.448422696916311683e-21
2.448403622673500518e-21
2.448403622673500518e-21
2.448403622673500518e-21
2.448403622673500518e-21
2.304372266026240390e-21
2.304372266026240390e-21
2.304371070536461707e-21
2.304371068642163658e-21
2.304371068642163658e-21
2.304371068642163658e-21
2.304371068642163658e-21
2.158577463721675743e-21
1.038607535477015897e-21
1.038429696417560441e-21
1.038429696417560441e-21
1.038429696417560441e-21
1.038429696417560441e-21
1.038429696417560441e-21
1.038429696417557808e-21
1.038320017958405726e-21
7.249609766362362254e-22
7.249609766362362254e-22
7.249609766362362254e-22
7.249609766362360373e-22
7.249609766362360373e-22
7.249609766362360373e-22
7.249609627745233112e-22
7.249609627701550802e-22
7.131662472354929731e-22
7.131662472354929731e-22
7.131662472354929731e-22
7.131662472354929731e-22
7.131662269597261668e-22
7.131662269597261668e-22
7.131662269597261668e-22
7.131662269597261668e-22
7.131662269595080891e-22
5.886212579844574230e-22
2.647221385102102191e-22
2.645506891660281180e-22
2.645506891660281180e-22
2.645506891660281180e-22
2.645467435476127625e-22
2.234858923963267778e-22
2.234858185876831526e-22
2.234858185876831526e-22
2.234858185876831526e-22
2.234858185876831526e-22
2.234858185876831526e-22
2.234858185876831526e-22
2.227466007801260666e-22
2.227466007801260666e-22
2.227466007774041389e-22
2.227466007774041389e-22
2.227466007774041389e-22
2.227466007773776668e-22
1.486260990311792669e-22
1.476549712376186595e-22
1.476549712376186595e-22
7.593715174175180196e-23
7.593715174175180196e-23
7.593715171262031304e-23
7.593715171262031304e-23
7.593679065878491244e-23
7.593679065878491244e-23
7.593679065878491244e-23
7.593679065878491244e-23
7.133599368561423364e-23
7.133599368561423364e-23
7.133592296583511093e-23
7.133592293865652956e-23
7.133592293865652956e-23
7.133592293865652956e-23
7.133592293865652956e-23
7.133592293865652956e-23
7.130023102895313356e-23
6.837831285949281786e-23
3.678206783948573157e-23
3.678206783948573157e-23
3.678206783948573157e-23
3.678206783948569042e-23
3.677935988820886715e-23
3.677935988820886715e-23
2.397927945304774984e-23
2.397927945304774984e-23
2.397927945304773220e-23
2.397927945304773220e-23
2.397927945304773220e-23
2.397927945304773220e-23
2.397927945278530897e-23
2.397927922573260947e-23
2.355065966494454983e-23
2.355065966494454983e-23
2.355065966494454983e-23
2.355065830009447487e-23
2.355065830009447487e-23
2.355065830009447487e-23
2.355065830009447487e-23
2.355065830009447487e-23
2.060658355027307706e-23
2.060658355027081129e-23
9.920520735167232784e-24
9.915781747036762974e-24
9.915781747036762974e-24
9.915781747036762974e-24
9.915545851713558789e-24
7.995848989148001039e-24
7.995847574647810050e-24
7.995847574647810050e-24
7.995847574647810050e-24
7.995847574647810050e-24
7.995847574647810050e-24
7.995847574647810050e-24
7.964386113019291722e-24
7.964386113019291722e-24
7.964386113019291722e-24
7.964386112975927735e-24
7.964386112975927735e-24
7.964386112974070454e-24
5.836396190111798977e-24
5.836396190111798977e-24
5.806883511069003269e-24
3.002476220877475730e-24
3.002476218066246460e-24
3.002476218066246460e-24
3.002476218066246460e-24
3.002467767415949340e-24
3.002467767415949340e-24
3.002467767415949340e-24
3.002467767415949340e-24
2.757327398397320690e-24
2.757322901925874873e-24
2.757322901925874873e-24
2.757322901925874873e-24
2.757322901419867167e-24
2.757322901419867167e-24
2.757322901419867167e-24
2.757322901419867167e-24
2.757322901419867167e-24
2.755549050755008169e-24
1.613479029906568025e-24
1.583349907519127752e-24
1.583349907519127752e-24
1.583274779746579954e-24
1.003431926123712965e-24
1.003431926123712597e-24
1.003431926123712597e-24
1.003431926123712597e-24
1.003431926123711311e-24
1.003431926123711311e-24
1.003431926123711311e-24
1.003431926095345898e-24
1.003431926095345898e-24
1.003431921140821615e-24
9.774779569536906733e-25
9.774779569536906733e-25
9.774779569536906733e-25
9.774779569536906733e-25
9.774778568927227540e-25
9.774778568927227540e-25
9.774778568927227540e-25
8.753348878736822594e-25
8.753348878736822594e-25
8.753348878736359743e-25
4.522284229391695684e-25
4.522284229391695684e-25
4.520809660563057388e-25
4.520809660563057388e-25
4.520646527032889528e-25
3.544877684263015424e-25
3.544877337807005492e-25
3.544877337807005492e-25
3.544877337807005492e-25
3.544877337807005492e-25
3.544877337807005492e-25
3.544877337807005492e-25
3.544877337807005492e-25
3.544877337807005492e-25
3.523364539597511735e-25
3.523364539595268653e-25
3.523364539585650262e-25
3.523364539585650262e-25
3.523364539585650262e-25
2.674467641938574913e-25
2.665174756701476392e-25
2.665174756701476392e-25
2.665174747274759239e-25
1.420240692008720039e-25
1.420240692008720039e-25
1.420240692008720039e-25
1.420238335727643673e-25
1.420238335727643673e-25
1.420238335727643673e-25
1.420238335727643673e-25
1.284405369087242247e-25
1.284402123078242535e-25
1.284402123078242535e-25
1.284402123078242535e-25
1.284402122953810948e-25
1.284402122953810948e-25
1.284402122953810948e-25
1.284402122953810948e-25
1.284402122953810948e-25
1.283060762340653188e-25
7.782876966731414953e-26
7.677373706424575841e-26
7.677373706424575841e-26
4.880866186312013494e-26
4.880866186312013494e-26
4.880777220137554233e-26
4.880777220137553085e-26
4.880777220137532996e-26
4.880777220137532996e-26
4.880777220137532996e-26
4.880777220137532996e-26
4.880777219851929769e-26
4.880777206567265182e-26
4.880777206567265182e-26
4.880777206567265182e-26
4.727244960203806730e-26
4.727244960203806730e-26
4.727244960203806730e-26
4.727244181597959408e-26
4.727244181597959408e-26
4.727244181597959408e-26
4.358958479429988802e-26
4.358958479429988802e-26
4.358958479429886061e-26
4.358958479429886061e-26
2.274047899987292468e-26
2.273583199482731480e-26
2.273439353838179505e-26
2.273439353838179505e-26
1.771897285272660434e-26
1.771897187172613654e-26
1.771897187172613654e-26
1.771897187172613654e-26
1.771897187172613654e-26
1.771897187172613654e-26
1.771897187172613654e-26
1.771897187172613654e-26
1.771897187172613654e-26
1.758401704432100124e-26
1.758401704429722446e-26
1.758401704427574643e-26
1.758401704427574643e-26
1.758401704427574643e-26
1.758401704427574643e-26
1.421319008206949231e-26
1.421318999287399116e-26
1.418044531833759753e-26
7.394218431323001235e-27
7.394218431323001235e-27
7.394218431323001235e-27
7.394218431323001235e-27
7.394211193056669102e-27
6.645984300806313124e-27
6.645984300806313124e-27
6.645954001040989922e-27
6.645954001040989922e-27
6.645954001040989922e-27
6.645954001040989922e-27
6.645954000742306450e-27
6.645954000742306450e-27
6.645954000742306450e-27
6.645954000742306450e-27
6.636925507394499837e-27
6.636925507394499837e-27
4.417913286240640046e-27
4.375381088963012936e-27
4.375381088963012936e-27
4.375381088963012936e-27
2.663766518599525045e-27
2.663766518599500293e-27
2.663736487380193589e-27
2.663736487380192871e-27
2.663736487380192871e-27
2.663736487380192871e-27
2.663736487097171656e-27
2.663736487097171656e-27
2.663736487097171656e-27
2.663736487097171656e-27
2.663736487097171656e-27
2.570569214175615572e-27
2.570569210871930814e-27
2.570569210871930814e-27
2.570568408203810056e-27
2.570568408203810056e-27
2.570568408203810056e-27
2.431366436780106953e-27
2.431366436780106953e-27
1.377048595518000687e-27
1.377048595517992616e-27
1.377048595517992616e-27
1.376855466814920228e-27
1.376722809546669707e-27
1.376722809546669707e-27
1.029477527662320919e-27
1.029477497973481461e-27
1.029477497973481461e-27
1.029477497973481461e-27
1.029477497973481281e-27
1.029477497973481281e-27
1.029477497973481281e-27
1.029477497973481281e-27
1.029477497973481281e-27
1.020175762641421268e-27
1.020175762638758576e-27
1.020175762638758576e-27
1.020175762638758576e-27
1.020175762638212406e-27
1.020175762638212406e-27
8.708552457202871653e-28
8.708552340460692106e-28
8.694611084722767933e-28
4.718954019501807582e-28
4.718954019501807582e-28
4.718951376429658411e-28
4.718951376429658411e-28
4.718951376429658411e-28
4.134394124180811817e-28
4.134394124180811817e-28
4.134364636747497555e-28
4.134364636747497555e-28
4.134364636747497555e-28
4.134364636747497555e-28
4.134364636747497555e-28
4.134364636747497555e-28
4.134364636660182088e-28
4.134364636660182088e-28
4.127222995429154805e-28
4.127222995429154805e-28
2.970873010979826004e-28
2.949025903642204316e-28
2.949025903642204316e-28
2.949025903642103423e-28
1.789029241888672544e-28
1.789029241888672544e-28
1.789029241888672544e-28
1.789017097243853776e-28
1.789017097243853776e-28
1.789017097243853776e-28
1.789017096798770443e-28
1.789017096798770443e-28
1.789017096798770443e-28
1.789017096798770443e-28
1.789017096798770443e-28
1.707238611652918751e-28
1.707238610552114057e-28
1.707238610552114057e-28
1.707237720204772601e-28
1.707237720204772601e-28
1.707237720204772601e-28
1.636707164788877756e-28
1.636707164788877756e-28
9.966154702520830429e-29
9.966154702520830429e-29
9.966154702520804645e-29
9.966154702520804645e-29
9.965247733891088958e-29
9.963826875585461002e-29
7.296930519218882015e-29
7.296930519218882015e-29
7.296930519218882015e-29
7.296930406545361349e-29
7.296930406545361349e-29
7.296930406545359107e-29
7.296930406545359107e-29
7.205297437157660423e-29
7.205297437157660423e-29
7.205297437111351432e-29
7.205297437111351432e-29
7.205297437111351432e-29
7.205297437111351432e-29
7.205297437111351432e-29
7.205297437109549923e-29
7.205297437109549923e-29
6.335747011940199650e-29
6.335746856549436062e-29
6.329127515357362296e-29
3.587456963764877967e-29
3.587456963764877967e-29
3.587456963764877967e-29
3.587455809852074452e-29
3.587455809852074452e-29
3.090170670256684977e-29
3.090136986786531276e-29
3.090136986786531276e-29
3.090136986786531276e-29
3.090136986786531276e-29
3.090136986786531276e-29
3.090136986786531276e-29
3.090136986786531276e-29
3.090136986754255449e-29
3.082292393894355674e-29
3.082292393894355674e-29
2.318500791976257375e-29
2.306545289341617350e-29
2.306545289341617350e-29
2.306545289341617350e-29
2.306545289341401830e-29
2.306545289341401830e-29
1.413352884768775766e-29
1.413352884768775766e-29
1.413347158993357691e-29
1.413347158993357691e-29
1.413347158294797234e-29
1.413347158294797234e-29
1.413347158294797234e-29
1.413347158294797234e-29
1.413347158294797234e-29
1.337566007063747181e-29
1.337566007063747181e-29
1.337566006616655059e-29
1.337564889131824814e-29
1.337564889131824814e-29
1.337564889131824814e-29
1.337564889131824814e-29
1.337564889131824814e-29
1.298267938384056270e-29
8.230584426926114516e-30
8.230584426926114516e-30
8.230584426926103305e-30
8.228677277480394039e-30
8.228210194641211380e-30
8.228210194641211380e-30
8.228210194641211380e-30
5.979318534112103506e-30
5.979318534112103506e-30
5.979318534112103506e-30
5.979318484052280418e-30
5.979318484052276214e-30
5.979318484052276214e-30
5.979318484052276214e-30
5.979318483972078502e-30
5.887462748133169515e-30
5.887462748133169515e-30
5.887462748133169515e-30
5.887462748133169515e-30
5.887462748133169515e-30
5.887462748132526319e-30
5.887462473769118340e-30
5.349610593789153972e-30
5.349610593789153972e-30
5.349610593789153972e-30
3.088562482384631383e-30
3.087373431005573642e-30
3.087373431005573642e-30
3.087372865518792599e-30
3.087306702850500617e-30
2.632920006316644025e-30
2.632920006316644025e-30
2.632920006316644025e-30
2.632920006316644025e-30
2.632920006316644025e-30
2.632920006316644025e-30
2.632920006316644025e-30
2.632920006316644025e-30
2.632920006304107658e-30
2.624399737998686897e-30
2.624399737998686897e-30
2.097048864672018775e-30
2.097048864672018775e-30
2.089648343186899758e-30
2.089648343186455546e-30
2.089648343186455546e-30
2.089648343186455546e-30
1.267327830229797384e-30
1.267327830229797384e-30
1.267327830229797384e-30
1.267324784045116744e-30
1.267324784045116744e-30
1.267324782896639147e-30
1.267324782896639147e-30
1.267324782896639147e-30
1.267324782896639147e-30
1.191870182984903869e-30
1.191870182794975904e-30
1.191868436746280232e-30
1.191868436746280232e-30
1.191868436746280232e-30
1.191868436746280232e-30
1.191868436746280232e-30
1.168069442500794624e-30
1.168069442500794624e-30
7.969246538444070689e-31
7.966569963314432682e-31
7.966569963314432682e-31
7.966569963314429179e-31
7.966569963314429179e-31
7.966280275691348411e-31
5.639125273208130571e-31
5.639125273208130571e-31
5.639125273208130571e-31
5.639125273208130571e-31
5.639125249386348323e-31
5.639125249386348323e-31
5.639125249386338689e-31
5.639125249386338689e-31
5.639125249386338689e-31
5.639125249240481911e-31
5.537586824022837246e-31
5.537586824022837246e-31
5.537586824022837246e-31
5.537586824022837246e-31
5.537586346385302091e-31
5.537586346385051609e-31
5.537586346385051609e-31
5.168379903537480997e-31
3.162843041459441682e-31
3.162843041459441682e-31
3.162017875112555086e-31
3.162017875112555086e-31
3.162017875112555086e-31
3.161913972778708013e-31
2.634245664851458817e-31
2.634245444598594435e-31
2.634245444598594435e-31
2.634245444598594435e-31
2.634245444598594435e-31
2.634245444598594435e-31
2.634245444598594435e-31
2.634245444593081640e-31
2.623625666507777254e-31
2.623625666507777254e-31
2.204896530918764139e-31
2.204896530918764139e-31
2.204896530917753015e-31
2.204896530917753015e-31
2.199477361147101858e-31
2.199477361147101858e-31
2.199477361147101858e-31
2.199477361147101858e-31
1.364184356812064395e-31
1.364184356812064395e-31
1.364184356812064395e-31
1.364184354193397305e-31
1.364182465812063980e-31
1.364182465812063980e-31
1.364182465812063980e-31
1.364182465812063980e-31
1.266379569470149574e-31
1.266376618310965519e-31
1.266376618216767171e-31
1.266376618216767171e-31
1.266376618216767171e-31
1.266376618216767171e-31
1.266376618216767171e-31
1.248493011876228626e-31
9.073135291239475947e-32
9.073135291239475947e-32
9.073135291239475947e-32
9.068812439704358880e-32
9.068812439704358880e-32
9.068812439704357785e-32
9.068611595618803100e-32
9.068611595618803100e-32
6.381050666941616373e-32
6.381050666941616373e-32
6.381050666941616373e-32
6.381050666941616373e-32
6.381050666941590099e-32
6.381050666941590099e-32
6.381050653541099877e-32
6.381050653541099877e-32
6.381050653173587460e-32
6.234450301056663546e-32
6.234450301056663546e-32
6.234450301056663546e-32
6.234450301056663546e-32
6.234449394655531065e-32
6.234449394655531065e-32
6.234449394655427062e-32
5.919444110407654281e-32
5.919444110407654281e-32
3.822431078547331659e-32
3.821786211119857261e-32
3.821786211119857261e-32
3.821786211119857261e-32
3.821597066527780823e-32
3.140040160779042595e-32
3.140040160779042595e-32
3.140040023290986429e-32
3.140040023290986429e-32
3.140040023290986429e-32
3.140040023290986429e-32
3.140040023290986429e-32
3.140040023288397858e-32
3.122963246187597632e-32
3.122963246187597632e-32
3.122963246187597632e-32
3.122963246187597632e-32
3.122963246183604479e-32
2.716627897698340177e-32
2.716627897698340177e-32
2.716627897698340177e-32
2.712222902663111780e-32
1.727127888897009522e-32
1.727127888897009522e-32
1.727127888897009522e-32
1.727127882612809926e-32
1.727126552837206014e-32
1.727126552837206014e-32
1.727126552837206014e-32
1.587927132745066010e-32
1.587927132745066010e-32
1.587927132745066010e-32
1.587927132745066010e-32
1.587921350491576761e-32
1.587921350442638876e-32
1.587921350442638876e-32
1.587921350442638876e-32
1.572807486791806729e-32
1.197468584183646830e-32
1.196615429537274109e-32
1.196615429537274109e-32
1.196615429537274109e-32
1.196600067211156292e-32
1.196600067211156292e-32
1.196600067211156292e-32
8.427868459097814704e-33
8.427868459097814704e-33
8.427868459097814704e-33
8.427868459097814704e-33
8.427868459097720280e-33
8.427868459097720280e-33
8.427868459097720280e-33
8.427868451373698828e-33
8.427868450413875065e-33
8.199560868575539872e-33
8.199560868575539872e-33
8.199558914789667134e-33
8.199558914789667134e-33
8.199558914789667134e-33
8.199558914789667134e-33
8.199558914789667134e-33
7.903608099517894016e-33
7.903608099517863910e-33
7.903608099517863910e-33
5.323460884075936385e-33
5.322911351778008375e-33
5.322911351778008375e-33
5.322495542951168581e-33
5.322495542951168581e-33
4.333010868930205693e-33
4.333010782424290974e-33
4.333010782424290974e-33
4.333010782424290974e-33
4.333010782424290974e-33
4.333010782424290974e-33
4.303895388713166700e-33
4.303895388713166700e-33
4.303895388712284047e-33
4.303895388712284047e-33
4.303895388712284047e-33
4.303895388712284047e-33
4.303895388700931340e-33
4.303895388700931340e-33
3.876390004417202877e-33
3.872447352753367371e-33
3.872447352753367371e-33
2.516474934398515217e-33
2.516474917773659398e-33
2.516474917773659398e-33
2.516473984978197404e-33
2.516473984978197404e-33
2.516473984978197404e-33
2.516473984978197404e-33
2.295038565007933030e-33
2.295038565007933030e-33
2.295024876330990090e-33
2.295024876330990090e-33
2.295024876312440676e-33
2.295024876312440676e-33
2.295024876312440676e-33
2.292216731844228372e-33
1.842022992999552635e-33
1.833046123385828742e-33
1.833046123385828742e-33
1.833046123385828742e-33
1.833046123385828742e-33
1.833034211816267114e-33
1.285868482570668935e-33
1.285868482570668935e-33
1.285868482570668935e-33
1.285868482570668935e-33
1.285868482570636434e-33
1.285868482570636434e-33
1.285868482292203629e-33
1.285868481965935435e-33
1.285868481965935435e-33
1.245886083758346765e-33
1.245886083758346765e-33
1.245886083758346765e-33
1.245885572548875173e-33
1.245885572548875173e-33
1.245885572548875173e-33
1.245885572548875173e-33
1.215503079590381933e-33
1.215503079590381933e-33
1.215503079590381590e-33
8.689665706654450883e-34
8.689181864674096403e-34
8.689181864674096403e-34
8.689181864674096403e-34
8.688188509348081263e-34
6.969239190201743280e-34
6.969239149593799550e-34
6.969239149593799550e-34
6.969239149593799550e-34
6.969239149593799550e-34
6.969239149593797840e-34
6.969239149593797840e-34
6.912423385572202701e-34
6.912423385572202701e-34
6.912423385572202701e-34
6.912423385572093225e-34
6.912423385535599937e-34
6.912423385535599937e-34
6.413361928078046397e-34
6.413361928078046397e-34
6.409794321684144377e-34
6.409794199445820836e-34
4.339211854870173255e-34
4.339211854870173255e-34
4.339211351604816780e-34
4.339211351604816780e-34
4.339211351604816780e-34
4.339211351604816780e-34
3.908907409572584099e-34
3.908907409572584099e-34
3.908871808897100066e-34
3.908871808897100066e-34
3.908871808897100066e-34
3.908871808894526515e-34
3.908871808894526515e-34
3.908871808894526515e-34
3.902720363181360017e-34
3.902720363181360017e-34
3.299530727877540878e-34
3.289994524632952882e-34
3.289994524632952882e-34
2.335627597069157191e-34
2.335624087889722578e-34
2.335624087889722578e-34
2.335624087889722578e-34
2.335624087889589581e-34
2.335624087889589581e-34
2.335624087889589581e-34
2.335624086848520358e-34
2.335624086797049752e-34
2.248886195881427874e-34
2.248886195881427874e-34
2.248886195881427874e-34
2.248886195881427874e-34
2.248884702590567892e-34
2.248884702590567892e-34
2.248884702590567892e-34
2.248884702590567892e-34
2.215850149786204512e-34
2.215850149786204512e-34
1.679455643045587324e-34
1.679455643045587324e-34
1.679455643045587324e-34
1.679422846795483108e-34
1.679142544866248896e-34
1.679142544866248896e-34
1.337924192882650175e-34
1.337924192167047145e-34
1.337924192167047145e-34
1.337924192167047145e-34
1.337924192167047145e-34
1.337924192167046290e-34
1.337924192167046290e-34
1.337924192167046290e-34
1.337924192167046290e-34
1.324099679848848154e-34
1.324099679833672410e-34
1.324099679833672196e-34
1.324099679833672196e-34
1.324099679833672196e-34
1.261945423741384006e-34
1.261945381263030979e-34
1.261694645713603508e-34
8.931429977328133721e-35
8.931429977328133721e-35
8.931429977328133721e-35
8.931429875378381574e-35
7.965772879034221796e-35
7.965661197045405338e-35
7.965661197045405338e-35
7.965661197045405338e-35
7.965661197045405338e-35
7.965661197045405338e-35
7.965661197045372195e-35
7.965661197045372195e-35
7.965661197045372195e-35
7.948767510242092708e-35
7.077974890023766026e-35
7.069998057712654788e-35
7.069998057712654788e-35
5.101878270351711445e-35
5.101878270351711445e-35
5.101878270350990867e-35
5.101877469728183570e-35
5.101877469728183570e-35
5.101877469728183570e-35
5.101877469728183570e-35
5.101877465274687233e-35
5.101877465274687233e-35
4.881830203236111319e-35
4.881830203236111319e-35
4.881830203235413192e-35
4.881830203235413192e-35
4.881830203235413192e-35
4.881824887583095612e-35
4.881824887583095612e-35
4.881824887583095612e-35
4.853324133375613998e-35
3.942119111502528632e-35
3.942119111502528632e-35
3.942119111502528632e-35
3.942110471319602247e-35
3.941088666515197369e-35
3.120479473701399999e-35
3.120479473701399999e-35
3.120479473689322845e-35
3.120479473689322845e-35
3.120479473689322845e-35
3.120479473689316965e-35
3.120479473689316965e-35
3.080348138661520726e-35
3.080348138661520726e-35
3.080348138587888197e-35
3.080348138587888197e-35
3.080348138587888197e-35
3.080348138587888197e-35
3.080348138587888197e-35
3.017607890316966097e-35
3.017607706834703406e-35
3.017539141342744925e-35
2.275502955217593188e-35
2.275502955217593188e-35
2.275502955012288776e-35
2.003636375155960152e-35
2.003589622579414640e-35
2.003589622579414640e-35
2.003589622579414640e-35
2.003589622579414640e-35
2.003589622579414640e-35
2.003589622579414640e-35
2.003589622579414640e-35
1.997875561702187863e-35
1.891728686009681004e-35
1.891728686009681004e-35
1.891455960323336714e-35
1.891455960323336714e-35
1.891455960322450158e-35
1.410468763434792334e-35
1.410468763434792334e-35
1.410468761536359634e-35
1.410468761536359634e-35
1.410468761536359634e-35
1.410468758965076058e-35
1.410468758965076058e-35
1.410468758965076058e-35
1.410468758965076058e-35
1.410468758965076058e-35
1.410468758965076058e-35
1.337259186587740546e-35
1.337259186587740546e-35
1.337256547422984793e-35
1.337256547422984793e-35
1.337256547422984793e-35
1.336228769654461308e-35
1.197897162232650226e-35
1.197897162232650226e-35
1.197897162232650226e-35
1.197392449992367535e-35
1.197392449992367535e-35
1.197392425261583040e-35
9.473027260277009589e-36
9.473027260277009589e-36
9.473027260277008253e-36
9.473027260277008253e-36
9.473027260276957471e-36
9.473027260276957471e-36
9.311240001862701576e-36
9.311240001354459329e-36
9.311240001354459329e-36
9.311240001354459329e-36
9.311240001354459329e-36
9.311240001354459329e-36
9.311240001354459329e-36
9.311238845433956827e-36
9.283341413740567966e-36
7.853643512394168618e-36
7.853642071498099087e-36
7.853642071498099087e-36
7.853642071498099087e-36
7.853642071498045631e-36
7.853257777441201029e-36
6.800933557189516440e-36
6.800933557189516440e-36
6.800933557189516440e-36
6.800933557189516440e-36
6.800933557189516440e-36
6.800933557189516440e-36
6.800933557189516440e-36
6.772050582913313977e-36
6.711018614356736068e-36
6.711018614356736068e-36
6.711007964405437901e-36
6.711007964397006665e-36
6.711007964397006665e-36
5.502851091011887828e-36
5.502851091011269751e-36
5.502851091011269751e-36
5.502851065114653354e-36
5.502851065114653354e-36
5.502851065114653354e-36
5.502851065114653354e-36
5.502851065114653354e-36
5.502851065114653354e-36
5.140091333138248392e-36
5.140091333138248392e-36
5.140070471859271968e-36
5.140070471859271968e-36
5.140070471859271968e-36
5.140023326570987281e-36
5.033119750692500723e-36
5.033119750692500723e-36
5.029206748670399094e-36
5.029206748670399094e-36
5.029206748661075155e-36
4.186792922889009815e-36
4.186792922889009815e-36
4.186792922889009815e-36
4.186792922889009815e-36
4.186792922888936982e-36
4.186792922888936982e-36
4.186792922209007690e-36
4.186792922209007690e-36
4.186792922209007690e-36
4.083183313001211464e-36
4.083183313001211464e-36
4.083182123744940442e-36
4.083182123744940442e-36
4.083182123744940442e-36
4.083015194417110243e-36
3.932464290928410214e-36
3.932464290851203396e-36
3.932464290851203396e-36
3.932041027104325430e-36
3.447405159151113605e-36
3.447405159151113605e-36
3.447405159151113605e-36
3.447405159151113605e-36
3.447405159151113605e-36
3.447405159151113605e-36
3.447405159151113605e-36
3.422952949332828661e-36
3.422952949332827993e-36
3.422464871443193582e-36
3.422464871428684479e-36
3.422464871428684479e-36
3.422464870836732578e-36
3.248546784367441699e-36
3.248546784367441699e-36
3.248546784367441699e-36
3.248546784367441699e-36
3.248546736082623525e-36
3.248546736082623525e-36
3.248546736082623525e-36
3.248546736082623525e-36
3.020217354819280423e-36
3.020185713221719158e-36
3.020185713221719158e-36
3.020185713221719158e-36
3.020185713221719158e-36
3.020185709743090497e-36
3.019016777016099010e-36
3.014368341247151223e-36
3.014368341247151223e-36
3.014368341247151223e-36
3.014368341247151223e-36
2.850022781110014796e-36
2.850022781110014796e-36
2.850022781110014796e-36
2.850022781109789949e-36
2.850022781109789949e-36
2.850022781109789949e-36
2.850022781109789949e-36
2.850022779424160102e-36
2.763408963277851638e-36
2.763406570219424445e-36
2.763406570219424445e-36
2.763406553878404275e-36
2.763406553878404275e-36
2.763406553878404275e-36
2.761186933827518829e-36
2.761186933827518829e-36
2.761186933827518829e-36
2.760497515089988601e-36
2.636096845775390250e-36
2.636096845775390250e-36
2.636096845775390250e-36
2.636096845775390250e-36
2.610224365655119850e-36
2.610224365655119850e-36
2.610224365655117177e-36
2.610224365655117177e-36
2.610224365609965495e-36
2.610224304944494923e-36
2.610224304944494923e-36
2.610224304944494923e-36
2.610224304944494923e-36
2.610224304944494923e-36
2.606921956110203985e-36
2.606921956110203985e-36
2.606921819502897734e-36
2.606921819502897734e-36
2.533429801379037635e-36
2.533356237713221677e-36
2.533356237713221677e-36
2.533356237713221677e-36
2.533356237713221677e-36
2.533356237713221677e-36
2.533356061872466727e-36
2.533356061872466727e-36
2.527421442202151388e-36
2.527421442202151388e-36
2.527421442202151388e-36
2.523635986520561288e-36
2.523635986520561288e-36
2.523635986520561288e-36
2.523635986519616466e-36
2.523635986519616466e-36
2.523635980713249623e-36
2.523635980713249623e-36
2.490584532953401186e-36
2.490584532953401186e-36
2.490584532953401186e-36
2.490578109974777607e-36
2.490578109974777607e-36
2.490578109974777607e-36
2.490577724341050061e-36
2.490577724341050061e-36
2.490577724341050061e-36
2.489560078580984551e-36
2.489560078580984551e-36
2.489560078580984551e-36
2.486277261922982241e-36
2.486277261922982241e-36
2.475212813376304995e-36
2.475212813376290963e-36
2.475212813376290963e-36
2.475212813376290963e-36
2.475212813197918331e-36
2.475212813197918331e-36
2.475212813197918331e-36
2.475212813197918331e-36
2.475212813197918331e-36
2.475212813197918331e-36
2.475212177751752821e-36
2.475211770826771571e-36
2.475211770826771571e-36
2.473098488460466716e-36
2.473098488460466716e-36
2.473098488460466716e-36
2.472971286819549173e-36
2.472971286819549173e-36
2.470263900516111562e-36
2.470263900516110894e-36
2.470263900516110894e-36
2.470263900516110894e-36
2.470263900516110894e-36
2.470263126523073920e-36
2.470263126523073920e-36
2.470263126523073252e-36
2.470263126519096512e-36
2.470263126519096512e-36
2.470263108136402496e-36
2.469267990568171300e-36
2.469267990568171300e-36
2.469267990568171300e-36
2.469256534292230352e-36
2.469256534292230352e-36
2.469256534292230352e-36
2.469256534292230352e-36
2.469256534292229683e-36
2.469256534292229683e-36
2.469256534292229683e-36
2.469256534292229683e-36
2.468778134480073446e-36
2.468777443643757599e-36
2.468777443643757599e-36
2.468777443643695792e-36
2.468437527167509543e-36
2.468437527167509543e-36
2.468437527167509543e-36
2.468437527167509543e-36
2.468437526581346183e-36
2.468437526581346183e-36
2.468437526581346183e-36
2.468437526581346183e-36
2.468436792223544938e-36
2.468436792223543935e-36
2.468436792223543935e-36
2.468436792223543935e-36
2.468436342666924852e-36
2.468375748022649591e-36
2.468375748022649591e-36
2.468375748022649591e-36
2.468291976565804081e-36
2.468291976565804081e-36
2.468291976565804081e-36
2.468291976565804081e-36
2.468291976565804081e-36
2.468291976565803078e-36
2.468291976565802410e-36
2.468291976552682811e-36
2.468291976552682811e-36
2.468291976552682811e-36
2.468291943249190263e-36
2.468291730830530033e-36
2.468291730830530033e-36
2.468291730830530033e-36
2.468286257270940755e-36
2.468286257270940755e-36
2.468286257270940755e-36
2.468286257270940755e-36
2.468286257270940755e-36
2.468286257270940755e-36
2.468286257270940755e-36
2.468271424180965743e-36
2.468271424180964741e-36
2.468271424180964741e-36
2.468271424180964741e-36
2.468271424180759606e-36
2.468271424180759606e-36
2.468271424180759606e-36
2.468271351555006064e-36
2.468271350491514322e-36
2.468271350491514322e-36
2.468271350491514322e-36
2.468271350491514322e-36
2.468270999401793617e-36
2.468270999401793617e-36
2.468270999401793617e-36
2.468270999401793617e-36
2.468270999401792615e-36
2.468269119709104467e-36
2.468269119709104467e-36
2.468269119709104467e-36
2.468269119709104467e-36
2.468269101806756719e-36
2.468269101806756719e-36
2.468269101806756719e-36
2.468269101806754714e-36
2.468269101782949067e-36
2.468269101782949067e-36
2.468269101782949067e-36
2.468269101782949067e-36
2.468269085859008484e-36
2.468269085859008484e-36
2.468269085859008484e-36
2.468269085859008150e-36
2.468269085859008150e-36
2.468268916049001313e-36
2.468268916049001313e-36
2.468268916049001313e-36
2.468268916049001313e-36
2.468268916049001313e-36
2.468268912878961045e-36
2.468268912878961045e-36
2.468268912878961045e-36
2.468268912878961045e-36
2.468268912878961045e-36
2.468268912878588862e-36
2.468268912878588862e-36
2.468268912878588862e-36
2.468268912370075665e-36
2.468268912370075665e-36
2.468268912370075665e-36
2.468268901477821120e-36
2.468268901477821120e-36
2.468268901477821120e-36
2.468268901477821120e-36
2.468268901076101577e-36
2.468268901076101577e-36
2.468268901076101577e-36
2.468268901076101577e-36
2.468268901076101577e-36
2.468268901076101577e-36
2.468268901076101577e-36
2.468268901076097568e-36
2.468268901064714931e-36
2.468268901064714931e-36
2.468268901064714931e-36
2.468268901064714931e-36
2.468268900570687450e-36
2.468268900570687450e-36
2.468268900570687450e-36
2.468268900570687450e-36
2.468268900570687450e-36
2.468268900570687450e-36
2.468268900534396651e-36
2.468268900534396651e-36
2.468268900534396651e-36
2.468268900534396651e-36
2.468268900534396651e-36
2.468268900534396651e-36
2.468268900534396651e-36
2.468268900534396651e-36
2.468268900534218578e-36
2.468268900534218578e-36
2.468268900518442250e-36
2.468268900518442250e-36
2.468268900518442250e-36
2.468268900518442250e-36
2.468268900516114940e-36
2.468268900516114940e-36
2.468268900516114940e-36
2.468268900516114940e-36
2.468268900516114940e-36
2.468268900516114940e-36
2.468268900516114940e-36
2.468268900516114940e-36
2.468268900516114940e-36
2.468268900516114940e-36
2.468268900516114940e-36
2.468268900516112601e-36
2.468268900515759462e-36
2.468268900515759462e-36
2.468268900515759462e-36
2.468268900515653888e-36
2.468268900515653888e-36
2.468268900515653888e-36
2.468268900515653888e-36
2.468268900515653888e-36
2.468268900515653888e-36
2.468268900515653888e-36
2.468268900515653888e-36
2.468268900515653888e-36
2.468268900515653888e-36
2.468268900515653888e-36
2.468268900515653888e-36
2.468268900515653888e-36
2.468268900515648208e-36
2.468268900515648208e-36
2.468268900515648208e-36
2.468268900515645202e-36
2.468268900515645202e-36
2.468268900515645202e-36
2.468268900515645202e-36
2.468268900515645202e-36
2.468268900515645202e-36
2.468268900515645202e-36
2.468268900515645202e-36
2.468268900515645202e-36
2.468268900515645202e-36
2.468268900515645202e-36
2.468268900515645202e-36
2.468268900515645202e-36
2.468268900515645202e-36
2.468268900515645202e-36
2.468268900515645202e-36
2.468268900515645202e-36
2.468268900515645202e-36
2.468268900515645202e-36
2.468268900515645202e-36
2.468268900515645202e-36
2.468268900515645202e-36
2.468268900515645202e-36
2.468268900515645202e-36
2.468268900515645202e-36
2.468268900515645202e-36
2.468268900515645202e-36
2.468268900515645202e-36
2.468268900515645202e-36
2.468268900515645202e-36
2.468268900515645202e-36
2.468268900515645202e-36
2.468268900515645202e-36
2.468268900515645202e-36
2.468268900515645202e-36
2.468268900515645202e-36
2.468268900515645202e-36
2.468268900515645202e-36
2.468268900515645202e-36
2.468268900515645202e-36
2.468268900515645202e-36
2.468268900515645202e-36
2.468268900515645202e-36
2.468268900515645202e-36
2.468268900515645202e-36
2.468268900515645202e-36
2.468268900515645202e-36
2.468268900515645202e-36
2.468268900515645202e-36
2.468268900515645202e-36
2.468268900515645202e-36
2.468268900515645202e-36
2.468268900515645202e-36
2.468268900515645202e-36
2.468268900515645202e-36
2.468268900515645202e-36
2.468268900515645202e-36
2.468268900515645202e-36
2.468268900515645202e-36
2.468268900515645202e-36
2.468268900515645202e-36
2.468268900515645202e-36
2.468268900515645202e-36
2.468268900515645202e-36
2.468268900515645202e-36
2.468268900515645202e-36
2.468268900515645202e-36
2.468268900515645202e-36
2.468268900515645202e-36
2.468268900515645202e-36
2.468268900515645202e-36
2.468268900515645202e-36
2.468268900515645202e-36
2.468268900515645202e-36
2.468268900515645202e-36
2.468268900515645202e-36
2.468268900515645202e-36
2.468268900515645202e-36
2.468268900515645202e-36
2.468268900515645202e-36
2.468268900515645202e-36
2.468268900515645202e-36
2.468268900515645202e-36
2.468268900515645202e-36
2.468268900515645202e-36
2.468268900515645202e-36
2.468268900515645202e-36
2.468268900515645202e-36
2.468268900515645202e-36
2.468268900515645202e-36
2.468268900515645202e-36
2.468268900515645202e-36
2.468268900515645202e-36
2.468268900515645202e-36
2.468268900515645202e-36
2.468268900515645202e-36
2.468268900515645202e-36
2.468268900515645202e-36
2.468268900515645202e-36
2.468268900515645202e-36
2.468268900515645202e-36
2.468268900515645202e-36
2.468268900515645202e-36
2.468268900515645202e-36
2.468268900515645202e-36
2.468268900515645202e-36
2.468268900515645202e-36
2.468268900515645202e-36
2.468268900515645202e-36
2.468268900515645202e-36
2.468268900515645202e-36
2.468268900515645202e-36
2.468268900515645202e-36
2.468268900515645202e-36
2.468268900515645202e-36
2.468268900515645202e-36
2.468268900515645202e-36
2.468268900515645202e-36
2.468268900515645202e-36
2.468268900515645202e-36
2.468268900515645202e-36
2.468268900515645202e-36
2.468268900515645202e-36
2.468268900515645202e-36
2.468268900515645202e-36
2.468268900515645202e-36
2.468268900515645202e-36
2.468268900515645202e-36
2.468268900515645202e-36
2.468268900515645202e-36
2.468268900515645202e-36
2.468268900515645202e-36
2.468268900515645202e-36
2.468268900515645202e-36
2.468268900515645202e-36
2.468268900515645202e-36
2.468268900515645202e-36
2.468268900515645202e-36
2.468268900515645202e-36
2.468268900515645202e-36
2.468268900515645202e-36
2.468268900515645202e-36
2.468268900515645202e-36
2.468268900515645202e-36
2.468268900515645202e-36
2.468268900515645202e-36
2.468268900515645202e-36
2.468268900515645202e-36
2.468268900515645202e-36
2.468268900515645202e-36
2.468268900515645202e-36
2.468268900515645202e-36
2.468268900515645202e-36
2.468268900515645202e-36
2.468268900515645202e-36
2.468268900515645202e-36
2.468268900515645202e-36
2.468268900515645202e-36
2.468268900515645202e-36
2.468268900515645202e-36
2.468268900515645202e-36
2.468268900515645202e-36
2.468268900515645202e-36
2.468268900515645202e-36
2.468268900515645202e-36
2.468268900515645202e-36
2.468268900515645202e-36
2.468268900515645202e-36
2.468268900515645202e-36
2.468268900515645202e-36
2.468268900515645202e-36
2.468268900515645202e-36
2.468268900515645202e-36
2.468268900515645202e-36
2.468268900515645202e-36
2.468268900515645202e-36
2.468268900515645202e-36
2.468268900515645202e-36
2.468268900515645202e-36
2.468268900515645202e-36
2.468268900515645202e-36
2.468268900515645202e-36
2.468268900515645202e-36
2.468268900515645202e-36
2.468268900515645202e-36
2.468268900515645202e-36
2.468268900515645202e-36
2.468268900515645202e-36
2.468268900515645202e-36
2.468268900515645202e-36
2.468268900515645202e-36
2.468268900515645202e-36
2.468268900515645202e-36
2.468268900515645202e-36
2.468268900515645202e-36
2.468268900515645202e-36
2.468268900515645202e-36
2.468268900515645202e-36
2.468268900515645202e-36
2.468268900515645202e-36
2.468268900515645202e-36
2.468268900515645202e-36
2.468268900515645202e-36
2.468268900515645202e-36
2.468268900515645202e-36
2.468268900515645202e-36
2.468268900515645202e-36
2.468268900515645202e-36
2.468268900515645202e-36
2.468268900515645202e-36
2.468268900515645202e-36
2.468268900515645202e-36
2.468268900515645202e-36
2.468268900515645202e-36
2.468268900515645202e-36
2.468268900515645202e-36
2.468268900515645202e-36
2.468268900515645202e-36
