1.000000000000035971e+00
1.000000000000035971e+00
1.000000000000035749e+00
1.000000000000035971e+00
1.000000000000035971e+00
1.000000000000035971e+00
1.000000000000035971e+00
1.000000000000035971e+00
1.000000000000035971e+00
1.000000000000035749e+00
1.000000000000035971e+00
1.000000000000035749e+00
1.000000000000035749e+00
1.000000000000035971e+00
1.000000000000035971e+00
1.000000000000035971e+00
1.000000000000035971e+00
1.000000000000035749e+00
1.000000000000035971e+00
1.000000000000035971e+00
1.000000000000035971e+00
1.000000000000036193e+00
1.000000000000036193e+00
1.000000000000018874e+00
1.000000000000018874e+00
1.000000000000018652e+00
1.000000000000018652e+00
1.000000000000018208e+00
1.000000000000018208e+00
1.000000000000018208e+00
1.000000000000018208e+00
1.000000000000018208e+00
1.000000000000018208e+00
1.000000000000018208e+00
1.000000000000018208e+00
1.000000000000018208e+00
1.000000000000018208e+00
1.000000000000018208e+00
1.000000000000018208e+00
1.000000000000018208e+00
1.000000000000018208e+00
1.000000000000018208e+00
1.000000000000018208e+00
1.000000000000018208e+00
1.000000000000018208e+00
1.000000000000018208e+00
1.000000000000018208e+00
1.000000000000018208e+00
1.000000000000018208e+00
1.000000000000018208e+00
1.000000000000018208e+00
1.000000000000018208e+00
1.000000000000018208e+00
1.000000000000017986e+00
1.000000000000017986e+00
1.000000000000017986e+00
1.000000000000017986e+00
1.000000000000017986e+00
1.000000000000017764e+00
1.000000000000017764e+00
1.000000000000017764e+00
1.000000000000017764e+00
1.000000000000017764e+00
1.000000000000017764e+00
1.000000000000017764e+00
1.000000000000005329e+00
1.000000000000005329e+00
1.000000000000005107e+00
1.000000000000005329e+00
1.000000000000005329e+00
1.000000000000005329e+00
1.000000000000003997e+00
1.000000000000003775e+00
1.000000000000003997e+00
1.000000000000003997e+00
1.000000000000003997e+00
1.000000000000003997e+00
1.000000000000003775e+00
9.999999999999907851e-01
9.999999999999897859e-01
9.999999999999867883e-01
9.999999999999867883e-01
9.999999999999864553e-01
9.999999999999864553e-01
9.999999999999864553e-01
9.999999999999864553e-01
9.999999999998697708e-01
9.999999999998552269e-01
9.999999999998544498e-01
9.999999999998516742e-01
9.999999999998515632e-01
9.999999999998515632e-01
9.999999999998514522e-01
9.999999999998515632e-01
9.999999999998513411e-01
9.999999999989469535e-01
9.999999999989164223e-01
9.999999999989164223e-01
9.999999999989139798e-01
9.999999999988771204e-01
9.999999999988771204e-01
9.999999999988755661e-01
9.999999999988756771e-01
9.999999999988755661e-01
9.999999999988756771e-01
9.999999999931639127e-01
9.999999999931640238e-01
9.999999999929787275e-01
9.999999999925768268e-01
9.999999999925768268e-01
9.999999999925724969e-01
9.999999999925324179e-01
9.999999999925323069e-01
9.999999999925323069e-01
9.999999999925321958e-01
9.999999999590832855e-01
9.999999999590832855e-01
9.999999999553291774e-01
9.999999999548765395e-01
9.999999999541534512e-01
9.999999999541534512e-01
9.999999999541477891e-01
9.999999999541479001e-01
9.999999999541477891e-01
9.999999999541403506e-01
9.999999999541403506e-01
9.999999997739260627e-01
9.999999997482833525e-01
9.999999997482833525e-01
9.999999997470465640e-01
9.999999997378149486e-01
9.999999997378150596e-01
9.999999997378150596e-01
9.999999997375893512e-01
9.999999997375843552e-01
9.999999997375844663e-01
9.999999997375843552e-01
9.999999987566440263e-01
9.999999987566439152e-01
9.999999987003207469e-01
9.999999986164149757e-01
9.999999986164148646e-01
9.999999986147406483e-01
9.999999986100790439e-01
9.999999986100790439e-01
9.999999986100790439e-01
9.999999986100762683e-01
9.999999986100762683e-01
9.999999986100640559e-01
9.999999940354186156e-01
9.999999933561425358e-01
9.999999933561425358e-01
9.999999932726509888e-01
9.999999932070433584e-01
9.999999932070433584e-01
9.999999932070432473e-01
9.999999932053772467e-01
9.999999932053771357e-01
9.999999932049741247e-01
9.999999932049732365e-01
9.999999739483580452e-01
9.999999701864838997e-01
9.999999701864838997e-01
9.999999700174834194e-01
9.999999693723072847e-01
9.999999693723070626e-01
9.999999693723070626e-01
9.999999693629575415e-01
9.999999693618760732e-01
9.999999693618760732e-01
9.999999693618761842e-01
9.999999693618761842e-01
9.999998800703224777e-01
9.999998800703222557e-01
9.999998768617545108e-01
9.999998721200258345e-01
9.999998721200259455e-01
9.999998719333158537e-01
9.999998717762189626e-01
9.999998717762188516e-01
9.999998717762188516e-01
9.999998717757478950e-01
9.999998717757478950e-01
9.999998717751836796e-01
9.999995361684693718e-01
9.999995053361958597e-01
9.999995053361958597e-01
9.999995004129613729e-01
9.999994984784078556e-01
9.999994984784078556e-01
9.999994984784078556e-01
9.999994983245966695e-01
9.999994983245966695e-01
9.999994983083200228e-01
9.999994983081781363e-01
9.999983385687583048e-01
9.999981941350902792e-01
9.999981941350902792e-01
9.999981763592998840e-01
9.999981686663218516e-01
9.999981686663217406e-01
9.999981686663217406e-01
9.999981686663217406e-01
9.999981686663217406e-01
9.999981683169685276e-01
9.999981682302513386e-01
9.999981682302513386e-01
9.999981682302513386e-01
9.999981682302513386e-01
9.999941379368729732e-01
9.999941379368669780e-01
9.999939019769621407e-01
9.999937857014178366e-01
9.999937857014168374e-01
9.999937773749795200e-01
9.999937718637144091e-01
9.999937718637144091e-01
9.999937718637144091e-01
9.999937718637144091e-01
9.999937718302279732e-01
9.999937718192473124e-01
9.999937718192473124e-01
9.999813637155121615e-01
9.999806007087633786e-01
9.999806007087632675e-01
9.999802503398605991e-01
9.999801865384698729e-01
9.999801865384698729e-01
9.999801865384696509e-01
9.999801804529601101e-01
9.999801804529598881e-01
9.999801801541047253e-01
9.999801801451715377e-01
9.999448755747800677e-01
9.999418290272086285e-01
9.999418290272086285e-01
9.999412669863246839e-01
9.999412669863225744e-01
9.999412669863225744e-01
9.999408094812879400e-01
9.999408094812879400e-01
9.999408094812879400e-01
9.999408094812879400e-01
9.999408034875946205e-01
9.999408004508271164e-01
9.999408004508272274e-01
9.999408004508272274e-01
9.999408004508272274e-01
9.998472122936424844e-01
9.998472122935506690e-01
9.998382430533017118e-01
9.998349968026550849e-01
9.998349968026007950e-01
9.998345803251852404e-01
9.998344952894800963e-01
9.998344952894802073e-01
9.998344952894802073e-01
9.998344952894802073e-01
9.998344942798577106e-01
9.998344941762740135e-01
9.998344941762740135e-01
9.995980942802394908e-01
9.995776391315081000e-01
9.995776391315079890e-01
9.995684938324034263e-01
9.995676648689986177e-01
9.995676648689986177e-01
9.995676648689979515e-01
9.995674177589177756e-01
9.995674177589077836e-01
9.995674177589077836e-01
9.995674153547975394e-01
9.995674151366114035e-01
9.990240134726728893e-01
9.989580485510013430e-01
9.989580485510013430e-01
9.989580485510013430e-01
9.989580485509792496e-01
9.989521039924357249e-01
9.989429655820926124e-01
9.989429655820926124e-01
9.989429655820926124e-01
9.989429655820926124e-01
9.989429267703554549e-01
9.989428315089118326e-01
9.989428315089108334e-01
9.989428315089108334e-01
9.989428315089108334e-01
9.976944486241857701e-01
9.976944486236484222e-01
9.976164194857966017e-01
9.975892281086620184e-01
9.975892281077171075e-01
9.975828087841900338e-01
9.975823659618126005e-01
9.975823659618124895e-01
9.975823659618124895e-01
9.975823659618124895e-01
9.975823659618124895e-01
9.975823417064770826e-01
9.975823417064770826e-01
9.975823409946193987e-01
9.975823409946193987e-01
9.950159898334451913e-01
9.948854596281045959e-01
9.948854596281045959e-01
9.948105254330774638e-01
9.948068484741708906e-01
9.948068484741708906e-01
9.948068484741684481e-01
9.948037627227910296e-01
9.948037627227910296e-01
9.948037627226535839e-01
9.948037487154404168e-01
9.948037445085655683e-01
9.903063064348585076e-01
9.895685027093198416e-01
9.895685027093198416e-01
9.895685027093198416e-01
9.895685027092468999e-01
9.895448279086339616e-01
9.894793149883015504e-01
9.894793149883015504e-01
9.894793149883015504e-01
9.894793149883015504e-01
9.894793149883015504e-01
9.894791097031371274e-01
9.894780837836234522e-01
9.894780837836122389e-01
9.894780837836122389e-01
9.894780837836122389e-01
9.894780837033566590e-01
9.809673059703630793e-01
9.800937602440253915e-01
9.799919390433716737e-01
9.799919390262148422e-01
9.799507969533250984e-01
9.799485863425871912e-01
9.799485863425871912e-01
9.799485863425871912e-01
9.799485863425871912e-01
9.799485863425871912e-01
9.799483516907723235e-01
9.799483516907723235e-01
9.799483496664104232e-01
9.799483496664104232e-01
9.653175803968365720e-01
9.647791368188303185e-01
9.647791368188303185e-01
9.640255882067992887e-01
9.640081107040289199e-01
9.640081107040289199e-01
9.640081107040245900e-01
9.639902108815212589e-01
9.639902108815212589e-01
9.639902108793421132e-01
9.639901729550054421e-01
9.639901361561552529e-01
9.451089765186300173e-01
9.395403134097184417e-01
9.395403134097184417e-01
9.395403134097184417e-01
9.395403134095745568e-01
9.394269333298899127e-01
9.388637146408869150e-01
9.388637146408869150e-01
9.388637146408869150e-01
9.388637146408869150e-01
9.388637146408869150e-01
9.388631884559272001e-01
9.388578175444708407e-01
9.388578175443139662e-01
9.388578175443140772e-01
9.388578175443140772e-01
9.388578174132725662e-01
9.075857586012564537e-01
9.024986596526756166e-01
9.020551436488407626e-01
9.020551436488407626e-01
9.020551435023518305e-01
9.017483806836480431e-01
9.017431004576467179e-01
9.017431004576467179e-01
9.017431004576466069e-01
9.017431004576466069e-01
9.017431004576466069e-01
9.017420052680960030e-01
9.017420052680960030e-01
9.017420021713793421e-01
9.017420021713793421e-01
9.017420021713793421e-01
8.563246869569106634e-01
8.538607101519698483e-01
8.505999321179797956e-01
8.505999321179796846e-01
8.505624999483236692e-01
8.505624999483236692e-01
8.505624999483154536e-01
8.504488817961548541e-01
8.504488817961548541e-01
8.504488817809562340e-01
8.504488296687502391e-01
8.504486822638265275e-01
7.975511779207864471e-01
7.861019790348859893e-01
7.861019790348859893e-01
7.861019790348859893e-01
7.861019790346438496e-01
7.858892149608640576e-01
7.840096175190155448e-01
7.840096175190155448e-01
7.840096175190155448e-01
7.840096175190155448e-01
7.840096175190155448e-01
7.840096175190156558e-01
7.840090060375300984e-01
7.839813680921380312e-01
7.839813680912643967e-01
7.839813680912643967e-01
7.839813680912643967e-01
7.839813678998449609e-01
7.127842173160698902e-01
7.047837615912381226e-01
7.041264956890833648e-01
7.041264956890833648e-01
7.041264952512321651e-01
7.033366322034746432e-01
7.033316361173518327e-01
7.033316361173518327e-01
7.033316361173517217e-01
7.033316361173517217e-01
7.033316361173517217e-01
7.033316361173517217e-01
7.033272342845711123e-01
7.033272305959747950e-01
7.033272305959747950e-01
7.033272305959747950e-01
6.188668203843495919e-01
6.162573684323645606e-01
6.117898215765686931e-01
6.117898215765680270e-01
6.117603028384711594e-01
6.117603028384711594e-01
6.117603028384658304e-01
6.115282651940875391e-01
6.115282651940875391e-01
6.115282651591988916e-01
6.115282137831534737e-01
6.115277451711591539e-01
5.410916716224372092e-01
5.155667036851799834e-01
5.155667036851799834e-01
5.155667036851799834e-01
5.155667036850438700e-01
5.154219109505795426e-01
5.131852290590979138e-01
5.131852290590979138e-01
5.131852290590979138e-01
5.131852290590979138e-01
5.131852290590979138e-01
5.131852290590978027e-01
5.131846985899030100e-01
5.131372243622152052e-01
5.131372243622152052e-01
5.131372243605567540e-01
5.131372243605567540e-01
5.131372243605567540e-01
5.131372242632891156e-01
4.306176829549195340e-01
4.153677613563143134e-01
4.149386415864043665e-01
4.149386415864043665e-01
4.149386403545740620e-01
4.140943831144643372e-01
4.140903292641805455e-01
4.140903292641805455e-01
4.140903292641804345e-01
4.140903292641804345e-01
4.140903292641804345e-01
4.140903292641804345e-01
4.140835870512415973e-01
4.140835853015134016e-01
4.140835853015134016e-01
4.140835853015134016e-01
3.303132221305365435e-01
3.282607112971493435e-01
3.207843894349153291e-01
3.207843894349139413e-01
3.207613178553213595e-01
3.207613178553213595e-01
3.207613178553213595e-01
3.207613178553195277e-01
3.205344241959501850e-01
3.205344241959501850e-01
3.205344241086856560e-01
3.205344007618446955e-01
3.205344007618446955e-01
3.205337442697378525e-01
2.715093971507199222e-01
2.406850633623227320e-01
2.406850633623227320e-01
2.406850633623227320e-01
2.406850633622724389e-01
2.405643240740666933e-01
2.373634708497523726e-01
2.373634708497523726e-01
2.373634708497523726e-01
2.373634708497523726e-01
2.373634708497523726e-01
2.373634708497523449e-01
2.373632400931134367e-01
2.373208713078099608e-01
2.373208713078099608e-01
2.373208713040859397e-01
2.373208713040859397e-01
2.373208713040859397e-01
2.373208712759800609e-01
1.843728977126763424e-01
1.689940352674932367e-01
1.686668220824865672e-01
1.686668220824865672e-01
1.686668203228083585e-01
1.676139066892556040e-01
1.676122310800623183e-01
1.676122310800623183e-01
1.676122310800623461e-01
1.676122310800623461e-01
1.676122310800623461e-01
1.676067838228201268e-01
1.676067838228201268e-01
1.676067833435883891e-01
1.676067833435883891e-01
1.676067833435883891e-01
1.206637446136075709e-01
1.189310174534341236e-01
1.129695766024441106e-01
1.129695766024411685e-01
1.129606006724060280e-01
1.129606006724060280e-01
1.129606006724060280e-01
1.129606006724054174e-01
1.127138583429600216e-01
1.127138583429600216e-01
1.127138582400890460e-01
1.127138523018011568e-01
1.127138523018011568e-01
1.127133811493149923e-01
8.723927459219515956e-02
7.411812944602595710e-02
7.411812944602595710e-02
7.411812944602595710e-02
7.411812944600931763e-02
7.407348050157672170e-02
7.206979757567867628e-02
7.206979757567867628e-02
7.206979757567867628e-02
7.206979757567867628e-02
7.206979757567867628e-02
7.206979757567859302e-02
7.206974545589900361e-02
7.203086754180457185e-02
7.203086754180457185e-02
7.203086753813801868e-02
7.203086753813801868e-02
7.203086753813801868e-02
7.203086753061936631e-02
4.925370544526792849e-02
4.429841985822310924e-02
4.429841985822310924e-02
4.420214962318189111e-02
4.420214962318189111e-02
4.420214859326565549e-02
4.369059861592852062e-02
4.369028112866867736e-02
4.369028112866867736e-02
4.369028112866867736e-02
4.369028112866867736e-02
4.369028112866867736e-02
4.368625425802141055e-02
4.368625425802141055e-02
4.368625415022640845e-02
4.368625415022640845e-02
4.368625415022640845e-02
2.716926796426955351e-02
2.682202690850118629e-02
2.682202690849710275e-02
2.525595697132773307e-02
2.525595697132773307e-02
2.525454569560456677e-02
2.525454569560456677e-02
2.525454569560456677e-02
2.525454569560449739e-02
2.516074960367865876e-02
2.516074960367865876e-02
2.516074955837246593e-02
2.516074845787401315e-02
2.516074845787401315e-02
2.516047265753043258e-02
1.910414263663789969e-02
1.422760420435088477e-02
1.422760420435088477e-02
1.422760420435088477e-02
1.422760420434915525e-02
1.422187272827995543e-02
1.377616864751298777e-02
1.377616864751298777e-02
1.377616864751298777e-02
1.377616864751298777e-02
1.377616864751298777e-02
1.377616864751293919e-02
1.377616038907936852e-02
1.376406925430823623e-02
1.376406925430823623e-02
1.376406925300290018e-02
1.376406925300290018e-02
1.376406925300290018e-02
1.376406925228028030e-02
8.952489239249402514e-03
7.264116490267061473e-03
7.264116490267061473e-03
7.252255129770781780e-03
7.252255129770781780e-03
7.252254629678878128e-03
7.150856401987917485e-03
7.150810315330819247e-03
7.150810315330819247e-03
7.150810315330819247e-03
7.150810315330819247e-03
7.150810315330819247e-03
7.149716221387367177e-03
7.149716221387367177e-03
7.149716211965619073e-03
7.149716211965617338e-03
7.149716211965617338e-03
4.080598046330823243e-03
4.025315508131895731e-03
4.025315508130046516e-03
3.544010693307594710e-03
3.544010693307594710e-03
3.543811994560986962e-03
3.543811994560986962e-03
3.543811994560986962e-03
3.543811994560981758e-03
3.526698149880114382e-03
3.526698149880114382e-03
3.526698130096749331e-03
3.526698037937416215e-03
3.526698037937416215e-03
3.526698037937416215e-03
3.526629361538828698e-03
1.825001563365457940e-03
1.772075879690837227e-03
1.772075879690837227e-03
1.772075879690837227e-03
1.772075879690705388e-03
1.771153849726901609e-03
1.652531580144502152e-03
1.652531580144502152e-03
1.652531580144502152e-03
1.652531580144502152e-03
1.652531580144488057e-03
1.652531580144488057e-03
1.652530907557668918e-03
1.650492650639224070e-03
1.650492650639224070e-03
1.650492650121061734e-03
1.650492650121061734e-03
1.650492650121061734e-03
1.075216806651174174e-03
1.075216806642361996e-03
1.075216806642361996e-03
7.579173297916015671e-04
7.561865251713772518e-04
7.561865251713772518e-04
7.561863894338102321e-04
7.326983697412380037e-04
7.326947406271326364e-04
7.326947406271326364e-04
7.326947406271326364e-04
7.326947406271326364e-04
7.326947406271326364e-04
7.326947406271326364e-04
7.325258731835644459e-04
7.325258731835644459e-04
7.325258726793410467e-04
7.325258726793410467e-04
7.325258726793410467e-04
3.972033942322014612e-04
3.882115152823571074e-04
3.882115152814141225e-04
3.117680006347461354e-04
3.117680006347461354e-04
3.117526743392102237e-04
3.117526743392102237e-04
3.117526743392102237e-04
3.117526743392099527e-04
3.082634872986047604e-04
3.082634829331322044e-04
3.082634829331322044e-04
3.082634782463078709e-04
3.082634782463078709e-04
3.082634782463078709e-04
3.082538625924889511e-04
1.456512226585734418e-04
1.383748758707779511e-04
1.383748758707779511e-04
1.383020784558358543e-04
1.383020784558267470e-04
1.383020784558267470e-04
1.229716850617587436e-04
1.229716850617587436e-04
1.229716850617587436e-04
1.229716850617587436e-04
1.229716850617541086e-04
1.229716850617541086e-04
1.229716532870809382e-04
1.229716532870809382e-04
1.226104655987471045e-04
1.226104655000823216e-04
1.226104655000823216e-04
1.226104655000823216e-04
7.172197035814955875e-05
7.172197035773501404e-05
7.172197035773501404e-05
4.849566290357770223e-05
4.838459338558420887e-05
4.838459338558420887e-05
4.838457591357304597e-05
4.598551822421416597e-05
4.598536851455401050e-05
4.598536851455401050e-05
4.598536851455401050e-05
4.598536851455401050e-05
4.598536851455401050e-05
4.598536851455401050e-05
4.598536851455401050e-05
4.596041483580389880e-05
4.596041483580389880e-05
4.596041481272784818e-05
4.596041481272782108e-05
4.596041481272782108e-05
2.135042240902876613e-05
2.095965992137894309e-05
2.095965992125182716e-05
1.654865504699411284e-05
1.654865504699411284e-05
1.654865504699411284e-05
1.654812038686757694e-05
1.654812038686757694e-05
1.654812038686757016e-05
1.627026002151163800e-05
1.627025960856564088e-05
1.627025960856564088e-05
1.627025942915247524e-05
1.627025942915247524e-05
1.627025942915247524e-05
1.626911706613930693e-05
6.484252889406115455e-06
6.215537820390022683e-06
6.215537820390022683e-06
6.213566030930873874e-06
5.492629103028528015e-06
5.492629103028404349e-06
5.492629103028404349e-06
5.492629103028404349e-06
5.492629103028404349e-06
5.492629103028404349e-06
5.492629103027869024e-06
5.492629103027869024e-06
5.492628079854006189e-06
5.492628079854006189e-06
5.492628079854006189e-06
5.469643709052684770e-06
5.469643701649872614e-06
5.469643701649872614e-06
5.469643701649872614e-06
3.355703069634031188e-06
3.355703069634031188e-06
3.355703069622159597e-06
1.862968648551830508e-06
1.860156721915299798e-06
1.860156721915299798e-06
1.860155086679605573e-06
1.761790211015400514e-06
1.761785909347739673e-06
1.761785909347739673e-06
1.761785909347739673e-06
1.761785909347739673e-06
1.761785909347739673e-06
1.761785909347739673e-06
1.761785909347739673e-06
1.760428900938826889e-06
1.760428900938823077e-06
1.760428900938823077e-06
1.760428900524482511e-06
1.760428900524482511e-06
8.368028120918532175e-07
8.237340856988491125e-07
8.237340856867080599e-07
5.559870213998083235e-07
5.559870213998083235e-07
5.559870213998083235e-07
5.559721256858007027e-07
5.559721256858007027e-07
5.559721256858003851e-07
5.453802248007783268e-07
5.453801894234175044e-07
5.453801894234175044e-07
5.453801863310781968e-07
5.453801863310781968e-07
5.453801863310781968e-07
5.453228908669689431e-07
2.116542429109327703e-07
2.034414715935274902e-07
2.034414715935274902e-07
2.034414715935274902e-07
1.631688769772972942e-07
1.631331185248518561e-07
1.631331185248500826e-07
1.631331185248500826e-07
1.631331185248500826e-07
1.631331185248500826e-07
1.631331185248158043e-07
1.631331185248158043e-07
1.631331185248158043e-07
1.631331007549055687e-07
1.631331007549055687e-07
1.622923567312473576e-07
1.622923561332773811e-07
1.622923561332773811e-07
1.622923561332773811e-07
1.622923561332773811e-07
1.622923561332773811e-07
1.097900851543488812e-07
1.097900851541371229e-07
5.154235352618101855e-08
5.145252378228216315e-08
5.145252378228216315e-08
5.145242326930201790e-08
4.646461348158787315e-08
4.646453790607461864e-08
4.646453790607461864e-08
4.646453790607461864e-08
4.646453790607461864e-08
4.646453790607461864e-08
4.646453790607461864e-08
4.646453790607461864e-08
4.641693356331593281e-08
4.641693356331572105e-08
4.641693355821106376e-08
4.641693355821106376e-08
4.641693355821106376e-08
2.358022091383971367e-08
2.312108387331268280e-08
2.312108387195321477e-08
1.333611417986006563e-08
1.333611417986006563e-08
1.333611417986006563e-08
1.333584127671878342e-08
1.333584127671878342e-08
1.333584127671878177e-08
1.284326660050708839e-08
1.284326660050708839e-08
1.284326480240590242e-08
1.284326480240590242e-08
1.284326476437307588e-08
1.284326476437307588e-08
1.284326476437307588e-08
1.284134249393322640e-08
5.050747285859242919e-09
4.783991289353514405e-09
4.783991289353514405e-09
4.783991289353514405e-09
3.467722609240014928e-09
3.467089514421805589e-09
3.467089514421805589e-09
3.467089514421777878e-09
3.467089514421777878e-09
3.467089514421777878e-09
3.467089514419026676e-09
3.467089514419026676e-09
3.467089514419026676e-09
3.467089514419026676e-09
3.467089295649422529e-09
3.430828159886472670e-09
3.430828131755618032e-09
3.430828131755618032e-09
3.430828131755618032e-09
3.430828131755618032e-09
2.236862478201157569e-09
2.236862478201157569e-09
2.236862478198460133e-09
1.022424028602099128e-09
1.020825491783777819e-09
1.020821765653315003e-09
1.020821765653315003e-09
8.798394162246484585e-10
8.798385339336564728e-10
8.798385339336564728e-10
8.798385339336564728e-10
8.798385339336564728e-10
8.798385339336564728e-10
8.798385339336564728e-10
8.798385339336564728e-10
8.779679692123603505e-10
8.779679692123455647e-10
8.779679692123455647e-10
8.779679691495220243e-10
8.779679691495220243e-10
4.065717453854261931e-10
4.065717453294511396e-10
4.005405268897466934e-10
2.270716045386953956e-10
2.270716045386953956e-10
2.270716045386953956e-10
2.270686590386113747e-10
2.270686590386113747e-10
2.270686590386113747e-10
2.153605215522119768e-10
2.153605215522119768e-10
2.153604695904114577e-10
2.153604695904114577e-10
2.153604691658605430e-10
2.153604691658605430e-10
2.153604691658605430e-10
2.152942447659355990e-10
7.453401530438033617e-11
7.146284745619212414e-11
7.146284745619212414e-11
7.146284745619212414e-11
5.171015785247796880e-11
5.171015785247796880e-11
5.170427557827261424e-11
5.170427557827242037e-11
5.170427557827242037e-11
5.170427557827242037e-11
5.170427557817408927e-11
5.170427557817408927e-11
5.170427557817408927e-11
5.170427341177338900e-11
5.170427341177338900e-11
5.097983311821470960e-11
5.097983243549932987e-11
5.097983243549932987e-11
5.097983243549932987e-11
5.097983243549932987e-11
3.614350748021267280e-11
3.614350748021267280e-11
3.614350748019087530e-11
1.381195727881569540e-11
1.379901462029358226e-11
1.379890844170533830e-11
1.379890844170533830e-11
1.190583872061101052e-11
1.190583077673784226e-11
1.190583077673784226e-11
1.190583077673784226e-11
1.190583077673784226e-11
1.190583077673784226e-11
1.190583077673784226e-11
1.190583077673784226e-11
1.187267871384981812e-11
1.187267871384936253e-11
1.187267871384936253e-11
1.187267871347431690e-11
1.187267871347431690e-11
6.238569540150534148e-12
6.238569538473278438e-12
6.174373701627361724e-12
2.947681842462424584e-12
2.947681842462424584e-12
2.947681842462424584e-12
2.947655473682389128e-12
2.947655473682389128e-12
2.947655473682389128e-12
2.793144666745531370e-12
2.793143210583747443e-12
2.793143210583747443e-12
2.793143210583747443e-12
2.793143210583747443e-12
2.793143208042195833e-12
2.793143208042195833e-12
2.791989891765249833e-12
1.099982288342766820e-12
1.066228498607087357e-12
1.066228498607087357e-12
1.066228498607087357e-12
1.066228498607087357e-12
6.797708943458474690e-13
6.797708943458474690e-13
6.797127140194602946e-13
6.797127140194592848e-13
6.797127140194592848e-13
6.797127140170609457e-13
6.797127140170609457e-13
6.797127140170609457e-13
6.797127140170609457e-13
6.693943856639064739e-13
6.693943717948458125e-13
6.693943717948458125e-13
6.693943513382563806e-13
6.693943513382563806e-13
6.693943513382563806e-13
6.693943513382563806e-13
5.301887592710485561e-13
2.036638192452050687e-13
2.036638192452050687e-13
2.036638192451849496e-13
2.034970034336695874e-13
2.034942339981436216e-13
2.034942339981436216e-13
1.635574725564782219e-13
1.635574725564782219e-13
1.635574120569725678e-13
1.635574120569725678e-13
1.635574120569725678e-13
1.635574120569725678e-13
1.635574120569725678e-13
1.635574120569725678e-13
1.635574120569725678e-13
1.630209181617818612e-13
1.630209181617694161e-13
1.630209181617694161e-13
1.630209181595842336e-13
1.630209181595842336e-13
9.949624979062674720e-14
9.949624971158273303e-14
9.854103421700873627e-14
4.418659566723366180e-14
4.418659566723366180e-14
4.418659566723366180e-14
4.418659566723366180e-14
4.418634912091932587e-14
4.060203724039393611e-14
4.060199962370716184e-14
4.060199962370716184e-14
4.060199962370716184e-14
4.060199962370716184e-14
4.060199962370716184e-14
4.060199960648481997e-14
4.058051335198878123e-14
4.058051335198878123e-14
1.851365911774016488e-14
1.793289437243324797e-14
1.793289437243324797e-14
1.793289437243323850e-14
1.793289437243323850e-14
1.793289437243323850e-14
1.062859367294603452e-14
1.062799040483919947e-14
1.062799040483919000e-14
1.062799040483919000e-14
1.062799040483919000e-14
1.062799040472575338e-14
1.062799040472575338e-14
1.062799040472575338e-14
1.035912454462327964e-14
1.035912443577687513e-14
1.035912443577687513e-14
1.035912383196824375e-14
1.035912383196824375e-14
1.035912383196824375e-14
1.035912383196824375e-14
8.316707148127907568e-15
3.513197860535302042e-15
3.513197860535093388e-15
3.513197860535093388e-15
3.511089892122480402e-15
3.511014289901753930e-15
3.511014289901753930e-15
3.511014289901753930e-15
2.690052842538787383e-15
2.690052300352192058e-15
2.690052300352192058e-15
2.690052300352192058e-15
2.690052300352192058e-15
2.690052300352192058e-15
2.690052300352192058e-15
2.690052300352192058e-15
2.674357769140695336e-15
2.674357769140046498e-15
2.674357769140046498e-15
2.674357769119743585e-15
2.674357769119743585e-15
1.629785412550857311e-15
1.629785409906918201e-15
1.618927043020085148e-15
1.618927043020085148e-15
7.684295425378053980e-16
7.684295425378053980e-16
7.684270639082075148e-16
7.684270639082075148e-16
6.913814537433795240e-16
6.913804514255655528e-16
6.913804514255655528e-16
6.913804514255655528e-16
6.913804514255655528e-16
6.913804514255655528e-16
6.913804512520660491e-16
6.907025204707033445e-16
6.907025204707033445e-16
3.071743972427866923e-16
3.003154709762241897e-16
3.003154709762241897e-16
3.003154709762235980e-16
3.003154709762235980e-16
1.840493169501203177e-16
1.840493169501203177e-16
1.840432929386257218e-16
1.840432929386256478e-16
1.840432929386256478e-16
1.840432929386256478e-16
1.840432929386256478e-16
1.840432929343551247e-16
1.840432929343551247e-16
1.840432929343551247e-16
1.782258812173109018e-16
1.782258800950623404e-16
1.782258800950623404e-16
1.782258636747787050e-16
1.782258636747787050e-16
1.782258636747787050e-16
1.511050412996346198e-16
1.511050412996346198e-16
5.966725290828339781e-17
5.966725290828188172e-17
5.966725290828188172e-17
5.966486532134158142e-17
5.964463068213921516e-17
5.964463068213921516e-17
4.642739966419872828e-17
4.642739966419872828e-17
4.642739966419872828e-17
4.642739403399477414e-17
4.642739403399477414e-17
4.642739403399477414e-17
4.642739403397021468e-17
4.608826648689982158e-17
4.608826648689982158e-17
4.608826648689982158e-17
4.608826648689982158e-17
4.608826648689982158e-17
4.608826648674829249e-17
4.608826648674829249e-17
4.608826629231703644e-17
3.135727149576911360e-17
3.135727149576911360e-17
3.122328328187319937e-17
1.347237109116624312e-17
1.347237109116624312e-17
1.347234452774587988e-17
1.347234452774587988e-17
1.347230290741461920e-17
1.216701321607830019e-17
1.216701321607830019e-17
1.216701321607830019e-17
1.216701321607830019e-17
1.216701321607830019e-17
1.216701321472734046e-17
1.215176049158031841e-17
1.215176049158031841e-17
6.280989592314725321e-18
6.280989592314725321e-18
6.184895190744519479e-18
6.184895190744519479e-18
6.184895190744491746e-18
3.430138223505449909e-18
3.430138223505449909e-18
3.430138223505449909e-18
3.430065266009579595e-18
3.430065266009579595e-18
3.430065266009579210e-18
3.430065265873109740e-18
3.430065265873109740e-18
3.430065265873109740e-18
3.319194890585745640e-18
3.319194890585745640e-18
3.319194880797712447e-18
3.319194258055454041e-18
3.319194258055454041e-18
3.319194258055454041e-18
3.319194258055454041e-18
2.987041475971623980e-18
1.304847546168591865e-18
1.304847546168591865e-18
1.304847546168577036e-18
1.304764547331215759e-18
1.304764547331215759e-18
1.304764547331215759e-18
1.304427147300200323e-18
9.422784927617552310e-19
9.422784927617552310e-19
9.422784927617552310e-19
9.422784344397339270e-19
9.422784344397339270e-19
9.422784344397339270e-19
9.422784344397339270e-19
9.422784344388035102e-19
9.346144739428612534e-19
9.346144739428612534e-19
9.346144739428612534e-19
9.346144739428612534e-19
9.346144739415870581e-19
9.346144651985364898e-19
9.346144651985364898e-19
9.346144651985364898e-19
7.096865138228148366e-19
7.072916415185732797e-19
3.115557085850039526e-19
3.115557085850039526e-19
3.115557085850039526e-19
3.115553513412474731e-19
3.115537334332613491e-19
2.701776399994882638e-19
2.701776399994882638e-19
2.701776399994882638e-19
2.701776399994882638e-19
2.701776399994882638e-19
2.701776399994882638e-19
2.701776399858671724e-19
2.697647774619849834e-19
2.697647774619849834e-19
2.697647774619849834e-19
1.595921463143652246e-19
1.595921463143652246e-19
1.574254395464160787e-19
1.574254395464160787e-19
1.574254395464144176e-19
1.574254395464144176e-19
8.418760554819867159e-20
8.418760554819867159e-20
8.418760554819867159e-20
8.418650034368303806e-20
8.418650034368303806e-20
8.418650033469342301e-20
8.418650033469342301e-20
8.418650033469342301e-20
8.013133354479329664e-20
8.013133354479329664e-20
8.013133342814589492e-20
8.013130704598077712e-20
8.013130704598077712e-20
8.013130704598077712e-20
8.013130704598077712e-20
7.327345493277148001e-20
3.570592383293408865e-20
3.570592383293408865e-20
3.570592383293408865e-20
3.570251136150211170e-20
3.570251136150189504e-20
3.569615794348951778e-20
3.569615794348951778e-20
2.465900321332427020e-20
2.465900321332427020e-20
2.465900321332427020e-20
2.465900239661849855e-20
2.465900239661849855e-20
2.465900239661849855e-20
2.465900239661849855e-20
2.465900239654881901e-20
2.433662804351272361e-20
2.433662804351272361e-20
2.433662804351272361e-20
2.433662804351272361e-20
2.433662761260768864e-20
2.433662761259068629e-20
2.433662761259068629e-20
1.889890248396962137e-20
1.889890248396962137e-20
1.889890248396962137e-20
8.876190852830510020e-21
8.866748029938462687e-21
8.866748029938462687e-21
8.866676075037574881e-21
8.866670158665209164e-21
7.479385306017797010e-21
7.479385306017797010e-21
7.479385306017797010e-21
7.479385306017797010e-21
7.479385306017797010e-21
7.479385306017797010e-21
7.479385305812381535e-21
7.459875571105513208e-21
7.459875571105513208e-21
7.459875571105513208e-21
4.478910261514239506e-21
4.478910261514239506e-21
4.478910261514092052e-21
4.435822500146218716e-21
4.435822500146218716e-21
4.435822500146218716e-21
4.435822500146218716e-21
2.443272510960659254e-21
2.443272510960659254e-21
2.443253476839968725e-21
2.443253476839968725e-21
2.443253476289596628e-21
2.443253476289596628e-21
2.443253476289596628e-21
2.299525085478137075e-21
2.299525085478137075e-21
2.299523892503037221e-21
2.299523890612723815e-21
2.299523890612723815e-21
2.299523890612723815e-21
2.299523890612723815e-21
2.299523890612723815e-21
2.154036958340071825e-21
1.036422854569673918e-21
1.036245389589551976e-21
1.036245389589551976e-21
1.036245389589549343e-21
1.036135941835871959e-21
1.036135941835871959e-21
1.036135941835871959e-21
7.234360422110478063e-22
7.234360422110478063e-22
7.234360422110478063e-22
7.234360422110478063e-22
7.234360422110477123e-22
7.234360283784927004e-22
7.234360283784927004e-22
7.234360283741336852e-22
7.116661226823842129e-22
7.116661226823842129e-22
7.116661226823842129e-22
7.116661226823842129e-22
7.116661226823842129e-22
7.116661024492669747e-22
7.116661024490492731e-22
7.116661024490492731e-22
5.873831102114373714e-22
5.873831102114373714e-22
2.641653031593434601e-22
2.639942144538939223e-22
2.639942144538939223e-22
2.639902771349726415e-22
2.230157962950910928e-22
2.230157226417018244e-22
2.230157226417018244e-22
2.230157226417018244e-22
2.230157226417018244e-22
2.230157226417018244e-22
2.230157226417018244e-22
2.230157226389675775e-22
2.222780597546761421e-22
2.222780597546761421e-22
2.222780597546761421e-22
2.222780597546761421e-22
2.222780597546497640e-22
1.483134683370118990e-22
1.483134683370118990e-22
1.483134683370118990e-22
1.473443832826366150e-22
1.473443832826366150e-22
7.577742014276105959e-23
7.577742014276105959e-23
7.577742011369084919e-23
7.577705981932173048e-23
7.577705981932173048e-23
7.577705981932173048e-23
7.577705981932173048e-23
7.118594048931448110e-23
7.118594048931448110e-23
7.118586991829236998e-23
7.118586989117095290e-23
7.118586989117095290e-23
7.118586989117095290e-23
7.118586989117095290e-23
6.826723784459192010e-23
3.671417416166065702e-23
3.671417416166065702e-23
3.670469782527083987e-23
3.670469782527083987e-23
3.670469782527083987e-23
3.670469782527079873e-23
3.670199557009103608e-23
2.392883973334034331e-23
2.392883973334034331e-23
2.392883973334034331e-23
2.392883973334034331e-23
2.392883973334034331e-23
2.392883973334032861e-23
2.392883950676522072e-23
2.392883950676522072e-23
2.392883950650335290e-23
2.350112153454535533e-23
2.350112153454535533e-23
2.350112153454535533e-23
2.350112153454535533e-23
2.350112153454535533e-23
2.350112017256620491e-23
2.350112017256620491e-23
2.350112017256324854e-23
2.056323819869607351e-23
2.056323819869607351e-23
9.899653207174639742e-24
9.899653207174639742e-24
9.894924187368425735e-24
9.894688788244198969e-24
9.894688788244198969e-24
7.979029952420032003e-24
7.979028540895200886e-24
7.979028540895200886e-24
7.979028540895200886e-24
7.979028540895200886e-24
7.979028540895200886e-24
7.979028540851585638e-24
7.947633257496582528e-24
7.947633257496582528e-24
7.947633257496582528e-24
7.947633257496582528e-24
7.947633257494728186e-24
7.947633257494728186e-24
5.824119499792401340e-24
5.794668899815060582e-24
5.794668899815060582e-24
5.794668899815060582e-24
2.996160599121452011e-24
2.996160599121452011e-24
2.996160596316136212e-24
2.996152163441537198e-24
2.996152163441537198e-24
2.996152163441537198e-24
2.996152163441537198e-24
2.751527440088006345e-24
2.751527440088006345e-24
2.751522953074757786e-24
2.751522952569814270e-24
2.751522952569814270e-24
2.751522952569814270e-24
2.751522952569814270e-24
2.664864870112799031e-24
1.580603657048051336e-24
1.580019376854541098e-24
1.580019376854541098e-24
1.580019376854541098e-24
1.580019376854541098e-24
1.580019376854541098e-24
1.580019376854540180e-24
1.579944407111085578e-24
1.001321236134147073e-24
1.001321236134147073e-24
1.001321236134147073e-24
1.001321236134145787e-24
1.001321236134145787e-24
1.001321236134145787e-24
1.001321231190043180e-24
1.001321231161737460e-24
9.754218603864495895e-25
9.754218603864495895e-25
9.754218603864495895e-25
9.754218603864495895e-25
9.754217605359570561e-25
9.754217605359570561e-25
9.754217605359570561e-25
9.754217605359570561e-25
9.754217605358993834e-25
8.734936462933631081e-25
4.512771735514986602e-25
4.511300268399164013e-25
4.511300268399164013e-25
4.511300268399164013e-25
4.511137478015651074e-25
3.537421136740841652e-25
3.537420791013591840e-25
3.537420791013591840e-25
3.537420791013591840e-25
3.537420791013591840e-25
3.537420791013591840e-25
3.515953244351957222e-25
3.515953244342359035e-25
3.515953244342359035e-25
3.515953244342359035e-25
3.515953244342359035e-25
3.515953244342359035e-25
3.515953244340120545e-25
2.668841976726722546e-25
2.659568638804527159e-25
2.659568638804527159e-25
1.417253259525347927e-25
1.417253259525347927e-25
1.417253256854073519e-25
1.417253256854073519e-25
1.417250905529366228e-25
1.417250905529366228e-25
1.417250905529366228e-25
1.417250905529366228e-25
1.417250905529366228e-25
1.281703659599534807e-25
1.281703659599534807e-25
1.281700420418421123e-25
1.281700420294251267e-25
1.281700420294251267e-25
1.281700420294251267e-25
1.281700420294251267e-25
1.281700420294251267e-25
1.253277973881567748e-25
1.251998112660261750e-25
7.661224573228361557e-26
7.661224573228361557e-26
7.661224573228361557e-26
7.661224573228360409e-26
7.661004920069982852e-26
7.661004920069982852e-26
4.870510646639497501e-26
4.870510646639497501e-26
4.870510646639478560e-26
4.870510646639478560e-26
4.870510646639478560e-26
4.870510646639478560e-26
4.870510646354475708e-26
4.870510633097754366e-26
4.717301337367057269e-26
4.717301337367057269e-26
4.717301337367057269e-26
4.717300560398985245e-26
4.717300560398985245e-26
4.717300560398985245e-26
4.717300560398985245e-26
4.717300560398985245e-26
4.349789536537164403e-26
4.349789536537061662e-26
2.269264506103426676e-26
2.268800783082915604e-26
2.268800783082915604e-26
2.268800783082915604e-26
2.268657240013510672e-26
1.768170150660738256e-26
1.768170052767042393e-26
1.768170052767042393e-26
1.768170052767042393e-26
1.768170052767042393e-26
1.768170052767042393e-26
1.768170052767042393e-26
1.754702957383541422e-26
1.754702957383541422e-26
1.754702957383541422e-26
1.754702957381398211e-26
1.754702957381398211e-26
1.754702957379025124e-26
1.418329304845416316e-26
1.418329304845416316e-26
1.415061725098247773e-26
7.378664931135249395e-27
7.378664907045632155e-27
7.378664907045632155e-27
7.378664907045632155e-27
7.378664907045632155e-27
7.378657684004782981e-27
7.378657684004782981e-27
7.378657684004782981e-27
7.378657684004782981e-27
6.632004665347922193e-27
6.631974429317277064e-27
6.631974429317277064e-27
6.631974429317277064e-27
6.631974429019222091e-27
6.631974429019222091e-27
6.631974429019222091e-27
6.631974429019222091e-27
6.631974429019222091e-27
6.622964926845640270e-27
4.408620333619470469e-27
4.366177601586760622e-27
4.366177601586760622e-27
4.366096748837785812e-27
2.658133394841122336e-27
2.658133394841122336e-27
2.658133394841122336e-27
2.658133394841122336e-27
2.658133394841097942e-27
2.658133394841097942e-27
2.658133394841097942e-27
2.658133394558671864e-27
2.658133394558671864e-27
2.658133391018633032e-27
2.565162093000136597e-27
2.565162093000136597e-27
2.565162093000136597e-27
2.565162093000136597e-27
2.565161292020404620e-27
2.565161292020404620e-27
2.565161292020404620e-27
2.426252127911241582e-27
2.426252127911241582e-27
2.426252127911217188e-27
1.374152013687142400e-27
1.374152013687142400e-27
1.373959291224702392e-27
1.373959291224702392e-27
1.373826912997172735e-27
1.027312051504398183e-27
1.027312021878008297e-27
1.027312021878008297e-27
1.027312021878008297e-27
1.027312021878008297e-27
1.027312021878008297e-27
1.027312021878007938e-27
1.027312021878007938e-27
1.027312021878007938e-27
1.018029852476769857e-27
1.018029852474112726e-27
1.018029852473567812e-27
1.018029852473567812e-27
1.018029852473567812e-27
8.690234269375191513e-28
8.676322338292174526e-28
8.676322338292174526e-28
8.676322222168252346e-28
4.709027836418657280e-28
4.709027836418657280e-28
4.709027836418657280e-28
4.709025198906133982e-28
4.709025198906133982e-28
4.709025198906133982e-28
4.125697545904159494e-28
4.125697545904159494e-28
4.125668120496807491e-28
4.125668120496807491e-28
4.125668120496807491e-28
4.125668120409674976e-28
4.125668120409674976e-28
4.125668120409674976e-28
4.125668120409674976e-28
4.125668120409674976e-28
4.118541501414101156e-28
2.964623865660353346e-28
2.942822713080157321e-28
2.942822713080157321e-28
1.785266070702317995e-28
1.785266070702317995e-28
1.785253951603407667e-28
1.785253951603407667e-28
1.785253951603370673e-28
1.785253951603370673e-28
1.785253951603370673e-28
1.785253951159223408e-28
1.785253951159223408e-28
1.785253949952975824e-28
1.785253949952975824e-28
1.785253949952975824e-28
1.703647483589458714e-28
1.703647483589458714e-28
1.703647483589458714e-28
1.703646595114937185e-28
1.703646595114937185e-28
1.703646595114937185e-28
1.633264398679257181e-28
1.633264398679257181e-28
1.633264398679250006e-28
9.945191184799843988e-29
9.945191184799843988e-29
9.944286123952368143e-29
9.942868254381028286e-29
9.942868254381028286e-29
9.942868254381028286e-29
7.281581637246423162e-29
7.281581524809908029e-29
7.281581524809908029e-29
7.281581524809908029e-29
7.281581524809908029e-29
7.281581524809905787e-29
7.281581524809905787e-29
7.281581524809905787e-29
7.281581524809905787e-29
7.190141302718924489e-29
7.190141302672713028e-29
7.190141302670914882e-29
7.190141302670914882e-29
7.190141302670914882e-29
7.190141302670914882e-29
6.322419951632101405e-29
6.322419796568197969e-29
6.315814378968575296e-29
3.579910851961691987e-29
3.579910851961691987e-29
3.579910851961691987e-29
3.579909700476111174e-29
3.579909700476111174e-29
3.083670585766692751e-29
3.083670585766692751e-29
3.083636973148743133e-29
3.083636973148743133e-29
3.083636973148743133e-29
3.083636973148743133e-29
3.083636973116535129e-29
3.083636973116535129e-29
3.083636973116535129e-29
3.083636973116535129e-29
3.075808881130476635e-29
3.075808881130476635e-29
2.313623892721787461e-29
2.301693538140617223e-29
2.301693538140617223e-29
2.301693538140617223e-29
1.410379937917215806e-29
1.410379937917135372e-29
1.410374224185720092e-29
1.410374224185720092e-29
1.410374224185720092e-29
1.410374224185720092e-29
1.410374223488628756e-29
1.410374223488628756e-29
1.410374223488628756e-29
1.410374223488628756e-29
1.410374223488628756e-29
1.334752475713993939e-29
1.334752475267842088e-29
1.334752475267842088e-29
1.334751360133608742e-29
1.334751360133608742e-29
1.334751360133608742e-29
1.295537069383398943e-29
1.295537069383398943e-29
8.213271631004524852e-30
8.213271631004515043e-30
8.213271631004515043e-30
8.212805314586755651e-30
8.212805314586755651e-30
8.210902392848458937e-30
5.966741210782231964e-30
5.966741210782231964e-30
5.966741210782231964e-30
5.966741160827708748e-30
5.966741160827708748e-30
5.966741160827703843e-30
5.966741160827703843e-30
5.966741160827703843e-30
5.875078640865850622e-30
5.875078640865850622e-30
5.875078640865850622e-30
5.875078640788261426e-30
5.875078640788261426e-30
5.875078640788261426e-30
5.875078640787618931e-30
5.875078640787618931e-30
5.338358068918126072e-30
5.338357842870610529e-30
5.334799110676567732e-30
3.080879230427317352e-30
3.080879230427317352e-30
3.080878666130021504e-30
3.080878666130021504e-30
3.080878666130021504e-30
3.080878666130021504e-30
2.627429754332847787e-30
2.627381735352786545e-30
2.627381735352786545e-30
2.627381735352786545e-30
2.627381735352786545e-30
2.627381735352786545e-30
2.627381735352786545e-30
2.627381735340276453e-30
2.618879389172424192e-30
2.618879389172424192e-30
2.092637783131698124e-30
2.092637783131698124e-30
2.085252828429147785e-30
2.085252828429147785e-30
2.085252828428704274e-30
1.264662042850381316e-30
1.264662042850381316e-30
1.264662042850381316e-30
1.264659003073262094e-30
1.264659003073262094e-30
1.264659003073262094e-30
1.264659001927200336e-30
1.264659001927200336e-30
1.264659001927200336e-30
1.264659001927200336e-30
1.189363118580639193e-30
1.189363118580639193e-30
1.189363118391110598e-30
1.189363118391110598e-30
1.189361376015177739e-30
1.189361376015177739e-30
1.189361376015177739e-30
1.165612442264687424e-30
1.165612442264687424e-30
7.952483459200567215e-31
7.952483459200567215e-31
7.952483459200563712e-31
7.949812514169176042e-31
7.949523435895619498e-31
7.949523435895619498e-31
5.627263536547980421e-31
5.627263536547980421e-31
5.627263536547980421e-31
5.627263512776306854e-31
5.627263512776306854e-31
5.627263512776297220e-31
5.627263512776297220e-31
5.525938670689576770e-31
5.525938670549221840e-31
5.525938670549221840e-31
5.525938670549221840e-31
5.525938670549221840e-31
5.525938670549221840e-31
5.525938670549221840e-31
5.525938670548971358e-31
5.525938193916133921e-31
5.157508366126059749e-31
5.157508366126059749e-31
5.157508366126059749e-31
5.155309955788456617e-31
3.155366662108391223e-31
3.155366662108391223e-31
3.155366345426548481e-31
3.155262661669061940e-31
2.628704385613704877e-31
2.628704385613704877e-31
2.628704385613704877e-31
2.628704385613704877e-31
2.628704385613704877e-31
2.628704385613704877e-31
2.628704385613704877e-31
2.628704385608203905e-31
2.618106945918472298e-31
2.618106945918472298e-31
2.200258594936583687e-31
2.200258594936583687e-31
2.194850824232559609e-31
2.194850824232559609e-31
2.194850824231555491e-31
2.194850824231555491e-31
1.361314834534685635e-31
1.361312950125500525e-31
1.361312950125500525e-31
1.361312950125500525e-31
1.361312950125500525e-31
1.361312947512349077e-31
1.361312947512349077e-31
1.361312947512349077e-31
1.361312947512349077e-31
1.361312947512349077e-31
1.263715776729772545e-31
1.263715776729772545e-31
1.263715776635772131e-31
1.263712831684266267e-31
1.263712831684266267e-31
1.263712831684266267e-31
1.263712831684266267e-31
1.263712831684266267e-31
1.245866842991619411e-31
9.054050213981497964e-32
9.054050213981497964e-32
9.049736455439362739e-32
9.049736455439360550e-32
9.049536033823522374e-32
9.049536033823522374e-32
9.049536033823522374e-32
6.367628311707561645e-32
6.367628311707561645e-32
6.367628311707561645e-32
6.367628298335259418e-32
6.367628298335233144e-32
6.367628298335233144e-32
6.367628298335233144e-32
6.367628297968493630e-32
6.367628297968493630e-32
6.221336315445584176e-32
6.221336315445584176e-32
6.221336315445584176e-32
6.221336315445584176e-32
6.221336315445481268e-32
6.221335410950936867e-32
5.906992731193625387e-32
5.906992731193625387e-32
5.906992731193625387e-32
3.814390705500342169e-32
3.813747194532821398e-32
3.813747194532821398e-32
3.813558447800915314e-32
3.813558244579316094e-32
3.813558244579316094e-32
3.133435040061483011e-32
3.133435040061483011e-32
3.133435040061483011e-32
3.133435040061483011e-32
3.133435040061483011e-32
3.133435040061483011e-32
3.133435040058900462e-32
3.116394183464057571e-32
3.116394183464057571e-32
2.710913549612793759e-32
2.706517820357010079e-32
2.706517820357010079e-32
2.706517820354004951e-32
2.706517820354004951e-32
2.706517820354004951e-32
1.723494925413500648e-32
1.723494925413500648e-32
1.723494925413500648e-32
1.723493598435031338e-32
1.723493592164060327e-32
1.723493592164060327e-32
1.723493592164060327e-32
1.723493592164060327e-32
1.723493592164060327e-32
1.584586974019808331e-32
1.584581203929121467e-32
1.584581203880286489e-32
1.584581203880286489e-32
1.584581203880286489e-32
1.584581203880286489e-32
1.569499131803831265e-32
1.194949743704632636e-32
1.194949743704632636e-32
1.194098383644344669e-32
1.194098383644344669e-32
1.194098383644344669e-32
1.194098383644344669e-32
1.194083053632434784e-32
8.410140681929402386e-33
8.410140681929402386e-33
8.410140681929402386e-33
8.410140681929402386e-33
8.410140681929402386e-33
8.410140681929402386e-33
8.410140681929307963e-33
8.410140674221534183e-33
8.410140674221534183e-33
8.410140673263728892e-33
8.182313329810263252e-33
8.182313329810263252e-33
8.182313329810263252e-33
8.182313329810263252e-33
8.182311380134122482e-33
8.182311380134122482e-33
8.182311380134089639e-33
7.886983088829252047e-33
7.886983088829252047e-33
5.312263138314279990e-33
5.312263138314279990e-33
5.311714761941622160e-33
5.311714761941622160e-33
5.311299827756604413e-33
4.323896506084427347e-33
4.323896419760475476e-33
4.323896419760475476e-33
4.323896419760475476e-33
4.323896419760475476e-33
4.323896419760475476e-33
4.323896419760475476e-33
4.323896419759583928e-33
4.294842269435739373e-33
4.294842269435738004e-33
4.294842269435738004e-33
4.294842269435738004e-33
4.294842269424409245e-33
3.868236130332707507e-33
3.864301771922438337e-33
3.864301771922438337e-33
3.864301771922438337e-33
2.511181602270299872e-33
2.511181602270299872e-33
2.511181602270299872e-33
2.511181585680414250e-33
2.511180654847060560e-33
2.511180654847060560e-33
2.511180654847060560e-33
2.511180654847060560e-33
2.290211017868246145e-33
2.290197357985038652e-33
2.290197357985038652e-33
2.290197357985038652e-33
2.290197357966528238e-33
2.290197357966528238e-33
2.290197357966528238e-33
2.276308231143644599e-33
1.830981934136636027e-33
1.829190363964272159e-33
1.829190363964272159e-33
1.829190363964272159e-33
1.829190363964272159e-33
1.829190363964272159e-33
1.829178477450351637e-33
1.283163695466132337e-33
1.283163695466132337e-33
1.283163695466132337e-33
1.283163695466099836e-33
1.283163695466099836e-33
1.283163695140517922e-33
1.283163695140517922e-33
1.283163694862670988e-33
1.243265398471516971e-33
1.243265398471516971e-33
1.243265398471516971e-33
1.243264888337359605e-33
1.243264888337359605e-33
1.243264888337359605e-33
1.243264888337359434e-33
1.212946304072695868e-33
8.671387246559445800e-34
8.671387246559445800e-34
8.670904422326681885e-34
8.670904422326681885e-34
8.670904422326681885e-34
8.669913156494819195e-34
8.669913156494819195e-34
6.954579597447432976e-34
6.954579556924907385e-34
6.954579556924907385e-34
6.954579556924907385e-34
6.897883303217113698e-34
6.897883303217113698e-34
6.897883303217005932e-34
6.897883303217005932e-34
6.897883303217003366e-34
6.897883303217003366e-34
6.897883303180587054e-34
6.897883303180587054e-34
6.897883303180587054e-34
6.399871607042171968e-34
6.396311505004973941e-34
6.396311505004973941e-34
4.330084504331980027e-34
4.330084448430098590e-34
4.330084448430098590e-34
4.330083946223345959e-34
4.330083946223345959e-34
4.330083946223345959e-34
3.900685136068296553e-34
3.900685136068296553e-34
3.900685136068296553e-34
3.900685136068296553e-34
3.900649610277802180e-34
3.900649610275233760e-34
3.900649610275233760e-34
3.900649610275233760e-34
3.894511103949931745e-34
3.881204656463331627e-34
3.283074116453702145e-34
3.283074116453702145e-34
3.283074116453702145e-34
3.283074116453702145e-34
3.283067168227076877e-34
3.283067168227076877e-34
2.330711170278319878e-34
2.330711170278319878e-34
2.330711170278319878e-34
2.330711170278187309e-34
2.330711170278187309e-34
2.330711169239308042e-34
2.330711169187945629e-34
2.330711169187945629e-34
2.244155728913274266e-34
2.244155728913274266e-34
2.244154238763508096e-34
2.244154238763508096e-34
2.244154238763508096e-34
2.244154238763508096e-34
2.244154238763508096e-34
2.211189173184036639e-34
2.211189173184036639e-34
1.675922956750275489e-34
1.675922956750275489e-34
1.675890229486133374e-34
1.675890229486133374e-34
1.675890229486133374e-34
1.675610517163887653e-34
1.335109908099402533e-34
1.335109907385304590e-34
1.335109907385304590e-34
1.335109907385304590e-34
1.335109907385304590e-34
1.335109907385303735e-34
1.321314474528303930e-34
1.321314474528303930e-34
1.321314474528303930e-34
1.321314474528303503e-34
1.321314474528303503e-34
1.321314474528303503e-34
1.321314474513159832e-34
1.259290958098100909e-34
1.259290958098100909e-34
1.259040749946795384e-34
8.912643185424420464e-35
8.912642973093102576e-35
8.912642871357799172e-35
8.912642871357799172e-35
8.912642871357799172e-35
8.912642871357799172e-35
8.912642871357799172e-35
7.949017106532663290e-35
7.948905659463674310e-35
7.948905659463674310e-35
7.948905659463641167e-35
7.948905659463641167e-35
7.948905659463641167e-35
7.932047508041183788e-35
7.063086574874695114e-35
7.055126521599279636e-35
7.055126521599279636e-35
7.055126521599279636e-35
5.091146617199302855e-35
5.091145818260581081e-35
5.091145818260581081e-35
5.091145818260581081e-35
5.091145818260581081e-35
5.091145818259863710e-35
5.091145818259863710e-35
5.091145813815734880e-35
5.091145813814974746e-35
4.871561414817915065e-35
4.871561414817915065e-35
4.871561414817915065e-35
4.871556110346918349e-35
4.871556110346918349e-35
4.871556110346918349e-35
4.871556110346918349e-35
4.871556110346918349e-35
4.843115306650313137e-35
4.843115306650313137e-35
3.933826978145295445e-35
3.933826978145295445e-35
3.933818356136743585e-35
3.932798700669145634e-35
3.113915635521336238e-35
3.113915635509284207e-35
3.113915635509284207e-35
3.113915635509284207e-35
3.113915635509284207e-35
3.113915635509284207e-35
3.113915635509278327e-35
3.113915635509278327e-35
3.073868715582203854e-35
3.073868715582203854e-35
3.073868715508725810e-35
3.073868715508725810e-35
3.073868715508725810e-35
3.011260439532606051e-35
3.011192018257853647e-35
3.011191835169860635e-35
2.270716500667200150e-35
2.270716500667200150e-35
2.270716500667200150e-35
2.270716500462327657e-35
1.999421784081398843e-35
1.999421784081398843e-35
1.999375129847543790e-35
1.999375129847543790e-35
1.999375129847543790e-35
1.999375129847543790e-35
1.999375129847543790e-35
1.999375129847543790e-35
1.993673088331849214e-35
1.887749489517539248e-35
1.887477337501776183e-35
1.407501883249324014e-35
1.407501883249324014e-35
1.407501883249324014e-35
1.407501881354884424e-35
1.407501881354392368e-35
1.407501881354392368e-35
1.407501881354392368e-35
1.407501881354392368e-35
1.407501881354392368e-35
1.407501878788517399e-35
1.334446300625970555e-35
1.334446300625970555e-35
1.334446300625970555e-35
1.334446300625970555e-35
1.334446300625970555e-35
1.334443667012621408e-35
1.334443667012621408e-35
1.334443667012621408e-35
1.333418051144861866e-35
1.333418051144861866e-35
1.333418051144861866e-35
1.195377420252124844e-35
1.195377420252124844e-35
1.195377395552551960e-35
1.194873744980655223e-35
9.453101021846080766e-36
9.453101021846080766e-36
9.453101021846078093e-36
9.453101021846078093e-36
9.453101021846078093e-36
9.453101021846028647e-36
9.453101021846028647e-36
9.453101021846028647e-36
9.291654078243255130e-36
9.291654078243255130e-36
9.291654077736081990e-36
9.291654077736081990e-36
9.291654077736081990e-36
9.263815320580548002e-36
9.263815320580548002e-36
9.263814173993080609e-36
9.263812164972288066e-36
7.837122162902029273e-36
7.837122162902029273e-36
7.837122162901977154e-36
6.786915587020868199e-36
6.786627990458834675e-36
6.786627990458834675e-36
6.786627990458834675e-36
6.786627990458834675e-36
6.786627990458834675e-36
6.786627990458834675e-36
6.786627990458834675e-36
6.757805770682351154e-36
6.696902181103680388e-36
6.696891553554246503e-36
6.696891553554246503e-36
6.696891553554246503e-36
6.696891553545832640e-36
5.491276003146449015e-36
5.491276003146449015e-36
5.491276003146449015e-36
5.491276003145832275e-36
5.491276003145832275e-36
5.491275977303688827e-36
5.491275977303688827e-36
5.491275977303688827e-36
5.129279299915210034e-36
5.129279299915210034e-36
5.129279299915210034e-36
5.129279299915210034e-36
5.129258482517329143e-36
5.129258482517329143e-36
5.129258482517329143e-36
5.129211436397792806e-36
5.022532729094424591e-36
5.022532729094424591e-36
5.018627957958725574e-36
5.018627957949421681e-36
5.018627957949421681e-36
4.177986125257143691e-36
4.177986125257143691e-36
4.177986125257143691e-36
4.177986125257143691e-36
4.177986125257070858e-36
4.177986125257070858e-36
4.074594455827753852e-36
4.074594455182420158e-36
4.074594455182420158e-36
4.074594455182420158e-36
4.074594455182420158e-36
4.074594455182420158e-36
4.074593268427715248e-36
4.074426690230890948e-36
3.924192466206578100e-36
3.924192466129532985e-36
3.924192466129532985e-36
3.924192466129532985e-36
3.924192466129532985e-36
3.923770092705685229e-36
3.440153642261965230e-36
3.440153642261965230e-36
3.440153642261965230e-36
3.440153642261965230e-36
3.440153642261965230e-36
3.440153642261965230e-36
3.415752866958710936e-36
3.415265815726778291e-36
3.415265815726777623e-36
3.415265815136071231e-36
3.415265815121592864e-36
3.415265815121592864e-36
3.241713560309196673e-36
3.241713560309196673e-36
3.241713512125944894e-36
3.241713512125944894e-36
3.241713512125944894e-36
3.241713512125944894e-36
3.241713512125944894e-36
3.241713512125944894e-36
3.013864415101929131e-36
3.013864415101929131e-36
3.013832840061552672e-36
3.013832840061552672e-36
3.013832840061552672e-36
3.013832836590240704e-36
3.012666362679379159e-36
3.008027704760417736e-36
3.008027704760417736e-36
3.008027704760417736e-36
2.844027840748329483e-36
2.844027840748329483e-36
2.844027840748329483e-36
2.844027840748329483e-36
2.844027840748105305e-36
2.844027840748105305e-36
2.844027839066020881e-36
2.757596212572980233e-36
2.757596212572980233e-36
2.757596212572980233e-36
2.757593824548282073e-36
2.757593824548282073e-36
2.757593808241634993e-36
2.757593808241634993e-36
2.755378857097229061e-36
2.755378857097229061e-36
2.755378857097229061e-36
2.754690888532042639e-36
2.630551892421756117e-36
2.630551892421756117e-36
2.630551892421756117e-36
2.630551892421756117e-36
2.630551892421756117e-36
2.630551892421756117e-36
2.604733834313954575e-36
2.604733834313951902e-36
2.604733773776088806e-36
2.604733773731032341e-36
2.604733773731032341e-36
2.604733773731032341e-36
2.601438371291853304e-36
2.601438371291853304e-36
2.601438371291853304e-36
2.601438371291853304e-36
2.601438234971896655e-36
2.601438234971896655e-36
2.601438234971896655e-36
2.528100805179271024e-36
2.528027396252495088e-36
2.528027396252495088e-36
2.528027396252495088e-36
2.528027396252495088e-36
2.528027396252495088e-36
2.528027220781616361e-36
2.522105084411865553e-36
2.522105084411865553e-36
2.522105084411865553e-36
2.518327591326645900e-36
2.518327591326645900e-36
2.518327591326645900e-36
2.518327591325703082e-36
2.518327591325703082e-36
2.518327591325703082e-36
2.518327591325703082e-36
2.518327585531549771e-36
2.485345660534642388e-36
2.485339251066568456e-36
2.485339251066568456e-36
2.485339251066568456e-36
2.485339251066568456e-36
2.485338866244010299e-36
2.485338866244010299e-36
2.485338866244010299e-36
2.485338866244010299e-36
2.484323361072322213e-36
2.481047449724064528e-36
2.481047449724064528e-36
2.481047449724064528e-36
2.481047449724064528e-36
2.470006274924394525e-36
2.470006274924380493e-36
2.470006274924380493e-36
2.470006274746383384e-36
2.470006274746383384e-36
2.470006274746383384e-36
2.470006274746383384e-36
2.470006274746383384e-36
2.470006274746383384e-36
2.470005640636860489e-36
2.470005640636860489e-36
2.470005234567834143e-36
2.470005234567834143e-36
2.467896397429769625e-36
2.467769463353819309e-36
2.467769463353819309e-36
2.467769463353819309e-36
2.467769463353819309e-36
2.467769463353819309e-36
2.467769463353819309e-36
2.465067771959043713e-36
2.465067771959043713e-36
2.465067771959043713e-36
2.465066999594078598e-36
2.465066999594078598e-36
2.465066999594078264e-36
2.465066999590109877e-36
2.465066999590109877e-36
2.465066981246083082e-36
2.464073956878830642e-36
2.464073956878830642e-36
2.464073956878830642e-36
2.464062524700833999e-36
2.464062524700833999e-36
2.464062524700833999e-36
2.464062524700833665e-36
2.464062524700833665e-36
2.464062524700833665e-36
2.463585131188824103e-36
2.463585131188824103e-36
2.463585131188824103e-36
2.463584441805662364e-36
2.463245240333937436e-36
2.463245240333875628e-36
2.463245240333875628e-36
2.463245240333875628e-36
2.463245239748945080e-36
2.463245239748945080e-36
2.463245239748945080e-36
2.463245239748945080e-36
2.463245239748945080e-36
2.463245239748945080e-36
2.463245239748943744e-36
2.463244506935843143e-36
2.463244058324853559e-36
2.463244058324853559e-36
2.463244058324853559e-36
2.463183591139657088e-36
2.463183591139657088e-36
2.463099995893644546e-36
2.463099995893644546e-36
2.463099995893644546e-36
2.463099995893644546e-36
2.463099995893644546e-36
2.463099995893644546e-36
2.463099995893643209e-36
2.463099995893642875e-36
2.463099995880550671e-36
2.463099995880550671e-36
2.463099962647111287e-36
2.463099750675267156e-36
2.463099750675267156e-36
2.463099750675267156e-36
2.463094288629152099e-36
2.463094288629152099e-36
2.463094288629152099e-36
2.463094288629152099e-36
2.463094288629152099e-36
2.463094288629152099e-36
2.463094288629152099e-36
2.463094288629152099e-36
2.463079486740152306e-36
2.463079486740150969e-36
2.463079486740150969e-36
2.463079486739946503e-36
2.463079414266959170e-36
2.463079414266959170e-36
2.463079414266959170e-36
2.463079414266959170e-36
2.463079413205704533e-36
2.463079413205704533e-36
2.463079413205704533e-36
2.463079413205704533e-36
2.463079062854490768e-36
2.463079062854490768e-36
2.463079062854490768e-36
2.463079062854490768e-36
2.463079062854489765e-36
2.463077187115680920e-36
2.463077187115680920e-36
2.463077187115680920e-36
2.463077169250990422e-36
2.463077169250990422e-36
2.463077169250990422e-36
2.463077169250990422e-36
2.463077169250990422e-36
2.463077169250988083e-36
2.463077169227232216e-36
2.463077169227232216e-36
2.463077169227232216e-36
2.463077153336787389e-36
2.463077153336787055e-36
2.463077153336787055e-36
2.463077153336787055e-36
2.463076983883970833e-36
2.463076983883970833e-36
2.463076983883970833e-36
2.463076983883970833e-36
2.463076983883970833e-36
2.463076983883970833e-36
2.463076980720598444e-36
2.463076980720598444e-36
2.463076980720598444e-36
2.463076980720598444e-36
2.463076980720226929e-36
2.463076980720226929e-36
2.463076980720226929e-36
2.463076980720226929e-36
2.463076980212783840e-36
2.463076980212783840e-36
2.463076969343440568e-36
2.463076969343440568e-36
2.463076969343440568e-36
2.463076969343440568e-36
2.463076969343440568e-36
2.463076969343440568e-36
2.463076968942565953e-36
2.463076968942565953e-36
2.463076968942565953e-36
2.463076968942565953e-36
2.463076968942565953e-36
2.463076968942562278e-36
2.463076968931203362e-36
2.463076968931203362e-36
2.463076968931203362e-36
2.463076968931203362e-36
2.463076968931203362e-36
2.463076968438214918e-36
2.463076968438214918e-36
2.463076968438214918e-36
2.463076968438214918e-36
2.463076968438214918e-36
2.463076968402000627e-36
2.463076968402000627e-36
2.463076968402000627e-36
2.463076968402000627e-36
2.463076968402000627e-36
2.463076968402000627e-36
2.463076968402000627e-36
2.463076968402000627e-36
2.463076968402000627e-36
2.463076968401822888e-36
2.463076968401822888e-36
2.463076968401822888e-36
2.463076968386079970e-36
2.463076968386079970e-36
2.463076968386079970e-36
2.463076968383757337e-36
2.463076968383757337e-36
2.463076968383757337e-36
2.463076968383757337e-36
2.463076968383757337e-36
2.463076968383757337e-36
2.463076968383757337e-36
2.463076968383757337e-36
2.463076968383757337e-36
2.463076968383757337e-36
2.463076968383757337e-36
2.463076968383754999e-36
2.463076968383402862e-36
2.463076968383402862e-36
2.463076968383297288e-36
2.463076968383297288e-36
2.463076968383297288e-36
2.463076968383297288e-36
2.463076968383297288e-36
2.463076968383297288e-36
2.463076968383297288e-36
2.463076968383297288e-36
2.463076968383297288e-36
2.463076968383297288e-36
2.463076968383297288e-36
2.463076968383297288e-36
2.463076968383297288e-36
2.463076968383291608e-36
2.463076968383291608e-36
2.463076968383288601e-36
2.463076968383288601e-36
2.463076968383288601e-36
2.463076968383288601e-36
2.463076968383288601e-36
2.463076968383288601e-36
2.463076968383288601e-36
2.463076968383288601e-36
2.463076968383288601e-36
2.463076968383288601e-36
2.463076968383288601e-36
2.463076968383288601e-36
2.463076968383288601e-36
2.463076968383288601e-36
2.463076968383288601e-36
2.463076968383288601e-36
2.463076968383288601e-36
2.463076968383288601e-36
2.463076968383288601e-36
2.463076968383288601e-36
2.463076968383288601e-36
2.463076968383288601e-36
2.463076968383288601e-36
2.463076968383288601e-36
2.463076968383288601e-36
2.463076968383288601e-36
2.463076968383288601e-36
2.463076968383288601e-36
2.463076968383288601e-36
2.463076968383288601e-36
2.463076968383288601e-36
2.463076968383288601e-36
2.463076968383288601e-36
2.463076968383288601e-36
2.463076968383288601e-36
2.463076968383288601e-36
2.463076968383288601e-36
2.463076968383288601e-36
2.463076968383288601e-36
2.463076968383288601e-36
2.463076968383288601e-36
2.463076968383288601e-36
2.463076968383288601e-36
2.463076968383288601e-36
2.463076968383288601e-36
2.463076968383288601e-36
2.463076968383288601e-36
2.463076968383288601e-36
2.463076968383288601e-36
2.463076968383288601e-36
2.463076968383288601e-36
2.463076968383288601e-36
2.463076968383288601e-36
2.463076968383288601e-36
2.463076968383288601e-36
2.463076968383288601e-36
2.463076968383288601e-36
2.463076968383288601e-36
2.463076968383288601e-36
2.463076968383288601e-36
2.463076968383288601e-36
2.463076968383288601e-36
2.463076968383288601e-36
2.463076968383288601e-36
2.463076968383288601e-36
2.463076968383288601e-36
2.463076968383288601e-36
2.463076968383288601e-36
2.463076968383288601e-36
2.463076968383288601e-36
2.463076968383288601e-36
2.463076968383288601e-36
2.463076968383288601e-36
2.463076968383288601e-36
2.463076968383288601e-36
2.463076968383288601e-36
2.463076968383288601e-36
2.463076968383288601e-36
2.463076968383288601e-36
2.463076968383288601e-36
2.463076968383288601e-36
2.463076968383288601e-36
2.463076968383288601e-36
2.463076968383288601e-36
2.463076968383288601e-36
2.463076968383288601e-36
2.463076968383288601e-36
2.463076968383288601e-36
2.463076968383288601e-36
2.463076968383288601e-36
2.463076968383288601e-36
2.463076968383288601e-36
2.463076968383288601e-36
2.463076968383288601e-36
2.463076968383288601e-36
2.463076968383288601e-36
2.463076968383288601e-36
2.463076968383288601e-36
2.463076968383288601e-36
2.463076968383288601e-36
2.463076968383288601e-36
2.463076968383288601e-36
2.463076968383288601e-36
2.463076968383288601e-36
2.463076968383288601e-36
2.463076968383288601e-36
2.463076968383288601e-36
2.463076968383288601e-36
2.463076968383288601e-36
2.463076968383288601e-36
2.463076968383288601e-36
2.463076968383288601e-36
2.463076968383288601e-36
2.463076968383288601e-36
2.463076968383288601e-36
2.463076968383288601e-36
2.463076968383288601e-36
2.463076968383288601e-36
2.463076968383288601e-36
2.463076968383288601e-36
2.463076968383288601e-36
2.463076968383288601e-36
2.463076968383288601e-36
2.463076968383288601e-36
2.463076968383288601e-36
2.463076968383288601e-36
2.463076968383288601e-36
2.463076968383288601e-36
2.463076968383288601e-36
2.463076968383288601e-36
2.463076968383288601e-36
2.463076968383288601e-36
2.463076968383288601e-36
2.463076968383288601e-36
2.463076968383288601e-36
2.463076968383288601e-36
2.463076968383288601e-36
2.463076968383288601e-36
2.463076968383288601e-36
2.463076968383288601e-36
2.463076968383288601e-36
2.463076968383288601e-36
2.463076968383288601e-36
2.463076968383288601e-36
2.463076968383288601e-36
2.463076968383288601e-36
2.463076968383288601e-36
2.463076968383288601e-36
2.463076968383288601e-36
2.463076968383288601e-36
2.463076968383288601e-36
2.463076968383288601e-36
2.463076968383288601e-36
2.463076968383288601e-36
2.463076968383288601e-36
2.463076968383288601e-36
2.463076968383288601e-36
2.463076968383288601e-36
2.463076968383288601e-36
2.463076968383288601e-36
2.463076968383288601e-36
2.463076968383288601e-36
2.463076968383288601e-36
2.463076968383288601e-36
2.463076968383288601e-36
2.463076968383288601e-36
2.463076968383288601e-36
2.463076968383288601e-36
2.463076968383288601e-36
2.463076968383288601e-36
2.463076968383288601e-36
2.463076968383288601e-36
2.463076968383288601e-36
2.463076968383288601e-36
2.463076968383288601e-36
2.463076968383288601e-36
2.463076968383288601e-36
2.463076968383288601e-36
2.463076968383288601e-36
2.463076968383288601e-36
2.463076968383288601e-36
2.463076968383288601e-36
2.463076968383288601e-36
2.463076968383288601e-36
2.463076968383288601e-36
2.463076968383288601e-36
2.463076968383288601e-36
2.463076968383288601e-36
2.463076968383288601e-36
2.463076968383288601e-36
2.463076968383288601e-36
2.463076968383288601e-36
2.463076968383288601e-36
2.463076968383288601e-36
2.463076968383288601e-36
2.463076968383288601e-36
2.463076968383288601e-36
2.463076968383288601e-36
2.463076968383288601e-36
2.463076968383288601e-36
2.463076968383288601e-36
2.463076968383288601e-36
2.463076968383288601e-36
2.463076968383288601e-36
2.463076968383288601e-36
2.463076968383288601e-36
2.463076968383288601e-36
2.463076968383288601e-36
2.463076968383288601e-36
2.463076968383288601e-36
2.463076968383288601e-36
2.463076968383288601e-36
2.463076968383288601e-36
2.463076968383288601e-36
2.463076968383288601e-36
2.463076968383288601e-36
2.463076968383288601e-36
2.463076968383288601e-36
2.463076968383288601e-36
2.463076968383288601e-36
