1.000000000000036193e+00
1.000000000000031752e+00
1.000000000000023315e+00
1.000000000000018874e+00
1.000000000000018208e+00
1.000000000000017986e+00
1.000000000000007772e+00
1.000000000000007772e+00
1.000000000000007550e+00
1.000000000000007772e+00
1.000000000000007105e+00
1.000000000000007105e+00
1.000000000000007105e+00
1.000000000000006883e+00
1.000000000000006883e+00
1.000000000000006883e+00
9.999999999999896749e-01
9.999999999999880096e-01
9.999999999999877875e-01
9.999999999999875655e-01
9.999999999999875655e-01
9.999999999999875655e-01
9.999999999998375744e-01
9.999999999998296918e-01
9.999999999998221423e-01
9.999999999998216982e-01
9.999999999998215872e-01
9.999999999998215872e-01
9.999999999998215872e-01
9.999999999989686028e-01
9.999999999989304111e-01
9.999999999989067634e-01
9.999999999989002131e-01
9.999999999988999910e-01
9.999999999988996580e-01
9.999999999947770668e-01
9.999999999942679185e-01
9.999999999941840967e-01
9.999999999941842077e-01
9.999999999941294737e-01
9.999999999941278084e-01
9.999999999941273643e-01
9.999999999941273643e-01
9.999999999735442735e-01
9.999999999723084843e-01
9.999999999707841480e-01
9.999999999707442910e-01
9.999999999706580267e-01
9.999999999706580267e-01
9.999999999706578047e-01
9.999999999706575826e-01
9.999999998738040574e-01
9.999999998680380031e-01
9.999999998638986476e-01
9.999999998638985366e-01
9.999999998633448683e-01
9.999999998633418707e-01
9.999999998632518317e-01
9.999999998632518317e-01
9.999999994485830879e-01
9.999999994485830879e-01
9.999999994148077720e-01
9.999999994091525179e-01
9.999999994091526290e-01
9.999999994017559901e-01
9.999999994016854910e-01
9.999999994016233185e-01
9.999999994016230964e-01
9.999999976855964423e-01
9.999999976281900294e-01
9.999999975382760642e-01
9.999999975370594818e-01
9.999999975370593708e-01
9.999999975277963360e-01
9.999999975277963360e-01
9.999999975277924502e-01
9.999999975277632513e-01
9.999999907625550799e-01
9.999999905299284952e-01
9.999999905299284952e-01
9.999999903240317511e-01
9.999999903093043097e-01
9.999999903091892905e-01
9.999999903010621249e-01
9.999999903010621249e-01
9.999999903010621249e-01
9.999999673969126590e-01
9.999999644486239347e-01
9.999999643143941963e-01
9.999999643143939743e-01
9.999999639785287497e-01
9.999999639759503678e-01
9.999999639759503678e-01
9.999999639708972987e-01
9.999999639708955224e-01
9.999998829593617078e-01
9.999998812823504002e-01
9.999998812823502892e-01
9.999998741334364949e-01
9.999998740905978734e-01
9.999998740905978734e-01
9.999998736968890301e-01
9.999998736968889190e-01
9.999998736968118696e-01
9.999998736945909794e-01
9.999996017705362616e-01
9.999995956579910139e-01
9.999995956579909029e-01
9.999995950196564065e-01
9.999995805606279875e-01
9.999995805606280985e-01
9.999995805583503650e-01
9.999995802314899374e-01
9.999995802314899374e-01
9.999995802314899374e-01
9.999995802314896043e-01
9.999988629334131129e-01
9.999987008924688947e-01
9.999986962195172024e-01
9.999986962194994389e-01
9.999986743339893680e-01
9.999986742841729948e-01
9.999986742841729948e-01
9.999986740915001171e-01
9.999986740915001171e-01
9.999986740914774686e-01
9.999964433596274516e-01
9.999963661912216750e-01
9.999963661912214530e-01
9.999960626537904851e-01
9.999960618562919734e-01
9.999960618562919734e-01
9.999960381500084816e-01
9.999960381500021533e-01
9.999960381491520556e-01
9.999960380702824780e-01
9.999907766557628586e-01
9.999893583894816640e-01
9.999893583894816640e-01
9.999893583894817750e-01
9.999893463191906751e-01
9.999888396745626462e-01
9.999888396745626462e-01
9.999888396745626462e-01
9.999888396515856925e-01
9.999888222379850200e-01
9.999888222379836877e-01
9.999888222379836877e-01
9.999888222379772484e-01
9.999732532927130269e-01
9.999708430716739427e-01
9.999707714054885122e-01
9.999707714049329565e-01
9.999701519201238398e-01
9.999701514922882950e-01
9.999701514922884060e-01
9.999701514922884060e-01
9.999701430456426898e-01
9.999701430453696860e-01
9.999701430453696860e-01
9.999294329483543464e-01
9.999286935239546370e-01
9.999286935239545260e-01
9.999248343878662793e-01
9.999248286238318073e-01
9.999248286238318073e-01
9.999248286238318073e-01
9.999242975548061629e-01
9.999242975546559498e-01
9.999242975461059002e-01
9.999242948106316087e-01
9.998533302247777366e-01
9.998228890051423789e-01
9.998228890051423789e-01
9.998228890051424900e-01
9.998228210914539282e-01
9.998173539410761812e-01
9.998173539410761812e-01
9.998173539410762922e-01
9.998173537437339276e-01
9.998170351096482555e-01
9.998170351096242747e-01
9.998170351096242747e-01
9.998170351095940767e-01
9.996299611228891546e-01
9.995844763903032337e-01
9.995841016507163168e-01
9.995841016348760988e-01
9.995781456061128001e-01
9.995781422737105570e-01
9.995781422737105570e-01
9.995781422737105570e-01
9.995781422737105570e-01
9.995780064933463827e-01
9.995780064921280239e-01
9.995780064921280239e-01
9.991496583234426021e-01
9.991441389714390553e-01
9.991441389714389443e-01
9.990791522940625224e-01
9.990791097055986558e-01
9.990791097055986558e-01
9.990791097055986558e-01
9.990743150336679479e-01
9.990743150297043407e-01
9.990743149927761024e-01
9.990742739411850870e-01
9.985840292654349915e-01
9.981541882988892445e-01
9.981541882988892445e-01
9.981541882988890224e-01
9.981535925222044803e-01
9.981535925222044803e-01
9.980711166499399711e-01
9.980711166499399711e-01
9.980711166499399711e-01
9.980711158111205128e-01
9.980683551953650756e-01
9.980683551947715504e-01
9.980683551947715504e-01
9.980683551946910592e-01
9.967825539800977408e-01
9.962389841493003440e-01
9.962359607978740206e-01
9.962359605299762055e-01
9.961534051186812233e-01
9.961533912095810184e-01
9.961533912095810184e-01
9.961533912095810184e-01
9.961533912095810184e-01
9.961533912095810184e-01
9.961522634806704302e-01
9.961522634774711005e-01
9.961522634774711005e-01
9.934394974011698798e-01
9.933771115173838373e-01
9.933771115173805066e-01
9.927492018368789806e-01
9.927490227249778920e-01
9.927490227249778920e-01
9.927490227249780030e-01
9.926869525102500758e-01
9.926869524527909272e-01
9.926869523575096999e-01
9.926866275771832893e-01
9.896604580947834240e-01
9.874674247006700600e-01
9.874674247006700600e-01
9.874674247006700600e-01
9.874645648850391977e-01
9.874645648850391977e-01
9.867964196958604051e-01
9.867964196958604051e-01
9.867964196958604051e-01
9.867964196958601830e-01
9.867964176136737597e-01
9.867633820267989186e-01
9.867633820267989186e-01
9.867633820188798088e-01
9.867633820188798088e-01
9.867633820186108018e-01
9.798785981225466291e-01
9.777291580602534005e-01
9.777169877946678689e-01
9.777169856787973901e-01
9.771582044988893490e-01
9.771581734277460241e-01
9.771581734277460241e-01
9.771581734277460241e-01
9.771581734277460241e-01
9.771581734277460241e-01
9.771581734180568857e-01
9.771463558184896314e-01
9.771463558184896314e-01
9.647965716185269436e-01
9.646493140979344183e-01
9.646493140979033321e-01
9.626145570782660421e-01
9.626142027758830544e-01
9.626142027758830544e-01
9.626142027758830544e-01
9.622735545142269142e-01
9.622735541745947030e-01
9.622735539285780515e-01
9.622707550224042228e-01
9.526624408661895638e-01
9.526624408661895638e-01
9.422904918903106664e-01
9.422904918903106664e-01
9.422904918903103333e-01
9.422864189772622856e-01
9.422864189772622856e-01
9.404702893970389166e-01
9.404702893970389166e-01
9.404702893970389166e-01
9.404702893970375843e-01
9.404702848418431405e-01
9.403239067368661663e-01
9.403239067368661663e-01
9.403239066994164563e-01
9.403239066994164563e-01
9.403239066990770612e-01
9.203596219104723808e-01
9.107468601891527404e-01
9.107307729291281850e-01
9.107307592943838515e-01
9.094052631819935506e-01
9.094052036975978082e-01
9.094052036975978082e-01
9.094052036975978082e-01
9.094052036975978082e-01
9.094052036975978082e-01
9.094052036868136568e-01
9.093608124377915436e-01
9.093608124377914326e-01
9.093608124377914326e-01
8.771856177698325041e-01
8.768807490114021164e-01
8.768807490112102698e-01
8.685721987232715158e-01
8.685715769061583824e-01
8.685715769061583824e-01
8.685715769061586045e-01
8.678261484203413367e-01
8.678261463722316549e-01
8.678261461147240841e-01
8.678165629394302139e-01
8.532643144238442057e-01
8.532643144238442057e-01
8.219442972339794373e-01
8.219442972339794373e-01
8.219442972339793263e-01
8.219348932636407756e-01
8.152850839261615024e-01
8.152850839261615024e-01
8.152850839261615024e-01
8.152850839261615024e-01
8.152850839261567284e-01
8.152850792477827069e-01
8.152850792477827069e-01
8.149772402662271986e-01
8.149772402662271986e-01
8.149772400526775762e-01
8.149772400526775762e-01
8.149772400524488702e-01
7.827966691488640327e-01
7.553820689254030496e-01
7.553475565705430883e-01
7.553475009536868567e-01
7.509171864222429216e-01
7.509171257604482230e-01
7.509171257604482230e-01
7.509171257604482230e-01
7.509171257604482230e-01
7.509171257604482230e-01
7.509171257532057941e-01
7.508267502012009320e-01
7.508267502012007100e-01
7.508267502012007100e-01
7.000155895255419924e-01
6.991484140179038409e-01
6.991484140161463579e-01
6.787508367429860856e-01
6.787501635321300242e-01
6.787501635321300242e-01
6.787501635321301352e-01
6.787501635321301352e-01
6.764387045668835974e-01
6.764386977470170370e-01
6.764386975759224541e-01
6.764199481582517937e-01
6.537007952433748770e-01
6.537007952433748770e-01
6.092498218399068355e-01
6.092498218399068355e-01
6.092498218399065024e-01
6.092373461305653493e-01
5.953892084965536347e-01
5.953892084965536347e-01
5.953892084965536347e-01
5.953892084965536347e-01
5.953892084965267673e-01
5.953892053988438793e-01
5.953892053988438793e-01
5.944957651003006660e-01
5.944957651003006660e-01
5.944957644296402499e-01
5.944957644296402499e-01
5.944957644294495136e-01
5.485966486686439936e-01
5.167740688513432490e-01
5.167343251498557333e-01
5.167342030447933388e-01
5.088800276055823746e-01
5.088799899975620100e-01
5.088799899975620100e-01
5.088799899975620100e-01
5.088799899975620100e-01
5.088799899975620100e-01
5.088799899975620100e-01
5.088799899918222680e-01
5.086401046181155960e-01
5.086401046181144858e-01
5.086401046181144858e-01
4.456152349170228177e-01
4.450322717914516057e-01
4.450322717874270473e-01
4.260264173941021859e-01
4.260264173941021859e-01
4.260260206069727551e-01
4.260260206069727551e-01
4.260260206069727551e-01
4.260260206069727551e-01
4.226101125319157714e-01
4.226101014109663323e-01
4.226101012899313170e-01
4.225670862620506396e-01
4.040934468877959151e-01
4.040934468877959151e-01
3.518686476874164915e-01
3.518686476874164915e-01
3.518686476874163804e-01
3.518636254975468503e-01
3.412412560285230656e-01
3.412412560285230656e-01
3.412412560285230656e-01
3.412412560285230656e-01
3.412412560284618368e-01
3.412412541282429101e-01
3.412412541282429101e-01
3.401652871522753974e-01
3.401652871522753974e-01
3.401652862585152759e-01
3.401652862585152759e-01
3.401652862584465531e-01
3.057507965982230180e-01
2.701260022315302156e-01
2.701113747301445711e-01
2.701111761431757019e-01
2.649598391920169327e-01
2.649598194616630820e-01
2.649598194616630820e-01
2.649598194616630820e-01
2.649598194616630820e-01
2.649598194616630820e-01
2.649598194616630820e-01
2.649598194598790091e-01
2.647206447784416494e-01
2.647206447784397620e-01
2.647206447784397620e-01
2.213502053625914512e-01
2.210151255961388950e-01
2.210151255894430011e-01
2.008140587906987462e-01
2.008140587906987462e-01
2.008138769947680757e-01
2.008138769947680757e-01
2.008138769947680757e-01
2.008138769947680757e-01
1.988005529204968092e-01
1.988005358909735731e-01
1.988005358568688263e-01
1.987628322282688209e-01
1.919439440380627526e-01
1.919439440380627526e-01
1.548991911983604863e-01
1.548991911983604863e-01
1.548991911983604308e-01
1.548959301961995438e-01
1.445778716818960918e-01
1.445778716818960918e-01
1.445778716818960918e-01
1.445778716818960918e-01
1.445778716818357790e-01
1.445778711667459748e-01
1.445778711667459748e-01
1.439776527400556672e-01
1.439776527400556672e-01
1.439776514708090704e-01
1.439776514708090704e-01
1.439776514707963306e-01
1.439776514707963306e-01
1.304184176076739754e-01
1.304184176076739754e-01
1.052521475678854374e-01
1.052432122696760480e-01
1.052429920664767482e-01
1.006915375601984131e-01
1.006915321900344745e-01
1.006915321900344745e-01
1.006915321900344745e-01
1.006915321900344745e-01
1.006915321900344745e-01
1.006915321900344745e-01
1.006915321897049326e-01
1.005619719310412580e-01
1.005619719310394400e-01
1.005619719310394400e-01
8.276933928019619691e-02
8.253525243696729907e-02
8.253525242197190526e-02
6.923474179846829391e-02
6.923474179846829391e-02
6.923468585254538565e-02
6.923468585254538565e-02
6.923468585254538565e-02
6.923468585254538565e-02
6.760157542367710437e-02
6.760156104675479893e-02
6.760156104046613490e-02
6.760156104046613490e-02
6.758180146578228464e-02
6.479838787210659423e-02
5.009327709099244824e-02
5.009327709099244824e-02
5.009327709099244824e-02
5.009327709099243436e-02
5.009204400106547633e-02
5.009204400106547633e-02
4.413687300633563348e-02
4.413687300633562655e-02
4.413687300633562655e-02
4.413687300624912629e-02
4.413687290849176159e-02
4.413687290849176159e-02
4.368414628074486494e-02
4.368414628074486494e-02
4.368414526428474748e-02
4.368414526428474748e-02
4.368414526428195110e-02
4.368414526428195110e-02
3.837351685055038347e-02
3.837351685055038347e-02
2.953474117496336995e-02
2.953169236573141912e-02
2.953154866924906363e-02
2.726769550042425563e-02
2.726769452752961231e-02
2.726769452752961231e-02
2.726769452752961231e-02
2.726769452752961231e-02
2.726769452752961231e-02
2.726769452752961231e-02
2.717677610268230334e-02
2.717677610261250848e-02
2.717677610261023252e-02
2.717677610261023252e-02
2.085417029260709307e-02
2.080531779289031269e-02
2.080531778290247574e-02
1.694859197045075691e-02
1.694859197045075691e-02
1.694858164041257095e-02
1.694858164041257095e-02
1.694858164041257095e-02
1.694858164041257095e-02
1.625881368318056810e-02
1.625880689509500571e-02
1.625880689383648464e-02
1.625880689383648464e-02
1.624633319314286450e-02
1.562679230861114404e-02
1.087984683771821455e-02
1.087984683771821455e-02
1.087984683771821455e-02
1.087984683771821282e-02
1.087969296757298684e-02
1.087969296757298684e-02
9.478781748880098917e-03
9.478781748880097183e-03
9.478781748880097183e-03
9.478781748880097183e-03
9.478781748823803671e-03
9.478781731090230381e-03
9.478781731090230381e-03
9.320347089414718345e-03
9.320346685371509732e-03
9.320346685371509732e-03
9.320346685371509732e-03
9.320346685371509732e-03
9.320346685371206155e-03
8.231073282715460626e-03
8.231073282715460626e-03
5.601018735308709029e-03
5.600681147629128255e-03
5.600616814406464243e-03
5.155813077115218267e-03
5.155812927509426970e-03
5.155812927509426970e-03
5.155812927509426970e-03
5.155812927509426970e-03
5.155812927509426970e-03
5.155812927509426970e-03
5.155812927509426970e-03
5.129636314915048817e-03
5.129636314908561819e-03
5.129636314907385676e-03
5.129636314907385676e-03
3.933705857783142273e-03
3.926055555102120863e-03
3.926055550604965610e-03
2.828970108335617482e-03
2.828970108335617482e-03
2.828968791311550855e-03
2.828968791311550855e-03
2.828968791311550855e-03
2.828968791311550855e-03
2.710369241346648195e-03
2.710366374966828498e-03
2.710366374863472805e-03
2.710366374863472805e-03
2.707303239434148603e-03
2.644016043329127080e-03
1.774562601287722665e-03
1.774562601287722665e-03
1.774562601287722665e-03
1.774562601287722665e-03
1.774534471534859473e-03
1.774534471534859473e-03
1.397640725461137250e-03
1.397640725461136817e-03
1.397640725461136817e-03
1.397640725461136817e-03
1.397640725445608873e-03
1.397640724089436537e-03
1.397640724089436537e-03
1.372450447206136591e-03
1.372450293845620681e-03
1.372450293845620681e-03
1.372450293845620681e-03
1.372450293845620681e-03
1.372450293845604201e-03
1.260884582884616318e-03
1.260884582884616318e-03
7.840109926805506309e-04
7.839515699094044615e-04
7.839307459317308366e-04
6.733527829094491848e-04
6.733527713345739034e-04
6.733527713345739034e-04
6.733527713345739034e-04
6.733527713345739034e-04
6.733527713345739034e-04
6.733527713345739034e-04
6.733527713345739034e-04
6.693366032764697712e-04
6.693366032761222844e-04
6.693366032758133952e-04
6.693366032758133952e-04
5.388424528181013631e-04
5.375701136928039961e-04
5.375701112875080900e-04
3.410288737471509134e-04
3.410288737471509134e-04
3.410287510077558769e-04
3.410287510077558769e-04
3.410287510077558769e-04
3.410287510077558769e-04
3.140018727658626775e-04
3.140012078464609669e-04
3.140012078408618759e-04
3.140012078408618759e-04
3.140012078408618759e-04
3.135433084036784663e-04
3.065086931371986657e-04
2.091010353577898323e-04
2.091010353577898323e-04
2.091010353577898323e-04
2.091010353577898323e-04
2.091010353577898323e-04
2.090980337552413417e-04
1.462460074434156980e-04
1.462460074434155624e-04
1.462460074434155624e-04
1.462460074434155624e-04
1.462460074434155624e-04
1.462460074371473560e-04
1.462460074371473560e-04
1.462460073583690635e-04
1.409560035985980332e-04
1.409559698368438444e-04
1.409559698368438444e-04
1.409559698368438444e-04
1.409559698368438444e-04
1.409559698368428415e-04
1.287199942757619685e-04
7.805141621904826985e-05
7.805141621904826985e-05
7.804536304116934048e-05
7.804115856094636240e-05
6.168584486077266721e-05
6.168584421512516419e-05
6.168584421512516419e-05
6.168584421512516419e-05
6.168584421512516419e-05
6.168584421512516419e-05
6.168584421512516419e-05
6.168584421512516419e-05
6.090083469001782412e-05
6.090083468999684481e-05
6.090083468988885827e-05
6.090083468988885827e-05
4.726600288734381772e-05
4.718165612855038441e-05
4.718165563796749542e-05
2.878434111024688480e-05
2.878434111024688480e-05
2.878433374994238703e-05
2.878433374994238703e-05
2.878433374994238703e-05
2.878433374994238703e-05
2.532875544310937642e-05
2.532865959245292060e-05
2.532865959212478343e-05
2.532865959212478343e-05
2.532865959212478343e-05
2.524622104844518857e-05
1.554371752312037701e-05
1.545332571439799434e-05
1.545332571439799434e-05
1.545332571439799434e-05
1.545332571439799434e-05
1.545332571439799434e-05
1.545320022389872248e-05
1.057520828437625878e-05
1.057520828437620287e-05
1.057520828437620287e-05
1.057520828437620287e-05
1.057520828437620287e-05
1.057520828312344453e-05
1.057520828312344453e-05
1.057520827870208332e-05
1.000566211898755380e-05
1.000565792735070566e-05
1.000565792735070566e-05
1.000565792735070566e-05
1.000565792735070566e-05
1.000565792735067178e-05
9.271157873073365154e-06
4.900577362268489935e-06
4.900577362268489935e-06
4.900357588840704354e-06
4.899787290909935658e-06
3.858733780999158514e-06
3.858733750252149673e-06
3.858733750252149673e-06
3.858733750252149673e-06
3.858733750252149673e-06
3.858733750252149673e-06
3.858733750252149673e-06
3.858733750252149673e-06
3.788963872199548130e-06
3.788963872182718856e-06
3.788963872182103063e-06
3.788963872182103063e-06
3.041705282207651744e-06
3.037995169590748853e-06
3.037995108001507303e-06
1.569539533197594480e-06
1.569539533197594480e-06
1.569539254630035869e-06
1.569539254630035869e-06
1.569539254630035869e-06
1.569539254630035869e-06
1.382794534165125889e-06
1.382794534165125889e-06
1.382782496810777131e-06
1.382782496810777131e-06
1.382782496802374776e-06
1.382782496802374776e-06
1.376650095007764760e-06
8.864510284643270738e-07
8.824443119709658586e-07
8.824443119709658586e-07
8.824443119709658586e-07
8.824443119709658586e-07
8.824443119709658586e-07
8.824379482129682501e-07
5.103462940332695653e-07
5.103462940332624714e-07
5.103462940332624714e-07
5.103462940332624714e-07
5.103462939287921805e-07
5.103462939287921805e-07
5.103462939287921805e-07
5.103462938273084220e-07
4.826238028851344917e-07
4.826233449564017590e-07
4.826233449564017590e-07
4.826233449564017590e-07
4.826233449564017590e-07
4.826233449564011237e-07
4.609454598603238471e-07
2.431684368094855292e-07
2.431684368094855292e-07
2.431573492665689251e-07
2.431019206941394004e-07
2.431019206941394004e-07
1.671360881197038311e-07
1.671360874052172994e-07
1.671360874052172994e-07
1.671360874052172994e-07
1.671360874052172994e-07
1.671360874052172464e-07
1.671360874052172464e-07
1.638848873033720781e-07
1.638848873033720781e-07
1.638848873020417334e-07
1.638848873020417334e-07
1.638848873020315161e-07
1.409925429271221394e-07
1.409925348545637858e-07
1.408410825234118767e-07
6.706646454604900307e-08
6.706646454604900307e-08
6.706646454604900307e-08
6.706646454604900307e-08
6.706645629576618325e-08
6.706645629576618325e-08
6.706645629576618325e-08
5.420470441765601770e-08
5.420386629108312095e-08
5.420386629108312095e-08
5.420386629108312095e-08
5.420386629094017753e-08
5.420386629094017753e-08
5.392094569113959312e-08
3.782091844490773351e-08
3.763216746630392544e-08
3.763216746630392544e-08
3.763216746630392544e-08
3.763216746630392544e-08
3.763216746629870428e-08
3.763216746629870428e-08
3.763216746629870428e-08
1.893933602001156328e-08
1.893930949087432125e-08
1.893930949087432125e-08
1.893930947769422389e-08
1.893930947769422389e-08
1.893930947769422389e-08
1.893930947572576564e-08
1.715087076955737551e-08
1.715083994454382432e-08
1.715083994454382432e-08
1.715083994454382432e-08
1.715083994454382432e-08
1.643482227103113161e-08
1.643482227103112168e-08
9.106615568554805089e-09
9.106615568554805089e-09
9.106265738509458871e-09
9.102633989746861038e-09
9.102633989746861038e-09
5.480166383216424513e-09
5.480166369770910540e-09
5.480166369770910540e-09
5.480166369770910540e-09
5.480166369770910540e-09
5.480166369770910540e-09
5.480166369770905577e-09
5.282319253367471902e-09
5.282319253224908978e-09
5.282319253224908978e-09
5.282319253224908978e-09
5.282319253224717072e-09
4.526453468977159499e-09
4.526452932718109952e-09
4.523109021704869581e-09
4.523109021704869581e-09
2.151861760259688839e-09
2.151861760259688839e-09
2.151861760259688839e-09
2.151861586238388618e-09
2.151861586238388618e-09
2.151861586238388618e-09
1.593802291633917749e-09
1.593760573576486957e-09
1.593760573576486957e-09
1.593760573576486957e-09
1.593760573573752712e-09
1.593760573573752712e-09
1.577411661031825289e-09
1.064438232984235906e-09
1.060455216446164995e-09
1.060455216446164995e-09
1.060455216446164995e-09
1.060455216446164995e-09
1.060455216445642630e-09
1.060455216445642630e-09
5.215969793424832579e-10
5.215969793424832579e-10
5.215964735683905018e-10
5.215964735683905018e-10
5.215964735683905018e-10
5.215964726267810320e-10
5.215964726267810320e-10
5.215964726267810320e-10
5.215964725879520367e-10
4.532428495556202290e-10
4.532414751990039731e-10
4.532414751990039731e-10
4.532414751990039731e-10
4.532414751990039731e-10
4.384789055860428870e-10
4.384789055860427319e-10
2.200281713782505131e-10
2.200232273051198782e-10
2.200232273051198782e-10
2.200232273051198782e-10
2.198432028622834311e-10
1.308062586020706048e-10
1.308062586020706048e-10
1.308062583701195967e-10
1.308062583701195967e-10
1.308062583701191315e-10
1.308062583701191315e-10
1.308062583701191315e-10
1.308062583701191315e-10
1.243427455009982314e-10
1.243427454929748896e-10
1.243427454929748896e-10
1.243427454929728217e-10
1.098712621070483084e-10
1.098712392709960289e-10
1.098712392709960289e-10
1.098208787417306368e-10
4.499899114398363162e-11
4.499899114398363162e-11
4.499899114398363162e-11
4.499898875071216290e-11
4.499898875071216290e-11
4.499898875071216290e-11
3.335545769539985475e-11
3.335354666615805912e-11
3.335354666615805912e-11
3.335354666615805912e-11
3.335354666613153764e-11
3.335354666613153764e-11
3.290071288838730057e-11
2.380024437706917057e-11
2.374074868345204772e-11
2.374074868345204772e-11
2.374074868345204772e-11
2.374074868345204772e-11
2.374074868342138065e-11
2.374074868342138065e-11
9.781509478388539411e-12
9.781502908685612043e-12
9.781502908685612043e-12
9.781502908685612043e-12
9.781502908685612043e-12
9.781502908685612043e-12
9.781502878993519669e-12
9.781502878993519669e-12
9.781502878662820292e-12
8.513259253890526869e-12
8.513205208365452309e-12
8.513205208365452309e-12
8.513205208365452309e-12
8.513205208365452309e-12
8.350745700873258447e-12
8.350745700873256832e-12
4.584655909846478951e-12
4.584655909846478951e-12
4.584572270948963551e-12
4.578441166875925080e-12
4.578441166875925080e-12
2.296748635497574566e-12
2.296748635497574566e-12
2.296748633503715476e-12
2.296748633503715476e-12
2.296748633503696493e-12
2.296748633503696493e-12
2.296748633503696493e-12
2.296748633503696493e-12
2.296748633503696493e-12
2.296748633232607031e-12
2.181200247197117658e-12
2.181200247197117658e-12
2.181200247197104329e-12
2.020438418647137908e-12
2.020437466828059756e-12
2.020437466828059756e-12
2.019775376164013424e-12
8.734699169504498634e-13
8.734699169504498634e-13
8.734699169504498634e-13
8.734698894625029152e-13
8.734698894625029152e-13
8.733411664391083507e-13
5.701575976271301199e-13
5.701575976271301199e-13
5.701575976271301199e-13
5.701575976271301199e-13
5.701575976269472556e-13
5.701575976269472556e-13
5.617206493192273521e-13
4.482313612554197574e-13
4.472920088899307716e-13
4.472920088899307211e-13
4.472920088899307211e-13
4.472920088899307211e-13
4.472920088887244833e-13
4.472920088887244833e-13
4.472920088887244833e-13
1.791147873063009660e-13
1.791147101674712866e-13
1.791147101674712866e-13
1.791147101674712866e-13
1.791147101674712866e-13
1.791147086112410259e-13
1.791147086112410259e-13
1.450987080165957534e-13
1.450987080147398981e-13
1.450971712535772234e-13
1.450971712535772234e-13
1.450971712535772234e-13
1.450971712535772234e-13
1.428623295924740082e-13
1.428623295924740082e-13
8.872492904860343895e-14
8.872492904860343895e-14
8.872384551042694086e-14
8.855289441476637325e-14
8.855289441476637325e-14
4.072199891632558259e-14
4.072199891632558259e-14
4.072199889825366277e-14
4.072199889825366277e-14
4.072199889825284867e-14
4.072199889825284867e-14
4.072199889825284867e-14
4.072199889825284867e-14
4.072199889825284867e-14
4.072199888426886917e-14
3.748511631555619690e-14
3.748511631555619690e-14
3.748511631555607700e-14
3.748511631555607700e-14
3.748508199481806278e-14
3.502856702920678861e-14
3.502856702920678861e-14
3.502153613914581807e-14
1.682121970153210916e-14
1.682121970153210916e-14
1.682121970153210916e-14
1.682121940087881248e-14
1.681735976037116225e-14
1.007605823118344697e-14
1.007605823118344697e-14
1.007605823118344697e-14
1.007605823118344697e-14
1.007605823118344697e-14
1.007605823118166257e-14
1.007605823118166257e-14
9.823755228708578076e-15
9.823755228708574921e-15
7.905502388753538176e-15
7.894390830757109179e-15
7.894390830757109179e-15
7.894390830757109179e-15
7.894390830691829362e-15
7.894390830691829362e-15
7.894390830691829362e-15
3.377201129661867322e-15
3.377200258125973440e-15
3.377200258125973440e-15
3.377200258125973440e-15
3.377200258125973440e-15
3.377200192559746449e-15
2.595563596031400193e-15
2.595563596031400193e-15
2.595563596011850248e-15
2.595563596011850248e-15
2.595521232453896399e-15
2.595521232453896399e-15
2.595521232453896399e-15
2.595521232453896399e-15
2.567261074102481821e-15
1.573217964961346135e-15
1.573217964961346135e-15
1.567705002199119872e-15
1.567694423229507437e-15
1.567694423229507437e-15
1.567694423229507437e-15
7.489309398053954614e-16
7.489309395984404653e-16
7.489309395984404653e-16
7.489309395983886963e-16
7.489309395983886963e-16
7.489309395983886963e-16
7.489309390290455943e-16
7.489309390290455943e-16
7.489309390290455943e-16
6.742379144146469337e-16
6.742379144146461449e-16
6.742379144146461449e-16
6.742379144146461449e-16
6.742369403222096898e-16
6.742369403222096898e-16
6.413791077123804305e-16
6.413043170064297485e-16
6.413043170064297485e-16
2.940917694946046146e-16
2.940917694946046146e-16
2.940917663861030000e-16
2.939669011808258108e-16
1.805875761234259952e-16
1.805875761234259952e-16
1.805875761234259952e-16
1.805875761234259952e-16
1.805875761234259952e-16
1.805875761234119189e-16
1.748921849542315170e-16
1.748921849542315170e-16
1.748921849542313444e-16
1.748921849542313444e-16
1.483294284564796390e-16
1.483294284564796390e-16
1.482023537368234516e-16
1.482023537368234516e-16
1.482023537340078345e-16
5.869804163639307419e-17
5.869804163639307419e-17
5.869804163639307419e-17
5.869803252499659265e-17
5.869803252499659265e-17
5.869803252499659265e-17
5.869803072118834378e-17
4.571621796194695915e-17
4.571621796179590461e-17
4.571621796179590461e-17
4.571621796179590461e-17
4.571479742406129725e-17
4.571479742406129725e-17
4.571479742406129725e-17
4.571479742406129725e-17
4.542646012992899222e-17
3.091079185955884160e-17
3.091079185955884160e-17
3.075801153715527365e-17
3.075787113942636612e-17
3.075787113942636612e-17
3.075787113942636612e-17
3.075787113942636612e-17
1.328697765216164789e-17
1.328697765053034825e-17
1.328697765053034825e-17
1.328697765052830985e-17
1.328697765052830985e-17
1.328697763415895148e-17
1.328697763415895148e-17
1.200072342973602022e-17
1.200072342973602022e-17
1.200072342973602022e-17
1.200072342973602022e-17
1.200072342973601560e-17
1.200072342973601560e-17
1.200072342973601560e-17
1.200068996647700289e-17
1.165023232908178954e-17
1.165023232908178954e-17
1.164937945781505045e-17
6.106458401325623385e-18
6.106458401325623385e-18
6.106458401325623385e-18
6.106458367767127646e-18
6.102564131224091136e-18
3.385742727785510457e-18
3.385742727785510457e-18
3.385742727785510457e-18
3.385742727785510457e-18
3.385742727785409539e-18
3.276335378660889600e-18
3.276335378660889600e-18
3.276335378660881511e-18
3.276335378660881511e-18
3.276335378660881511e-18
3.276335378660881511e-18
2.948543605510376505e-18
2.948543605408240974e-18
2.946799043071894880e-18
1.287989381376484405e-18
1.287989381376484405e-18
1.287989381376484405e-18
1.287989271048710665e-18
1.287989176106487901e-18
1.287989176106487901e-18
1.287989176106487901e-18
9.304549976594868567e-19
9.304549976594868567e-19
9.304549976582082319e-19
9.304549976582082319e-19
9.304122646567069249e-19
9.304122646567069249e-19
9.304122646567069249e-19
9.262485111161249605e-19
9.262485111161249605e-19
7.027292131640662641e-19
7.027292131640662641e-19
7.027292131640662641e-19
6.984042243085812458e-19
6.984042243085812458e-19
6.984042243085812458e-19
6.984024064481870573e-19
3.076678430473169581e-19
3.076678430473169581e-19
3.076678430473169581e-19
3.076678430472165691e-19
3.076678430293316614e-19
3.076678430293316614e-19
3.076678420699672152e-19
2.668101771840927928e-19
2.668101771840927928e-19
2.668101771840927928e-19
2.668101771840927928e-19
2.668101771840927928e-19
2.668101771840927928e-19
2.668089756978831791e-19
2.668089756978831310e-19
2.668089756978831310e-19
2.668089756978831310e-19
2.607339913992207180e-19
1.556046109467928615e-19
1.556007879416280333e-19
1.556007879416280333e-19
1.554620375170208021e-19
1.554620370724437800e-19
1.554620370724437800e-19
8.314048105532577557e-20
8.314048105532577557e-20
8.314048105532577557e-20
8.314048105532577557e-20
8.314048105532458391e-20
8.314048105532458391e-20
7.913576417206320620e-20
7.913576417206278490e-20
7.913576417206278490e-20
7.913576417206278490e-20
7.913576416401963201e-20
7.913576416401963201e-20
7.236319356046438125e-20
7.233677021567139117e-20
7.233677021567139117e-20
3.525642650445514219e-20
3.525642650445514219e-20
3.525642133315224020e-20
3.525642133315224020e-20
3.525641964267645191e-20
3.525641964267645191e-20
3.525641964267645191e-20
3.525641964267645191e-20
2.435460634396804658e-20
2.435299872863936841e-20
2.435299872862213133e-20
2.435299872862213133e-20
2.435299872862213133e-20
2.435299872862213133e-20
2.435299872862213133e-20
2.428116074773027897e-20
1.881273181411009342e-20
1.881273181411009342e-20
1.881273181411009342e-20
1.862217367699907065e-20
1.862217367699907065e-20
1.862217367699907065e-20
1.862214725198239978e-20
8.756749734650161456e-21
8.756749734650161456e-21
8.756749734650161456e-21
8.756749734641264562e-21
8.756749734356159222e-21
8.756749734356159222e-21
8.756749677866813347e-21
7.386656838938036209e-21
7.386656838938036209e-21
7.386656838938036209e-21
7.386656838938036209e-21
7.386656838938036209e-21
7.386656838938036209e-21
7.386656838938036209e-21
7.386606274137986003e-21
7.386606274137984499e-21
7.386606274137984499e-21
7.268701975281446314e-21
4.387606211388152595e-21
4.387544058478471201e-21
4.387544058478471201e-21
4.380738826212934644e-21
2.412949207491385529e-21
2.412949205383854685e-21
2.412949205383854685e-21
2.412949205383854685e-21
2.412949205383854685e-21
2.412949205383854685e-21
2.412949205383854685e-21
2.412949205383839262e-21
2.271003581896955338e-21
2.271003581896916970e-21
2.271003581896916970e-21
2.271003581896916970e-21
2.271003581415440503e-21
2.127321060235129514e-21
2.127321060235129514e-21
2.126854058591921614e-21
2.126854058591921614e-21
1.023460304537915831e-21
1.023460304537915831e-21
1.023460065251967139e-21
1.023460065251967139e-21
1.023460037219331001e-21
1.023460037219331001e-21
1.023460037219331001e-21
1.023460037219331001e-21
7.145488038785743087e-22
7.144633867472030050e-22
7.144633867469808835e-22
7.144633867469808835e-22
7.144633867469808835e-22
7.144633867469808835e-22
7.144633867469808835e-22
7.144633867469808835e-22
7.131975983137546765e-22
5.871360362494998314e-22
5.792631979028736875e-22
5.792631979028736875e-22
5.792631979028736875e-22
5.792631979028736875e-22
5.792626947577812009e-22
2.607198700909883395e-22
2.607198700909882455e-22
2.607198700909882455e-22
2.607198700904149804e-22
2.607198700904149804e-22
2.607198700866311581e-22
2.607198673369738765e-22
2.202524991438632053e-22
2.202524991438632053e-22
2.202524991438632053e-22
2.202524991438632053e-22
2.202524991438632053e-22
2.202524991438632053e-22
2.202524991438632053e-22
2.202497240698896208e-22
2.202497240698896208e-22
2.180928508399769180e-22
2.180928508399769180e-22
1.458366771300868016e-22
1.458353258994042349e-22
1.458353258994042349e-22
1.455155703044647170e-22
7.483722103511344649e-23
7.483722103511344649e-23
7.483722100476195901e-23
7.483722100476195901e-23
7.483722100476195901e-23
7.483722100476195901e-23
7.483722100476195901e-23
7.483722100476195901e-23
7.483722100476195901e-23
7.483722100476177093e-23
7.483722100475874991e-23
7.030304390822462650e-23
7.030304390822462650e-23
7.030304388288867954e-23
6.742060511949391910e-23
6.742060511949391910e-23
6.742060511949391910e-23
6.741137386026940032e-23
6.741137386026940032e-23
3.625616849001085734e-23
3.625614995375275183e-23
3.625614942706603097e-23
3.625614942706603097e-23
3.625614942706603097e-23
3.625614942706603097e-23
3.625614942706603097e-23
2.363603508422016252e-23
2.363205784866608679e-23
2.363205784866608679e-23
2.363205784866305989e-23
2.363205784866305989e-23
2.363205784866305989e-23
2.363205784866305989e-23
2.360478939899656311e-23
2.360478939899656311e-23
2.061008305790695536e-23
2.028805951705847914e-23
2.028805951705847914e-23
2.028805951705847914e-23
2.028805027668922800e-23
2.028805027668922800e-23
9.772198746933757659e-24
9.772198746933756189e-24
9.772198746889534092e-24
9.772198746889534092e-24
9.772198746889534092e-24
9.772198746823290577e-24
9.772198508372934673e-24
9.772198508372934673e-24
7.880218413495743010e-24
7.880218413495743010e-24
7.880218413495743010e-24
7.880218413495743010e-24
7.880067239007966945e-24
7.880067239007966945e-24
7.880067239007966945e-24
7.880067239007966945e-24
7.825579128363562283e-24
7.825579128363562283e-24
5.739264490851999008e-24
5.739264490851999008e-24
5.739233159661917163e-24
5.739233159661917163e-24
5.722768350530262295e-24
2.958991863744630039e-24
2.958991863153335075e-24
2.958991863153335075e-24
2.958991863153335075e-24
2.958991863153335075e-24
2.958991863153335075e-24
2.958991863153335075e-24
2.958991863153335075e-24
2.958991863153074997e-24
2.958991863153074997e-24
2.958991863153071324e-24
2.717401140491714516e-24
2.717401138155141784e-24
2.717401138155141784e-24
2.717401138155141784e-24
2.631817573028564881e-24
2.631606963163308768e-24
2.631606963163308768e-24
1.560927310613829497e-24
1.560925848452106823e-24
1.560925836286738544e-24
1.560925836286738544e-24
1.560925836286738544e-24
1.560925836286738544e-24
1.560925836286738544e-24
9.891338895202041725e-25
9.889021691170284765e-25
9.889021691170284765e-25
9.889021691169682324e-25
9.889021691169682324e-25
9.889021691169682324e-25
9.889021691169682324e-25
9.633240198258983757e-25
9.626453410658001633e-25
8.621157767372319441e-25
8.621157767372319441e-25
8.621157767372319441e-25
8.621157767372319441e-25
8.621155688100362075e-25
4.455347731811611399e-25
4.455347731811609562e-25
4.455347731811609562e-25
4.455347731754866246e-25
4.455347731754866246e-25
4.455347731754866246e-25
4.455347520819901523e-25
4.455347520804295917e-25
4.455347520804295917e-25
4.455347520804295917e-25
4.455347520804295917e-25
3.493646166464142070e-25
3.493547309654319561e-25
3.493547309654319561e-25
3.493547309654319561e-25
3.493547309654319561e-25
3.493547309654319561e-25
3.477475940351552483e-25
3.477475940351552483e-25
2.638695912535360147e-25
2.638695912535360147e-25
2.638687659459709220e-25
2.638687659459709220e-25
2.626574695154673927e-25
1.399673205417460567e-25
1.399673205267520982e-25
1.399673205267520982e-25
1.399673205267520982e-25
1.399673205267520982e-25
1.399673205267520982e-25
1.399673205267520982e-25
1.399673205267161905e-25
1.399673205267161905e-25
1.399673205267161905e-25
1.265807107358522365e-25
1.265807107358521906e-25
1.265807107358521906e-25
1.265807105200883199e-25
1.265807105200883199e-25
1.237737032854623857e-25
1.237678981813338115e-25
1.237675923400315998e-25
7.570718764559299720e-26
7.570718764559299720e-26
7.570718764559299720e-26
7.570718732126721815e-26
7.570718732126721815e-26
7.570718732126721815e-26
7.570718732126721815e-26
4.812014943108635823e-26
4.812014943108635823e-26
4.810103271622589618e-26
4.810103271622589618e-26
4.810103271622462770e-26
4.810103271622462770e-26
4.810103271622462770e-26
4.658794181016860995e-26
4.295841162096981261e-26
4.294158784092499723e-26
4.294158784092499723e-26
4.294158784092484225e-26
4.294158784092484225e-26
4.294158784092484225e-26
4.294158199460091615e-26
2.240661602110059080e-26
2.240661602048983023e-26
2.240661602048983023e-26
2.240661602048983023e-26
2.240661602048983023e-26
2.240661424552967281e-26
2.240661424552967281e-26
2.240661424552967281e-26
2.240661424552967281e-26
2.240661424552967281e-26
2.240661424549428458e-26
1.746326126319828631e-26
1.746240013787294743e-26
1.746240013787294743e-26
1.746240013787294743e-26
1.746240013787294743e-26
1.746240013787294743e-26
1.741227526432220903e-26
1.741227526432220903e-26
1.741227526432220903e-26
1.406147970925606472e-26
1.406145314814460666e-26
1.406145314814460666e-26
1.397508550460763236e-26
7.287142612654131698e-27
7.287142612654131698e-27
7.287142612289760017e-27
7.287142612289760017e-27
7.287142612289760017e-27
7.287142612289760017e-27
7.287142612289760017e-27
7.287142612285615941e-27
7.287142612285615941e-27
7.287142612285615941e-27
6.549750084053510607e-27
6.549750064833932598e-27
6.549750064833932598e-27
6.549750064833932598e-27
6.549750064833931163e-27
6.455351808232120268e-27
6.455322801748347223e-27
6.455143846672169457e-27
4.315810573058267137e-27
4.315810573058267137e-27
4.315810573058267137e-27
4.315810563608974294e-27
4.315810563608974294e-27
4.315810563608974294e-27
4.315810563608974294e-27
2.626597534132538568e-27
2.625165426037982862e-27
2.625165426037982862e-27
2.625165426037982862e-27
2.625165426037982862e-27
2.625165426037954522e-27
2.625165426037954522e-27
2.533347220818567524e-27
2.396160818581773638e-27
2.395567527025968598e-27
2.395567527025968598e-27
2.395567527025948150e-27
2.395567526793680755e-27
1.356918747252989421e-27
1.356918747252989421e-27
1.356918694916842910e-27
1.356918694916842910e-27
1.356918694916842910e-27
1.356918694916842910e-27
1.356918694916842910e-27
1.356918694916842910e-27
1.356918694916842910e-27
1.356918467972318010e-27
1.356918467972318010e-27
1.356918467972318010e-27
1.356918467971337594e-27
1.014643706028957005e-27
1.014570604474377052e-27
1.014570604474377052e-27
1.014570604474377052e-27
1.014570604474377052e-27
1.014570604474377052e-27
1.014570604474377052e-27
1.012651129400313947e-27
1.012651129400313947e-27
8.635208668591769560e-28
8.635199688152607680e-28
8.568703887192835834e-28
8.568703887192835834e-28
8.568703887192835834e-28
4.650620722338014717e-28
4.650620722225907252e-28
4.650620722225907252e-28
4.650620722225907252e-28
4.650620722225907252e-28
4.650620722220291296e-28
4.650620722220291296e-28
4.650620722220291296e-28
4.650620722220291296e-28
4.074527884846397733e-28
4.074527858915053518e-28
4.074527858915053518e-28
4.074527858915053518e-28
4.074527858915053518e-28
4.032949634423691943e-28
4.032921164032553990e-28
4.032858543004632375e-28
4.032858543004632375e-28
2.909882855805050162e-28
2.909882855805050162e-28
2.909882855805050162e-28
2.909882852560103441e-28
2.909882852560103441e-28
2.909882852560103441e-28
1.764433172017360984e-28
1.763112025385000633e-28
1.763112025385000633e-28
1.763112025385000633e-28
1.763112025385000633e-28
1.763112025384992337e-28
1.763112025384992337e-28
1.682517697484109974e-28
1.613008357540464708e-28
1.612767300704335340e-28
1.612767300704304399e-28
1.612767300704304399e-28
1.612767300704304399e-28
1.612767300337283480e-28
1.612767300337283480e-28
9.820953362015078832e-29
9.820953154913541019e-29
9.820953154913541019e-29
9.820953154913541019e-29
9.820953154913541019e-29
9.820953154913541019e-29
9.820950165314302004e-29
9.820950165314302004e-29
9.820950165314302004e-29
7.192021412536869612e-29
7.192021412536869612e-29
7.192021412535047924e-29
7.191270433740956843e-29
7.191270433740956843e-29
7.191270433740956843e-29
7.191270433740956843e-29
7.191270433740956843e-29
7.182618839768606652e-29
7.182618839768606652e-29
6.307052812687582855e-29
6.307052812687582855e-29
6.307049193700762840e-29
6.237477997461720733e-29
6.237477997461720733e-29
6.237477997461720733e-29
3.535509292093232743e-29
3.535509292093232743e-29
3.535509292050361978e-29
3.535509292050361978e-29
3.535509292050360857e-29
3.535509292039047334e-29
3.535509292039047334e-29
3.535509292039047334e-29
3.535509292039047334e-29
3.535509292039047334e-29
3.535509242940561935e-29
3.045424820835688453e-29
3.045424820835688453e-29
3.045424820835688453e-29
3.045391625104124457e-29
3.024497243138015238e-29
3.024497243138015238e-29
3.024470637602883767e-29
2.277457768058535550e-29
2.277457768058535550e-29
2.277457768058535550e-29
2.277457768058535550e-29
2.277457766743305678e-29
2.277457766743305678e-29
2.273131350619124394e-29
1.392881810189275908e-29
1.392881810189275908e-29
1.392881810189275908e-29
1.392881810189275908e-29
1.392881810189275908e-29
1.392881810189273105e-29
1.318197974374737412e-29
1.318197974374737412e-29
1.318197974374737412e-29
1.318197974374666507e-29
1.279469981941808264e-29
1.279355400470364336e-29
1.279355400470364336e-29
1.279355399889568442e-29
1.279355399889568442e-29
1.279355399889568442e-29
8.110948726806449515e-30
8.110948726806449515e-30
8.110948633338262682e-30
8.110948633338262682e-30
8.110948633338262682e-30
8.110948633338262682e-30
8.110944463787981807e-30
8.110944463787981807e-30
5.893729960259965933e-30
5.893729960259310826e-30
5.893729960259310826e-30
5.893729960259310826e-30
5.892737607819583470e-30
5.892737607819583470e-30
5.892737607819583470e-30
5.888347247479309343e-30
5.888347247479309343e-30
5.343168137956554255e-30
5.343168137956554255e-30
5.343168137956554255e-30
5.343168137956554255e-30
5.268633552712918371e-30
5.268631881719867068e-30
5.268631881719867068e-30
3.042667602880080356e-30
3.042667602880080356e-30
3.042667602880080356e-30
3.042667602863092765e-30
3.042667602863091714e-30
3.042667602842019338e-30
3.042667602842019338e-30
3.042667528486457551e-30
2.594842596296159734e-30
2.594842596296159734e-30
2.594842596296159734e-30
2.594842596296159734e-30
2.594842596296159734e-30
2.594842596296159734e-30
2.594795172879915372e-30
2.594795172879915372e-30
2.583308493399816858e-30
2.583308493399816858e-30
2.583295650464438383e-30
2.064701987800530092e-30
2.064701987800530092e-30
2.064701987800530092e-30
2.064701987222193547e-30
2.059381952311961393e-30
2.059381952311961393e-30
1.248973847925842938e-30
1.248973847925842938e-30
1.248973847925842938e-30
1.248973847925842938e-30
1.248973847925842938e-30
1.248973847925841712e-30
1.248973847925841712e-30
1.174611834862878460e-30
1.174611834862736053e-30
1.174611834862736053e-30
1.151157383352078716e-30
1.151157383352078716e-30
1.151157383352078716e-30
1.151157382390575673e-30
1.151096008476928683e-30
1.151096008476928683e-30
7.853573397016887422e-31
7.853573397016887422e-31
7.853573397016887422e-31
7.853573350133394219e-31
7.853565657627388703e-31
7.853565657627388703e-31
7.853565657627388703e-31
7.853565657627388703e-31
5.558791938855853588e-31
5.558791938855853588e-31
5.558791938855597851e-31
5.557470390797052600e-31
5.557470390797052600e-31
5.557470390797052600e-31
5.557470390797052600e-31
5.554885831950570048e-31
5.178358776374286969e-31
5.178358776374286969e-31
5.091370730333222725e-31
5.091370730333222725e-31
5.091370730333222725e-31
5.091369895474461986e-31
5.091369895474461986e-31
5.091369895474461986e-31
3.116231514827474981e-31
3.116231514827474981e-31
3.116231514827471916e-31
3.116231514782276099e-31
3.116231514774447658e-31
3.116231514774447658e-31
3.116231361294592781e-31
2.596172491102340754e-31
2.596172491102340754e-31
2.596172491102340754e-31
2.596172491102340754e-31
2.596172491102340754e-31
2.596101418746080149e-31
2.596101418746080149e-31
2.596101418746080149e-31
2.588481919685384478e-31
2.588481919685384478e-31
2.588481919685384478e-31
2.174979558234726464e-31
2.174979558234726464e-31
2.174974687571062125e-31
2.174974687571062125e-31
2.167623964408029373e-31
2.167623964127989509e-31
1.344429027563841854e-31
1.344429027563841854e-31
1.344429027563841854e-31
1.344429027563841854e-31
1.344429027563841854e-31
1.344429027563841854e-31
1.344429027563841197e-31
1.248042322455315234e-31
1.248042322455315234e-31
1.248042322454986367e-31
1.248042322454986367e-31
1.248042322454986367e-31
1.248042320231024109e-31
1.230417587976003745e-31
1.230380073902219764e-31
1.230380073902219764e-31
1.230380073902219764e-31
8.941572573640087371e-32
8.941557644749790234e-32
8.941557644749790234e-32
8.941557618050652441e-32
8.941557618050652441e-32
8.941557618050652441e-32
8.941557618050652441e-32
6.290761581786823982e-32
6.290761581786823982e-32
6.288652672343404073e-32
6.288652672343295692e-32
6.288652672343295692e-32
6.288652672343295692e-32
6.288652672343295692e-32
6.286881781165078553e-32
5.962230267071001991e-32
5.832207047530208184e-32
5.832207047530208184e-32
5.832207047530208184e-32
5.832207047530208184e-32
5.832207047530208184e-32
5.832206566253326631e-32
3.766446661623151236e-32
3.766446661623141930e-32
3.766446661623141930e-32
3.766446661493218025e-32
3.766446661493218025e-32
3.766446661493218025e-32
3.766446661489439446e-32
3.766446325811844109e-32
3.094697907829458169e-32
3.094697907829458169e-32
3.094697907829458169e-32
3.094697907829458169e-32
3.094697907829458169e-32
3.094572062793383155e-32
3.094572062793383155e-32
3.094572062793383155e-32
3.094572062793383155e-32
3.088773623006250382e-32
3.088773623006250382e-32
2.685634339355630677e-32
2.685631076803025462e-32
2.685631076803025462e-32
2.672946526925919956e-32
1.702117667013707421e-32
1.702117666956651310e-32
1.702117666956651310e-32
1.702117666956651310e-32
1.702117666956651310e-32
1.702117666956651310e-32
1.702117666956651310e-32
1.702117666956651310e-32
1.702117666956651310e-32
1.564933861539964884e-32
1.564933861538947300e-32
1.564933861538947300e-32
1.564933861538947300e-32
1.564933856303816935e-32
1.550038734308352786e-32
1.550012578646404838e-32
1.550012578646404838e-32
1.550012578646404838e-32
1.180117249169649721e-32
1.180114008600624941e-32
1.180114008600624941e-32
1.180114007063919992e-32
1.180114007063919992e-32
1.180114007063919992e-32
1.180114007063919992e-32
1.180114007063919992e-32
8.310002352477697547e-33
8.305832430507109867e-33
8.305832430507077024e-33
8.305832430507077024e-33
8.305832430507077024e-33
8.305832430507077024e-33
8.305832430507077024e-33
8.304475117977529128e-33
7.996749320476683335e-33
7.787971476016496252e-33
7.787971476016496252e-33
7.787971476016496252e-33
7.787971476016496252e-33
7.787971192453518686e-33
5.245835971817160933e-33
5.245835971817160933e-33
5.245835971817123301e-33
5.245835971439795636e-33
5.245835971439795636e-33
5.245835971439795636e-33
5.245835971438464813e-33
5.245835159992116955e-33
4.270540119060305105e-33
4.270540119060305105e-33
4.270540119060305105e-33
4.270540119060305105e-33
4.270540119060305105e-33
4.270540119060305105e-33
4.270268536586230782e-33
4.270268536586230782e-33
4.270268536586230782e-33
4.265414238900665002e-33
3.839587627769466706e-33
3.839587627769466706e-33
3.839585424310970497e-33
3.839585424310970497e-33
3.816371915033229208e-33
2.480035313041427731e-33
2.480035313041427731e-33
2.480035313019448282e-33
2.480035313019448282e-33
2.480035313019448282e-33
2.480035313019448282e-33
2.480035313019448282e-33
2.480035313015623107e-33
2.480035313015623107e-33
2.480035313015623107e-33
2.261806287934802155e-33
2.261806287934802155e-33
2.261806274307243354e-33
2.261806274307243354e-33
2.248089246681256511e-33
2.248089246681256511e-33
2.248071067128473373e-33
1.808269720390727672e-33
1.808261097695789051e-33
1.808261097041094266e-33
1.808261097041094266e-33
1.808261097041094266e-33
1.808261097041094266e-33
1.268119460993286469e-33
1.268119460993286469e-33
1.267249032518010000e-33
1.267249032518010000e-33
1.267249032518009316e-33
1.267249032518009316e-33
1.267249032518009316e-33
1.227845581723816991e-33
1.197903004729525424e-33
1.197809708163976057e-33
1.197809708163976057e-33
1.197809708163976057e-33
1.197809708163976057e-33
1.197809708163976057e-33
1.197809695992296741e-33
8.563364400128316606e-34
8.563364400128171208e-34
8.563364398875172270e-34
8.563364398875172270e-34
8.563361948313092134e-34
8.563361948313092134e-34
8.563361948312922787e-34
8.563361948312922787e-34
8.563361948312922787e-34
6.868954066343506808e-34
6.868954066343506808e-34
6.868954066343506808e-34
6.868324165076329634e-34
6.868324165076329634e-34
6.868324165076329634e-34
6.864172515897147116e-34
6.864172515897147116e-34
6.864172515897147116e-34
6.365097548074085323e-34
6.365096449270637909e-34
6.365096449270637909e-34
6.365096449270637909e-34
6.316979048292891648e-34
4.276379376391280830e-34
4.276379376388155619e-34
4.276379376388155619e-34
4.276379376388155619e-34
4.276379376388155619e-34
4.276379376388155619e-34
4.276379376373983552e-34
4.276379376373982696e-34
3.852306249814267653e-34
3.852306205012474704e-34
3.852306205012474704e-34
3.852306205012474704e-34
3.852306205012474704e-34
3.852306205012474704e-34
3.839123164862267063e-34
3.839113544385014260e-34
3.839078699103144268e-34
3.246655490363114180e-34
3.246655490363114180e-34
3.246655490262199138e-34
3.246655490262199138e-34
3.246655490262199138e-34
3.246655490262199138e-34
2.303974012125120888e-34
2.303974012125120888e-34
2.301804116446352756e-34
2.301804116446352756e-34
2.301804116446352756e-34
2.301804116446352756e-34
2.301804116446352756e-34
2.301804116446352756e-34
2.216322195115019493e-34
2.183765941593252456e-34
2.183709677520621874e-34
2.183709677520621874e-34
2.183709677520504272e-34
1.655105528441546402e-34
1.655105527330339342e-34
1.655105526799870599e-34
1.655105526799870599e-34
1.655105526799870599e-34
1.655105526799870599e-34
1.655104706078988400e-34
1.655104706078988400e-34
1.655104706078988400e-34
1.655104706078988400e-34
1.655104706078988400e-34
1.655104706078988400e-34
1.318726346537433936e-34
1.318550972761051087e-34
1.318550972761051087e-34
1.318550972761051087e-34
1.318550972761051087e-34
1.318273220226408807e-34
1.318273220226408807e-34
1.255789554747510742e-34
1.255789554747510742e-34
1.255789534296607379e-34
1.243425256343332925e-34
8.802102465838191819e-35
8.802102465838191819e-35
8.802102465838152262e-35
8.802102465838152262e-35
8.802102465770102603e-35
8.802102465770099396e-35
8.802102465770099396e-35
8.802102465770099396e-35
7.850428195489670508e-35
7.850428195489670508e-35
7.850428028685154378e-35
7.850428028685154378e-35
7.850428028685154378e-35
7.840472317351925513e-35
7.840362531508554707e-35
7.840360612951991928e-35
6.980790769878617035e-35
6.980790769878617035e-35
6.980790769878617035e-35
6.980790769877170535e-35
6.980790769877170535e-35
5.034855607361942241e-35
5.028001989949681010e-35
5.028001989949681010e-35
5.028001989949681010e-35
5.028001989949681010e-35
5.028001989949681010e-35
5.028001989949681010e-35
5.028001989949681010e-35
4.811141024576123829e-35
4.783052901895507075e-35
4.783039995404464167e-35
4.783039995403823238e-35
4.783039991432056926e-35
4.783039991432056926e-35
4.783039991432056926e-35
3.885031900492583305e-35
3.885031900473588501e-35
3.885031900473588501e-35
3.885031900473588501e-35
3.885031900473588501e-35
3.885031900473588501e-35
3.885028484495473203e-35
3.885028484495473203e-35
3.075926028363024984e-35
3.075926028363024984e-35
3.075294751079761615e-35
3.075294751079761615e-35
3.075294751079761615e-35
3.075294751079761615e-35
3.075222492773624817e-35
3.011788904631223448e-35
3.011788904631223448e-35
2.973845181564779429e-35
2.973845181208971369e-35
2.973845181208971369e-35
2.242553643950680034e-35
2.242553643950680034e-35
2.242553643950680034e-35
2.242553643911079818e-35
2.242553643911076878e-35
2.242553643911076878e-35
2.242553541088438265e-35
2.242553541088438265e-35
1.974623604975865937e-35
1.974623604975865937e-35
1.974623604975865937e-35
1.974623604975865937e-35
1.974577529379323417e-35
1.974276029178199605e-35
1.974276029178199605e-35
1.974276029178199605e-35
1.974276025404054041e-35
1.869114175361637490e-35
1.869114175361637490e-35
1.869114175361637490e-35
1.869114175361637490e-35
1.864067565650335502e-35
1.390045092585700815e-35
1.390045092585700815e-35
1.390045092585700815e-35
1.390045092585700815e-35
1.390045092585700815e-35
1.390045092585700815e-35
1.317895598779114674e-35
1.316882699291907924e-35
1.316882699291471729e-35
1.316882668939030750e-35
1.316882668939030750e-35
1.316882668939030750e-35
1.316882666664709776e-35
1.180553604987669589e-35
1.180553604987669589e-35
1.180553604987669589e-35
1.180553604987669589e-35
1.180553604987669321e-35
1.180553604987669321e-35
1.180551517896508614e-35
1.180551517896508614e-35
9.338970254139227877e-36
9.338970254139227877e-36
9.335857279625804326e-36
9.335857279625804326e-36
9.335857279625804326e-36
9.335857279625804326e-36
9.335855213611789625e-36
9.307399500118895929e-36
9.307399500118895929e-36
9.148917243839239747e-36
9.148917243839239747e-36
9.148917243839167582e-36
7.739921692500101126e-36
7.739921692500101126e-36
7.739921692500101126e-36
7.739921692500101126e-36
7.739921692500101126e-36
7.739921692500067717e-36
7.739921692143728044e-36
7.739921692143728044e-36
7.739920881704133132e-36
6.702739676944745437e-36
6.702739676944745437e-36
6.702739676944745437e-36
6.702455647349477068e-36
6.702455647349477068e-36
6.702455647349477068e-36
6.702444868480164812e-36
6.702444868480164812e-36
6.641785010580532681e-36
6.641785010579619931e-36
6.641785010579619931e-36
6.613832182330341729e-36
6.613832182330341729e-36
6.613832182330341729e-36
5.423169490094451706e-36
5.423169490094451706e-36
5.423169490094451706e-36
5.423169490094451706e-36
5.065662536687913186e-36
5.065662536687913186e-36
5.065662536683037395e-36
5.065662536683037395e-36
5.065616073683694302e-36
5.065616051416441810e-36
5.065616051406842575e-36
5.065616051406842575e-36
5.065616051406842575e-36
4.960259599183629754e-36
4.960259599183629754e-36
4.960239886638920752e-36
4.960239886638920752e-36
4.960239886638920752e-36
4.128840205710731089e-36
4.128840205710731089e-36
4.126167920084312396e-36
4.126167920084312396e-36
4.126167920084312396e-36
4.126167920084312396e-36
4.126167919998062947e-36
4.125994953070536375e-36
4.023894071596568956e-36
4.023894071596568956e-36
4.023894071596568956e-36
4.023894071596568956e-36
3.875523068994972993e-36
3.875523068994972993e-36
3.875523068994972993e-36
3.875523068994909515e-36
3.875523068403761448e-36
3.875523068403761448e-36
3.875523068403761448e-36
3.875521981295152648e-36
3.397807174957138650e-36
3.397807174957138650e-36
3.397807174957138650e-36
3.397486533775619377e-36
3.397486533775619377e-36
3.397486533775619377e-36
3.397486533183706232e-36
3.397486533183706232e-36
3.396998626346726820e-36
3.396998626346726820e-36
3.396998626346726820e-36
3.372907382287617566e-36
3.372907382287617566e-36
3.201507639731734353e-36
3.201507639731734353e-36
3.201507639731734353e-36
3.201507639731734353e-36
2.976484474611575935e-36
2.976484474600440863e-36
2.976484474600440863e-36
2.976484474600440529e-36
2.976484474600440529e-36
2.976484433468975747e-36
2.976484430040645844e-36
2.976484430040645844e-36
2.976484430040645844e-36
2.975332399392983453e-36
2.975301240101572930e-36
2.975301240101572930e-36
2.975301240101572930e-36
2.812849153632194251e-36
2.812849153632194251e-36
2.808754286995187061e-36
2.808754286995187061e-36
2.808754286995187061e-36
2.808754286995187061e-36
2.808754269865411641e-36
2.808754269865411641e-36
2.723394627694278006e-36
2.723394627694278006e-36
2.723394627694278006e-36
2.723394627694278006e-36
2.721207144080021362e-36
2.721207144079813555e-36
2.721207142520536655e-36
2.721207142520536655e-36
2.721207142520536655e-36
2.721207142520536655e-36
2.721204787900874719e-36
2.598545583291481132e-36
2.598545583291481132e-36
2.598545583291481132e-36
2.597926011532575232e-36
2.597926011532575232e-36
2.597926011532575232e-36
2.597926011532575232e-36
2.597925950554455001e-36
2.597925950554455001e-36
2.597925950554455001e-36
2.572428106628423918e-36
2.569173575995452339e-36
2.569173575995452339e-36
2.569173575995452339e-36
2.569173575995452339e-36
2.569173575951067072e-36
2.496745719001222064e-36
2.496745719001219391e-36
2.496745719001219391e-36
2.496745591855694657e-36
2.496745591855694657e-36
2.496745591855694657e-36
2.496745591855694657e-36
2.496745418551059989e-36
2.496672920101428528e-36
2.496672920101428528e-36
2.496672920101428528e-36
2.496672920101428528e-36
2.492924750862723086e-36
2.487093592000778208e-36
2.487093592000778208e-36
2.487093592000778208e-36
2.487093592000778208e-36
2.487093592000778208e-36
2.454520730960289603e-36
2.454520730960289603e-36
2.454520730960289603e-36
2.454520730960289603e-36
2.454520350908598413e-36
2.454520350907691343e-36
2.454520350907691343e-36
2.454520345334308398e-36
2.454520345334308398e-36
2.454514015362745644e-36
2.451276090342418918e-36
2.451276090342418918e-36
2.451276090342418918e-36
2.451276090342418918e-36
2.451276090342418918e-36
2.450275823888323428e-36
2.450275823888323428e-36
2.450275823888323428e-36
2.450275823888323428e-36
2.450275823888323428e-36
2.439371589194236799e-36
2.439370962949368164e-36
2.439370962949368164e-36
2.439370962949368164e-36
2.439370962949368164e-36
2.439370962773579427e-36
2.439370962773564727e-36
2.437288280173217038e-36
2.437287879825026391e-36
2.437287879825026391e-36
2.437287879825026391e-36
2.437287879825026391e-36
2.437287879825026391e-36
2.437162520071200009e-36
2.437162520071200009e-36
2.437162520071200009e-36
2.437162520071200009e-36
2.437161755612698544e-36
2.434493574091886546e-36
2.434493574091886546e-36
2.434493574091886546e-36
2.434493574091886546e-36
2.434493574091886546e-36
2.433512865868794457e-36
2.433512865868794457e-36
2.433512865868794457e-36
2.433512865868794457e-36
2.433512865864878523e-36
2.433512865864877855e-36
2.433512847762959776e-36
2.433512847762959108e-36
2.433501557374554021e-36
2.433501557374554021e-36
2.433501557374554021e-36
2.433501557374554021e-36
2.433501557374554021e-36
2.433500876277698897e-36
2.433029403986281421e-36
2.433029403986281421e-36
2.433029403986281421e-36
2.433029403986281421e-36
2.433029403986281421e-36
2.432694409520259458e-36
2.432694409520258456e-36
2.432694409520258456e-36
2.432694409520258456e-36
2.432694408942582460e-36
2.432694408942521654e-36
2.432693965895244954e-36
2.432693242171250593e-36
2.432693242171250593e-36
2.432693242171250593e-36
2.432693242171250593e-36
2.432693242171250593e-36
2.432693242171250593e-36
2.432633524940916491e-36
2.432633524940916491e-36
2.432633524940916491e-36
2.432633524940916491e-36
2.432633524940916491e-36
2.432633524940914821e-36
2.432550966499592562e-36
2.432550966499592562e-36
2.432550966499592562e-36
2.432550966499592562e-36
2.432550757156760651e-36
2.432550757156760651e-36
2.432550757156760651e-36
2.432550757143831485e-36
2.432550724322580863e-36
2.432550724322580529e-36
2.432550724322580529e-36
2.432545330020449352e-36
2.432545330020449352e-36
2.432545330020449352e-36
2.432545330020449352e-36
2.432545330020449352e-36
2.432545330020448350e-36
2.432530711714470868e-36
2.432530711714470868e-36
2.432530711714470868e-36
2.432530711714470868e-36
2.432530711714470868e-36
2.432530640140342326e-36
2.432530640140342326e-36
2.432530640140342326e-36
2.432530640140342326e-36
2.432530639092250387e-36
2.432530639092048259e-36
2.432530639092048259e-36
2.432530293086126824e-36
2.432530293086125822e-36
2.432530293086125822e-36
2.432530293086125822e-36
2.432528440611496340e-36
2.432528440611496340e-36
2.432528440611496340e-36
2.432528440611496340e-36
2.432528440611496340e-36
2.432528440611496340e-36
2.432528422968375697e-36
2.432528422968375697e-36
2.432528422968375697e-36
2.432528422968375697e-36
2.432528422968375697e-36
2.432528422968375029e-36
2.432528422944914503e-36
2.432528422944912498e-36
2.432528407251550993e-36
2.432528407251550993e-36
2.432528407251550993e-36
2.432528407251550993e-36
2.432528407251550993e-36
2.432528407251550993e-36
2.432528239900403163e-36
2.432528239900403163e-36
2.432528239900403163e-36
2.432528236776264955e-36
2.432528236776264955e-36
2.432528236776264955e-36
2.432528236776264955e-36
2.432528236776264955e-36
2.432528236776264955e-36
2.432528236776264955e-36
2.432528236776264955e-36
2.432528236776264955e-36
2.432528236775898453e-36
2.432528236274748722e-36
2.432528236274748722e-36
2.432528236274748722e-36
2.432528225540214356e-36
2.432528225540214356e-36
2.432528225144311752e-36
2.432528225144311752e-36
2.432528225144311752e-36
2.432528225144311752e-36
2.432528225144311752e-36
2.432528225144311752e-36
2.432528225144311752e-36
2.432528225144311752e-36
2.432528225144311752e-36
2.432528225144311752e-36
2.432528225144311752e-36
2.432528225133093824e-36
2.432528225133093824e-36
2.432528225133090149e-36
2.432528224646215989e-36
2.432528224646215989e-36
2.432528224646215989e-36
2.432528224646215989e-36
2.432528224610450722e-36
2.432528224610450722e-36
2.432528224610450722e-36
2.432528224610450722e-36
2.432528224610450722e-36
2.432528224610450722e-36
2.432528224610450722e-36
2.432528224610450722e-36
2.432528224610450722e-36
2.432528224610450722e-36
2.432528224610450722e-36
2.432528224610275322e-36
2.432528224594727515e-36
2.432528224594727515e-36
2.432528224592433615e-36
2.432528224592433615e-36
2.432528224592433615e-36
2.432528224592433615e-36
2.432528224592433615e-36
2.432528224592433615e-36
2.432528224592433615e-36
2.432528224592433615e-36
2.432528224592433615e-36
2.432528224592433615e-36
2.432528224592433615e-36
2.432528224592433615e-36
2.432528224592433615e-36
2.432528224592433615e-36
2.432528224592085153e-36
2.432528224592083817e-36
2.432528224592083817e-36
2.432528224591979245e-36
2.432528224591979245e-36
2.432528224591979245e-36
2.432528224591979245e-36
2.432528224591979245e-36
2.432528224591979245e-36
2.432528224591979245e-36
2.432528224591979245e-36
2.432528224591979245e-36
2.432528224591979245e-36
2.432528224591979245e-36
2.432528224591979245e-36
2.432528224591979245e-36
2.432528224591979245e-36
2.432528224591973899e-36
2.432528224591970893e-36
2.432528224591970893e-36
2.432528224591970893e-36
2.432528224591970893e-36
2.432528224591970893e-36
2.432528224591970893e-36
2.432528224591970893e-36
2.432528224591970893e-36
2.432528224591970893e-36
2.432528224591970893e-36
2.432528224591970893e-36
2.432528224591970893e-36
2.432528224591970893e-36
2.432528224591970893e-36
2.432528224591970893e-36
2.432528224591970893e-36
2.432528224591970893e-36
2.432528224591970893e-36
2.432528224591970893e-36
2.432528224591970893e-36
2.432528224591970893e-36
2.432528224591970893e-36
2.432528224591970893e-36
2.432528224591970893e-36
2.432528224591970893e-36
2.432528224591970893e-36
2.432528224591970893e-36
2.432528224591970893e-36
2.432528224591970893e-36
2.432528224591970893e-36
2.432528224591970893e-36
2.432528224591970893e-36
2.432528224591970893e-36
2.432528224591970893e-36
2.432528224591970893e-36
2.432528224591970893e-36
2.432528224591970893e-36
2.432528224591970893e-36
2.432528224591970893e-36
2.432528224591970893e-36
2.432528224591970893e-36
2.432528224591970893e-36
2.432528224591970893e-36
2.432528224591970893e-36
2.432528224591970893e-36
2.432528224591970893e-36
2.432528224591970893e-36
2.432528224591970893e-36
2.432528224591970893e-36
2.432528224591970893e-36
2.432528224591970893e-36
2.432528224591970893e-36
2.432528224591970893e-36
2.432528224591970893e-36
2.432528224591970893e-36
2.432528224591970893e-36
2.432528224591970893e-36
2.432528224591970893e-36
2.432528224591970893e-36
2.432528224591970893e-36
2.432528224591970893e-36
2.432528224591970893e-36
2.432528224591970893e-36
2.432528224591970893e-36
2.432528224591970893e-36
2.432528224591970893e-36
2.432528224591970893e-36
2.432528224591970893e-36
2.432528224591970893e-36
2.432528224591970893e-36
2.432528224591970893e-36
2.432528224591970893e-36
2.432528224591970893e-36
2.432528224591970893e-36
2.432528224591970893e-36
2.432528224591970893e-36
2.432528224591970893e-36
2.432528224591970893e-36
2.432528224591970893e-36
2.432528224591970893e-36
2.432528224591970893e-36
2.432528224591970893e-36
2.432528224591970893e-36
2.432528224591970893e-36
2.432528224591970893e-36
2.432528224591970893e-36
2.432528224591970893e-36
2.432528224591970893e-36
2.432528224591970893e-36
2.432528224591970893e-36
2.432528224591970893e-36
2.432528224591970893e-36
2.432528224591970893e-36
2.432528224591970893e-36
2.432528224591970893e-36
2.432528224591970893e-36
2.432528224591970893e-36
2.432528224591970893e-36
2.432528224591970893e-36
2.432528224591970893e-36
2.432528224591970893e-36
2.432528224591970893e-36
2.432528224591970893e-36
2.432528224591970893e-36
2.432528224591970893e-36
2.432528224591970893e-36
2.432528224591970893e-36
2.432528224591970893e-36
2.432528224591970893e-36
2.432528224591970893e-36
2.432528224591970893e-36
2.432528224591970893e-36
2.432528224591970893e-36
2.432528224591970893e-36
2.432528224591970893e-36
2.432528224591970893e-36
2.432528224591970893e-36
2.432528224591970893e-36
2.432528224591970893e-36
2.432528224591970893e-36
2.432528224591970893e-36
2.432528224591970893e-36
2.432528224591970893e-36
2.432528224591970893e-36
2.432528224591970893e-36
2.432528224591970893e-36
2.432528224591970893e-36
2.432528224591970893e-36
2.432528224591970893e-36
2.432528224591970893e-36
2.432528224591970893e-36
2.432528224591970893e-36
2.432528224591970893e-36
2.432528224591970893e-36
2.432528224591970893e-36
2.432528224591970893e-36
2.432528224591970893e-36
2.432528224591970893e-36
2.432528224591970893e-36
2.432528224591970893e-36
2.432528224591970893e-36
2.432528224591970893e-36
2.432528224591970893e-36
2.432528224591970893e-36
2.432528224591970893e-36
2.432528224591970893e-36
2.432528224591970893e-36
2.432528224591970893e-36
2.432528224591970893e-36
2.432528224591970893e-36
2.432528224591970893e-36
2.432528224591970893e-36
2.432528224591970893e-36
2.432528224591970893e-36
2.432528224591970893e-36
2.432528224591970893e-36
2.432528224591970893e-36
2.432528224591970893e-36
2.432528224591970893e-36
2.432528224591970893e-36
2.432528224591970893e-36
2.432528224591970893e-36
2.432528224591970893e-36
2.432528224591970893e-36
2.432528224591970893e-36
2.432528224591970893e-36
2.432528224591970893e-36
2.432528224591970893e-36
2.432528224591970893e-36
2.432528224591970893e-36
2.432528224591970893e-36
2.432528224591970893e-36
2.432528224591970893e-36
2.432528224591970893e-36
2.432528224591970893e-36
2.432528224591970893e-36
2.432528224591970893e-36
2.432528224591970893e-36
2.432528224591970893e-36
2.432528224591970893e-36
2.432528224591970893e-36
2.432528224591970893e-36
2.432528224591970893e-36
2.432528224591970893e-36
2.432528224591970893e-36
2.432528224591970893e-36
2.432528224591970893e-36
2.432528224591970893e-36
2.432528224591970893e-36
2.432528224591970893e-36
2.432528224591970893e-36
2.432528224591970893e-36
2.432528224591970893e-36
2.432528224591970893e-36
2.432528224591970893e-36
2.432528224591970893e-36
2.432528224591970893e-36
2.432528224591970893e-36
2.432528224591970893e-36
2.432528224591970893e-36
2.432528224591970893e-36
2.432528224591970893e-36
2.432528224591970893e-36
2.432528224591970893e-36
2.432528224591970893e-36
2.432528224591970893e-36
2.432528224591970893e-36
2.432528224591970893e-36
2.432528224591970893e-36
2.432528224591970893e-36
2.432528224591970893e-36
2.432528224591970893e-36
2.432528224591970893e-36
2.432528224591970893e-36
2.432528224591970893e-36
2.432528224591970893e-36
2.432528224591970893e-36
2.432528224591970893e-36
2.432528224591970893e-36
2.432528224591970893e-36
2.432528224591970893e-36
2.432528224591970893e-36
2.432528224591970893e-36
