8.893723748721487077e-01
8.792416560448969021e-01
8.772789674593896025e-01
8.721039332338667016e-01
8.592095193422893962e-01
8.443312880205043891e-01
8.443089406818830023e-01
8.434938112751946271e-01
8.341252872437086019e-01
8.228733325689767675e-01
8.204937784133192746e-01
8.025381385707424098e-01
7.889070933132192875e-01
7.888495626918881065e-01
7.888380705249884439e-01
7.819984762878093854e-01
7.742853009274328624e-01
7.552354673627977855e-01
7.378547807948258042e-01
7.378213494941234796e-01
7.378213176479674340e-01
7.378081312001695258e-01
7.348371332141486745e-01
7.201828952342673729e-01
7.042751114543621682e-01
7.042748945260820514e-01
7.025725581225480409e-01
6.821467351590246864e-01
6.821467326400899589e-01
6.613504324006634905e-01
6.613501486931702145e-01
6.613501482546420007e-01
6.612103033533688334e-01
6.612052631599313335e-01
6.514774746001482653e-01
6.454762099332479464e-01
6.235739770260931847e-01
6.235739505177071429e-01
5.994568707701283250e-01
5.994441250793000053e-01
5.994440811607294473e-01
5.994139538765407282e-01
5.994139538351065388e-01
5.952636737143877088e-01
5.827630380009048983e-01
5.827630379777692937e-01
5.646677192973208470e-01
5.646674861548269808e-01
5.635788875692292477e-01
5.360722788896115087e-01
5.360722779878764888e-01
5.173009895267599578e-01
5.172999776800181193e-01
5.172999767399220072e-01
5.170098010581267722e-01
5.170051436139380119e-01
5.170051436133532574e-01
5.065951862405678741e-01
5.026455428152494243e-01
4.727763552176088013e-01
4.727763552175656692e-01
4.727763463468657168e-01
4.514340980393375946e-01
4.514217764963034951e-01
4.514216389421347730e-01
4.513634688045038423e-01
4.513634687270969281e-01
4.472032238667580928e-01
4.384766596459344079e-01
4.384766596459238053e-01
4.384766596353715795e-01
4.119514997729013528e-01
4.119514276045119217e-01
4.113031758410951033e-01
3.878105525675993315e-01
3.878105525675981657e-01
3.878105522973496755e-01
3.740553255641136388e-01
3.740520393964209545e-01
3.740520345520755296e-01
3.735937808169322305e-01
3.735900756932101774e-01
3.735900756915543908e-01
3.559124229185588462e-01
3.559124229185587907e-01
3.531255666916521263e-01
3.278584527023843953e-01
3.278584527023662987e-01
3.278584501771072968e-01
3.122015106795020811e-01
3.121906347684175742e-01
3.121902402890572303e-01
3.121035076549402709e-01
3.121035073071398713e-01
3.038602543081320717e-01
2.961545974814324134e-01
2.961545974814126514e-01
2.961545974814126514e-01
2.961545974764591693e-01
2.732819494833906293e-01
2.732819316768677620e-01
2.732819316768677620e-01
2.729943939083747106e-01
2.562811225584566976e-01
2.562811225584561980e-01
2.562811223804348781e-01
2.419788861080125753e-01
2.419754565821057302e-01
2.419754470014996162e-01
2.412141191942774598e-01
2.412129426288804057e-01
2.412129426237758778e-01
2.258766183611430611e-01
2.258766183611429224e-01
2.246448787857260043e-01
2.071518446706278049e-01
2.071518446706202554e-01
2.071518446706202554e-01
2.071518430006187295e-01
1.924728029116778705e-01
1.924697107737070312e-01
1.924693383840439809e-01
1.923375419679526355e-01
1.923375413468844941e-01
1.852195871908862423e-01
1.815122616974721992e-01
1.815122616974093328e-01
1.815122616974093328e-01
1.815122616959670143e-01
1.654643286564673743e-01
1.654643161049574318e-01
1.654643161049574318e-01
1.653440717202436239e-01
1.508385276157478694e-01
1.508385276157477584e-01
1.508385275726195629e-01
1.429847223269264667e-01
1.429847223269264667e-01
1.429776623703901406e-01
1.429776501684340839e-01
1.420825558337171779e-01
1.420819077572204603e-01
1.420819077458477520e-01
1.314098181982071289e-01
1.314098181982066293e-01
1.308959541732739040e-01
1.163360296689522622e-01
1.163360296689512074e-01
1.163360296689512074e-01
1.163360296689512074e-01
1.163360292973825705e-01
1.082785435683090575e-01
1.082766309055358672e-01
1.082758994402262115e-01
1.081219872255172049e-01
1.081219864837086320e-01
1.033777045267164074e-01
1.017952751970051528e-01
1.017952751968304870e-01
1.017952751968304870e-01
1.017952751964560920e-01
8.842323714327125772e-02
8.842323469820560777e-02
8.842323469820560777e-02
8.837992453579809893e-02
8.059700369661509933e-02
8.059700369661509933e-02
8.059700369661507158e-02
8.059700368751250565e-02
7.703935700290676092e-02
7.703935700290676092e-02
7.702756016114511994e-02
7.702752656456088309e-02
7.622071171348505925e-02
7.622042449684569843e-02
7.622042447889999794e-02
6.665801415192440516e-02
6.665801415192368351e-02
6.646988280838517227e-02
5.895752804027434846e-02
5.895752804027402233e-02
5.895752804027402233e-02
5.895752804027402233e-02
5.895752796302589777e-02
5.519644533204536019e-02
5.519546538546645648e-02
5.519428690456174708e-02
5.505448233678826575e-02
5.505448233678826575e-02
5.505448040690692768e-02
5.012120588784695074e-02
4.942267146244286313e-02
4.942267146227442842e-02
4.942267146218057294e-02
4.942267146218057294e-02
4.244381951169579059e-02
4.244381951169579059e-02
4.244381903861010191e-02
4.244381903861009497e-02
4.243093749102943429e-02
3.882877043871232892e-02
3.882877043871232892e-02
3.882877043871232198e-02
3.882877043497867664e-02
3.634790507439072255e-02
3.634790507439072255e-02
3.633881096497212221e-02
3.633876591549840829e-02
3.545495311540910327e-02
3.545495308151544456e-02
3.545489169465165097e-02
3.027084802053425783e-02
3.027084802053425783e-02
3.027084802053356741e-02
3.021792046788965291e-02
2.687698532166403129e-02
2.687698532166394802e-02
2.687698532166394802e-02
2.687698532166394802e-02
2.687698528922129182e-02
2.687698528922129182e-02
2.445939793201494863e-02
2.445918126178157903e-02
2.445838124027327129e-02
2.445838124027327129e-02
2.431363537038366829e-02
2.431363316138010489e-02
2.161081698756632530e-02
2.141353184484034305e-02
2.141353184455689618e-02
2.141353184454125938e-02
2.141353184454125938e-02
1.837410786696640902e-02
1.837410786696640902e-02
1.837410765447366687e-02
1.837410765447366340e-02
1.837410765447366340e-02
1.837051340544535935e-02
1.625899191220281023e-02
1.625899191220281023e-02
1.625899191220281023e-02
1.625899191156252380e-02
1.539749811147097906e-02
1.538667332636433835e-02
1.538663885927863198e-02
1.538663885927863198e-02
1.480205863606212993e-02
1.480205859618765815e-02
1.480203945860146877e-02
1.251292801696578076e-02
1.251292801696578076e-02
1.251292801696408073e-02
1.249828477859593785e-02
1.067521928961414485e-02
1.067521928961414485e-02
1.067521928961413791e-02
1.067521928961413791e-02
1.067521928454708523e-02
1.067521928454708523e-02
9.844146258804456831e-03
9.844065742739795816e-03
9.843112252236774218e-03
9.843112252236774218e-03
9.742521962271814828e-03
9.742520329927954054e-03
8.558902681092737941e-03
8.504589029883680498e-03
8.504589029461530336e-03
8.504589029459028865e-03
8.504589029459028865e-03
6.918865511411258565e-03
6.918865481687417988e-03
6.918865481687417988e-03
6.918865481687413652e-03
6.918865481687413652e-03
6.918002224652278903e-03
6.195174978919208188e-03
6.195174978919208188e-03
6.195174978919209055e-03
6.195174978826461197e-03
5.953864565260441437e-03
5.944307868847238316e-03
5.944257123616404105e-03
5.944257123616404105e-03
5.642298033315921654e-03
5.642297997852995656e-03
5.642293233463777438e-03
5.642293233463777438e-03
4.447412670589632848e-03
4.447412670589632848e-03
4.447412670588286702e-03
4.444101642660881757e-03
3.838513915118476651e-03
3.838513915118476651e-03
3.838513915118474049e-03
3.838513915118474049e-03
3.838513914368465053e-03
3.838513914368465053e-03
3.592875208468498689e-03
3.592851579939255243e-03
3.592851579939255243e-03
3.591983594514259418e-03
3.591983594514259418e-03
3.537039496631841622e-03
3.537037094158477276e-03
2.868035026857254817e-03
2.868035026633777764e-03
2.855421545960184961e-03
2.855421545959848859e-03
2.855421545959848859e-03
2.343762781836417324e-03
2.343762777407330019e-03
2.343762777407330019e-03
2.343762777407324381e-03
2.343762777407324381e-03
2.343762777407324381e-03
2.343587371391206257e-03
2.125616014185771792e-03
2.125616014185771792e-03
2.125616014185771792e-03
2.125616014162495706e-03
2.018081646319509325e-03
2.018036570042107229e-03
2.012909444665496057e-03
2.012909444665496057e-03
1.816263812943341585e-03
1.816263777527175709e-03
1.816263182922709350e-03
1.816263182922709350e-03
1.816263182922709350e-03
1.417126709422536447e-03
1.417126709422536447e-03
1.417126709421662363e-03
1.416488401591361546e-03
1.237507538842021453e-03
1.237507538842021236e-03
1.237507538842021020e-03
1.237507538842021020e-03
1.237507538644476782e-03
1.131360044118891791e-03
1.131360044118891791e-03
1.131360044118891791e-03
1.131356062141067710e-03
1.130929152817971520e-03
1.130929152817971520e-03
1.130926994667620601e-03
1.093363583451302436e-03
8.595237454010017228e-04
8.595237451864966597e-04
8.572299866229759601e-04
8.572299866229401814e-04
8.572299866229401814e-04
7.120933188603912299e-04
7.120933188603849415e-04
7.120933176129861644e-04
7.120933176129861644e-04
7.120933176129861644e-04
7.120933176129861644e-04
7.120933176129861644e-04
7.120604826542027742e-04
6.246243101072031017e-04
6.246243101072031017e-04
6.246243101072031017e-04
6.245951650495470877e-04
6.197596735875682099e-04
5.960190399367985923e-04
5.960190399346839644e-04
5.960190399346839644e-04
5.960189778122400566e-04
5.200964709208811231e-04
5.200963641743762585e-04
5.200963641743762585e-04
5.200963641743762585e-04
5.200963641743762585e-04
4.082430388438132852e-04
4.082430388424869807e-04
4.081245028718818286e-04
3.420745444443517354e-04
3.420745444443517354e-04
3.420745444443517354e-04
3.420745444443517354e-04
3.420745444220398847e-04
3.185050065156553797e-04
3.185050065156553797e-04
3.185050065156553797e-04
3.185041183071161638e-04
3.185041183071161638e-04
3.181975538062269951e-04
3.181965137051002415e-04
3.027512007804251384e-04
3.027512007804251384e-04
2.365067861963005144e-04
2.365067860101982685e-04
2.360840562368910238e-04
2.360840562368872290e-04
2.360840562368872290e-04
1.860286192627287713e-04
1.860286192627230793e-04
1.860286191343165437e-04
1.860286191343165437e-04
1.860286191343165437e-04
1.860286191343165437e-04
1.860231748773583940e-04
1.668415121516140165e-04
1.668415121516140165e-04
1.668415121516140165e-04
1.668205623625211120e-04
1.668205623625211120e-04
1.647595233890922922e-04
1.607241165170191519e-04
1.607241165167937191e-04
1.607241165167937191e-04
1.607240838353775521e-04
1.375042496859174665e-04
1.375042338184858032e-04
1.375042338184858032e-04
1.375042338184858032e-04
1.375042338184858032e-04
1.006351076139121132e-04
1.006351076132503569e-04
1.006169042068325503e-04
8.628922344094138136e-05
8.628922344094134070e-05
8.628922344094134070e-05
8.628922344094134070e-05
8.628922343868277139e-05
8.628922343868277139e-05
8.191350381671139971e-05
8.191350381671139971e-05
8.191335439876673498e-05
8.191335439876673498e-05
8.175530767607002509e-05
8.175530767607002509e-05
8.175442301426306653e-05
7.672306894952687798e-05
7.672306894952687798e-05
7.672306826703055506e-05
5.469291767063002077e-05
5.463191732534779553e-05
5.463191732534748382e-05
5.463191732534748382e-05
4.411942309495352438e-05
4.411942309494890297e-05
4.411942308125040832e-05
4.411942308125040832e-05
4.411942308125040832e-05
4.411942308125040832e-05
4.039037404817941119e-05
4.038999553528400672e-05
4.038999553528400672e-05
4.038999553528400672e-05
4.037880349431327825e-05
3.967051538334113184e-05
3.967051538334113184e-05
3.859761363682561434e-05
3.859761363679205151e-05
3.859758526853369334e-05
3.005384050023862707e-05
3.005384050023862707e-05
3.005384050023862707e-05
3.005383936026587410e-05
3.005383936026587410e-05
3.005383935596597572e-05
2.238198990421506757e-05
2.238198990421506757e-05
2.237955195844056936e-05
2.237955195844056936e-05
1.956853700768655156e-05
1.956853700768650074e-05
1.956853700768650074e-05
1.956853700768650074e-05
1.956853700768650074e-05
1.956853700732139905e-05
1.956853700732139905e-05
1.835529805714792529e-05
1.835529805714792529e-05
1.835528014815771651e-05
1.835528014815771651e-05
1.835528014815771651e-05
1.830137109672057261e-05
1.830090962683140557e-05
1.621325380111601712e-05
1.621325380111601712e-05
1.621325334892695645e-05
1.138464211388332831e-05
1.137694612743912772e-05
1.137694612743910231e-05
1.137694612743910231e-05
1.137694612742157889e-05
9.372097891519151250e-06
9.372097889136835511e-06
9.372097889136835511e-06
9.372097889136835511e-06
9.372097889136835511e-06
8.368305010989628568e-06
8.368261442705843237e-06
8.368261442705843237e-06
8.368261442705843237e-06
8.364701535452400186e-06
8.061163121849848856e-06
7.905055300706051067e-06
7.905055300706051067e-06
7.905055300703171155e-06
7.905041998769348808e-06
5.884152973541687638e-06
5.884152973541687638e-06
5.884152973541687638e-06
5.884152973541687638e-06
5.884152846739631471e-06
5.884152843958287827e-06
4.473512340051912855e-06
4.473512340051912855e-06
4.473512340051912855e-06
4.473207625723005121e-06
3.766589998403406641e-06
3.766589998403382501e-06
3.766589998403382501e-06
3.766589998403382501e-06
3.766589998403382501e-06
3.766589998373235751e-06
3.766589998373235751e-06
3.585058346807148367e-06
3.585058346807148367e-06
3.585058346807148367e-06
3.585058346807148367e-06
3.585055838236756600e-06
3.561083644849954839e-06
3.560939369400672898e-06
3.041088744662982666e-06
3.041088556912582265e-06
3.041088556912582265e-06
2.158216674509213408e-06
2.157262088966896778e-06
2.157262088951751828e-06
2.157262088951750134e-06
1.690632782461114650e-06
1.690632782461114650e-06
1.690632782461114650e-06
1.690632782280406947e-06
1.690632782280406947e-06
1.690632782280406947e-06
1.546269313416050604e-06
1.546263036748230450e-06
1.546263036748230662e-06
1.546263036748230662e-06
1.546263036748230662e-06
1.544695590713292055e-06
1.465653529161832092e-06
1.449389508489750743e-06
1.449389508489750743e-06
1.449385428278524043e-06
1.449385428278524043e-06
1.449385428278341295e-06
1.067134579202027616e-06
1.067134579202027616e-06
1.067134579202027616e-06
1.067134579202027616e-06
1.067134567188198277e-06
1.067134565780231525e-06
7.598761406319171506e-07
7.598761406319171506e-07
7.598761406319171506e-07
7.598435515493057602e-07
7.598435515492499619e-07
6.598260478191640349e-07
6.598260478191640349e-07
6.598260478191640349e-07
6.598260478191640349e-07
6.598260478171461907e-07
6.598260478171461907e-07
6.387180506628038752e-07
6.387180506628038752e-07
6.387180506628038752e-07
6.387180506628038752e-07
6.387178046517652965e-07
6.316508765193550979e-07
6.315819451964129209e-07
5.291006158698833027e-07
5.291005538632096228e-07
3.442794541536630406e-07
3.442794541536630406e-07
3.441849755510213986e-07
3.441849755458235279e-07
2.792966252742591096e-07
2.792966252742590567e-07
2.792966252742590567e-07
2.792966252742590567e-07
2.792966252742590567e-07
2.792966252613181932e-07
2.792966252613181932e-07
2.792966252613178755e-07
2.614684378506711319e-07
2.614677417621434468e-07
2.614677417621434468e-07
2.614677417621434468e-07
2.609758668673667514e-07
2.443819571310461882e-07
2.443798419877779808e-07
2.418749647933468232e-07
2.418749647933468232e-07
2.418749647933468232e-07
2.418749647933468232e-07
1.593594869971387599e-07
1.593594869971367482e-07
1.593594869971367482e-07
1.593594869971367482e-07
1.593594866859920859e-07
1.593594861264267420e-07
1.177291263838811438e-07
1.177291263838811438e-07
1.177291263838811438e-07
1.177261515420398583e-07
1.177261515420129650e-07
1.049008437737488151e-07
1.049008437737488151e-07
1.049008437737488151e-07
1.049008437737488151e-07
1.049008437735531372e-07
1.049008437735531372e-07
1.049008437735531372e-07
1.013245634015038529e-07
1.013245634015038529e-07
9.975444781196087439e-08
9.975442944941608312e-08
9.975442944941608312e-08
9.973217879051319795e-08
7.525498200594289774e-08
7.525496005143548846e-08
4.984359354017848571e-08
4.984359354017848571e-08
4.983521178400542450e-08
4.983521178244186123e-08
4.983521178244186123e-08
4.983521178244186123e-08
4.151545125652559535e-08
4.151545125652559535e-08
4.151545125652559535e-08
4.151545125652559535e-08
4.151545125516088631e-08
4.151545125516088631e-08
4.151545125516072087e-08
3.842974370389504134e-08
3.842968699822655471e-08
3.842968699822655471e-08
3.842968699822655471e-08
3.832133919825175552e-08
3.392118894656840779e-08
3.392063051425894550e-08
3.392063051425894550e-08
3.370205648067999848e-08
2.153692225663081090e-08
2.153692225663081090e-08
2.153692225663081090e-08
2.153692225663081090e-08
2.153692225663071495e-08
2.153692212983865086e-08
2.153692212983865086e-08
2.153692208886770029e-08
1.636475030765189326e-08
1.636475030765189326e-08
1.636475030765189326e-08
1.636475030764133843e-08
1.636450125224989020e-08
1.420758173698285930e-08
1.420758173698285930e-08
1.420758173698285930e-08
1.420758173698285930e-08
1.420758173698285930e-08
1.420758173697126884e-08
1.420758173697126884e-08
1.420758173697126719e-08
1.384022841270984372e-08
1.384022841270984372e-08
1.340027839373068427e-08
1.339574079951752349e-08
1.339573922101286668e-08
1.339573922101286668e-08
9.582248653351596934e-09
9.582243135010458247e-09
6.515195192342175427e-09
6.515195192342175427e-09
6.514494934571325716e-09
6.514494934571325716e-09
6.514494933727613899e-09
6.514494933727613899e-09
6.514494933727613899e-09
5.202295670194881747e-09
5.202295670194881747e-09
5.202295670194881747e-09
5.202295670119006124e-09
5.202295670119006124e-09
5.202295670119006124e-09
5.202295670118951530e-09
4.901267990503418721e-09
4.901262888225151585e-09
4.901262888225151585e-09
4.901262888225151585e-09
4.871402389633585921e-09
4.158916987231263099e-09
4.158916987231263099e-09
4.158814474946117675e-09
4.144533491730186797e-09
4.144533491730186797e-09
2.671167296982761478e-09
2.671167296982761478e-09
2.671167296982756515e-09
2.671167296982756515e-09
2.671167256576519666e-09
2.671167256576519666e-09
2.671167256576519666e-09
2.671167254034883157e-09
1.913610610290938447e-09
1.913610610290938447e-09
1.913610610286565143e-09
1.913591972291847499e-09
1.711200458346632660e-09
1.711200458346632660e-09
1.711200458346632660e-09
1.711200458346632660e-09
1.711200458346632660e-09
1.711200458346632660e-09
1.711200458346121463e-09
1.711200458346121463e-09
1.711200458346121463e-09
1.683919144374234484e-09
1.607442851257340031e-09
1.606208930864281699e-09
1.606208840573284121e-09
1.135478114229583282e-09
1.135478114229583282e-09
1.135476949127228451e-09
7.142539542677796482e-10
7.142539542677796482e-10
7.142054479458228404e-10
7.142054479458228404e-10
7.142054477500318777e-10
7.142054477500318777e-10
7.142054477500318777e-10
5.935797923177731322e-10
5.935797923177731322e-10
5.935797923177731322e-10
5.935797923142479986e-10
5.935797923142200813e-10
5.935797923142200813e-10
5.935797923142200813e-10
5.935797923142200813e-10
5.701313613879648490e-10
5.701310307012841498e-10
5.701310307012841498e-10
5.646076837359292682e-10
5.646076837359292682e-10
4.728630891039612248e-10
4.728338213062236192e-10
4.728338213062236192e-10
4.715490749982339745e-10
2.741014486347014980e-10
2.741014486347014980e-10
2.741014486347013429e-10
2.741014425787874327e-10
2.741014425787874327e-10
2.741014425787874327e-10
2.741014425787874327e-10
2.741014424950064960e-10
2.058212050473704211e-10
2.058212050473704211e-10
2.058212050460182134e-10
2.058212050460182134e-10
2.058200802365827679e-10
1.891769856218626206e-10
1.891769856218626206e-10
1.891769856218626206e-10
1.891769856218626206e-10
1.891769856218626206e-10
1.891769856218624655e-10
1.891769856218624655e-10
1.891769856218332299e-10
1.864401235811649794e-10
1.864401235811649794e-10
1.758403307992766119e-10
1.756030868962207036e-10
1.756030824906866689e-10
1.095477231915467472e-10
1.095477231915467472e-10
1.095474840200973424e-10
7.198045846248084151e-11
7.198045846248084151e-11
7.198045842177838549e-11
7.198045842177838549e-11
7.197751057273268649e-11
7.197751057273268649e-11
7.197751057273268649e-11
6.175108948038595035e-11
6.175108948038595035e-11
6.175108948038595035e-11
6.175108948016436934e-11
6.175108948015401666e-11
6.175108948015401666e-11
6.175108948015401666e-11
6.175108948015401666e-11
5.925409713339755179e-11
5.925407935224573712e-11
5.925407935224573712e-11
5.925407935224573712e-11
5.845413517785660605e-11
4.415882906715621080e-11
4.415445477407200783e-11
4.415445477407200783e-11
2.578805251084122862e-11
2.578048560656280860e-11
2.578048560656280860e-11
2.578048398800513988e-11
2.578048398800513018e-11
2.578048398800513018e-11
2.578048398800513018e-11
2.002287648085416034e-11
2.002287648085416034e-11
2.002287647956578453e-11
2.002287647956578453e-11
2.002287647921477561e-11
2.002287647921477561e-11
2.002281417881415158e-11
1.821624648312861506e-11
1.821624648312861506e-11
1.821624648312861506e-11
1.821624648312861506e-11
1.821624648312855367e-11
1.821624648312855367e-11
1.821624648312855367e-11
1.821624648312736783e-11
1.802688032999244799e-11
1.802688032999244799e-11
1.619782353340903345e-11
1.616752293545040420e-11
9.626780177133524984e-12
9.626780138483190976e-12
9.626741196553762933e-12
9.626741196553762933e-12
9.626741196553762933e-12
9.626741196553762933e-12
6.548268217299491043e-12
6.548268203316707991e-12
6.548268203316707991e-12
6.548268203316707991e-12
6.548102466590437760e-12
6.548102466590437760e-12
5.468291237648118063e-12
5.468291237648118063e-12
5.468291237645683373e-12
5.468291237645683373e-12
5.468291237645683373e-12
5.468291237636858229e-12
5.468291237636858229e-12
5.468291237636858229e-12
5.300167046922322601e-12
5.300166008012637814e-12
5.300166008012637814e-12
5.159459235245498918e-12
5.159459235245498918e-12
3.679860645329769770e-12
3.679860645329769770e-12
3.679342492630453831e-12
3.679342492630453831e-12
3.679342492630453831e-12
2.205967004958396478e-12
2.205546776761251483e-12
2.205546440608898950e-12
2.205546440608898950e-12
2.205546440608898950e-12
2.205546440608898950e-12
1.633882605973727523e-12
1.633882605973727523e-12
1.633882605924727775e-12
1.633882605924727775e-12
1.633882605823652403e-12
1.633882605823652403e-12
1.633882605823652403e-12
1.633879338539889342e-12
1.517869655049540885e-12
1.517869655049540885e-12
1.517869655049540885e-12
1.517869655049526951e-12
1.517869655049526951e-12
1.517869655049526951e-12
1.517869655049491206e-12
1.508482477373849894e-12
1.310607657561653256e-12
1.305738487620331942e-12
1.305738487620331942e-12
7.803921623746504375e-13
7.803866726964172752e-13
7.803866711359814393e-13
7.803866711359814393e-13
7.803866711359814393e-13
4.961640407488766462e-13
4.961640407488766462e-13
4.961640407488766462e-13
4.961640407488766462e-13
4.961640384548061260e-13
4.961559794054836449e-13
4.961559794054836449e-13
4.294577644406111964e-13
4.294577644406111964e-13
4.294577644398551016e-13
4.294577644398551016e-13
4.294577644398551016e-13
4.294577644395848946e-13
4.210235474995636051e-13
4.210235474995636051e-13
4.210235474995636051e-13
4.210235063202427618e-13
4.210235063202427618e-13
4.210235063202427618e-13
4.052403060521716816e-13
4.052403060521716311e-13
2.845555815761533422e-13
2.844660891633571796e-13
2.844660891633571796e-13
2.844660891633571796e-13
1.560984027803734522e-13
1.560983664319868608e-13
1.560793181397734160e-13
1.560793181397734160e-13
1.560793181397734160e-13
1.560793181397734160e-13
1.215885038537620828e-13
1.215885038537620828e-13
1.215885038521659080e-13
1.215885038321334858e-13
1.215885038321334858e-13
1.215885038321334858e-13
1.215883759653337203e-13
1.155059016192204486e-13
1.155059016192204486e-13
1.155059016192204486e-13
1.155059016192204486e-13
1.155059016192157281e-13
1.155059016192157281e-13
1.155059016192157281e-13
1.146318176193398282e-13
9.768391185726293607e-14
9.732952114285028196e-14
9.732952114284952466e-14
9.732952114284952466e-14
9.732952114284952466e-14
5.180151530521182664e-14
5.180079078704870295e-14
5.180079075045069401e-14
5.180079075045069401e-14
5.180079075045069401e-14
3.489252794973959167e-14
3.489252794973959167e-14
3.489252762132840335e-14
3.489252762132840335e-14
3.489220244813467490e-14
3.121601544704272571e-14
3.121601544704272571e-14
3.121601544704272571e-14
3.121601544687156183e-14
3.121601544687156183e-14
3.121601544687156183e-14
3.121601544687156183e-14
3.121601544686159694e-14
3.067721287597279413e-14
3.067721287597279413e-14
3.067721287597279413e-14
3.067721287597279413e-14
3.067721287597279413e-14
3.067721145633833675e-14
2.922457892375616739e-14
2.922457892375615477e-14
2.919381774441282831e-14
1.805043495099367604e-14
1.805043495099367604e-14
1.805043495099367604e-14
1.032439231357174928e-14
1.032438581709299676e-14
1.032360987504612761e-14
1.032360987504612761e-14
1.032360987504612761e-14
1.032360987504612761e-14
8.368476010431296864e-15
8.368476006993436306e-15
8.368476006928312683e-15
8.368476006928312683e-15
8.368476006928312683e-15
8.368476006928312683e-15
8.368476006928312683e-15
8.368476006928312683e-15
7.955952109788332693e-15
7.955948080098483550e-15
7.955948080098483550e-15
7.955948080097385456e-15
7.871694116217236803e-15
6.129194144169501982e-15
6.129194144169501982e-15
6.116296210967803255e-15
6.116296210967803255e-15
6.116296210967803255e-15
6.116296210967787477e-15
6.115760308370953862e-15
3.215228829407942337e-15
3.215228829407942337e-15
3.215228828235730136e-15
3.215228828235730136e-15
3.215228828235730136e-15
2.259090683173240391e-15
2.259090609965633750e-15
2.259090609965633750e-15
2.259090609965633750e-15
2.259090609965633750e-15
2.259078221433420163e-15
2.259078221433420163e-15
2.004284475509380782e-15
2.004284475509380782e-15
2.004284475480572370e-15
2.004284475480572370e-15
2.004284475480572370e-15
2.004284475480572370e-15
2.004284475480297058e-15
2.004284475480297058e-15
2.004284475480297058e-15
1.979394721501459020e-15
1.979394721501459020e-15
1.979394667604165485e-15
1.979394667604165485e-15
1.979394667604160358e-15
1.816699874651272736e-15
1.816699874651272736e-15
1.813937507412377376e-15
1.057477218694300391e-15
1.057472709593597507e-15
1.057472709593597507e-15
1.057472709593597507e-15
6.282508230891868514e-16
6.282209398339846255e-16
6.282209398339846255e-16
4.957475593979234745e-16
4.957475586915037601e-16
4.957475586915037601e-16
4.957475586897139333e-16
4.957475586897139333e-16
4.957475586897139333e-16
4.957475586897139333e-16
4.957475586897139333e-16
4.957475586897139333e-16
4.770409672782916093e-16
4.770408135460575735e-16
4.770408135458773187e-16
4.770408135458773187e-16
4.770408135458773187e-16
4.770408135458773187e-16
4.675016862215865081e-16
3.445741012681684007e-16
3.441764416066873074e-16
3.441764416066873074e-16
3.441764416066873074e-16
3.441314273738307920e-16
3.441314273738304469e-16
1.845573550490384222e-16
1.845573550490384222e-16
1.845573550490384222e-16
1.845573550490384222e-16
1.845573550167921057e-16
1.845573550167921057e-16
1.845573241680419953e-16
1.233037268220283811e-16
1.233037268220283811e-16
1.233037268220283811e-16
1.233037268220283811e-16
1.233032984680122766e-16
1.233032984680122766e-16
1.121932494733402746e-16
1.121932494674645181e-16
1.121932494674645181e-16
1.121932494674645181e-16
1.121932494674645181e-16
1.121932494674645181e-16
1.121932494674585770e-16
1.121932494674585770e-16
1.113288095292589338e-16
1.113288095292581449e-16
1.113288095292581449e-16
1.113288081109923638e-16
1.113288081109923638e-16
9.944910960442028189e-17
9.944910960442028189e-17
9.915566034219770208e-17
5.753716211112719550e-17
5.753716211112719550e-17
5.753674245850793928e-17
3.179915395703981567e-17
3.179915395703981567e-17
3.179818637853927638e-17
3.179818621550350107e-17
2.622003107679975623e-17
2.622003107679975623e-17
2.622003107679975623e-17
2.622003107679975623e-17
2.622003107679975623e-17
2.622003107679975623e-17
2.622003107676027312e-17
2.622003107676027312e-17
2.622003107676027312e-17
2.556036700756714583e-17
2.556036700752997693e-17
2.556036281718326279e-17
2.556036281718326279e-17
2.556036281718326279e-17
2.556036281718326279e-17
2.484158878396784916e-17
2.484158878396784916e-17
1.795127940581692677e-17
1.794632253251940143e-17
1.793222293676602258e-17
8.751800231061357285e-18
8.751800231061357285e-18
8.751800231061357285e-18
8.751800231061355744e-18
8.751800231061355744e-18
8.751800231061355744e-18
8.751800231061355744e-18
8.751800231061355744e-18
8.751797849219705132e-18
8.751797848649212327e-18
6.221617017197003902e-18
6.221617017197003902e-18
6.221617017197003902e-18
6.221617017197003902e-18
6.221605427387813180e-18
6.221605426388128428e-18
6.221605426388128428e-18
5.811874100747028042e-18
5.811874100747028042e-18
5.811874100747028042e-18
5.811874100747028042e-18
5.811874100747028042e-18
5.811874100746897079e-18
5.811874100746897079e-18
5.778187323414662470e-18
5.778187323414662470e-18
5.778187323414490678e-18
5.068425837943607389e-18
5.068425813968976625e-18
5.045688168657898905e-18
5.045688168657898905e-18
5.045688168657898905e-18
2.602240232747172028e-18
2.602240232747172028e-18
2.602201790402033402e-18
1.536027967698450265e-18
1.536027967698450265e-18
1.536000833697036726e-18
1.536000817674717651e-18
1.536000817674717651e-18
1.319172424469002720e-18
1.319172424469002720e-18
1.319172424469002720e-18
1.319172424469002720e-18
1.319172424469002720e-18
1.319172424468034555e-18
1.319172424468034555e-18
1.319172424468034555e-18
1.319172424462129461e-18
1.291268470257767559e-18
1.291268365559348957e-18
1.291268365559348957e-18
1.291268365559348957e-18
1.291268365559348957e-18
1.244873427592711283e-18
8.027111929408791088e-19
8.023796227386712736e-19
8.023796227386712736e-19
8.023796227386712736e-19
8.023796227386712736e-19
8.020503409388132519e-19
4.051581423473747640e-19
4.051581423473747158e-19
4.051581423473747158e-19
4.051581423473747158e-19
4.051581423473747158e-19
4.051578601595645964e-19
4.051578601595645964e-19
4.051578601471592483e-19
3.030551968285416661e-19
3.030551968285416661e-19
3.030551968285416661e-19
3.030551968285416661e-19
3.030551967112599955e-19
3.030548881903708505e-19
2.844426010258370397e-19
2.844426010258370397e-19
2.844426010258370397e-19
2.844426010258370397e-19
2.844426010258370397e-19
2.844426010258370397e-19
2.844426010258370397e-19
2.844426010258344879e-19
2.844426010258071878e-19
2.844426010258071878e-19
2.833627937085325542e-19
2.833627937085325542e-19
2.317897558215387643e-19
2.304267254728512618e-19
2.304267249596720133e-19
1.159496104364238268e-19
1.159496104364238268e-19
1.159465514494031758e-19
1.159465514494031758e-19
7.215187502728379418e-20
7.215111438230606712e-20
7.215111204885465484e-20
7.215111204885465484e-20
7.215111204885465484e-20
7.215111204885465484e-20
7.215111204885465484e-20
6.190752744043368050e-20
6.190752744043368050e-20
6.190752744043368050e-20
6.190752744041403601e-20
6.190752743970029841e-20
6.190752743970029841e-20
6.190752743970029841e-20
6.097161269957506530e-20
6.097161269957506530e-20
6.097160993298553539e-20
6.097160993298553539e-20
6.097160993298553539e-20
6.097160993298553539e-20
5.730792255787134392e-20
3.487623675466208653e-20
3.487623675466208653e-20
3.485560307500829900e-20
3.485560307500827492e-20
3.484794158008853065e-20
1.833499994901802193e-20
1.833499994901802193e-20
1.833497235369852195e-20
1.833497235369852195e-20
1.833497235369852195e-20
1.833497235369852195e-20
1.833497235369852195e-20
1.833497235369852195e-20
1.350545056624596707e-20
1.350545056624596707e-20
1.350545056612291820e-20
1.350545054919237350e-20
1.350545054919237350e-20
1.350545054919237350e-20
1.350544246413395005e-20
1.287290160970780878e-20
1.287290160970780878e-20
1.287290160970780878e-20
1.287290160970780878e-20
1.287290160970780878e-20
1.287290160970445645e-20
1.287290160970445645e-20
1.287290160970445645e-20
1.287290160970441583e-20
1.284322366924017718e-20
1.284322366924017718e-20
1.002984819182148880e-20
9.927144907442267938e-21
5.062892859980555880e-21
5.062892857835319691e-21
5.062669825726105095e-21
5.062669825726105095e-21
3.044839022757074884e-21
3.044839022757074884e-21
3.044839022757074884e-21
3.044838804719076197e-21
3.044819285671677802e-21
3.044819285671677802e-21
3.044819285671677802e-21
3.044819285671677802e-21
2.698524940050951862e-21
2.698524940050951862e-21
2.698524940050951862e-21
2.698524940050951862e-21
2.698524940050611439e-21
2.698524939943917929e-21
2.698524939943917929e-21
2.698524939943917929e-21
2.698524939943917929e-21
2.672174770597350839e-21
2.672174770597350839e-21
2.672174713316853255e-21
2.672174713316853255e-21
2.672174713316853255e-21
2.463531689954174771e-21
2.463531689954174771e-21
1.479701955898665599e-21
1.478024056819177554e-21
1.478024056819174356e-21
7.378649097288170607e-22
7.378649097288170607e-22
7.378213234212008391e-22
7.378194452892027609e-22
7.378194452892027609e-22
7.378194452892027609e-22
7.378194452892027609e-22
7.378194452892027609e-22
7.378194452892027609e-22
5.750157468820152544e-22
5.750157468797727873e-22
5.750157468797727873e-22
5.750157468797727873e-22
5.750157451315678086e-22
5.750157451315678086e-22
5.750155731791295514e-22
5.563738997495321860e-22
5.563738997495321860e-22
5.563738997495321860e-22
5.563738997495321860e-22
5.563738997495321860e-22
5.563738997490059407e-22
5.563738997490059407e-22
5.563738997490059407e-22
5.555345033461239660e-22
5.555345033461233077e-22
4.237470536441515148e-22
4.177322743988402416e-22
4.177322743988402416e-22
1.977431333929784847e-22
1.977263158024030858e-22
1.977263157694059485e-22
1.977263157694059485e-22
1.977263157694059485e-22
1.286167389751177939e-22
1.286167389751177939e-22
1.286167210250438971e-22
1.286167210250438971e-22
1.286167210250438971e-22
1.286162811257789118e-22
1.286162811257789118e-22
1.176512528478621075e-22
1.176512528478621075e-22
1.176512528478621075e-22
1.176512528356019835e-22
1.176512528356019835e-22
1.176512528356019835e-22
1.176512528356019835e-22
1.176512528355958474e-22
1.168320834371767140e-22
1.168320834371767140e-22
1.168320834371767140e-22
1.168320834371767140e-22
1.168320823086738313e-22
1.168320823086738313e-22
1.061003383093342353e-22
5.802650873104304267e-23
5.793469726367884994e-23
5.793469726367837974e-23
5.793469726367837974e-23
5.793469726367837974e-23
5.793469726367837974e-23
3.127683481784705764e-23
3.127578912716555173e-23
3.127560519520696588e-23
3.127560519520696588e-23
3.127560519520696588e-23
3.127560519520696588e-23
2.567558940589008407e-23
2.567558940589008407e-23
2.567558940589008407e-23
2.567558940584438673e-23
2.567558923559982624e-23
2.567558923559982624e-23
2.567558923559982624e-23
2.567558545849978832e-23
2.502449897460983143e-23
2.502449897460983143e-23
2.502449897460983143e-23
2.502449897460983143e-23
2.502449897454227871e-23
2.502449897454227871e-23
2.502449897454227871e-23
2.502449897454227871e-23
1.754747267936321882e-23
1.753672576503400038e-23
1.723764902767937140e-23
1.723764902767936847e-23
8.484001889278434828e-24
8.484001889278434828e-24
8.482801804027608768e-24
8.482801804027608768e-24
8.482801803398748677e-24
5.910467348721827482e-24
5.910467348721827482e-24
5.910467348721827482e-24
5.910467348721827482e-24
5.910467348721827482e-24
5.910465162914159191e-24
5.910465162914159191e-24
5.910465162914159191e-24
5.910454379328708663e-24
5.481627269425779193e-24
5.481627269425779193e-24
5.481627269425779193e-24
5.481627269425779193e-24
5.481627268078146184e-24
5.481627268078146184e-24
5.481627268078146184e-24
5.481627268078146184e-24
5.481627268078035247e-24
5.457152991638431417e-24
5.457152991638431417e-24
5.457152991638431417e-24
5.457152966103729667e-24
5.457152966103729667e-24
5.457152966103729667e-24
4.744409059882016367e-24
4.744409059881803309e-24
4.725076061725636003e-24
2.546468224605066931e-24
2.546468224605066931e-24
2.546468224605066931e-24
1.476533205318361703e-24
1.476516443246571372e-24
1.476488475338741098e-24
1.476488475338741098e-24
1.476488475338741098e-24
1.236380096947741411e-24
1.236380096947741411e-24
1.236380096947741411e-24
1.236380073585514852e-24
1.236380073584600538e-24
1.236380073584600538e-24
1.236380073584600538e-24
1.236380073584600538e-24
1.236380073584600538e-24
1.236380073584600538e-24
1.214686158490611759e-24
1.214686067322658272e-24
1.214686067322658272e-24
1.214686067314382424e-24
1.214686067314382424e-24
1.167895638912793522e-24
7.927074152982042338e-25
7.924475734766411590e-25
7.924475734766411590e-25
7.924475734766411590e-25
7.924475734766411590e-25
7.924475734766411590e-25
7.921037718501811102e-25
4.099846341163231821e-25
4.099846341163231821e-25
4.099846341163231821e-25
4.099846341035258139e-25
4.099846341035258139e-25
4.099846341035256762e-25
4.099846341035256762e-25
2.920560801518760152e-25
2.920558573448828983e-25
2.920558573448828983e-25
2.920558573448828983e-25
2.920555658474320348e-25
2.920555658474320348e-25
2.920555658474320348e-25
2.764509194763318065e-25
2.764509192704152724e-25
2.764509192704152724e-25
2.764509192704152724e-25
2.764509192704152724e-25
2.764509192704132520e-25
2.764509192704132520e-25
2.764509192704132520e-25
2.756980746469322664e-25
2.756980746469322664e-25
2.756980740815809675e-25
2.756980740815809675e-25
2.756980740815428099e-25
2.327402802634084855e-25
2.327402802634084855e-25
2.311754977271206836e-25
2.311754977271206836e-25
1.261109993214573601e-25
1.261069377027746273e-25
7.440160172969443083e-26
7.440160172969443083e-26
7.440160172969443083e-26
7.440080469985678670e-26
7.440080113229002300e-26
6.499052855182874708e-26
6.499052855182874708e-26
6.499052855182874708e-26
6.499052855182874708e-26
6.499052855180986341e-26
6.499052855180986341e-26
6.499052855180986341e-26
6.499052855180986341e-26
6.499052855180986341e-26
6.499052855180986341e-26
6.425028173711476678e-26
6.425027948476350655e-26
6.425027948335838902e-26
6.425027948335838902e-26
6.425027948335838902e-26
6.425027948335838902e-26
6.105798349489558492e-26
6.105798349489558492e-26
4.077436985818409061e-26
4.077436985818409061e-26
4.076669431903516073e-26
4.073548529107251265e-26
2.107410299822775390e-26
2.107410299822775390e-26
2.107410299822775390e-26
2.107410299822775390e-26
2.107410299822775390e-26
2.107410299822775390e-26
2.107410299822773668e-26
2.107410299822773668e-26
2.107410299797425062e-26
2.107406443240905719e-26
1.609957409556624384e-26
1.609957409556624384e-26
1.609957409556624384e-26
1.609957409556624384e-26
1.609956619871257513e-26
1.609956619871257513e-26
1.609956616918326451e-26
1.609956616918326451e-26
1.550219970316482148e-26
1.550219970316482148e-26
1.550219970316482148e-26
1.550219970316482148e-26
1.550219970316482148e-26
1.550219970316478131e-26
1.550219970316478131e-26
1.547558706871871661e-26
1.547558706871136690e-26
1.547558706871136690e-26
1.279143189220991494e-26
1.279143188310885369e-26
1.267396062220909714e-26
1.267396062220909714e-26
6.697056345578592935e-27
6.697056345578592935e-27
6.697056345578592935e-27
6.696659391716294590e-27
4.318287600760815108e-27
4.318263556547730994e-27
4.318263556547730994e-27
4.318263157826503661e-27
3.909647548222170514e-27
3.909647548222170514e-27
3.909647548222170514e-27
3.909647548222170514e-27
3.909647548222170514e-27
3.909647548222170514e-27
3.909647548221719229e-27
3.909647548221719229e-27
3.909647548221719229e-27
3.909647548221719229e-27
3.909647548001160501e-27
3.879284941061959648e-27
3.879284879261427525e-27
3.879284879261427525e-27
3.879284879261427525e-27
3.879284879261427525e-27
3.879284879261427525e-27
3.645118978189432947e-27
2.304027625093712334e-27
2.304027625093712334e-27
2.301530585306650281e-27
2.301530585306650281e-27
2.301312086352915181e-27
2.301312086352915181e-27
1.287410183813503359e-27
1.287410183813499772e-27
1.287410183813499772e-27
1.287410183813499772e-27
1.287410183813499772e-27
1.287410183813499772e-27
1.287405172178339734e-27
1.287405172178339734e-27
1.287405172172086669e-27
1.042355770167167035e-27
1.042355770167167035e-27
1.042355770167167035e-27
1.042355770167167035e-27
1.042355766053588803e-27
1.042355516210614032e-27
1.013722177162265049e-27
1.013722177162265049e-27
1.013722177162265049e-27
1.013722177162265049e-27
1.013722177162265049e-27
1.013722177162265049e-27
1.013722177162264152e-27
1.013722177162264152e-27
1.013722177160925004e-27
1.012703159108310810e-27
1.012703159108310810e-27
7.976033739274787974e-28
7.883050444300208941e-28
7.883050444300208941e-28
7.883050442017263705e-28
4.307468104251729397e-28
4.307468104251729397e-28
4.307055471158561447e-28
4.307055471158561447e-28
2.988237331071009088e-28
2.988228632304265061e-28
2.988227966743860336e-28
2.988227966743860336e-28
2.988227966743860336e-28
2.988227966743860336e-28
2.761877839044475042e-28
2.761877839044475042e-28
2.761877839044475042e-28
2.761877839044475042e-28
2.761877839044354418e-28
2.761877838678376514e-28
2.761877838678376514e-28
2.761877838678376514e-28
2.761877838678376514e-28
2.761877838678376514e-28
2.748262461664529635e-28
2.748262461664529635e-28
2.748262441153751814e-28
2.748262441153751814e-28
2.748262441153751814e-28
2.748262441153751814e-28
2.522538042683523823e-28
1.573942873686113648e-28
1.571562353453554653e-28
1.571562353453554653e-28
1.571562353453554653e-28
1.571485429317406592e-28
1.571485429317385964e-28
9.409748733591920150e-29
9.409748733591920150e-29
9.409681405548870093e-29
9.409681405548870093e-29
9.409681405548870093e-29
9.409681405548870093e-29
9.409681405548870093e-29
9.409681405548870093e-29
7.875880822635493679e-29
7.875880822622973918e-29
7.875880822622973918e-29
7.875880740751394796e-29
7.875880740751394796e-29
7.875879797022651087e-29
7.728026711559997942e-29
7.728026711559997942e-29
7.728026711559997942e-29
7.728026711559997942e-29
7.728026711559997942e-29
7.728026711559997942e-29
7.728026711534113157e-29
7.728026711534113157e-29
7.728026711534112035e-29
7.728026711534112035e-29
7.723552438864235094e-29
7.723552438864235094e-29
5.905553410098541618e-29
5.805800353506307210e-29
3.295473804083785973e-29
3.295473803870393441e-29
3.294979992823294414e-29
3.294979992823294414e-29
2.383087136591582513e-29
2.383087136591582513e-29
2.383087136591582513e-29
2.383086072075692969e-29
2.383082411240432838e-29
2.383082411240432838e-29
2.383082411240432838e-29
2.383082411240432838e-29
2.251169709495859882e-29
2.251169709495859882e-29
2.251169709495859882e-29
2.251169709495859882e-29
2.251169709495859882e-29
2.251169708648211918e-29
2.251169708648176325e-29
2.251169708648176325e-29
2.251169708648176325e-29
2.244324066092710171e-29
2.244324066092710171e-29
2.244324066092710171e-29
2.244324066092710171e-29
2.244324058775111653e-29
2.244324058775111653e-29
2.023019966963024849e-29
2.023019966963024849e-29
1.262589270257222759e-29
1.262589270257222759e-29
1.259577584005453034e-29
1.259577584005408893e-29
7.829968289721725833e-30
7.829841946653901270e-30
7.829746623820357178e-30
7.829746623820357178e-30
7.829746623820357178e-30
7.829746623820357178e-30
7.829746623820357178e-30
6.836504700029061217e-30
6.836504700029061217e-30
6.836504700024916176e-30
6.836504700024916176e-30
6.836504544893076670e-30
6.836504544893076670e-30
6.836504164457109757e-30
6.751801523144396859e-30
6.751801523144396859e-30
6.751801523144396859e-30
6.751801523144396859e-30
6.751801523075514632e-30
6.751801523075514632e-30
6.751801523075514632e-30
6.751801523075514632e-30
6.749541249472789242e-30
6.749541249472787841e-30
5.054945854562212195e-30
4.946044059084449600e-30
4.946044059084449600e-30
2.850009981785668771e-30
2.849283268934644963e-30
2.849283268864562524e-30
2.197402125970283409e-30
2.197402125970283409e-30
2.197402125970283409e-30
2.197400275264756612e-30
2.197400275264755911e-30
2.197400275264755911e-30
2.197400275264755911e-30
2.197398609976761300e-30
2.197398609976761300e-30
2.197398609976761300e-30
2.111226300683128330e-30
2.111226300683128330e-30
2.111226300683128330e-30
2.111226298808298534e-30
2.111226298808298534e-30
2.111226298808298534e-30
2.111226298808298534e-30
2.111226298808298534e-30
2.111226298808288024e-30
2.107237786987816802e-30
2.107237786987816802e-30
2.107237786987816802e-30
2.107237784153769831e-30
2.107237784153769831e-30
2.107237784153769831e-30
1.868130864674327711e-30
1.145879755538268451e-30
1.142169032076302167e-30
1.142169032076175525e-30
1.142169032076175525e-30
1.142169032076175525e-30
7.640827641523123218e-31
7.640827641523123218e-31
7.640649010367730259e-31
7.640584643324659707e-31
7.640584643324659707e-31
7.640584643324659707e-31
6.901449396579593386e-31
6.901449396579593386e-31
6.901449396578199094e-31
6.901449073316048377e-31
6.901449073316048377e-31
6.901449073316048377e-31
6.901449073316048377e-31
6.844097628234443067e-31
6.844097460727996939e-31
6.844097460727996939e-31
6.844097460727996939e-31
6.844097460727996939e-31
6.844097460550004884e-31
4.940712397309538101e-31
4.811674426799511611e-31
4.811060144891870880e-31
4.811060144891870880e-31
4.811060144891870880e-31
4.811060144891870880e-31
2.931141672059109344e-31
2.929991000173848172e-31
2.929991000173848172e-31
2.929991000173848172e-31
2.929991000149361357e-31
2.381239960615862128e-31
2.381239960615862128e-31
2.381239960615859063e-31
2.381235683879335897e-31
2.381235683879335897e-31
2.381235683879335897e-31
2.381235683879335897e-31
2.381235683879335897e-31
2.381235683879335897e-31
2.381234824743119113e-31
2.313525957596125764e-31
2.313525957596125764e-31
2.313525952992696532e-31
2.313525952992696532e-31
2.313525952992696532e-31
2.313525952992696532e-31
2.313525952992696532e-31
2.313525952992693905e-31
2.313525952992693905e-31
2.310961502304495506e-31
2.310961502304495506e-31
2.310961501178239963e-31
2.310961501178239963e-31
1.993792812232158273e-31
1.993792812232158273e-31
1.993792812231189188e-31
1.979846079749547755e-31
1.238269765175547731e-31
1.238269765175547731e-31
1.238199529207490037e-31
8.811416463825489221e-32
8.811416463825489221e-32
8.811378855658877530e-32
8.811378855658877530e-32
8.145686969492541739e-32
8.145686969492541739e-32
8.145686083321967230e-32
8.145686083321967230e-32
8.145686083321615810e-32
8.145686083321615810e-32
8.145686083321615810e-32
8.145686083321615810e-32
8.145686083321615810e-32
8.102809904037972800e-32
8.102809826459336482e-32
8.102809825949206914e-32
8.102809825949206914e-32
7.718107592511740768e-32
5.554623689556765383e-32
5.554264025205657587e-32
5.554264025205657587e-32
5.549118014471983418e-32
3.559833038076002415e-32
3.559833038076002415e-32
3.559833038076002415e-32
3.559833038076002415e-32
3.559833038076002415e-32
3.559833038076002415e-32
3.559833038076002415e-32
3.559833038076002415e-32
3.559833038076002415e-32
3.559833038069443681e-32
3.559833038069428902e-32
3.559818728343498116e-32
3.003411062231114911e-32
3.003411062231114911e-32
3.003411062231114911e-32
3.003411062231114911e-32
3.003410610626247191e-32
3.003410610626247191e-32
2.945244519007401422e-32
2.945244504326153416e-32
2.945244504326153416e-32
2.945244504326153416e-32
2.945244504326153416e-32
2.945244504326153416e-32
2.945244504326153416e-32
2.945244504326153416e-32
2.943417725158826959e-32
2.943417725158826959e-32
2.943417725154509208e-32
2.943417724822974581e-32
2.490937476633706377e-32
2.490937476633706377e-32
2.466338163692754799e-32
2.466338163692754799e-32
1.577381638520760010e-32
1.577239615140777847e-32
1.175691348701260129e-32
1.175691348701260129e-32
1.175689136370418745e-32
1.175689136370418745e-32
1.175688859985947813e-32
1.110881171133679256e-32
1.110881171133679256e-32
1.110881171133679256e-32
1.110881171133679256e-32
1.110881171133676109e-32
1.110881171133676109e-32
1.110881171133676109e-32
1.110881171133676109e-32
1.107370429879073542e-32
1.107370429691581586e-32
1.107370427062338688e-32
1.107370427062338688e-32
1.107370427062338688e-32
1.043634138981827509e-32
7.465999729888430431e-33
7.465999729888430431e-33
7.465999729888430431e-33
7.465999729888430431e-33
7.455467276050592697e-33
7.455253171861118462e-33
4.980913606665711967e-33
4.980913606665711967e-33
4.980913606665711967e-33
4.980913606665711967e-33
4.980913606665711967e-33
4.980913606665655861e-33
4.980878695810125668e-33
4.980878695810125668e-33
4.980878695809511915e-33
4.374247662410828818e-33
4.374247662410828818e-33
4.374247662410828818e-33
4.374247662410828818e-33
4.374247662410828818e-33
4.374247488586783390e-33
4.374247440103309140e-33
4.319662540327953160e-33
4.319662540327953160e-33
4.319662540327953160e-33
4.319662540327953160e-33
4.319662540327953160e-33
4.318363706768782666e-33
4.318363706768782666e-33
4.318363706750493943e-33
4.318363706750493943e-33
3.594683442770540502e-33
3.548887422457679940e-33
3.548887422434634465e-33
2.309613835887590622e-33
2.309613835887590622e-33
2.309613835887590622e-33
2.309268782922313087e-33
1.821853152654388012e-33
1.821852188681636279e-33
1.821851361641620979e-33
1.752258734120776747e-33
1.752258734120776405e-33
1.752258734120776405e-33
1.752258734120776405e-33
1.752258734120776405e-33
1.752258734120776405e-33
1.752258734120776405e-33
1.752258733417930117e-33
1.752258733417930117e-33
1.749368124052054334e-33
1.749368123738309903e-33
1.749368123738309903e-33
1.749368123738309903e-33
1.749368123738309903e-33
1.749368123738309903e-33
1.749368123738309903e-33
1.630534655315781096e-33
1.155353230092212852e-33
1.155353230092212852e-33
1.153093205006391377e-33
1.153093205006391377e-33
1.153083911336752351e-33
8.171710560149721289e-34
8.171710560149423650e-34
8.171710560149423650e-34
8.171604069290636975e-34
8.171604069290636975e-34
8.171604069290636975e-34
7.429029265872650053e-34
7.429029265872644922e-34
7.429029265872644922e-34
7.429029265872644922e-34
7.429029265872644922e-34
7.429029091602545084e-34
7.429029067628789869e-34
7.376718876111994185e-34
7.376718876111994185e-34
7.376718876111994185e-34
7.376718876111994185e-34
7.376718876032094343e-34
7.376718876032094343e-34
7.376718876032094343e-34
7.376031420740834024e-34
6.008851761735789056e-34
6.008851761735789056e-34
5.912508772858601556e-34
5.912508772858601556e-34
3.999616272492548569e-34
3.999616272492457053e-34
3.998688641692167848e-34
3.322484683493956632e-34
3.322481566237522903e-34
3.322481412941036244e-34
3.322481412941036244e-34
3.322481412941034961e-34
3.322481412941034961e-34
3.244824957876906882e-34
3.244824957876906882e-34
3.244824957876906882e-34
3.244824957876906882e-34
3.244824954873472854e-34
3.244824954873472854e-34
3.244824954873472854e-34
3.243024320872336141e-34
3.243024320872336141e-34
3.243024320872336141e-34
3.243024320872336141e-34
3.243024320872336141e-34
3.243024320868990695e-34
3.243024320868990695e-34
2.976898933447267894e-34
2.123719011868744613e-34
2.123719011868744613e-34
2.117954934573357174e-34
2.117954934573357174e-34
2.117954934573058680e-34
1.590405781196234403e-34
1.590404935827122676e-34
1.590368772787264175e-34
1.590368772787264175e-34
1.590368772787264175e-34
1.590368772787264175e-34
1.590368772787264175e-34
1.494315403067892773e-34
1.494315403067892773e-34
1.494315403067892773e-34
1.494315323159978317e-34
1.494315323159978317e-34
1.494315323129885980e-34
1.490457636817806960e-34
1.490457636817806960e-34
1.490457636817806960e-34
1.490457636777159982e-34
1.490457636777159982e-34
1.490444216464300159e-34
1.490444216464300159e-34
1.196206649777356598e-34
1.196206649777356598e-34
1.171070964350584970e-34
8.269291255794050698e-35
8.269291255794050698e-35
8.266296230739782960e-35
8.266296230739782960e-35
7.257370780615792909e-35
7.257370780615792909e-35
7.257357446257330889e-35
7.257357446257319129e-35
7.257357446257319129e-35
7.257357443988162203e-35
7.189162131509358572e-35
7.189162131509358572e-35
7.189162131509358572e-35
7.189162114800813743e-35
7.189162114800813743e-35
7.189162114800813743e-35
7.189162114800813743e-35
7.189162114800813743e-35
7.189162114800813743e-35
7.189162114800813743e-35
7.189162114800813743e-35
7.188739267282054589e-35
7.188739267282054589e-35
7.188739267282054589e-35
7.188739267282054589e-35
6.499644161616718671e-35
4.691700551984142853e-35
4.673109807690067941e-35
4.673109807688256341e-35
3.763073658875988767e-35
3.763073658875988767e-35
3.762920723087816999e-35
3.762920708405948932e-35
3.762920708405948932e-35
3.762920708405948932e-35
3.661862046677598038e-35
3.661862046677598038e-35
3.661861616471543481e-35
3.661861616471543481e-35
3.661861616471543481e-35
3.661861616471543481e-35
3.660751404262429071e-35
3.660751404262425329e-35
3.660751404262425329e-35
3.660751404262425329e-35
3.660751403984533171e-35
2.892916498499994830e-35
2.814746284377989562e-35
2.814746135884905193e-35
2.814746135884905193e-35
2.814746135884905193e-35
2.115524409744876465e-35
2.114227721749842134e-35
2.114227721749842134e-35
2.114227721749842134e-35
1.986085428189485233e-35
1.986077884384330898e-35
1.986077884384320207e-35
1.986077884384320207e-35
1.986077884384320207e-35
1.986077884384320207e-35
1.986077884384283857e-35
1.986077884384283857e-35
1.986077884384283857e-35
1.983615701237493825e-35
1.983615689833302872e-35
1.983615689833302872e-35
1.983615689833302872e-35
1.983615689833302872e-35
1.983615689833302872e-35
1.983615689833302872e-35
1.983615689833302872e-35
1.983614691057315668e-35
1.983614691057315668e-35
1.983614691057315668e-35
1.757709227558899310e-35
1.757709227555993748e-35
1.743804255721939380e-35
1.299781850736181889e-35
1.299781850736181889e-35
1.299781850736181889e-35
1.299661128737850861e-35
1.158298513389465156e-35
1.158298513389167810e-35
1.158298513389167810e-35
1.153612583462088870e-35
1.153612260928892138e-35
1.153612260928892138e-35
1.153612260928892138e-35
1.153612260928892138e-35
1.153612260928892138e-35
1.153608841506616955e-35
1.153608841506616955e-35
1.153608841506616955e-35
1.153608841259204738e-35
1.100086266097175218e-35
8.706325788245223562e-36
8.706325788214862291e-36
8.694584539792795048e-36
7.335595759224815202e-36
7.335595759224815202e-36
7.335595759224815202e-36
7.335595759224815202e-36
7.335595759224653500e-36
7.335595759224653500e-36
7.335595759224653500e-36
7.335527665436986099e-36
7.335527665436986099e-36
7.257840302110053715e-36
7.257840302110053715e-36
7.257840302110053715e-36
7.257840302110053715e-36
7.257840302110053715e-36
7.257840302110053715e-36
7.257738166847409334e-36
7.257738166847409334e-36
7.257738051519622012e-36
7.257738051519622012e-36
7.257738051519622012e-36
7.257738051519622012e-36
7.257738051233868719e-36
7.257738051233868719e-36
7.257738051189452715e-36
6.281688744437545255e-36
6.281688744437545255e-36
6.204017492025886139e-36
5.083018142357912324e-36
5.083018142357912324e-36
5.082030477539277218e-36
4.968652516404537134e-36
4.968652516404537134e-36
4.968652516404537134e-36
4.968648557491538141e-36
4.968379980470229129e-36
4.968379980470227124e-36
4.968379980470227124e-36
4.968379980470227124e-36
4.968379980470227124e-36
4.968379979114723811e-36
4.968379975648029712e-36
4.968379975648029712e-36
4.646659291634689444e-36
3.865777835547006438e-36
3.865777835547006438e-36
3.855621259622524718e-36
3.855621259622524718e-36
3.855621259622524718e-36
3.709888987468975961e-36
3.709888987468975961e-36
3.709888987468975961e-36
3.709888987468975961e-36
3.709888987468605115e-36
3.709888987468605115e-36
3.709888987468605115e-36
3.709795808799233067e-36
3.709172878922897988e-36
3.709172878922897988e-36
3.709172878922897988e-36
3.709172878922897988e-36
3.709172679612488874e-36
3.709172679612488874e-36
3.709172679612488874e-36
3.709172673911400228e-36
3.709172673911400228e-36
3.709172673911400228e-36
3.709172673911400228e-36
3.709172673823766286e-36
3.709172673823766286e-36
3.242018156385103304e-36
3.174247945109737060e-36
3.011753056749633686e-36
3.011753056749633686e-36
3.011753056749633686e-36
3.010230213289266972e-36
3.008968471277424292e-36
3.008968471277424292e-36
3.008960703477194435e-36
3.008960682425576138e-36
3.008960682425570793e-36
3.008960682425570793e-36
3.008960682425570793e-36
3.008960674012328569e-36
3.008960674012328569e-36
3.008960674012328569e-36
3.008960674012328569e-36
3.008960674012328569e-36
3.008960674012328569e-36
3.008960674012328569e-36
2.796204215366092378e-36
2.642608897582871879e-36
2.626978245390186419e-36
2.626978245390186419e-36
2.626978245390186419e-36
2.626978245390186419e-36
2.624798762777279394e-36
2.624798762777279394e-36
2.624798762775878197e-36
2.624798762775878197e-36
2.624593859341251822e-36
2.624593859341251822e-36
2.624593792695421099e-36
2.624593792695421099e-36
2.624593792695421099e-36
2.624593258789422113e-36
2.624593258789422113e-36
2.624593258789422113e-36
2.624593258789422113e-36
2.624593258789422113e-36
2.624593258789422113e-36
2.624593258499095051e-36
2.624593258499095051e-36
2.502585405512723205e-36
2.429918418351469042e-36
2.429918418351469042e-36
2.426808799110419537e-36
2.423544466417245467e-36
2.423544291556684544e-36
2.423522153097902253e-36
2.423522153097902253e-36
2.423522153097875525e-36
2.423522153097875525e-36
2.423522153097875525e-36
2.423522153097875525e-36
2.423522123897447988e-36
2.423522123897447988e-36
2.423522123897447988e-36
2.423522123897447988e-36
2.423522123897447988e-36
2.423522123897447988e-36
2.423522123897447988e-36
2.423522123897447988e-36
2.354527242396766074e-36
2.350957596166461495e-36
2.350957596166461495e-36
2.350957596166461495e-36
2.328591007738879521e-36
2.328591007738879521e-36
2.328591007731581537e-36
2.328590641442493399e-36
2.328590641442493399e-36
2.328057859246860455e-36
2.328057859246860455e-36
2.328057859246860455e-36
2.328057859246860455e-36
2.328056013749524343e-36
2.328056013749524343e-36
2.328056013749524343e-36
2.328056013749523674e-36
2.328056013749523674e-36
2.328056012527400006e-36
2.328056012527400006e-36
2.324936821927923396e-36
2.294456721768164823e-36
2.294456721768164823e-36
2.294456128465516475e-36
2.289166331862811024e-36
2.289166331862811024e-36
2.289166331862811024e-36
2.289101069406551059e-36
2.289101069406393366e-36
2.289101069406393366e-36
2.289101069406393366e-36
2.289101069406393366e-36
2.289101069406393366e-36
2.289100954957742170e-36
2.289100954957742170e-36
2.289100954957742170e-36
2.289100954957742170e-36
2.289100954957742170e-36
2.289100954957742170e-36
2.289100954957742170e-36
2.289100954957742170e-36
2.289100954957742170e-36
2.287137035098571474e-36
2.287136314161106048e-36
2.276962624274546042e-36
2.276962624237213533e-36
2.276962624237212864e-36
2.276962624237212864e-36
2.276038410799051061e-36
2.276038410799051061e-36
2.276038410799051061e-36
2.276032582310357336e-36
2.276032582310357336e-36
2.276032582310354664e-36
2.276032582310354664e-36
2.276032582310354664e-36
2.276032582310354664e-36
2.276032577178541180e-36
2.276032577178541180e-36
2.275114651352966054e-36
2.275114013852534970e-36
2.272624116453151859e-36
2.272624116453150856e-36
2.272624116453150856e-36
2.272624116453150856e-36
2.272624116452318290e-36
2.272507401091101157e-36
2.272507401091101157e-36
2.272507401091101157e-36
2.272507401091101157e-36
2.272507401091101157e-36
2.272507401091101157e-36
2.272507401091101157e-36
2.272507401091101157e-36
2.272507028388028867e-36
2.272507028388028867e-36
2.272507028388028867e-36
2.272507028388028867e-36
2.272507028388028867e-36
2.272507028388028867e-36
2.272507028388028867e-36
2.272506614375277523e-36
2.272506614211906116e-36
2.272193659490689009e-36
2.272193659490688007e-36
2.272193659490688007e-36
2.272193659490688007e-36
2.271753497893659022e-36
2.271753497893659022e-36
2.271753497893659022e-36
2.271742961492505397e-36
2.271742961492505397e-36
2.271742961492505397e-36
2.271742961492492033e-36
2.271742961492492033e-36
2.271742961492492033e-36
2.271742944599601076e-36
2.271742749084249571e-36
2.271742749084248569e-36
2.271665649026982200e-36
2.271665649026982200e-36
2.271665649026982200e-36
2.271665649026982200e-36
2.271665649023327862e-36
2.271665649023327862e-36
2.271609886544427605e-36
2.271609886544427605e-36
2.271609886544427605e-36
2.271609886544427605e-36
2.271609886544427605e-36
2.271609886544427605e-36
2.271609886544427605e-36
2.271609886544427605e-36
2.271609886544427605e-36
2.271609210782366073e-36
2.271609210782366073e-36
2.271609210782366073e-36
2.271609210782365739e-36
2.271609210782365739e-36
2.271609210242974091e-36
2.271609210242973088e-36
2.271609143403204888e-36
2.271609143403204888e-36
2.271609143403204888e-36
2.271595492208212759e-36
2.271595492208212759e-36
2.271595492208212759e-36
2.271595492208212759e-36
2.271590454862660478e-36
2.271590454862603347e-36
2.271590454862603347e-36
2.271590454862603347e-36
2.271590424213366948e-36
2.271590424213366948e-36
2.271590424213366614e-36
2.271590424213366614e-36
2.271590407737514485e-36
2.271590407737514485e-36
2.271590407737514485e-36
2.271590407737514485e-36
2.271590407737514485e-36
2.271590407737514485e-36
2.271590407737514485e-36
2.271590407725440605e-36
2.271590407725440605e-36
2.271588677813101317e-36
2.271588677813101317e-36
2.271588677813101317e-36
2.271588677813101317e-36
2.271588677813101317e-36
2.271588354699995627e-36
2.271588354699995627e-36
2.271588354699995293e-36
2.271588354699995293e-36
2.271588353721247566e-36
2.271588353721247566e-36
2.271588353721247566e-36
2.271588353721247566e-36
2.271588353721247566e-36
2.271588353721247566e-36
2.271588353721247566e-36
2.271588350803806949e-36
2.271588194524883942e-36
2.271588194524695512e-36
2.271588194524695512e-36
2.271588194524695512e-36
2.271588179869634607e-36
2.271588179869634607e-36
2.271588179869634607e-36
2.271588179869634607e-36
2.271588179869634607e-36
2.271588179869634607e-36
2.271588179869634607e-36
2.271588179869634607e-36
2.271588179869634607e-36
2.271588179869634607e-36
2.271588179869634607e-36
2.271588179869634607e-36
2.271588179847726289e-36
2.271588179847726289e-36
2.271588179847726289e-36
2.271588179478017112e-36
2.271588179478017112e-36
2.271588179478017112e-36
2.271588169453697470e-36
2.271588169453697470e-36
2.271588169453695465e-36
2.271588169453695465e-36
2.271588168985702383e-36
2.271588168985702383e-36
2.271588168985702383e-36
2.271588168985702383e-36
2.271588168985702383e-36
2.271588168985702383e-36
2.271588168952303181e-36
2.271588168952303181e-36
2.271588168951961067e-36
2.271588168951961067e-36
2.271588168497299401e-36
2.271588168497299401e-36
2.271588168497299401e-36
2.271588168497299401e-36
2.271588168497299401e-36
2.271588168497299401e-36
2.271588168497299401e-36
2.271588168497299401e-36
2.271588168497299401e-36
2.271588168497299401e-36
2.271588168497299401e-36
2.271588168497299401e-36
2.271588168497299401e-36
2.271588168486823500e-36
2.271588168486823500e-36
2.271588168486823500e-36
2.271588168486823500e-36
2.271588168486823500e-36
2.271588168484681613e-36
2.271588168484681613e-36
2.271588168484677604e-36
2.271588168484677604e-36
2.271588168470158478e-36
2.271588168470158478e-36
2.271588168470158478e-36
2.271588168470158478e-36
2.271588168470158478e-36
2.271588168470158478e-36
2.271588168470158478e-36
2.271588168469995105e-36
2.271588168469995105e-36
2.271588168469995105e-36
2.271588168469995105e-36
2.271588168469897549e-36
2.271588168469897549e-36
2.271588168469897549e-36
2.271588168469897549e-36
2.271588168469897549e-36
2.271588168469897549e-36
2.271588168469897549e-36
2.271588168469897549e-36
2.271588168469897549e-36
2.271588168469572808e-36
2.271588168469572808e-36
2.271588168469572808e-36
2.271588168469572808e-36
2.271588168469572808e-36
2.271588168469572808e-36
2.271588168469572808e-36
2.271588168469572808e-36
2.271588168469570804e-36
2.271588168469570804e-36
2.271588168469570804e-36
2.271588168469567797e-36
2.271588168469567797e-36
2.271588168469567797e-36
2.271588168469567797e-36
2.271588168469567797e-36
2.271588168469562785e-36
2.271588168469562785e-36
2.271588168469562785e-36
2.271588168469562785e-36
2.271588168469562785e-36
2.271588168469562785e-36
2.271588168469562785e-36
2.271588168469562785e-36
2.271588168469562785e-36
2.271588168469562785e-36
2.271588168469562785e-36
2.271588168469562785e-36
2.271588168469562785e-36
2.271588168469562785e-36
2.271588168469562785e-36
2.271588168469562785e-36
2.271588168469562785e-36
2.271588168469562785e-36
2.271588168469562785e-36
2.271588168469562785e-36
2.271588168469562785e-36
2.271588168469562785e-36
2.271588168469562785e-36
2.271588168469562785e-36
2.271588168469562785e-36
2.271588168469562785e-36
2.271588168469562785e-36
2.271588168469562785e-36
2.271588168469562785e-36
2.271588168469562785e-36
2.271588168469562785e-36
2.271588168469562785e-36
2.271588168469562785e-36
2.271588168469562785e-36
2.271588168469562785e-36
2.271588168469562785e-36
2.271588168469562785e-36
2.271588168469562785e-36
2.271588168469562785e-36
2.271588168469562785e-36
2.271588168469562785e-36
2.271588168469562785e-36
2.271588168469562785e-36
2.271588168469562785e-36
2.271588168469562785e-36
2.271588168469562785e-36
2.271588168469562785e-36
2.271588168469562785e-36
2.271588168469562785e-36
2.271588168469562785e-36
2.271588168469562785e-36
2.271588168469562785e-36
2.271588168469562785e-36
2.271588168469562785e-36
2.271588168469562785e-36
2.271588168469562785e-36
2.271588168469562785e-36
2.271588168469562785e-36
2.271588168469562785e-36
2.271588168469562785e-36
2.271588168469562785e-36
2.271588168469562785e-36
2.271588168469562785e-36
2.271588168469562785e-36
2.271588168469562785e-36
2.271588168469562785e-36
2.271588168469562785e-36
2.271588168469562785e-36
2.271588168469562785e-36
2.271588168469562785e-36
2.271588168469562785e-36
2.271588168469562785e-36
2.271588168469562785e-36
2.271588168469562785e-36
2.271588168469562785e-36
2.271588168469562785e-36
2.271588168469562785e-36
2.271588168469562785e-36
2.271588168469562785e-36
2.271588168469562785e-36
2.271588168469562785e-36
2.271588168469562785e-36
2.271588168469562785e-36
2.271588168469562785e-36
2.271588168469562785e-36
2.271588168469562785e-36
2.271588168469562785e-36
2.271588168469562785e-36
2.271588168469562785e-36
2.271588168469562785e-36
2.271588168469562785e-36
2.271588168469562785e-36
2.271588168469562785e-36
2.271588168469562785e-36
2.271588168469562785e-36
2.271588168469562785e-36
2.271588168469562785e-36
2.271588168469562785e-36
2.271588168469562785e-36
2.271588168469562785e-36
2.271588168469562785e-36
2.271588168469562785e-36
2.271588168469562785e-36
2.271588168469562785e-36
2.271588168469562785e-36
2.271588168469562785e-36
2.271588168469562785e-36
2.271588168469562785e-36
2.271588168469562785e-36
2.271588168469562785e-36
2.271588168469562785e-36
2.271588168469562785e-36
2.271588168469562785e-36
2.271588168469562785e-36
2.271588168469562785e-36
2.271588168469562785e-36
2.271588168469562785e-36
2.271588168469562785e-36
2.271588168469562785e-36
2.271588168469562785e-36
2.271588168469562785e-36
2.271588168469562785e-36
2.271588168469562785e-36
2.271588168469562785e-36
2.271588168469562785e-36
2.271588168469562785e-36
2.271588168469562785e-36
2.271588168469562785e-36
2.271588168469562785e-36
2.271588168469562785e-36
2.271588168469562785e-36
2.271588168469562785e-36
2.271588168469562785e-36
2.271588168469562785e-36
2.271588168469562785e-36
2.271588168469562785e-36
2.271588168469562785e-36
2.271588168469562785e-36
2.271588168469562785e-36
2.271588168469562785e-36
2.271588168469562785e-36
2.271588168469562785e-36
2.271588168469562785e-36
2.271588168469562785e-36
2.271588168469562785e-36
2.271588168469562785e-36
2.271588168469562785e-36
2.271588168469562785e-36
2.271588168469562785e-36
2.271588168469562785e-36
2.271588168469562785e-36
2.271588168469562785e-36
2.271588168469562785e-36
2.271588168469562785e-36
2.271588168469562785e-36
2.271588168469562785e-36
2.271588168469562785e-36
2.271588168469562785e-36
2.271588168469562785e-36
2.271588168469562785e-36
2.271588168469562785e-36
2.271588168469562785e-36
2.271588168469562785e-36
2.271588168469562785e-36
2.271588168469562785e-36
2.271588168469562785e-36
2.271588168469562785e-36
2.271588168469562785e-36
2.271588168469562785e-36
2.271588168469562785e-36
2.271588168469562785e-36
2.271588168469562785e-36
2.271588168469562785e-36
2.271588168469562785e-36
2.271588168469562785e-36
2.271588168469562785e-36
2.271588168469562785e-36
2.271588168469562785e-36
2.271588168469562785e-36
2.271588168469562785e-36
2.271588168469562785e-36
2.271588168469562785e-36
2.271588168469562785e-36
2.271588168469562785e-36
2.271588168469562785e-36
2.271588168469562785e-36
2.271588168469562785e-36
2.271588168469562785e-36
2.271588168469562785e-36
2.271588168469562785e-36
2.271588168469562785e-36
2.271588168469562785e-36
2.271588168469562785e-36
2.271588168469562785e-36
2.271588168469562785e-36
2.271588168469562785e-36
2.271588168469562785e-36
2.271588168469562785e-36
2.271588168469562785e-36
2.271588168469562785e-36
2.271588168469562785e-36
2.271588168469562785e-36
2.271588168469562785e-36
2.271588168469562785e-36
2.271588168469562785e-36
2.271588168469562785e-36
2.271588168469562785e-36
2.271588168469562785e-36
2.271588168469562785e-36
2.271588168469562785e-36
2.271588168469562785e-36
2.271588168469562785e-36
2.271588168469562785e-36
2.271588168469562785e-36
2.271588168469562785e-36
2.271588168469562785e-36
2.271588168469562785e-36
2.271588168469562785e-36
2.271588168469562785e-36
2.271588168469562785e-36
2.271588168469562785e-36
2.271588168469562785e-36
2.271588168469562785e-36
2.271588168469562785e-36
2.271588168469562785e-36
2.271588168469562785e-36
2.271588168469562785e-36
2.271588168469562785e-36
2.271588168469562785e-36
2.271588168469562785e-36
2.271588168469562785e-36
2.271588168469562785e-36
2.271588168469562785e-36
2.271588168469562785e-36
2.271588168469562785e-36
2.271588168469562785e-36
2.271588168469562785e-36
2.271588168469562785e-36
2.271588168469562785e-36
2.271588168469562785e-36
2.271588168469562785e-36
2.271588168469562785e-36
2.271588168469562785e-36
2.271588168469562785e-36
2.271588168469562785e-36
2.271588168469562785e-36
2.271588168469562785e-36
2.271588168469562785e-36
