9.994914131343917152e-01
9.994197058551849144e-01
9.992868866170323550e-01
9.990921555390350761e-01
9.990697536540380508e-01
9.989992368468053607e-01
9.986891137737273771e-01
9.983888368813023106e-01
9.983884118797627938e-01
9.982873344892975176e-01
9.982394692833065353e-01
9.976595395003504674e-01
9.972596810433855818e-01
9.972556958115152970e-01
9.969098188644354153e-01
9.969097925262849769e-01
9.959647942543522481e-01
9.959638969179149814e-01
9.959638154659111731e-01
9.958898529377886444e-01
9.954932118782989781e-01
9.946269211495063489e-01
9.946269162115947138e-01
9.932869619058704025e-01
9.932861883177774853e-01
9.932856218109814561e-01
9.929693657888760683e-01
9.926919721687417208e-01
9.910459712064968452e-01
9.892931867754084507e-01
9.892931848247132898e-01
9.892864411759743071e-01
9.892864410599002678e-01
9.882649880970360012e-01
9.882648955700992222e-01
9.856714899888759929e-01
9.856623737739752533e-01
9.856622429607307945e-01
9.854544325260851112e-01
9.854544325129754867e-01
9.836539595566320404e-01
9.812094081727847916e-01
9.812094081683446767e-01
9.812093916807367311e-01
9.779478711614293385e-01
9.779467087489790433e-01
9.779419161411537775e-01
9.779419158730798811e-01
9.771102442472388017e-01
9.758200484753193349e-01
9.711857706006066238e-01
9.674676704440781094e-01
9.674676704439919561e-01
9.674676662160298646e-01
9.674581978461934684e-01
9.674581973030259574e-01
9.674581973028683057e-01
9.648953279498176938e-01
9.648945708257962162e-01
9.573737087093122655e-01
9.573480247717853775e-01
9.573478544389597555e-01
9.571649221053567524e-01
9.571649220944341563e-01
9.537461229099623017e-01
9.479022675357920980e-01
9.479022675357898775e-01
9.479022675149182398e-01
9.479021475259186147e-01
9.389221831199037194e-01
9.389207858532265805e-01
9.389077047010954136e-01
9.389077045087158568e-01
9.381632947035455361e-01
9.381632947035437597e-01
9.357836760653762687e-01
9.254142606490201040e-01
9.155165178911991442e-01
9.155165178909925316e-01
9.155165178909924206e-01
9.155165151579214289e-01
9.155060640775485314e-01
9.155060618106002357e-01
9.155060618105339554e-01
9.129250135315947201e-01
9.129217355234314768e-01
8.967095194261780478e-01
8.966537297719030519e-01
8.966535537699431568e-01
8.963359484075992256e-01
8.963359484007166200e-01
8.871660448804540300e-01
8.802251276288173276e-01
8.802251276288173276e-01
8.802251276288055593e-01
8.802251274493066990e-01
8.802245224608519214e-01
8.611348612371063638e-01
8.611335218753404241e-01
8.611084536875506235e-01
8.611084535748155799e-01
8.598950899867395803e-01
8.598950899867380260e-01
8.533286178585843818e-01
8.395927950238443183e-01
8.191023578719340836e-01
8.191023578708679365e-01
8.191023564636364940e-01
8.191023564636364940e-01
8.190934383968448973e-01
8.190934307933566139e-01
8.190934307933033232e-01
8.151596547528279224e-01
8.151536556095715369e-01
8.151536556095715369e-01
7.917753413082482261e-01
7.914962747721120406e-01
7.914961236067928896e-01
7.910538357051752900e-01
7.910538356965345352e-01
7.720338738127195954e-01
7.620778526999307800e-01
7.620778526999307800e-01
7.620778526998693847e-01
7.620778521124408345e-01
7.620778521124407234e-01
7.620767917193617125e-01
7.371770802083305041e-01
7.371759681826411947e-01
7.370688615881636485e-01
7.370688614525569005e-01
7.354622526901277713e-01
7.354622526901266610e-01
7.215254401117393579e-01
7.022683140418588543e-01
7.022683140418588543e-01
6.783872202031709930e-01
6.783872201977451111e-01
6.783872185117616471e-01
6.783872185117612030e-01
6.783800528237291516e-01
6.783800339278507341e-01
6.783800339278152070e-01
6.783800339278152070e-01
6.734111929466829460e-01
6.733873144691022716e-01
6.733873144691022716e-01
6.379693634574498118e-01
6.375788018559114256e-01
6.375786973584417483e-01
6.373683985740169478e-01
6.373683985703600952e-01
6.177588519999138716e-01
6.056530581159783599e-01
6.056530581159783599e-01
6.056530581156945869e-01
6.056530567119559061e-01
6.056530567119559061e-01
6.056530567119559061e-01
6.056491690396624827e-01
5.699210494788935488e-01
5.699210494788935488e-01
5.699203420313789792e-01
5.697759312187284930e-01
5.697759311670039795e-01
5.690457864231750484e-01
5.690457864231748264e-01
5.562026850835957159e-01
5.342045780426224466e-01
5.342045780426224466e-01
5.014484963775135418e-01
5.014484963708785159e-01
5.014484958049209018e-01
5.014484958049201246e-01
5.014444213332602818e-01
5.014443821234534360e-01
5.014443821234453313e-01
5.014443821234453313e-01
4.991465678008292217e-01
4.991084511183634387e-01
4.991084511183634387e-01
4.991084511183634387e-01
4.625828359760529862e-01
4.620984533261007221e-01
4.620983939690033737e-01
4.619005517888470358e-01
4.619005517875173217e-01
4.355045773915506291e-01
4.292305695696087553e-01
4.292305695696087553e-01
4.292305695690271095e-01
4.292305649958063074e-01
4.292305649958062519e-01
4.292305649958062519e-01
4.292231384266356198e-01
3.922609395363998441e-01
3.922609395363998441e-01
3.922605587993174825e-01
3.921049924930070096e-01
3.921049924750873994e-01
3.914570212916868019e-01
3.914570212916868019e-01
3.914570212916866354e-01
3.739094353138785465e-01
3.605200460626666326e-01
3.605200460626666326e-01
3.267330428294084599e-01
3.267330428107630969e-01
3.267330426328107773e-01
3.267330426328092230e-01
3.267310609435927771e-01
3.267309935962894873e-01
3.267309935962858236e-01
3.267309935962858236e-01
3.248318884293628916e-01
3.247938881904912090e-01
3.247938881904912090e-01
3.247938881904912090e-01
2.964900687636766174e-01
2.952893250354798882e-01
2.952893250354798882e-01
2.952892979502793058e-01
2.951515988010860458e-01
2.951515988002454960e-01
2.681845556424843902e-01
2.633672531193222421e-01
2.633672531193222421e-01
2.633672531177395637e-01
2.633672455884742414e-01
2.633672455884741304e-01
2.633672455884741304e-01
2.633601806461867145e-01
2.368739158579884763e-01
2.368739158579884763e-01
2.368737375801131528e-01
2.365325383538985637e-01
2.365325383424861094e-01
2.360869338760426261e-01
2.360869338760426261e-01
2.360869338760425429e-01
2.180642001485787185e-01
2.082238536267053408e-01
2.082238536267053408e-01
1.862095561823697287e-01
1.862095561357583196e-01
1.862095560194512445e-01
1.862095560194451105e-01
1.862086475164765054e-01
1.862086475164765054e-01
1.862085571219268265e-01
1.862085571219254942e-01
1.862085571219254942e-01
1.849519829949831662e-01
1.848756579406161671e-01
1.848756579406161671e-01
1.848756579406161671e-01
1.614485336630731571e-01
1.605490111172409584e-01
1.605490111172409584e-01
1.605490111172409584e-01
1.605490007829063481e-01
1.605113559733612472e-01
1.605113559731642936e-01
1.447188042623653859e-01
1.416657963491639582e-01
1.416657963491639582e-01
1.416657963456998959e-01
1.416657870147512155e-01
1.416657870147509379e-01
1.416526676693633247e-01
1.416526676693633247e-01
1.212439686313969700e-01
1.212439686313969700e-01
1.212439057382830587e-01
1.210010663716266088e-01
1.210010663691800936e-01
1.208873377036797647e-01
1.208873377036797647e-01
1.208873377036797647e-01
1.115393234234712400e-01
1.055942788508541785e-01
1.055942788508541785e-01
1.055942788508541785e-01
8.945283261793578189e-02
8.945283258668096371e-02
8.945283258667377502e-02
8.945283256432481900e-02
8.945254436663085951e-02
8.945254436663085951e-02
8.945244535818802634e-02
8.945244535818785980e-02
8.945244535818785980e-02
8.914447715541572170e-02
8.908910029271943642e-02
8.908910029271943642e-02
8.908910029271943642e-02
7.691086666881516432e-02
7.628037754829816719e-02
7.628037754829816719e-02
7.628037754829816719e-02
7.628037429593288732e-02
7.626116526943343965e-02
7.626116526939195894e-02
6.509390460815994706e-02
6.433131033988576108e-02
6.433131033988576108e-02
6.433131033691159850e-02
6.433129794681428926e-02
6.433129794681390068e-02
6.433129794681390068e-02
6.432097432226341338e-02
6.432097432226341338e-02
5.376781321990605628e-02
5.376781321990605628e-02
5.376779380050482338e-02
5.361710308752713761e-02
5.361710308701947425e-02
5.356122108830661116e-02
5.356122108830661116e-02
5.356122108830659728e-02
5.356122108830659728e-02
4.700368895726294433e-02
4.532599537371524018e-02
4.532599537371524018e-02
4.532599537371524018e-02
3.690649708600844681e-02
3.690649703592806946e-02
3.690649703592066566e-02
3.690649703143279031e-02
3.690641275880946620e-02
3.690641275880946620e-02
3.690632000566790999e-02
3.690632000566790999e-02
3.690632000566786142e-02
3.676388024829817941e-02
3.673262290964740551e-02
3.673262290964740551e-02
3.673262290964740551e-02
3.160039677832118810e-02
3.084724349201503277e-02
3.084724349201503277e-02
3.084724349201503277e-02
3.084724273871808017e-02
3.084077063696058843e-02
3.084077063694795270e-02
2.497584904816185086e-02
2.464980862465179084e-02
2.464980862465179084e-02
2.464980862465179084e-02
2.464980862035468304e-02
2.464979793079655895e-02
2.464979793079619813e-02
2.464979793079619813e-02
2.464433388587300780e-02
2.464433388587300780e-02
2.043432650409145179e-02
2.043432650409145179e-02
2.043432133654703858e-02
2.026394918719547425e-02
2.026394918702715750e-02
2.024391133810251112e-02
2.024391133810251112e-02
2.024391133810250765e-02
2.024391133810250765e-02
1.680858882854966568e-02
1.613577627857205529e-02
1.613577627857205529e-02
1.613577627857205529e-02
1.302977950348549636e-02
1.302977943905734952e-02
1.302977943904158956e-02
1.302977943745056710e-02
1.302975731554728567e-02
1.302975731554728567e-02
1.302968845528051749e-02
1.302968845528051575e-02
1.302968845528050534e-02
1.297870332524792177e-02
1.294614905593298275e-02
1.294614905593298275e-02
1.294614905593298275e-02
1.294614905593298275e-02
1.054537145165804560e-02
1.022353749344342630e-02
1.022353749344342630e-02
1.022353749344342630e-02
1.022353733135914801e-02
1.022248974507954100e-02
1.022248974507783750e-02
8.246657786690848868e-03
8.135990823880712847e-03
8.135990823880712847e-03
8.135990819178300776e-03
8.135990819178300776e-03
8.135983703986156973e-03
8.135983703985497778e-03
8.135983703985497778e-03
8.130738348203728205e-03
8.130738348203728205e-03
8.130738348203728205e-03
6.333449279779788423e-03
6.333448232486561455e-03
6.266044459403179688e-03
6.266044459382167850e-03
6.263023026017108981e-03
6.263023026017108981e-03
6.263023026017108981e-03
6.263023026017108981e-03
5.222779638265531883e-03
5.005405965005652741e-03
5.005405965005652741e-03
5.005405965005652741e-03
5.005405965005652741e-03
5.005405461322360618e-03
3.762601142149771087e-03
3.762601142139844566e-03
3.762601141956977823e-03
3.762597078759861817e-03
3.762597078759861817e-03
3.762555683144484884e-03
3.762555683144484450e-03
3.762555683144483149e-03
3.755320150565507904e-03
3.743001643891110709e-03
3.743001643891110709e-03
3.743001643891110709e-03
3.743001643891110709e-03
3.094669263105246770e-03
3.094669263105246770e-03
2.971785130813591521e-03
2.971785130813591521e-03
2.971785130813591521e-03
2.971785103016821427e-03
2.971500789963122009e-03
2.971500789962918613e-03
2.215429694897909276e-03
2.200353170328430558e-03
2.200353170328430558e-03
2.200353168347012056e-03
2.200353168347012056e-03
2.200348714500411501e-03
2.200348714499959172e-03
2.200348714499959172e-03
2.198375799123731406e-03
2.198375799123731406e-03
2.198375799123731406e-03
1.715541949022290772e-03
1.691534961470929311e-03
1.691534799811745008e-03
1.691534799809186074e-03
1.691534799809186074e-03
1.690721296742285756e-03
1.690721296742285756e-03
1.690721296742285756e-03
1.690721296742285756e-03
1.303022897752360984e-03
1.272378016387482524e-03
1.272378016387482524e-03
1.272378016387482524e-03
1.272377669724137359e-03
1.272377669633529716e-03
9.388795217672868138e-04
9.388795217445713688e-04
9.388788172222002626e-04
9.388570240470248693e-04
9.388570240470248693e-04
9.388570240470240020e-04
9.388570240470238935e-04
9.369727439424617790e-04
9.329508881247868110e-04
9.329508881247868110e-04
9.329508881247868110e-04
9.329508881247868110e-04
7.839806007409380996e-04
7.158010500323616762e-04
7.158010500323616762e-04
7.158010500323616762e-04
7.158010500323616762e-04
7.158010469305353717e-04
7.157565962900180228e-04
7.157565962899897251e-04
5.093053787929280578e-04
5.056330259733624738e-04
5.056330259733624738e-04
5.056330259733624738e-04
5.056330244155828523e-04
5.056309298865634431e-04
5.056309298865634431e-04
5.056309298863242681e-04
5.056309298863242681e-04
5.050345220074289442e-04
5.050345220074288358e-04
3.973222108613317337e-04
3.973222108613317337e-04
3.835829686010446818e-04
3.835829472487193377e-04
3.835829472482972036e-04
3.835829472482972036e-04
3.834351559567397141e-04
3.834351559567397141e-04
3.834351559567397141e-04
3.834351559567397141e-04
2.764009599560559942e-04
2.694786004893503259e-04
2.694786004893503259e-04
2.694786004893503259e-04
2.694784468081178725e-04
2.694784467411017099e-04
2.694784467411017099e-04
1.993927311350043234e-04
1.993927311306789259e-04
1.993926255798549583e-04
1.993834918909724238e-04
1.993834918909717462e-04
1.993834918909717462e-04
1.993834918909717462e-04
1.990120921275040963e-04
1.968151604456136960e-04
1.968151604456136960e-04
1.968151604456136960e-04
1.968151604456136960e-04
1.572830104991195909e-04
1.401494845376332450e-04
1.401494845376332450e-04
1.401494845376332450e-04
1.401494845376332450e-04
1.401494841621065410e-04
1.401452199109811834e-04
1.401452199109789879e-04
9.993828060232747023e-05
9.925301193190212831e-05
9.925301193190212831e-05
9.925301193190212831e-05
9.925301103769299665e-05
9.925223684523941598e-05
9.925223684501327851e-05
9.925223684501327851e-05
9.925223684501327851e-05
9.895044582145776004e-05
9.895044582145776004e-05
7.281229432165231617e-05
7.281229432165231617e-05
6.965793010684729540e-05
6.965792765416884064e-05
6.965792765413756141e-05
6.965792765413756141e-05
6.964446264908545029e-05
6.964446264908545029e-05
6.964446264908545029e-05
6.964446264908545029e-05
5.059968859989907386e-05
4.938320764917926203e-05
4.938320764917926203e-05
4.938320764917926203e-05
4.938320761429359346e-05
4.938315564498078170e-05
3.374515838026718328e-05
3.374515838026718328e-05
3.374515837996439950e-05
3.374203490473385095e-05
3.374202348686936042e-05
3.374202348686892674e-05
3.374202348686892674e-05
3.374202348686891997e-05
3.371006099481666760e-05
3.324394636298035142e-05
3.324394636298035142e-05
3.324394636298035142e-05
3.324394636298035142e-05
3.324394636298035142e-05
2.759711272080865642e-05
2.412956285995911682e-05
2.412956285995911682e-05
2.412956285995911682e-05
2.412956285995911682e-05
2.412956282525014271e-05
2.412895597549226569e-05
2.412895597549211322e-05
1.568770193117731711e-05
1.568770193117731711e-05
1.563272247225865638e-05
1.563272226444698324e-05
1.563272226444698324e-05
1.563272226436590863e-05
1.563246771869056546e-05
1.563246771869056546e-05
1.563246771869056546e-05
1.557182554168991335e-05
1.557182554168990319e-05
1.184162338583133051e-05
1.184162338583133051e-05
1.121555168058787547e-05
1.121555144842638187e-05
1.121555144842638187e-05
1.121555144842423040e-05
1.121362322471794603e-05
1.121362322471794603e-05
1.121362322471794603e-05
1.121362322471794603e-05
1.121362322471794603e-05
7.359716232718947628e-06
7.264747000195620892e-06
7.264747000195620892e-06
7.264747000195620892e-06
7.264747000195620892e-06
7.264746991990826084e-06
7.264729789430405861e-06
5.043295566830257320e-06
5.043295566830257320e-06
5.043295566830030315e-06
5.042377157708897367e-06
5.042376037900939390e-06
5.042376037879042742e-06
5.042376037879042742e-06
5.042376037879042742e-06
5.037780127443679968e-06
4.949927118825552339e-06
4.949927118825552339e-06
4.949927118825552339e-06
4.949927118825552339e-06
4.949927118825552339e-06
4.248251755952438635e-06
3.356460984701897130e-06
3.356460984701897130e-06
3.356460984701897130e-06
3.356460984701897130e-06
3.356460982817864192e-06
3.356416310594540303e-06
3.356416310594530562e-06
2.147474582560193389e-06
2.147474582560193389e-06
2.139871056152910281e-06
2.139870965658961209e-06
2.139870965658961209e-06
2.139870965658961209e-06
2.139870965634146955e-06
2.139803907631002403e-06
2.139803907631002403e-06
2.129154080836383368e-06
2.129154080836380827e-06
1.665452924408199676e-06
1.665452924408199676e-06
1.489611196983183812e-06
1.489611196983183812e-06
1.489611181650077569e-06
1.489611181649909433e-06
1.489440686689474736e-06
1.489440686689474736e-06
1.489440686689474736e-06
1.489440686689474736e-06
1.489440686689474736e-06
9.234123974375451338e-07
9.234123974375451338e-07
9.111088969380377727e-07
9.111088969380377727e-07
9.111088969380377727e-07
9.111088936583596587e-07
9.111047021472323877e-07
6.447770395856998702e-07
6.447770395856090259e-07
6.447770395856090259e-07
6.445590499303572067e-07
6.445589555640835140e-07
6.445589555618800636e-07
6.445589555618800636e-07
6.440593606339062949e-07
6.440593606339062949e-07
6.190490225664408696e-07
6.190490225664408696e-07
6.190490225664408696e-07
6.190490225664408696e-07
6.190490225664408696e-07
5.173274548342158200e-07
3.869263683836220074e-07
3.869263683836220074e-07
3.869263683836220074e-07
3.869263683836220074e-07
3.869263682565382133e-07
3.869238478382086691e-07
2.505422811656252570e-07
2.505422811656252041e-07
2.505422811656252041e-07
2.497491673532477508e-07
2.497491390452267649e-07
2.497491390452267649e-07
2.497491390326594429e-07
2.497350138960051365e-07
2.497350138960051365e-07
2.497350138960051365e-07
2.497350138960051365e-07
2.497350138960040248e-07
2.468582313998050735e-07
1.825549728016239479e-07
1.825549728016239479e-07
1.585761796094757983e-07
1.585761796094757983e-07
1.585761785986461873e-07
1.585761785986388287e-07
1.585668050160129730e-07
1.585668050160129730e-07
1.585668050160129730e-07
1.585668050160129730e-07
1.585668050160129730e-07
1.585668050160129730e-07
9.926782913317175179e-08
9.806280119719315005e-08
9.806280119719315005e-08
9.806280119719315005e-08
9.806280027861318263e-08
9.806200090327471227e-08
6.410932333464967010e-08
6.410932333461666229e-08
6.406507333913238960e-08
6.406507333913238960e-08
6.406506721133488225e-08
6.406506721123932635e-08
6.406506721123932635e-08
6.406506721123932635e-08
6.403815119722326981e-08
6.403815119722326981e-08
6.403815119722326981e-08
6.403815119722326981e-08
6.092533690162494781e-08
6.092533690162494781e-08
5.303650001062891334e-08
3.886159273707731386e-08
3.886159273707731386e-08
3.886159273707731386e-08
3.886159273707731386e-08
3.886159273064667943e-08
3.886140243140773908e-08
2.287524661226650670e-08
2.287524661226650670e-08
2.287524661226650670e-08
2.287524268413720467e-08
2.287524268413720467e-08
2.283627543357682468e-08
2.283627543104147640e-08
2.283367615275088146e-08
2.283367615275088146e-08
2.283367615275088146e-08
2.283367615275088146e-08
2.283367615275053735e-08
2.283367615275053735e-08
2.250459255054521824e-08
1.755019484389883663e-08
1.755019484389883663e-08
1.755019484389883663e-08
1.496596197436463481e-08
1.496596192320658111e-08
1.496596192320630649e-08
1.496596192320630649e-08
1.496526211947424153e-08
1.496526211947424153e-08
1.496526211947424153e-08
1.496526211947424153e-08
8.381643003893256810e-09
8.381643003893256810e-09
8.325872923964501412e-09
8.325872923964501412e-09
8.325872923964501412e-09
8.325872803748304816e-09
8.325733264462321352e-09
5.719083970107087389e-09
5.719083970097868461e-09
5.712065392166913396e-09
5.712065392166913396e-09
5.712065067457855461e-09
5.712065067454022306e-09
5.712065067454022306e-09
5.712065067454022306e-09
5.712065067454022306e-09
5.712065067454022306e-09
5.710001131150498422e-09
5.379063474449907216e-09
5.379063474449907216e-09
4.856784554976660249e-09
4.856784554976660249e-09
3.100238804165969908e-09
3.100238804165969908e-09
3.100238804165969908e-09
3.100238804165969908e-09
3.100238804165969908e-09
3.100238803982683641e-09
3.100238803982683641e-09
3.100231659803012838e-09
1.873697889320051913e-09
1.873697889320051913e-09
1.873697889320051913e-09
1.873696945691765967e-09
1.870714942409199649e-09
1.870714941957015577e-09
1.870329153170131886e-09
1.870329153170131886e-09
1.870329153170131886e-09
1.870329153170044204e-09
1.870329153170044204e-09
1.836729230905006735e-09
1.836729230905006735e-09
1.497321107902461394e-09
1.497321107902461394e-09
1.497321107902461394e-09
1.145662608439618896e-09
1.145662606756262716e-09
1.145662606756262716e-09
1.145662606756252583e-09
1.145632513738777080e-09
1.145632513738777080e-09
1.145632513738777080e-09
1.145632513738777080e-09
6.284445174396548643e-10
6.284445174396548643e-10
6.284445174396548643e-10
6.243240452902713233e-10
6.243240452902713233e-10
6.243240187651711230e-10
6.243048036989213138e-10
6.243048036921132038e-10
4.462212306499209099e-10
4.452898134242588519e-10
4.452897982709393076e-10
4.452897982709393076e-10
4.452897982707381993e-10
4.452897982707381993e-10
4.452897982707381993e-10
4.452897982707379408e-10
3.969740211485439972e-10
3.968900367935004098e-10
3.968900367935004098e-10
3.968900367935004098e-10
3.580134064846180322e-10
3.580134064846180322e-10
3.580134064846180322e-10
3.580134064846180322e-10
2.132587832785663295e-10
2.132587832785663295e-10
2.132587832785663295e-10
2.132587832785663295e-10
2.132587832716389245e-10
2.132585444854171212e-10
1.326644457108022823e-10
1.326644457108022823e-10
1.326644457108022823e-10
1.326642807116876645e-10
1.326642805857494421e-10
1.324890499126617283e-10
1.324890499126617283e-10
1.324418700325696847e-10
1.324418700325696847e-10
1.324418700325520295e-10
1.275578822833243287e-10
1.275578822833243287e-10
1.275578822833243287e-10
1.011803402481565189e-10
1.011803402481565189e-10
7.273435585760245818e-11
7.273435585760245818e-11
7.273435585760245818e-11
7.273435579449092974e-11
7.273435579449092974e-11
7.273435579449064540e-11
7.273336335604812017e-11
7.273336335604812017e-11
4.057125512455374429e-11
4.057125512455374429e-11
4.057125512455374429e-11
4.034030638534278176e-11
4.034030638534278176e-11
4.034030221568721509e-11
4.034030221568721509e-11
4.033816396002203115e-11
4.033816396002203115e-11
4.033816395832752581e-11
2.706119290449107231e-11
2.694493796868541078e-11
2.694493796868541078e-11
2.694493796868541078e-11
2.694493736893266635e-11
2.694493736892717012e-11
2.694493736892713458e-11
2.694493736892713458e-11
2.329484700304243262e-11
2.329213420247990245e-11
2.329213420247990245e-11
2.329213420247990245e-11
2.329213420247990245e-11
2.329213420247990245e-11
2.159104753240718868e-11
1.270423051562255287e-11
1.270423051562255287e-11
1.270423051562255287e-11
1.270423051562255287e-11
1.270423051562255287e-11
1.270423051542304239e-11
1.270423051542304239e-11
1.270422059677826773e-11
7.235350986419741729e-12
7.235350986419741729e-12
7.235336634768179303e-12
7.235336634768179303e-12
7.235336634768179303e-12
7.235336619389390835e-12
7.230162670398156651e-12
7.224687373296457157e-12
7.224687373293032920e-12
7.224687373293032920e-12
6.888646701055652753e-12
6.888646701055652753e-12
6.888646701055652753e-12
5.746613273124693662e-12
5.746613273124693662e-12
4.042618114019112465e-12
4.042618114019112465e-12
4.042618114019112465e-12
4.042618114019112465e-12
4.042618112257628119e-12
4.042618112257628119e-12
4.042618112257622465e-12
4.042578457547218770e-12
4.042578457547218770e-12
2.023461471373685417e-12
2.023461471373685417e-12
2.023461471373685417e-12
2.016809753542277404e-12
2.016809753542277404e-12
2.016809425342779766e-12
2.016809425342779766e-12
2.016597398225940958e-12
2.016597398225940958e-12
2.016597398038595050e-12
1.990877011412267982e-12
1.436927447993008569e-12
1.436927447993008569e-12
1.436927447993008569e-12
1.436927447993000491e-12
1.436927430935991606e-12
1.436927430935869427e-12
1.436927430935869427e-12
1.219870591075641544e-12
1.219762209585574625e-12
1.219762209585574625e-12
1.219762209585574625e-12
1.219762209585574625e-12
1.219762209585574625e-12
1.159062531863347717e-12
5.927339510214596081e-13
5.927339510214596081e-13
5.927339510214596081e-13
5.927339510214596081e-13
5.927339510214596081e-13
5.927339510214596081e-13
5.927339510181642143e-13
3.601980441337375393e-13
3.601980441337375393e-13
3.601979951490119968e-13
3.601979951490119968e-13
3.601961129335853150e-13
3.601961113453750624e-13
3.601961113453750624e-13
3.597655840856598215e-13
3.595386116056829144e-13
3.595386116051960673e-13
3.396709261121961176e-13
3.396709261121961176e-13
3.396709261121961176e-13
2.967196815414464054e-13
2.967196815414464054e-13
2.967196815414464054e-13
1.807487764830074462e-13
1.807487764830074462e-13
1.807487764830074462e-13
1.807487764830074462e-13
1.807487764830074462e-13
1.807487764518732393e-13
1.807478878234971448e-13
1.807478878234969934e-13
1.807478878234969934e-13
9.341602839808945757e-14
9.341602839808945757e-14
9.313899269844636325e-14
9.313899269844636325e-14
9.313899269844636325e-14
9.313899269844636325e-14
9.313895179079726289e-14
9.312199508243958611e-14
9.312199506410162453e-14
9.312199506410162453e-14
9.312199506410162453e-14
9.163839561909653008e-14
7.003598209959711116e-14
7.003598209959711116e-14
7.003598209959573539e-14
7.003598165549032030e-14
7.003598165548700077e-14
5.376541589843175344e-14
5.376541589843175344e-14
5.376257462366301864e-14
5.376257462366301864e-14
5.376257462366301864e-14
5.376257462366301864e-14
5.376257462366301864e-14
5.149136777012341725e-14
2.540789724506813693e-14
2.540789724506813693e-14
2.540789724506813693e-14
2.540789724506813693e-14
2.540789724506813693e-14
2.540789724506813693e-14
2.540789724506813693e-14
1.629673835253986324e-14
1.629673835251753532e-14
1.629673700213046518e-14
1.629654746089077600e-14
1.629654746089077600e-14
1.629654721405072090e-14
1.629654721405072090e-14
1.626528164187207777e-14
1.626528164187207777e-14
1.625762469126350751e-14
1.625762469120505922e-14
1.467288933352495337e-14
1.467288933352495337e-14
1.467288933352494705e-14
1.283403414211739581e-14
1.283403414211739581e-14
1.283403414211739581e-14
1.283403414211739581e-14
7.244689352232500726e-15
7.244689352232500726e-15
7.244689352232500726e-15
7.244689352232500726e-15
7.244689351553854734e-15
7.244689351553854734e-15
7.244671043390458746e-15
7.244671043390458746e-15
3.895139617504320683e-15
3.885846434808125042e-15
3.885846434808125042e-15
3.885846434808125042e-15
3.885846434808125042e-15
3.885846434808125042e-15
3.885842572501871159e-15
3.884672583846376518e-15
3.884672581185096668e-15
3.884672581185096668e-15
3.884672581185096668e-15
3.766768815117390871e-15
3.766768815117390871e-15
2.811638532994224450e-15
2.811638532994075750e-15
2.811638522103448634e-15
2.030658711114847402e-15
2.030658711114820975e-15
2.030658711114820975e-15
2.030599351130716560e-15
2.030599351130716560e-15
2.030599351130716560e-15
2.030599351130716560e-15
2.030599351130716560e-15
9.923185405263999665e-16
9.816225858749762077e-16
9.816225858749762077e-16
9.816225858749762077e-16
9.816225858749762077e-16
9.816225858749762077e-16
9.816225858749762077e-16
9.816225858749762077e-16
5.937001306297466151e-16
5.936885837566229289e-16
5.936885837562428952e-16
5.936885633395883610e-16
5.936885316302397891e-16
5.936885316302397891e-16
5.936885316302397891e-16
5.914503390784792301e-16
5.914503390784792301e-16
5.914503390711042681e-16
5.912836086787515194e-16
5.191522304080802685e-16
5.191522304080802685e-16
5.191522304080799726e-16
4.696078266869304813e-16
4.696078266869304813e-16
4.696078266869304813e-16
4.696078266869304813e-16
4.696078266869304813e-16
4.696078266869304813e-16
2.614106737340550688e-16
2.614106737340550688e-16
2.614106737340550688e-16
2.614106737223382164e-16
2.614102390562677504e-16
2.614102390562676518e-16
1.289397532639169025e-16
1.289397532639169025e-16
1.287524269777987114e-16
1.287524269777987114e-16
1.287524269777987114e-16
1.287522172454042066e-16
1.287522172454042066e-16
1.286768446517410866e-16
1.286768444561485472e-16
1.286768444561485472e-16
1.286768444561485472e-16
1.237170441102865623e-16
1.237170441102865623e-16
9.815497947634444847e-17
9.815497947632476392e-17
9.815497947632476392e-17
9.815497929081673881e-17
6.934887567860407285e-17
6.934887567860370307e-17
6.934749262575180230e-17
6.934749262575180230e-17
6.934749262575180230e-17
6.934749262575180230e-17
6.934749262575180230e-17
6.934749262575180230e-17
3.046200090258432914e-17
3.025892431491708120e-17
3.025892431491708120e-17
3.025892431491708120e-17
3.025892431491708120e-17
3.025892431491708120e-17
3.025892431491708120e-17
3.025660137163708170e-17
1.989167717807070681e-17
1.989167717807070681e-17
1.989167584927072869e-17
1.989167584927072869e-17
1.989167584926515736e-17
1.989167527916097714e-17
1.977757791557915060e-17
1.977757791557915060e-17
1.977757791493748929e-17
1.977757791493748929e-17
1.977352383318730139e-17
1.707820015007258946e-17
1.707820015007254324e-17
1.707820015007254324e-17
1.707820015007254324e-17
1.707820015007254324e-17
1.707820015007254324e-17
1.593866205083902835e-17
7.753957696080242335e-18
7.753957696080242335e-18
7.753957696080242335e-18
7.753957696080242335e-18
7.753957696080242335e-18
7.753957695946099004e-18
7.753951606815634125e-18
7.753951606815634125e-18
7.753951606815634125e-18
4.156676949168111359e-18
4.151927794952665687e-18
4.151927794952665687e-18
4.151911467023335405e-18
4.151911467023335405e-18
4.151911467023335405e-18
4.148024967301340235e-18
4.148024954600580283e-18
4.148024954600580283e-18
4.148024954600580283e-18
3.958340300810865203e-18
3.958340300807990174e-18
3.324366580916242541e-18
3.324366580916242541e-18
3.324366580916242541e-18
2.073751194921818271e-18
2.073751193837443446e-18
2.073751193837439209e-18
2.073751193837439209e-18
2.073729498004074668e-18
2.073729498004074668e-18
2.073729498004074668e-18
2.073729498004074668e-18
2.073729498004074668e-18
2.073729498004074668e-18
9.524776806871468020e-19
9.524776806871468020e-19
9.471597179838209886e-19
9.471597179838209886e-19
9.471597179838209886e-19
9.471597179838209886e-19
9.471597179838209886e-19
9.470386980831209514e-19
9.470384289748892633e-19
6.711809842426692133e-19
6.711809842426692133e-19
6.711809842426692133e-19
6.711809739132214831e-19
6.711809739131242236e-19
6.656894573095266554e-19
6.656894572582210372e-19
6.656894572582210372e-19
6.656894572582210372e-19
6.656009774756851369e-19
5.326688328372140989e-19
5.326688328372099582e-19
5.326688328372099582e-19
5.326688328372099582e-19
5.326688328372099582e-19
5.326688328372099582e-19
5.031008113166012062e-19
2.385135652003788235e-19
2.385135652003788235e-19
2.385135652003788235e-19
2.385135652003788235e-19
2.385135652003788235e-19
2.385135651983960305e-19
2.385135651983960305e-19
2.385134720738344590e-19
2.385134720738344590e-19
1.382697264306946537e-19
1.381583950341252712e-19
1.381583950341252712e-19
1.381573017081093879e-19
1.381573017081093879e-19
1.379615086345855649e-19
1.379615073640848732e-19
1.379615073640848732e-19
1.379615073640848732e-19
1.379615073640848732e-19
1.276546074733110510e-19
1.276546074730862709e-19
1.084656309613193217e-19
1.084656309613193217e-19
1.084656309613193217e-19
6.380608561150136671e-20
6.380608559431507808e-20
6.380608559431507808e-20
6.380608559431501789e-20
6.380573105851402183e-20
6.380573105851402183e-20
6.380573105851402183e-20
6.380573105851402183e-20
6.380573105851402183e-20
6.380573105851402183e-20
6.380573105851402183e-20
3.122769833131302648e-20
3.109825371188791961e-20
3.109825371188791961e-20
3.109825371188791961e-20
3.109825371188791961e-20
3.109825371188791961e-20
3.109823537104225783e-20
3.109200326962850727e-20
2.197467941728549986e-20
2.165406783190418017e-20
2.165406782664470323e-20
2.165406782664470323e-20
2.165406763852053131e-20
2.165406763851918316e-20
2.165406763851918316e-20
2.165406763851918316e-20
2.165237892120939576e-20
2.165237892120939576e-20
1.658906382653596194e-20
1.658906382653596194e-20
1.658906382653563694e-20
1.658906382653563694e-20
1.658906382653563694e-20
1.658906382653563694e-20
1.594244966243804864e-20
7.752847827099299605e-21
7.752847827099299605e-21
7.752847827099299605e-21
7.752847827099299605e-21
7.752847827099299605e-21
7.752847827099299605e-21
7.752847827070729638e-21
7.752846067603284312e-21
4.411137068046020576e-21
4.411137068046020576e-21
4.411137068046020576e-21
4.408978671680011266e-21
4.408921983585003529e-21
4.408921896399439903e-21
4.397550363633537464e-21
4.397550363633537464e-21
4.397550363633537464e-21
4.397550363633537464e-21
4.397550363633537464e-21
3.994856509618618675e-21
3.994856509596468223e-21
3.994856509596468223e-21
3.994856509596468223e-21
3.539886218802061206e-21
3.539886218802061206e-21
2.071535715713870994e-21
2.071535715713870618e-21
2.071535715458209060e-21
2.071535715458209060e-21
2.071535715458208308e-21
2.071528812823733188e-21
2.071528812823733188e-21
2.071528812823733188e-21
2.071528812823733188e-21
9.777042551931746751e-22
9.777042551931746751e-22
9.777042551931746751e-22
9.777042551931746751e-22
9.752037729571833757e-22
9.752037729571833757e-22
9.752037729571833757e-22
9.752037729571833757e-22
9.752028346358262006e-22
9.748444332945382938e-22
7.430081378244572662e-22
7.430081373929837893e-22
7.281390748295467983e-22
7.281390717775975557e-22
7.281390717775795001e-22
7.281390717775795001e-22
7.281390717775795001e-22
7.281390717775795001e-22
7.281390717775795001e-22
7.281032191255330702e-22
5.488149421369702198e-22
5.488149421369330742e-22
5.488149421369330742e-22
5.488149421369330742e-22
5.488149421369330742e-22
5.347983327323383110e-22
5.347983327323383110e-22
2.439361483549722654e-22
2.439361483549722654e-22
2.439361483549722654e-22
2.439361483549722654e-22
2.439361483549722654e-22
2.439361483549722654e-22
2.439361483546314661e-22
2.439361231606599137e-22
1.540118511726123429e-22
1.540118511726123429e-22
1.540118511726123429e-22
1.540076752485873106e-22
1.539569851853223644e-22
1.539569851853223644e-22
1.539569794843687900e-22
1.533813406522606576e-22
1.533813406522606576e-22
1.533813406522606576e-22
1.533813406522606576e-22
1.533813406499444165e-22
1.376901589660768157e-22
1.376901589660768157e-22
1.376901589660768157e-22
1.265188646243444752e-22
1.265188646243444752e-22
1.265188646243444752e-22
6.786829838629611964e-23
6.786829838629608437e-23
6.786829838293840231e-23
6.786829838293839055e-23
6.786829838293839055e-23
6.786818964916287700e-23
6.786818964916287700e-23
3.556347746471167333e-23
3.556347746471167333e-23
3.556347746471167333e-23
3.556347746471167333e-23
3.549880893466987779e-23
3.549880893466987779e-23
3.549880893466987779e-23
3.549880893466987779e-23
3.549880893466987779e-23
3.549873324064347535e-23
3.547880557870925144e-23
3.547880552521779913e-23
2.886034087383687117e-23
2.812610784958846047e-23
2.812610784958846047e-23
2.812610779349066682e-23
2.812610779349036119e-23
2.812610779349036119e-23
2.812610779349036119e-23
2.812610779349036119e-23
2.812610779348335525e-23
2.812610779348335525e-23
1.960271682866487735e-23
1.960233342278905272e-23
1.960233342278905272e-23
1.960233342278905272e-23
1.925218656658125471e-23
9.296948173148955754e-24
9.296948173148955754e-24
9.296948173148955754e-24
9.296948173148955754e-24
9.296948173148955754e-24
9.296948173148955754e-24
9.296948173148955754e-24
9.296948173148955754e-24
9.296948173143385381e-24
9.296948173143385381e-24
9.296947720551501488e-24
6.399907381140752031e-24
6.399907381140752031e-24
6.399907381140752031e-24
6.399601768935237979e-24
6.399601163662727494e-24
6.399601163662727494e-24
6.398296102417793282e-24
6.365420109337800758e-24
6.365420109337800758e-24
6.365420109120040430e-24
6.365420109120040430e-24
5.468773900879252487e-24
5.468773900879252487e-24
5.468773900879252487e-24
5.117631347031728646e-24
5.117631347031728646e-24
5.117631347031713952e-24
2.728861554774383483e-24
2.728861554774383483e-24
2.728861554774383483e-24
2.728861554713043984e-24
2.728861554713043984e-24
2.728859371670825703e-24
2.728859371670825703e-24
2.728859371670825703e-24
1.563651213990850994e-24
1.563651213990850994e-24
1.563651213990850994e-24
1.563651213990850994e-24
1.561779269653369723e-24
1.561779269653369723e-24
1.561779269653369723e-24
1.561773048190263674e-24
1.560492989371219861e-24
1.560492989371219861e-24
1.560492983000037725e-24
1.560492983000037725e-24
1.302518630291689120e-24
1.251217122434355079e-24
1.251217122434355079e-24
1.251217122434355079e-24
1.251217121178892582e-24
1.251217121178132918e-24
1.251217121178127408e-24
1.251217121178127408e-24
8.422977254542101792e-25
8.422889158499942002e-25
8.422889158499942002e-25
8.422889158499942002e-25
8.422889158499942002e-25
8.422889158499942002e-25
8.422889158499942002e-25
8.325688964141331814e-25
4.278554462999956416e-25
4.278554462999956416e-25
4.278554462999956416e-25
4.278554462999956416e-25
4.278554462999956416e-25
4.278554462999956416e-25
4.278554462998899389e-25
3.035101102917305955e-25
3.035101048317605934e-25
3.035101048317605934e-25
3.035101048317605934e-25
3.035101048317605934e-25
3.034872478574555022e-25
3.034871899590456275e-25
3.034871899590456275e-25
3.034871899590456275e-25
3.009185958028439152e-25
3.008826551717540070e-25
3.008826551417455647e-25
2.518395711229575380e-25
2.518395711229575380e-25
2.518395711229575380e-25
2.404732144552619919e-25
2.404732144552619919e-25
2.404732144552619919e-25
2.404732144552602011e-25
1.306450359403371303e-25
1.306450359403371303e-25
1.306450359403371303e-25
1.306450359403371303e-25
1.306450359390770325e-25
1.306450359390770325e-25
1.306449792537994143e-25
1.306449792537994143e-25
1.306449792537994143e-25
7.676367896666553463e-26
7.670742874062654053e-26
7.670742874062654053e-26
7.670742874062654053e-26
7.670742874062654053e-26
7.670742874062654053e-26
7.670692953278840544e-26
7.659936171734771776e-26
7.659936171734771776e-26
7.659936106423411396e-26
7.659936106423411396e-26
7.222091585716697281e-26
6.350784553053960397e-26
6.350784553053960397e-26
6.350784553053960397e-26
6.350784553041884029e-26
6.350784550142927845e-26
6.350784550142917513e-26
4.223284171170526052e-26
4.223259073722400736e-26
4.223259073722400736e-26
4.223259073722400736e-26
4.223259073722400736e-26
4.223259073722400736e-26
4.223259073722400736e-26
4.223259073722400736e-26
4.223259073722400736e-26
4.192682551455676679e-26
2.164193390052790007e-26
2.164193390052790007e-26
2.164193390052790007e-26
2.164193390052790007e-26
2.164193390052790007e-26
2.164193390052790007e-26
2.164193390052790007e-26
2.164193390052790007e-26
1.651749275763228601e-26
1.651749275763109502e-26
1.651749261265176329e-26
1.651749261265176329e-26
1.651513266928550216e-26
1.651512696515877727e-26
1.651512696515877727e-26
1.632444810502485335e-26
1.632444810502485335e-26
1.632324940322233380e-26
1.632324939946393168e-26
1.632324939946393168e-26
1.342361820422120647e-26
1.342361820422120647e-26
1.342361820422085635e-26
1.301503397217678294e-26
1.301503397217678294e-26
1.301503397217678294e-26
1.301503397217678294e-26
6.866984920075472847e-27
6.866984920075472847e-27
6.866984920075472847e-27
6.866984920075472847e-27
6.866984920049174892e-27
6.866983516035901198e-27
6.866983516035901198e-27
6.866983516035901198e-27
4.423583262998539389e-27
4.421465741318672680e-27
4.421465741318672680e-27
4.421465741318672680e-27
4.421465741318672680e-27
4.421465741318672680e-27
4.421407917268637035e-27
4.412426410266034574e-27
4.412426410266034574e-27
4.412426338165909772e-27
4.412426338165909772e-27
4.118348339314057978e-27
4.118348339314057978e-27
4.118348339314057978e-27
3.752509052431099296e-27
3.752509052413155501e-27
3.752509051648613516e-27
3.752509051648613516e-27
2.366428164720371711e-27
2.366428164720370994e-27
2.366421100204983841e-27
2.366421100204983841e-27
2.366421100204983841e-27
2.366421100204983123e-27
2.366421100204983123e-27
2.366421100204983123e-27
2.366421100204983123e-27
2.366421100204983123e-27
1.320523368470051955e-27
1.317119633799168878e-27
1.317119633799168878e-27
1.317119633799168878e-27
1.317119633799168878e-27
1.317119633799168878e-27
1.317119633799168878e-27
1.317119633799168878e-27
1.066243432035178870e-27
1.065996155858132045e-27
1.065995327319334462e-27
1.065995327319334462e-27
1.065995327319301638e-27
1.065995322757757569e-27
1.049811217034902865e-27
1.049811217034902865e-27
1.049811217034902865e-27
1.049811216517699162e-27
1.049811216517699162e-27
1.049766770138197848e-27
8.244027025518082801e-28
8.244027025517526766e-28
8.244027025517526766e-28
8.067747249309970194e-28
8.067747249309970194e-28
8.067747249309970194e-28
4.406456677765141475e-28
4.406456677765141475e-28
4.406456677765141475e-28
4.406456677765141475e-28
4.406456677765141475e-28
4.406456677765141475e-28
4.406456677757975795e-28
4.406456241041235915e-28
4.406456241041235915e-28
3.056455083946192720e-28
3.056455083946192720e-28
3.055548593723314340e-28
3.055548593723314340e-28
3.055479148222238795e-28
3.055479148222238795e-28
3.046715946097918912e-28
3.046715826252650684e-28
3.046715826252650684e-28
3.046715826252650684e-28
3.046715826252650684e-28
3.046715826252650684e-28
2.777254325252286333e-28
2.584673471920004242e-28
2.584673471891681870e-28
2.584673471891681870e-28
2.584673471891681870e-28
1.611380006193931784e-28
1.611380006193931784e-28
1.611380006100650147e-28
1.611380006100649699e-28
1.611380006100649699e-28
1.611377531674857926e-28
1.611377531674857029e-28
1.611377531674857029e-28
1.611377531674857029e-28
1.611377531674857029e-28
1.611377531674857029e-28
9.636970171309060827e-29
9.620703456467654902e-29
9.620703456467654902e-29
9.620703456467654902e-29
9.620703456467654902e-29
9.620703456467654902e-29
9.620703456467654902e-29
9.616587804984745155e-29
9.616570848454010033e-29
8.049424550833487984e-29
8.049424550833487984e-29
8.049424550833487984e-29
8.049424533623699854e-29
8.049424533623598961e-29
7.869162959592541596e-29
7.869162959592541596e-29
7.869162949461071863e-29
7.869162949461071863e-29
7.868974297657471946e-29
7.868974297657471946e-29
6.021618450519103137e-29
6.021618450518117744e-29
6.021618450518117744e-29
6.021618450518117744e-29
6.021618450518117744e-29
6.021618450518117744e-29
5.936674100996137857e-29
3.369441248895157055e-29
3.369441248895157055e-29
3.369441248895157055e-29
3.369441248895157055e-29
3.369441248895157055e-29
3.369441248892916098e-29
3.369441079933993809e-29
3.369441079933993809e-29
2.436743387856685585e-29
2.436743387856685585e-29
2.436308096591502231e-29
2.436217822262993406e-29
2.436217822262993406e-29
2.436217822262993406e-29
2.436217822262993406e-29
2.425272821314229379e-29
2.425272630341280399e-29
2.425272630341280399e-29
2.425272630341280399e-29
2.425272630341280399e-29
2.425272630341280399e-29
2.173901016946036509e-29
2.173901016876185985e-29
2.065881015816939001e-29
2.065881015816939001e-29
2.065881015816939001e-29
2.065881015816939001e-29
1.289875319737361588e-29
1.289875319705382836e-29
1.289875319705380594e-29
1.289875319705380594e-29
1.289874270600830030e-29
1.289874270600830030e-29
1.289874270600830030e-29
1.289874270600830030e-29
1.289874270600830030e-29
8.013129427913322632e-30
8.013129427913322632e-30
8.013129427913322632e-30
8.004628274799636933e-30
8.004628274799636933e-30
8.004628274799636933e-30
8.004628274799636933e-30
8.004628274799636933e-30
7.999023264481704615e-30
7.998999275672376721e-30
6.984885333276298044e-30
6.783021260551163755e-30
6.783021241620955538e-30
6.783021235082771558e-30
6.783021235082740730e-30
6.783021235082740730e-30
6.783021235082740730e-30
6.783021235082740730e-30
6.782928488227858778e-30
6.782928488227858778e-30
5.101710692513427393e-30
5.101710692510959707e-30
5.101710692510959707e-30
5.101710692510959707e-30
5.101710692510959707e-30
5.055415837863480137e-30
5.055415837863480137e-30
2.913272060503225394e-30
2.913272060503225394e-30
2.913272060503225394e-30
2.913272060503225394e-30
2.913272060503225394e-30
2.913272060503225394e-30
2.913272060502489713e-30
2.913271992926518147e-30
2.246676756275771469e-30
2.246676756275771469e-30
2.246676756275771469e-30
2.246431897158425536e-30
2.246431897158425536e-30
2.246280868006492335e-30
2.246280533026358232e-30
2.232373428893358420e-30
2.232373428893358420e-30
2.232373428893358420e-30
2.232373428893358420e-30
1.970957674709268302e-30
1.970957674564876756e-30
1.970957674564876756e-30
1.970957674564876756e-30
1.970957674564876756e-30
1.902815642550751447e-30
1.902815642550751447e-30
1.902815642550751447e-30
1.168810389525838348e-30
1.168810389525832392e-30
1.168810389514296903e-30
1.168810389514296903e-30
1.168809928646401400e-30
1.168809928646401400e-30
1.168809928646401400e-30
1.168809928646401400e-30
7.816483833988941040e-31
7.816483833988941040e-31
7.811129514691897597e-31
7.811129514691897597e-31
7.811129514691897597e-31
7.811129514691897597e-31
7.811129514691897597e-31
7.811129514691897597e-31
7.811084500570850434e-31
7.803096402725297412e-31
7.048935072376166880e-31
7.048935030574236454e-31
6.794639790968833917e-31
6.794639788086599445e-31
6.794639788086589811e-31
6.794639788086589811e-31
6.794639788086589811e-31
6.794589996804254460e-31
4.944716329813589321e-31
4.944716329807759919e-31
4.944716329807759919e-31
4.944716329807759919e-31
4.944716329807759919e-31
4.944716329807759919e-31
4.915846502341766154e-31
2.995591435128678335e-31
2.995591435128678335e-31
2.995591435128678335e-31
2.995591435128678335e-31
2.995591435128678335e-31
2.995591435128678335e-31
2.995591435128678335e-31
2.995591435128421284e-31
2.995591435128421284e-31
2.995591403739172783e-31
2.434519653461589672e-31
2.434519653461589672e-31
2.434519653461589672e-31
2.434519653461589672e-31
2.434254101543174374e-31
2.434100303201369419e-31
2.434100303201369419e-31
2.434099529175764914e-31
2.413793916325235829e-31
2.413793916325235829e-31
2.413793915882416319e-31
2.413793915882416319e-31
2.413793915882416319e-31
2.076327754569710774e-31
2.076327754569710774e-31
2.076327754569710774e-31
2.025760479369802598e-31
1.266578451260490935e-31
1.266578451260473637e-31
1.266578451260473637e-31
1.266578451260473637e-31
1.266578451255997583e-31
1.266578451255997583e-31
1.266578213496353281e-31
1.266578213496353281e-31
1.266578213496353281e-31
9.011824010913581438e-32
9.011824010913581438e-32
9.008015233009974023e-32
9.008015233009974023e-32
9.008015233009974023e-32
9.008015233009974023e-32
9.008015233009974023e-32
9.007925604891074050e-32
8.994692921802729848e-32
8.994692921802729848e-32
8.994692787862971588e-32
8.316078250130008058e-32
7.919776233230069063e-32
7.919776233230069063e-32
7.919776231936189979e-32
7.919776231936186694e-32
7.919776231936186694e-32
7.919776231905609924e-32
7.919776231905609924e-32
5.693802332340571571e-32
5.693802332340571571e-32
5.693786971578875403e-32
5.693786971578875403e-32
5.693786971578875403e-32
5.673261019321708343e-32
5.673261019321708343e-32
3.639396180305524751e-32
3.639396180305523656e-32
3.639396180305523656e-32
3.639396180305523656e-32
3.639396180305523656e-32
3.639396180305523656e-32
3.639396180305523656e-32
3.639396180305523656e-32
3.639396180305455233e-32
3.070530456848240473e-32
3.070530445951057744e-32
3.070530445951057744e-32
3.070530445951057744e-32
3.070004072083914261e-32
3.070004072083914261e-32
3.070002228669640076e-32
3.033525951578714113e-32
3.033421018307513352e-32
3.033421018307513352e-32
3.033421018307513352e-32
3.033421016931321120e-32
2.563918084906969984e-32
2.563918084906969984e-32
2.522321754236030849e-32
2.522321754236030849e-32
2.522321754236030849e-32
2.522321754235890172e-32
1.612966574825904936e-32
1.612966574825904936e-32
1.612966574825904936e-32
1.612966574824587660e-32
1.612966447416674290e-32
1.612966447416674290e-32
1.612966447416674290e-32
1.612966447416674290e-32
1.202220848462327663e-32
1.202220848462327663e-32
1.201923003491971847e-32
1.201923003491971847e-32
1.201923003491971847e-32
1.201903119288400599e-32
1.199235295357868245e-32
1.199235259711736575e-32
1.199235259711736575e-32
1.199235259711736575e-32
1.126365731112815505e-32
1.067977587614832688e-32
1.067977587614832688e-32
1.067977587614832688e-32
1.067977587603890792e-32
1.067977587561196895e-32
1.067977587561196895e-32
7.637993416164523728e-33
7.637984282630305882e-33
7.637984282630305882e-33
7.637984282630305882e-33
7.637984282630305882e-33
7.637984282630305882e-33
7.637984282630301776e-33
7.637984282630301776e-33
7.637984282630301776e-33
7.621733010609783056e-33
5.092109327177211478e-33
5.092109327177211478e-33
5.092109327177211478e-33
5.092109327177211478e-33
5.092109327177211478e-33
4.471920852065823133e-33
4.471920852065823133e-33
4.471920852065818343e-33
4.471920847871613668e-33
4.471920847871613668e-33
4.470655663527206158e-33
4.470650792068954492e-33
4.470650792068954492e-33
4.470650792068954492e-33
4.401552380966641006e-33
4.401552380966641006e-33
4.401479383292827354e-33
4.401479378954945111e-33
3.665712116539719732e-33
3.665712116539719732e-33
3.665712116539719732e-33
3.628130352523518986e-33
3.628130352522945603e-33
2.361171356444457070e-33
2.361171356444457070e-33
2.361171356444457070e-33
2.361171356444457070e-33
2.361171356444457070e-33
2.361171356444457070e-33
2.361171356444322277e-33
2.361171306902188249e-33
2.361171306902188249e-33
2.361171306902188249e-33
1.862737648880308217e-33
1.862501356712074874e-33
1.862501356712074874e-33
1.862447245259932796e-33
1.862447245259932796e-33
1.856709008518291226e-33
1.856709008518291226e-33
1.856708902039529228e-33
1.726105284650320391e-33
1.726105284650320391e-33
1.664827214274137222e-33
1.664827214274137222e-33
1.664827214274137222e-33
1.664827214234328850e-33
1.664827214234328850e-33
1.664827214229368199e-33
1.180082763449010540e-33
1.180082763449010540e-33
1.180082367827758752e-33
1.180082367827758752e-33
1.180082367827758752e-33
1.180082367827757042e-33
1.180082367827757042e-33
1.180082367827757042e-33
8.360418185540390691e-34
8.353975784589622416e-34
8.353975784589622416e-34
8.353975784589622416e-34
8.353975784589622416e-34
8.353975784589622416e-34
8.353975784589622416e-34
7.594824467269476565e-34
7.594824467269476565e-34
7.591553289067320328e-34
7.591537369769236277e-34
7.591537369191286189e-34
7.591537369191286189e-34
7.441681345676787926e-34
7.441681345676787926e-34
7.441681330224448070e-34
7.441681330224448070e-34
7.441643466929373484e-34
7.441643466929373484e-34
6.077085167461049880e-34
6.077085167458644820e-34
6.077085167458644820e-34
6.042797263319128942e-34
6.042797263319128942e-34
4.088109004963512949e-34
4.088109004963512949e-34
4.088109004963512949e-34
4.088109004963512949e-34
4.088109004963512949e-34
4.088109004963511238e-34
4.088108997862284162e-34
4.088108997862284162e-34
3.396755110192858150e-34
3.396612521435216158e-34
3.396612521435216158e-34
3.396612521435216158e-34
3.396451179474070198e-34
3.382051983106805274e-34
3.382051582717607494e-34
3.382051582717607494e-34
3.382051582717607494e-34
3.382051582717607494e-34
3.099402971360045772e-34
3.033163901568853726e-34
3.033163901568853726e-34
3.033163901404189610e-34
3.033163901404189610e-34
3.033163901404189610e-34
2.165929853136243009e-34
2.165929853136217350e-34
2.165929853136217350e-34
2.165929853136217350e-34
2.165929789410842711e-34
2.165929789410832875e-34
2.165929789410832875e-34
2.165929789410832875e-34
1.626296302365830241e-34
1.625853732654815403e-34
1.625853732654815403e-34
1.625853732654815403e-34
1.625853732654815403e-34
1.625853732654815403e-34
1.625853732654815403e-34
1.624721597683188787e-34
1.624715060554515766e-34
1.526651813360759614e-34
1.486812300119114643e-34
1.486812300118426994e-34
1.486812300118426994e-34
1.486812300118426994e-34
1.486812293127883594e-34
1.486811570425705731e-34
1.486811570425705731e-34
1.199021578803749022e-34
1.199021578802581773e-34
1.199021578802581773e-34
1.199021578802581773e-34
1.196590750760552307e-34
1.196590750760552307e-34
1.196590750760552307e-34
8.450757703466907699e-35
8.450757703466907699e-35
8.450757703466907699e-35
8.450757703466907699e-35
8.450757703372766511e-35
7.419315570395210804e-35
7.419315570395210804e-35
7.419315570395210804e-35
7.419283041475980547e-35
7.418701544112339068e-35
7.418701544112339068e-35
7.373331548039164939e-35
7.373329841891525376e-35
7.373329841891525376e-35
7.373329841891525376e-35
7.373329841891525376e-35
7.373329841891525376e-35
6.664437053459527415e-35
6.664437052558619684e-35
6.664437052558619684e-35
6.608130827981464126e-35
6.608130827981464126e-35
6.608130827981464126e-35
4.777316706701667569e-35
4.777316706701667569e-35
4.777316706701667569e-35
4.777316706701608234e-35
4.777316706701608234e-35
4.777316705739791936e-35
4.777316705739791936e-35
3.846996702407825397e-35
3.846996702407825397e-35
3.846996702407825397e-35
3.846878262078138589e-35
3.846878262078138589e-35
3.846878262078138589e-35
3.846878262078138589e-35
3.842686220074190749e-35
3.842658596519797783e-35
3.842658596519797783e-35
3.739568634520924151e-35
3.612705118121941135e-35
3.612705081119446132e-35
3.612705081119446132e-35
3.612705081119446132e-35
3.612705067881738588e-35
2.875856817589506739e-35
2.875856817589506739e-35
2.875856817581897912e-35
2.875856817581897912e-35
2.875856817581897912e-35
2.875856817581897912e-35
2.875186958027579061e-35
2.875186958027579061e-35
2.161391544409918759e-35
2.161391544409918759e-35
2.161391544409918759e-35
2.161391544409918759e-35
2.161391544409916888e-35
2.030391168413654651e-35
2.030391168413654651e-35
2.030391168413654651e-35
2.030391168413654651e-35
2.030103030646762702e-35
2.030103030646762702e-35
2.030102955088762228e-35
2.030101978060639708e-35
2.011976780882797856e-35
2.011976780882797856e-35
2.011976780882797856e-35
2.011976780882797856e-35
1.784434301314220736e-35
1.784434300735163322e-35
1.784434300735163322e-35
1.782489788284627281e-35
1.782489788284627281e-35
1.328659089438234037e-35
1.328659089438182185e-35
1.328659089438182185e-35
1.328659089438166148e-35
1.328659089438166148e-35
1.328659089438166148e-35
1.328659089438166148e-35
1.184142398053567616e-35
1.184142398053567616e-35
1.184142049894629034e-35
1.184142049894629034e-35
1.184142049894629034e-35
1.184142049894629034e-35
1.184124693538331414e-35
1.182001143806926851e-35
1.177227936068421910e-35
1.177227906388069534e-35
1.122703148642274153e-35
1.122703148642274153e-35
1.122703148642274153e-35
1.122703148631877633e-35
8.888499347425999081e-36
8.888499347425999081e-36
8.888499347424285839e-36
8.888499347424285839e-36
8.888499347424285839e-36
8.888499347424285839e-36
8.888479490737276462e-36
7.499197285642441165e-36
7.499197285642437156e-36
7.499197285642437156e-36
7.499197285642437156e-36
7.499197285642437156e-36
7.499197285642437156e-36
7.499197285642437156e-36
7.419776570255393286e-36
7.419776570255393286e-36
7.419776570255393286e-36
7.417718176814896913e-36
7.417718176814896913e-36
7.417718176814896913e-36
7.417718176814896913e-36
7.417709545920966226e-36
7.311971382929248177e-36
7.311971382908300384e-36
7.311971375563644525e-36
7.311971375563644525e-36
6.341006908923056885e-36
6.341006908923056885e-36
6.340930649272864029e-36
6.340930649271805614e-36
5.195416121092826271e-36
5.195416121092826271e-36
5.195416121092826271e-36
5.195416121092826271e-36
5.195416121092826271e-36
5.195416121092826271e-36
5.195416121092826271e-36
5.079508666400149137e-36
5.079508666400149137e-36
5.079508666263234092e-36
5.079508666263234092e-36
5.079337802109703250e-36
5.062199059750629953e-36
5.062198696613353828e-36
4.735431346252898060e-36
4.735192713777039578e-36
4.735192713777039578e-36
4.735192713777039578e-36
4.735192713637334834e-36
4.735192713637334834e-36
4.735192713637334834e-36
4.735192713637334834e-36
3.941544482901404826e-36
3.941544482901404826e-36
3.941544482901404826e-36
3.941544482901395471e-36
3.941544482066906878e-36
3.792568289503556708e-36
3.792568289503556708e-36
3.792568289503556708e-36
3.792568289503556708e-36
3.792568289503556708e-36
3.792568289503556708e-36
3.791931460931222179e-36
3.791931460931222179e-36
3.791931460931222179e-36
3.791931460931222179e-36
3.789570421573532338e-36
3.789558369575530034e-36
3.699255398335429115e-36
3.699255398335429115e-36
3.699255398335429115e-36
3.699255398335429115e-36
3.699255385896712240e-36
3.243333394881619906e-36
3.243333390617755023e-36
3.243333390615661580e-36
3.243333390615661580e-36
3.077386286655584231e-36
3.077386286655584231e-36
3.077386286655584231e-36
3.077386286655584231e-36
3.077386286655584231e-36
3.077386286655584231e-36
3.077386286655584231e-36
3.076096399419476319e-36
3.076096399419476319e-36
3.075821123192551333e-36
3.055124746196939521e-36
3.055124038552557582e-36
3.055124038552557582e-36
2.840472794515160869e-36
2.840472776164559408e-36
2.840472776164559408e-36
2.840472776164559408e-36
2.840472775831929162e-36
2.685380815854072694e-36
2.685380815854072694e-36
2.685380815854072694e-36
2.685380815854072694e-36
2.685380815854072694e-36
2.685380815854040287e-36
2.685380815854040287e-36
2.685380815854040287e-36
2.683153053699785730e-36
2.683153053699785730e-36
2.683153053699785730e-36
2.683153053699785730e-36
2.683153053699785730e-36
2.683152985566986081e-36
2.679250124157821902e-36
2.679250124157821902e-36
2.679223658162549091e-36
2.679223658162549091e-36
2.679223658162549091e-36
2.597865926682373420e-36
2.597865893861868165e-36
2.597865893861868165e-36
2.480766136566569147e-36
2.480766136566569147e-36
2.480766136558467328e-36
2.480766136558467328e-36
2.477595745707903380e-36
2.477595745707903380e-36
2.477595745707903380e-36
2.477595745707903380e-36
2.477595745707903380e-36
2.477595745707903380e-36
2.477595566949136509e-36
2.477595566949136509e-36
2.477005587667323625e-36
2.452725279127595000e-36
2.452725279127595000e-36
2.452723275392703498e-36
2.383578286530843489e-36
2.383578286530843489e-36
2.383578286530843489e-36
2.383578286530843489e-36
2.383578285277691361e-36
2.383578285277691361e-36
2.383578285277691361e-36
2.383578285277691361e-36
2.379999797191703872e-36
2.379999797191703872e-36
2.379999797191703872e-36
2.379999797191703872e-36
2.379999797191537492e-36
2.379999797191537492e-36
2.379999422901762729e-36
2.379999422901762729e-36
2.379999422901762729e-36
2.379999422901762729e-36
2.379999422901762729e-36
2.379999422901762729e-36
2.374432245354112176e-36
2.374363563079307920e-36
2.374363563079307920e-36
2.343267103120345621e-36
2.343266985808759833e-36
2.343266985808759833e-36
2.343266985808759833e-36
2.340175806734730393e-36
2.340175806696156384e-36
2.340175806696156384e-36
2.340175806696156384e-36
2.340175806696156384e-36
2.340175202983764699e-36
2.340175202983764699e-36
2.340175202983762026e-36
2.340175202983761358e-36
2.340175202983761358e-36
2.340175202983761358e-36
2.339220270085978439e-36
2.328810231566161227e-36
2.328804262841328224e-36
2.328804262841328224e-36
2.328804262841328224e-36
2.328804262841328224e-36
2.328804262841328224e-36
2.326815979712956439e-36
2.326815979712956439e-36
2.326815974466638709e-36
2.326815974466638709e-36
2.326815974466638709e-36
2.326815244582593557e-36
2.326815244582593557e-36
2.326815244581740277e-36
2.326815244581740277e-36
2.326815244581739943e-36
2.326815244581739943e-36
2.326815244581739943e-36
2.326815244581739943e-36
2.326815244581739943e-36
2.326815244581739943e-36
2.324267738068760854e-36
2.324148322302713008e-36
2.324148322302713008e-36
2.324148322302713008e-36
2.323212065263628247e-36
2.323211684244619742e-36
2.323211034013054954e-36
2.323211033846038230e-36
2.323211033846038230e-36
2.323211033846038230e-36
2.323211033846038230e-36
2.323211033846038230e-36
2.323211033846038230e-36
2.323211033846036894e-36
2.323211033846023530e-36
2.323211033846023530e-36
2.323211033846023530e-36
2.323211033846023530e-36
2.323211033846023530e-36
2.322760927281745971e-36
2.322760927281745971e-36
2.322750152822489808e-36
2.322430342280266052e-36
2.322430342280266052e-36
2.322430342280266052e-36
2.322429919314503642e-36
2.322429902044699740e-36
2.322429902044699740e-36
2.322429902044699740e-36
2.322429902044699740e-36
2.322429902044699740e-36
2.322429902044699740e-36
2.322429902044698737e-36
2.322429902040962212e-36
2.322429902040962212e-36
2.322429902040962212e-36
2.322429902040962212e-36
2.322429902040962212e-36
2.322429902040962212e-36
2.322429902040962212e-36
2.322372891514405178e-36
2.322294075062519192e-36
2.322294075062519192e-36
2.322294075062519192e-36
2.322293384222786549e-36
2.322293184368608466e-36
2.322293184368607463e-36
2.322293183817180356e-36
2.322293183817180356e-36
2.322293183817180356e-36
2.322293183817180356e-36
2.322293183817180356e-36
2.322293183817122223e-36
2.322293183817122223e-36
2.322293183817122223e-36
2.322293183817122223e-36
2.322293183817122223e-36
2.322293183817122223e-36
2.322293183817122223e-36
2.322293183817122223e-36
2.322279228036874602e-36
2.322274078298145122e-36
2.322274078298145122e-36
2.322274009968176957e-36
2.322274009968176957e-36
2.322273978635097003e-36
2.322273978635096000e-36
2.322273978635096000e-36
2.322273978635096000e-36
2.322273978622752839e-36
2.322273978622752839e-36
2.322273978622752839e-36
2.322273978622752839e-36
2.322273978622752839e-36
2.322273978622752839e-36
2.322273978622752839e-36
2.322273978622752505e-36
2.322273978622752505e-36
2.322272210112714011e-36
2.322272193269279224e-36
2.322271862946898221e-36
2.322271862946897886e-36
2.322271862946897886e-36
2.322271861946313003e-36
2.322271861946313003e-36
2.322271861946313003e-36
2.322271861946313003e-36
2.322271861946120230e-36
2.322271861946120230e-36
2.322271861946120230e-36
2.322271861946120230e-36
2.322271861946120230e-36
2.322271861946120230e-36
2.322271861946120230e-36
2.322271861946120230e-36
2.322271861946120230e-36
2.322271861946120230e-36
2.322271861946120230e-36
2.322271858963585765e-36
2.322271699197778594e-36
2.322271699197778594e-36
2.322271699197778594e-36
2.322271684215735998e-36
2.322271684215735998e-36
2.322271684215735998e-36
2.322271684193338230e-36
2.322271684193338230e-36
2.322271684193338230e-36
2.322271684193338230e-36
2.322271684193338230e-36
2.322271684193338230e-36
2.322271684193336225e-36
2.322271684193336225e-36
2.322271683815378229e-36
2.322271683815378229e-36
2.322271673567396958e-36
2.322271673567396958e-36
2.322271673567396958e-36
2.322271673567396958e-36
2.322271673567396958e-36
2.322271673088961718e-36
2.322271673088961718e-36
2.322271673088961718e-36
2.322271673088961718e-36
2.322271673088961718e-36
2.322271673088612254e-36
2.322271673088612254e-36
2.322271673088612254e-36
2.322271673088612254e-36
2.322271673088612254e-36
2.322271673088612254e-36
2.322271673088612254e-36
2.322271673088612254e-36
2.322271673054467685e-36
2.322271673054467685e-36
2.322271673054467685e-36
2.322271673054467685e-36
2.322271672589661874e-36
2.322271672589661874e-36
2.322271672589661874e-36
2.322271672589661874e-36
2.322271672578952440e-36
2.322271672578952440e-36
2.322271672578952440e-36
2.322271672578952440e-36
2.322271672578948431e-36
2.322271672578948431e-36
2.322271672578948431e-36
2.322271672578948431e-36
2.322271672576758435e-36
2.322271672576758435e-36
2.322271672576758435e-36
2.322271672576758435e-36
2.322271672576758435e-36
2.322271672561915570e-36
2.322271672561915570e-36
2.322271672561915570e-36
2.322271672561915570e-36
2.322271672561915570e-36
2.322271672561915570e-36
2.322271672561747854e-36
2.322271672561747854e-36
2.322271672561747854e-36
2.322271672561747854e-36
2.322271672561747854e-36
2.322271672561747854e-36
2.322271672561747854e-36
2.322271672561747854e-36
2.322271672561747854e-36
2.322271672561747854e-36
2.322271672561648962e-36
2.322271672561648962e-36
2.322271672561316202e-36
2.322271672561316202e-36
2.322271672561316202e-36
2.322271672561316202e-36
2.322271672561314866e-36
2.322271672561314866e-36
2.322271672561314866e-36
2.322271672561314866e-36
2.322271672561314866e-36
2.322271672561314866e-36
2.322271672561314866e-36
2.322271672561314866e-36
2.322271672561314866e-36
2.322271672561314866e-36
2.322271672561311859e-36
2.322271672561311859e-36
2.322271672561311859e-36
2.322271672561311859e-36
2.322271672561306514e-36
2.322271672561306514e-36
2.322271672561306514e-36
2.322271672561306514e-36
2.322271672561306514e-36
2.322271672561306514e-36
2.322271672561306514e-36
2.322271672561306514e-36
2.322271672561306514e-36
2.322271672561306514e-36
2.322271672561306514e-36
2.322271672561306514e-36
2.322271672561306514e-36
2.322271672561306514e-36
2.322271672561306514e-36
2.322271672561306514e-36
2.322271672561306514e-36
2.322271672561306514e-36
2.322271672561306514e-36
2.322271672561306514e-36
2.322271672561306514e-36
2.322271672561306514e-36
2.322271672561306514e-36
2.322271672561306514e-36
2.322271672561306514e-36
2.322271672561306514e-36
2.322271672561306514e-36
2.322271672561306514e-36
2.322271672561306514e-36
2.322271672561306514e-36
2.322271672561306514e-36
2.322271672561306514e-36
2.322271672561306514e-36
2.322271672561306514e-36
2.322271672561306514e-36
2.322271672561306514e-36
2.322271672561306514e-36
2.322271672561306514e-36
2.322271672561306514e-36
2.322271672561306514e-36
2.322271672561306514e-36
2.322271672561306514e-36
2.322271672561306514e-36
2.322271672561306514e-36
2.322271672561306514e-36
2.322271672561306514e-36
2.322271672561306514e-36
2.322271672561306514e-36
2.322271672561306514e-36
2.322271672561306514e-36
2.322271672561306514e-36
2.322271672561306514e-36
2.322271672561306514e-36
2.322271672561306514e-36
2.322271672561306514e-36
2.322271672561306514e-36
2.322271672561306514e-36
2.322271672561306514e-36
2.322271672561306514e-36
2.322271672561306514e-36
2.322271672561306514e-36
2.322271672561306514e-36
2.322271672561306514e-36
2.322271672561306514e-36
2.322271672561306514e-36
2.322271672561306514e-36
2.322271672561306514e-36
2.322271672561306514e-36
2.322271672561306514e-36
2.322271672561306514e-36
2.322271672561306514e-36
2.322271672561306514e-36
2.322271672561306514e-36
2.322271672561306514e-36
2.322271672561306514e-36
2.322271672561306514e-36
2.322271672561306514e-36
2.322271672561306514e-36
2.322271672561306514e-36
2.322271672561306514e-36
2.322271672561306514e-36
2.322271672561306514e-36
2.322271672561306514e-36
2.322271672561306514e-36
2.322271672561306514e-36
2.322271672561306514e-36
2.322271672561306514e-36
2.322271672561306514e-36
2.322271672561306514e-36
2.322271672561306514e-36
2.322271672561306514e-36
2.322271672561306514e-36
2.322271672561306514e-36
2.322271672561306514e-36
2.322271672561306514e-36
2.322271672561306514e-36
2.322271672561306514e-36
2.322271672561306514e-36
2.322271672561306514e-36
2.322271672561306514e-36
2.322271672561306514e-36
2.322271672561306514e-36
2.322271672561306514e-36
2.322271672561306514e-36
2.322271672561306514e-36
2.322271672561306514e-36
2.322271672561306514e-36
2.322271672561306514e-36
2.322271672561306514e-36
2.322271672561306514e-36
2.322271672561306514e-36
2.322271672561306514e-36
2.322271672561306514e-36
2.322271672561306514e-36
2.322271672561306514e-36
2.322271672561306514e-36
2.322271672561306514e-36
2.322271672561306514e-36
2.322271672561306514e-36
2.322271672561306514e-36
2.322271672561306514e-36
2.322271672561306514e-36
2.322271672561306514e-36
2.322271672561306514e-36
2.322271672561306514e-36
2.322271672561306514e-36
2.322271672561306514e-36
2.322271672561306514e-36
2.322271672561306514e-36
2.322271672561306514e-36
2.322271672561306514e-36
2.322271672561306514e-36
2.322271672561306514e-36
2.322271672561306514e-36
2.322271672561306514e-36
2.322271672561306514e-36
2.322271672561306514e-36
2.322271672561306514e-36
2.322271672561306514e-36
2.322271672561306514e-36
2.322271672561306514e-36
2.322271672561306514e-36
2.322271672561306514e-36
2.322271672561306514e-36
2.322271672561306514e-36
2.322271672561306514e-36
2.322271672561306514e-36
2.322271672561306514e-36
2.322271672561306514e-36
2.322271672561306514e-36
2.322271672561306514e-36
2.322271672561306514e-36
2.322271672561306514e-36
2.322271672561306514e-36
2.322271672561306514e-36
2.322271672561306514e-36
2.322271672561306514e-36
2.322271672561306514e-36
2.322271672561306514e-36
2.322271672561306514e-36
2.322271672561306514e-36
2.322271672561306514e-36
2.322271672561306514e-36
2.322271672561306514e-36
2.322271672561306514e-36
2.322271672561306514e-36
2.322271672561306514e-36
2.322271672561306514e-36
2.322271672561306514e-36
2.322271672561306514e-36
2.322271672561306514e-36
2.322271672561306514e-36
2.322271672561306514e-36
2.322271672561306514e-36
2.322271672561306514e-36
2.322271672561306514e-36
2.322271672561306514e-36
2.322271672561306514e-36
2.322271672561306514e-36
2.322271672561306514e-36
2.322271672561306514e-36
2.322271672561306514e-36
2.322271672561306514e-36
2.322271672561306514e-36
2.322271672561306514e-36
2.322271672561306514e-36
2.322271672561306514e-36
2.322271672561306514e-36
2.322271672561306514e-36
2.322271672561306514e-36
2.322271672561306514e-36
2.322271672561306514e-36
2.322271672561306514e-36
2.322271672561306514e-36
2.322271672561306514e-36
2.322271672561306514e-36
2.322271672561306514e-36
2.322271672561306514e-36
2.322271672561306514e-36
2.322271672561306514e-36
2.322271672561306514e-36
2.322271672561306514e-36
2.322271672561306514e-36
2.322271672561306514e-36
2.322271672561306514e-36
2.322271672561306514e-36
2.322271672561306514e-36
2.322271672561306514e-36
2.322271672561306514e-36
2.322271672561306514e-36
2.322271672561306514e-36
2.322271672561306514e-36
2.322271672561306514e-36
2.322271672561306514e-36
2.322271672561306514e-36
2.322271672561306514e-36
2.322271672561306514e-36
2.322271672561306514e-36
2.322271672561306514e-36
2.322271672561306514e-36
2.322271672561306514e-36
2.322271672561306514e-36
2.322271672561306514e-36
2.322271672561306514e-36
2.322271672561306514e-36
2.322271672561306514e-36
2.322271672561306514e-36
2.322271672561306514e-36
2.322271672561306514e-36
2.322271672561306514e-36
2.322271672561306514e-36
2.322271672561306514e-36
2.322271672561306514e-36
2.322271672561306514e-36
2.322271672561306514e-36
