9.960045565547914759e-01
9.954741466008071304e-01
9.948754955594050209e-01
9.936501315673091916e-01
9.935667151299193423e-01
9.917247642821772624e-01
9.917038290961720515e-01
9.916946723300641420e-01
9.899908030011745907e-01
9.896556294359710737e-01
9.868611163343721238e-01
9.868476501101884901e-01
9.868028523653780137e-01
9.848217809254107280e-01
9.837404293653219112e-01
9.797664086861403998e-01
9.797664036290090195e-01
9.797662581437154294e-01
9.797592194701368884e-01
9.795660870169269341e-01
9.753141239093916504e-01
9.751143304160653225e-01
9.750945161743810319e-01
9.698516810348459805e-01
9.691395154367746789e-01
9.691395136916670650e-01
9.691373175843336352e-01
9.631295060443616496e-01
9.630257703086194665e-01
9.630257462720306361e-01
9.629278187013047274e-01
9.567661480096807392e-01
9.546443283181159645e-01
9.546443280180788582e-01
9.468326610690673828e-01
9.468326347998433645e-01
9.468324505729136531e-01
9.468324505550961279e-01
9.467851134703008098e-01
9.463786733641729176e-01
9.358401525976288715e-01
9.353900189035021517e-01
9.353900161521224721e-01
9.353757188074198758e-01
9.260276119323603838e-01
9.260276119290216101e-01
9.245774759773274232e-01
9.245774689080559217e-01
9.245639236264021621e-01
9.108744207587562425e-01
9.106406616738824678e-01
9.106406371779798281e-01
9.106406371772669539e-01
9.105744246610978365e-01
9.008287343837108052e-01
8.966004379099612454e-01
8.966004379097316512e-01
8.966004368531331759e-01
8.798334696895530049e-01
8.798333873027597285e-01
8.798332175513893239e-01
8.798332175416334611e-01
8.795671444355100954e-01
8.794692740228569061e-01
8.626809937953741070e-01
8.617276108294064096e-01
8.617276083906630912e-01
8.617064011844384197e-01
8.426334202109206917e-01
8.426334202109194704e-01
8.426334202045421273e-01
8.426334202045411281e-01
8.416970605537537065e-01
8.416970318962891939e-01
8.416634468824876203e-01
8.200850860300582523e-01
8.196710707425431952e-01
8.196710497897942149e-01
8.196710497894253988e-01
8.195771187345146647e-01
8.001571008792119910e-01
7.971467023702956123e-01
7.971467023696189313e-01
7.971466972585531385e-01
7.971466972585531385e-01
7.708388142509210450e-01
7.708385495354288519e-01
7.708384129381591343e-01
7.708384129333740731e-01
7.704829811544680052e-01
7.703284288179959027e-01
7.703284288179960138e-01
7.496208575627874016e-01
7.456510525045474402e-01
7.456510510331785246e-01
7.456302442691392640e-01
7.157282382990678427e-01
7.157282382990672875e-01
7.157282382711642743e-01
7.157282382711618318e-01
7.145779494369999263e-01
7.145778698758993297e-01
7.145285824044712575e-01
6.888546042339556141e-01
6.872259175054128422e-01
6.872259030752744247e-01
6.872259030749049424e-01
6.871222349765474524e-01
6.871222349765474524e-01
6.566803569445188726e-01
6.533521369588357608e-01
6.533521369559427416e-01
6.533521233286799790e-01
6.533521233286798680e-01
6.241610905451853153e-01
6.241603675644227245e-01
6.241602653172193538e-01
6.241602653119634470e-01
6.237512211148074082e-01
6.237512211148074082e-01
6.231945887035045262e-01
5.932905244401749378e-01
5.882743533571934691e-01
5.882743524375465549e-01
5.882655043328107736e-01
5.577294446760178159e-01
5.577294446760173718e-01
5.577294445586651328e-01
5.577294445586491456e-01
5.564603584739559183e-01
5.564601855332563796e-01
5.564601855332563796e-01
5.564601855332563796e-01
5.562976304701958696e-01
5.227263647039208649e-01
5.207447364405471957e-01
5.207447280299517534e-01
5.207447280298219683e-01
5.207031352226749732e-01
5.207031352226749732e-01
4.924049442778204444e-01
4.887945352752248174e-01
4.887945352645299280e-01
4.887945088240895353e-01
4.887945088240887581e-01
4.533258317574094254e-01
4.533245583543968893e-01
4.533245035712555882e-01
4.533245035695687708e-01
4.533245035695687708e-01
4.531693074038556368e-01
4.531693074038556368e-01
4.525098483300295515e-01
4.525098483300295515e-01
4.276475853666890092e-01
4.217795412863905025e-01
4.217795408231265197e-01
4.217721411443569601e-01
3.866852811968659598e-01
3.866852811968659043e-01
3.866852810696958520e-01
3.866852810696629339e-01
3.862316351995380703e-01
3.862313031971036370e-01
3.862313031971036370e-01
3.862313031971035260e-01
3.860414709952923462e-01
3.581954457506814626e-01
3.581954457506814626e-01
3.561100248565066129e-01
3.561100206386764722e-01
3.561100206386349498e-01
3.560759613976252624e-01
3.560759613976252624e-01
3.249262034292698664e-01
3.236521474658473063e-01
3.236521474520572816e-01
3.236520926829312139e-01
3.236520926829293265e-01
2.946043032776119452e-01
2.946019290726724082e-01
2.946019019249344062e-01
2.946019019243941162e-01
2.946019019243941162e-01
2.944793639863235168e-01
2.944793639863235168e-01
2.938555665733763034e-01
2.938555665733763034e-01
2.938555665733763034e-01
2.770974710017438669e-01
2.665790677158565436e-01
2.665790675867870108e-01
2.665758933725581592e-01
2.378469127504623803e-01
2.378469127504623526e-01
2.378469124235973731e-01
2.378469124235449705e-01
2.375116944662047647e-01
2.375111830512147415e-01
2.375111830512147415e-01
2.375111830512147415e-01
2.373463470079864857e-01
2.186874097295627428e-01
2.186874097295627428e-01
2.146448292758567078e-01
2.146448277992021869e-01
2.146448277991819809e-01
2.146267062439476125e-01
2.146267062439476125e-01
2.146267062439476125e-01
1.887838793566207207e-01
1.879359872046370561e-01
1.879359872046370561e-01
1.879359871719664121e-01
1.879359089485955758e-01
1.879359089485926892e-01
1.693259271409144062e-01
1.693223533829895100e-01
1.693223412914170167e-01
1.693223412910802028e-01
1.693223412910802028e-01
1.692436909691372726e-01
1.680535402053391913e-01
1.680535402053391913e-01
1.680535402053391913e-01
1.680535402053391913e-01
1.538951373161533132e-01
1.460000914411838657e-01
1.460000913948633072e-01
1.459992787996077790e-01
1.288529905079750515e-01
1.288529905079750237e-01
1.288529897900550225e-01
1.288529897898675336e-01
1.286454630855247694e-01
1.286448369336962716e-01
1.286448369336962716e-01
1.286448369336962716e-01
1.283498168069859002e-01
1.138505263139910628e-01
1.138505263139910628e-01
1.138505263139910628e-01
1.110086040931914930e-01
1.110086035887143802e-01
1.110086035887101336e-01
1.110041483556284542e-01
1.110041483556284542e-01
1.110041483556284542e-01
9.672825496158646286e-02
9.621660140294614749e-02
9.621660140294614749e-02
9.621660134010999454e-02
9.621651542139511570e-02
9.621651542138602575e-02
8.296030913231978998e-02
8.295657536949020694e-02
8.295657142765511249e-02
8.295657142758809666e-02
8.295657142758809666e-02
8.293788816579757139e-02
8.214516979188657420e-02
8.214516979188657420e-02
8.214516979188657420e-02
8.214516979188657420e-02
7.586903860962396218e-02
7.086419371690300117e-02
7.086419370356669689e-02
7.086381189356044663e-02
5.946814316628884489e-02
5.946814316628884489e-02
5.946814316628884489e-02
5.946814270304154326e-02
5.946814270282861636e-02
5.942283626880807967e-02
5.942218067811602666e-02
5.942218067811602666e-02
5.942218067811601279e-02
5.923505647488278014e-02
5.271588785814891598e-02
5.271588785814891598e-02
5.271588785814891598e-02
5.098199230511838570e-02
5.098199215874527762e-02
5.098199215874445189e-02
5.097992123490681371e-02
5.097992123490681371e-02
5.097992123490681371e-02
4.197331004152222989e-02
4.186879618690922400e-02
4.186879618690922400e-02
4.186879614468021205e-02
4.186870657093126613e-02
4.186870657092057330e-02
3.593154669772494203e-02
3.592761026715898809e-02
3.592761026715898809e-02
3.592760909497000332e-02
3.592760909495647942e-02
3.592760909495647942e-02
3.547512525634153452e-02
3.546780515996456745e-02
3.546780515996456745e-02
3.546780515996456745e-02
3.546780515996456745e-02
3.314435651281850970e-02
2.908543043811603890e-02
2.908543043811603890e-02
2.908543043628153413e-02
2.908535326529885362e-02
2.908535326529885362e-02
2.405113410112845462e-02
2.405113410112845462e-02
2.405113339613994608e-02
2.405113339593357297e-02
2.403091854003699956e-02
2.403033669730018224e-02
2.403033669730018224e-02
2.403033669730014754e-02
2.393187289851006830e-02
2.145814747328918248e-02
2.145814747328918248e-02
2.145814747328918248e-02
1.986368770517063509e-02
1.986368770517063509e-02
1.986368768053956707e-02
1.986368768053938319e-02
1.986317870858378756e-02
1.986317870858378756e-02
1.986317870858378756e-02
1.584096197742421164e-02
1.579771798100255628e-02
1.579771798100255628e-02
1.579771792391256383e-02
1.579764576443365084e-02
1.579764576442435967e-02
1.357994341873964075e-02
1.357664910203664789e-02
1.357664910203664789e-02
1.357664879690501612e-02
1.357664879690034278e-02
1.357664879690034278e-02
1.357664879690034278e-02
1.313010257578795664e-02
1.312789874444576094e-02
1.312789874444576094e-02
1.312789874444576094e-02
1.312789874444576094e-02
1.204809401940210890e-02
1.023321946905284344e-02
1.023321946905284344e-02
1.023321946866822228e-02
1.023321946866822228e-02
1.023320733222585037e-02
8.450407165379940702e-03
8.450407165379940702e-03
8.450406321441041035e-03
8.450406321034203277e-03
8.443243489599414411e-03
8.442830084889958037e-03
8.442830084889916403e-03
8.442830084889916403e-03
8.346941455022632503e-03
7.204616807351055426e-03
7.204616807351055426e-03
7.204616807351055426e-03
7.204616807351055426e-03
6.531178258047176839e-03
6.531178253081084198e-03
6.531178253081060779e-03
6.531100899609469136e-03
6.531100899609469136e-03
6.531100899609469136e-03
5.200618382536870837e-03
5.185726548516405784e-03
5.185726548516405784e-03
5.185726488998280113e-03
5.185680488747787704e-03
5.185680488731748451e-03
4.231349630206779691e-03
4.229180202552790431e-03
4.229180202552790431e-03
4.229180202552790431e-03
4.229180139639723314e-03
4.229180139639119630e-03
4.229180139639119630e-03
4.052659795741131964e-03
4.052338248543846909e-03
4.052338248543846909e-03
4.052338248543846909e-03
3.791058955244477197e-03
3.791058955244477197e-03
3.160770170204154402e-03
3.160770170204154402e-03
3.160770170204154402e-03
3.160770170139890270e-03
3.160770170139890270e-03
3.160766940688124367e-03
2.459090176846620828e-03
2.459090176846620828e-03
2.459089837663468343e-03
2.459089837395950565e-03
2.458835519611624054e-03
2.457831057426883292e-03
2.457831057426836021e-03
2.457831057426836021e-03
2.422319175894631360e-03
2.139607897084660430e-03
2.139607897084660430e-03
2.139607897084660430e-03
2.139607897084660430e-03
1.907312703224295402e-03
1.907312702397537686e-03
1.907312702397534867e-03
1.907292519878312593e-03
1.907292519878312593e-03
1.416458447962936490e-03
1.416458447962936490e-03
1.416458447962936490e-03
1.414536817955152704e-03
1.414536794584317922e-03
1.414536794584317922e-03
1.414509970705837534e-03
1.414509970695530024e-03
1.414509970695530024e-03
1.408419951748607389e-03
1.174050050658070237e-03
1.174050050658070237e-03
1.174050050658070020e-03
1.174050039987221050e-03
1.174050039987148625e-03
1.114799671990473334e-03
1.114799671990473334e-03
1.114715584699267148e-03
1.114715584699267148e-03
1.114715584699267148e-03
1.061538901853678434e-03
1.061538901853678434e-03
8.077761694828865593e-04
8.077761694828865593e-04
8.077761694828865593e-04
8.077761694828865593e-04
8.077761694779017230e-04
8.077758164582312609e-04
6.340277473746462264e-04
6.340274468466386903e-04
6.340274468466386903e-04
6.340274466889742272e-04
6.338966346575794237e-04
6.336332030034701364e-04
6.336332030034266599e-04
6.336332030034266599e-04
6.222974518214433861e-04
6.222974518214433861e-04
5.618400096412142332e-04
5.618400096412142332e-04
4.590610633048251149e-04
4.590610633048251149e-04
4.590610632347426117e-04
4.590610632347422865e-04
4.590586550300545924e-04
4.590586550300545924e-04
3.383327476861868344e-04
3.383327476861868344e-04
3.383327476861868344e-04
3.378445921832901565e-04
3.378445738794286376e-04
3.378320114798730287e-04
3.378320114798730287e-04
3.378320114744706119e-04
3.378320114744706119e-04
3.378320114744706119e-04
3.360068518055933672e-04
2.851915302247772389e-04
2.851915302247769678e-04
2.851915286453775961e-04
2.851915286453641520e-04
2.558674716560907112e-04
2.558551759062776989e-04
2.558551759062776989e-04
2.558551759062776989e-04
2.558551759062776989e-04
2.435016707744497365e-04
1.786199073728094626e-04
1.786199073728094626e-04
1.786199073728094626e-04
1.786199073728094626e-04
1.786199073728094626e-04
1.786199073721894616e-04
1.419193479783746657e-04
1.419193418228966016e-04
1.419191421274503060e-04
1.419191419553086540e-04
1.419191419553086540e-04
1.418647812223486479e-04
1.418114325987748238e-04
1.418114325987443849e-04
1.418114325987443849e-04
1.358985708106146147e-04
1.358985708106146147e-04
1.358985708106146147e-04
1.201546339719909408e-04
1.201546339719909408e-04
1.201546339719909408e-04
9.408585357196602933e-05
9.408585357196602933e-05
9.408585356357416899e-05
9.408585356357414189e-05
9.408562564384568194e-05
9.408562564384568194e-05
6.998623848244142664e-05
6.998623848244142664e-05
6.988885137669886903e-05
6.988885137669886903e-05
6.988884070295293786e-05
6.988410590207116708e-05
6.988410590207116708e-05
6.988410590207116708e-05
6.988410589688793530e-05
6.988410589688793530e-05
6.895292718911674354e-05
5.596049625797866619e-05
5.596049625797854421e-05
5.596049605010435326e-05
5.596049605010321485e-05
4.888715181477905857e-05
4.888602028617054936e-05
4.888602028617054936e-05
4.888602028617054936e-05
4.888602028617054936e-05
4.720742823877403549e-05
3.442205465963990910e-05
3.442205465963990910e-05
3.442205465963990910e-05
3.442205465963990910e-05
3.442205465963990910e-05
3.442205465957892950e-05
2.568489032102971674e-05
2.568488959243393061e-05
2.568483693012070648e-05
2.568483686034046871e-05
2.568483686034046871e-05
2.566443851150068109e-05
2.565946625726988717e-05
2.565946625724907387e-05
2.565946625724907387e-05
2.432912628458306506e-05
2.432912628458306167e-05
2.432912628458306167e-05
2.214087484034295121e-05
2.214087484034295121e-05
2.214087484034295121e-05
1.705397747385762724e-05
1.705397747385762724e-05
1.705397747304783664e-05
1.705397747304783664e-05
1.705397747304783664e-05
1.705394390519058222e-05
1.177342384363772178e-05
1.177342384363772178e-05
1.176518518659800004e-05
1.176518518659800004e-05
1.176518258654317487e-05
1.176355358208101265e-05
1.176355358208101265e-05
1.176355358013267932e-05
1.176355358013267932e-05
1.176355358013267932e-05
1.156872022399911440e-05
9.740731932669104333e-06
9.740731932668997606e-06
9.740731913319607352e-06
9.740731913319531119e-06
8.372502846119619094e-06
8.372338113327775443e-06
8.372338113327775443e-06
8.372338113327775443e-06
8.372338113327775443e-06
8.180940919820989845e-06
5.410239416175013243e-06
5.410239416175013243e-06
5.410239416175013243e-06
5.410239416175013243e-06
5.410239416175013243e-06
5.410239416175013243e-06
5.410239416172093521e-06
4.175631565611036368e-06
4.175631565611036368e-06
4.175631490801414269e-06
4.175605520726548441e-06
4.175605496528869499e-06
4.175605496528869499e-06
4.169656064934425511e-06
4.169656064923752896e-06
4.168923084778620956e-06
3.916212857250313728e-06
3.916212857250313728e-06
3.916212857250313728e-06
3.916212857250313728e-06
3.916212857250313728e-06
3.655170533450784907e-06
3.655170533450784907e-06
2.507773176547619131e-06
2.507773176547619131e-06
2.507773176508797070e-06
2.507773176508797070e-06
2.507770992621973078e-06
2.507770992621973078e-06
1.770109074095936317e-06
1.770109074095936317e-06
1.768878728294771740e-06
1.768878728294771740e-06
1.768877551722314444e-06
1.768877551722314444e-06
1.768430587380886760e-06
1.768430586762467370e-06
1.768430586762467370e-06
1.768430586762467370e-06
1.732841394326594912e-06
1.505278154522651480e-06
1.505278154522585199e-06
1.505278154522585199e-06
1.505278152937620113e-06
1.505278152937612702e-06
1.166622248337871280e-06
1.166610242174680713e-06
1.166610242174680713e-06
1.166610242174680713e-06
1.166610242174680713e-06
1.144936118629082880e-06
7.499343375441488433e-07
7.499343375441488433e-07
7.499343375441488433e-07
7.499343375441488433e-07
7.499343375441488433e-07
7.499343375441488433e-07
5.951451821830388684e-07
5.951451821829712116e-07
5.951356576605736682e-07
5.951356576605736682e-07
5.951356432320163449e-07
5.951356364774946203e-07
5.937027911678854130e-07
5.937027911678854130e-07
5.937027911635766623e-07
5.936192359220907821e-07
5.248380603047477739e-07
5.248380603047477739e-07
5.248380603047474563e-07
5.248380603047474563e-07
5.248380603047474563e-07
5.248380603047474563e-07
4.895272619756225348e-07
3.204019418115627382e-07
3.204019418115627382e-07
3.204019418115627382e-07
3.204019418087799703e-07
3.204018116795667931e-07
3.204018116795667931e-07
2.312388077641111861e-07
2.312388077641111861e-07
2.310969482345749664e-07
2.310969482345749664e-07
2.310969482345749664e-07
2.310965569902245275e-07
2.309960826554966350e-07
2.309960823231012130e-07
2.309960823231012130e-07
2.309960823231012130e-07
2.210182797437504949e-07
1.875263017736579650e-07
1.875263017736361803e-07
1.875263017736361803e-07
1.875263016465057729e-07
1.379299726579604722e-07
1.379299726579603928e-07
1.379292779439735018e-07
1.379292779439735018e-07
1.379292779439735018e-07
1.379292779439735018e-07
1.379292779439735018e-07
9.048124348294551892e-08
9.026652212978193495e-08
9.026652212978193495e-08
9.026652212978193495e-08
9.026652212978193495e-08
9.026652212978193495e-08
9.026022746530847554e-08
6.778178843776320019e-08
6.778178465063597226e-08
6.778178465063247825e-08
6.778178413092188741e-08
6.778178413092188741e-08
6.744193622118479579e-08
6.744193621936251028e-08
6.744193621936251028e-08
6.743671067935903367e-08
5.786260306574699107e-08
5.786260306574690505e-08
5.786260306574690505e-08
5.786260306574690505e-08
5.786260306574690505e-08
5.504014652316606381e-08
5.504014652316606381e-08
3.588429600077436080e-08
3.588429600077436080e-08
3.588429600077436080e-08
3.588429600061603843e-08
3.588429600061603843e-08
3.588428504172065457e-08
3.588428504172065457e-08
2.407883406474088225e-08
2.407078618199796803e-08
2.407078618199796803e-08
2.407078618199796803e-08
2.407078618199796803e-08
2.407072443775652252e-08
2.404956712492481427e-08
2.404956704816762827e-08
2.404956704816762827e-08
2.276211787727190420e-08
2.276211787727190420e-08
2.276211787725591315e-08
2.276211787725591315e-08
2.005385157273087056e-08
2.005385156623658954e-08
1.452140778362435249e-08
1.452140778362435249e-08
1.452140778362435249e-08
1.452140778362435249e-08
1.452135110757527626e-08
1.452135110757527626e-08
1.452135110757527626e-08
1.452135110757527626e-08
8.715142172843239903e-09
8.704015556002335741e-09
8.704015556002335741e-09
8.704015556002335741e-09
8.704015556002335741e-09
8.704015556002335741e-09
8.702804142057011252e-09
8.702802140992586330e-09
6.866570766010356238e-09
6.866570766010208172e-09
6.866570736998361100e-09
6.866570736998361100e-09
6.811851322546430323e-09
6.811851322036671171e-09
6.811851322036671171e-09
6.811433393805376502e-09
5.752036464263153912e-09
5.752036464263116689e-09
5.752036464263116689e-09
5.752036464263116689e-09
5.752036464263116689e-09
5.563141495974334000e-09
5.563141495974334000e-09
3.224423312699911706e-09
3.224423312699911706e-09
3.224423312699911706e-09
3.224423312699911706e-09
3.224423312695241031e-09
3.224422887850286802e-09
3.224422887850286802e-09
2.271515667759285154e-09
2.270842650771608556e-09
2.270842650771608556e-09
2.270842650771608556e-09
2.270826856096526187e-09
2.270826856096526187e-09
2.267472226461358600e-09
2.267472211924278065e-09
2.267472211924278065e-09
2.126592167351268566e-09
2.126592167351268566e-09
2.126592167346974671e-09
2.126592167346974671e-09
1.936263405544957611e-09
1.227058956683461127e-09
1.227058956631249486e-09
1.227058956631249073e-09
1.227058956631249073e-09
1.227058956631249073e-09
1.227056701087422058e-09
1.227056701087422058e-09
1.227056701087422058e-09
1.227056701087422058e-09
7.599459948218882571e-10
7.590045716534358727e-10
7.590045716534358727e-10
7.590045716534358727e-10
7.590045716534358727e-10
7.590045716534358727e-10
7.590040862141716488e-10
7.588204853160370309e-10
6.237925818507595338e-10
6.237925818507510552e-10
6.237925803987908965e-10
6.163285344092695538e-10
6.163285342929430409e-10
6.163285342929430409e-10
6.163285342929430409e-10
6.163285342929430409e-10
6.163022625288577768e-10
4.673230500226580647e-10
4.673230500226492759e-10
4.673230500226492759e-10
4.673230500226492759e-10
4.673230500226492759e-10
4.545076213378922225e-10
2.590219668487313156e-10
2.590219668487313156e-10
2.590219668487313156e-10
2.590219668487313156e-10
2.590219668487313156e-10
2.590219668485314998e-10
2.590219508761906524e-10
2.590219508761906524e-10
1.895024771614122184e-10
1.895024771614122184e-10
1.894581210895775650e-10
1.894581210895775650e-10
1.894551101679491155e-10
1.894551101679491155e-10
1.894551057601906370e-10
1.890065375132603610e-10
1.890065375132603610e-10
1.890065375132603610e-10
1.676331648603192108e-10
1.676331648595138470e-10
1.524954526551907914e-10
1.524954526551907914e-10
9.093786710210722774e-11
9.093786709990980952e-11
9.093786709990980952e-11
9.093786709990979659e-11
9.093778445177258708e-11
9.093778445177258708e-11
9.093778445177258708e-11
9.093778445177258708e-11
9.093778445177258708e-11
9.093778445177258708e-11
5.807208590739038546e-11
5.800983136723882180e-11
5.800983136723882180e-11
5.800983136723882180e-11
5.800974485373346186e-11
5.798653734818635269e-11
5.798653734818635269e-11
4.611602695752629708e-11
4.611602692478490516e-11
4.501035653310194944e-11
4.501035653310168448e-11
4.501035646784645932e-11
4.501035646784645932e-11
4.501035646784645932e-11
4.501035646784645932e-11
4.500928345934344427e-11
4.500928345934344427e-11
4.500928345934344427e-11
3.217998058445591992e-11
3.217998058445444004e-11
3.217998058445444004e-11
3.157430300023278973e-11
1.823263993698868334e-11
1.823263993698868334e-11
1.823263993698868334e-11
1.823263993698868334e-11
1.823263993698868334e-11
1.823263993698184618e-11
1.823263915403587041e-11
1.823263915403587041e-11
1.257715299316108203e-11
1.257715299316108203e-11
1.257543882049716449e-11
1.257511860076259089e-11
1.257511860076259089e-11
1.257511860076259089e-11
1.257511794307908752e-11
1.251540256342933018e-11
1.251540256342933018e-11
1.251540256342933018e-11
1.251540256342933018e-11
1.251540256315251548e-11
1.077196739750117007e-11
1.004619980449665926e-11
1.004619980449665926e-11
5.952525920263278209e-12
5.952525920263275786e-12
5.952525920190155120e-12
5.952525920190155120e-12
5.952522029526835287e-12
5.952522029526835287e-12
5.952522029526835287e-12
5.952522029526835287e-12
5.952522029526835287e-12
5.952522029526835287e-12
5.952522029526835287e-12
3.502689648718221533e-12
3.500504971368723077e-12
3.500504971368723077e-12
3.500504971368723077e-12
3.500496811692331294e-12
3.497738474741763266e-12
2.915135617342037352e-12
2.915135612129916171e-12
2.915135612129916171e-12
2.915135612129916171e-12
2.815060405129799900e-12
2.815060403120839917e-12
2.815060403120833858e-12
2.815060403120833858e-12
2.815060403120833858e-12
2.815060403120833858e-12
2.815060403120833858e-12
2.815013441909504060e-12
2.815013441908443023e-12
1.977798311126932840e-12
1.977798311126932840e-12
1.954065357103240354e-12
1.014980570040788798e-12
1.014980570040788798e-12
1.014980570040788798e-12
1.014980570040788798e-12
1.014980570040788798e-12
1.014980570040657329e-12
1.014980550939580945e-12
1.014980550939580945e-12
7.449789308248092846e-13
7.449789308248092846e-13
7.449789308248092846e-13
7.449332457591948406e-13
7.448542445269531475e-13
7.448541706220580422e-13
7.394287415351640246e-13
7.394287415351640246e-13
7.394287415351640246e-13
7.394287415351640246e-13
7.394287415351640246e-13
7.394287414922798797e-13
6.262035678809501723e-13
6.262035678809501723e-13
5.972268716406348347e-13
5.972268716406348347e-13
5.972268716406321083e-13
3.100082675065145101e-13
3.100082675051367677e-13
3.100082675051367677e-13
3.100082675051367677e-13
3.100081749335809566e-13
3.100081749335809566e-13
3.100081749335809566e-13
3.100081749335809566e-13
3.100081749335809566e-13
3.100081749335809566e-13
1.941112795332841548e-13
1.941112795332841548e-13
1.940070502215388618e-13
1.940070502215388618e-13
1.940059100895628648e-13
1.937581653660688410e-13
1.937581653660688410e-13
1.937581643821069576e-13
1.687984937038467262e-13
1.611773247070395988e-13
1.611773247070395988e-13
1.611773246518767645e-13
1.611773246518765878e-13
1.611773246518765878e-13
1.611773246518765878e-13
1.611773246518765878e-13
1.611773246516920070e-13
1.611757118075251743e-13
1.611757118075251743e-13
9.862115041693504651e-14
9.862115041693504651e-14
9.862115041693504651e-14
9.776772596104706014e-14
9.776772596104706014e-14
5.239644342145397405e-14
5.239644342145397405e-14
5.239644342145397405e-14
5.239644342145397405e-14
5.239644342145066083e-14
5.239644296516278475e-14
4.050849697458167257e-14
4.050849697458167257e-14
4.050849697458167257e-14
4.050350154291892583e-14
4.050350154291892583e-14
4.050348907780856407e-14
4.050052091847668936e-14
4.007105085924257681e-14
4.007105085924257681e-14
4.007105085366220633e-14
4.007105085366220633e-14
3.076438015479387769e-14
3.076438015479387769e-14
3.076438015479387769e-14
2.954934810397699963e-14
2.954934810397658311e-14
2.954934810397658311e-14
1.490011599910083066e-14
1.490011599910083066e-14
1.490011599906588412e-14
1.490011599906588412e-14
1.490011599906588412e-14
1.490011599906588412e-14
1.490011379959904405e-14
1.490011379959904405e-14
1.490011379959904405e-14
1.490011379959904405e-14
9.805142721884847564e-15
9.805142721884847564e-15
9.801066866079046052e-15
9.801066866079046052e-15
9.800944471645385810e-15
9.800944471645385810e-15
9.781471481524508897e-15
9.781471319456514796e-15
8.461958525277127838e-15
7.780762171648600416e-15
7.780762171648600416e-15
7.780762171648600416e-15
7.780762171648600416e-15
7.780762170138775864e-15
7.780762170138772708e-15
7.780762170116848686e-15
7.780762170116848686e-15
4.439845888887656922e-15
4.439836092703006543e-15
4.439836092703006543e-15
4.439836092703006543e-15
4.439836092703005754e-15
4.414740895554268130e-15
4.414740895554268130e-15
2.452383565581376656e-15
2.452383565581376656e-15
2.452383565581376656e-15
2.452383565581376656e-15
2.452383565581376656e-15
2.452383565581305658e-15
2.452383552159238097e-15
1.842205315565863404e-15
1.842205315565863404e-15
1.842205315565863404e-15
1.842205315565863404e-15
1.841834742187467634e-15
1.841833488348650602e-15
1.841753302400510240e-15
1.804539043573357386e-15
1.804539042732215513e-15
1.804539042732215513e-15
1.804539042732215513e-15
1.307849468650252521e-15
1.307849468650252521e-15
1.307849468650252521e-15
1.271327088281992120e-15
1.271327088281947352e-15
1.271327088281947352e-15
6.487252227635223031e-16
6.487252227635223031e-16
6.487252227635223031e-16
6.487252227635223031e-16
6.487252227627860987e-16
6.487252227627860987e-16
6.487251596143866221e-16
6.487251596143866221e-16
6.487251596143866221e-16
4.031554336925719233e-16
4.031554336925719233e-16
4.031554336925719233e-16
4.030526284955860786e-16
4.030526284955860786e-16
4.030444487449754248e-16
4.030444487449754248e-16
4.015007995343321242e-16
4.015007849370607060e-16
4.015007849370607060e-16
3.527645881553692707e-16
3.208272748918282140e-16
3.208272748918282140e-16
3.208272748886772077e-16
3.208272748602622900e-16
3.208272748602621914e-16
3.208272748602621914e-16
1.811094418927448594e-16
1.811091707261667764e-16
1.811091707261667764e-16
1.811091707261667764e-16
1.811091707261667764e-16
1.811091707261667518e-16
1.804682861802122514e-16
9.215970014852516087e-17
9.215970014852516087e-17
9.215970014852516087e-17
9.215970014852516087e-17
9.215970014852516087e-17
9.215970014852516087e-17
9.215970014852516087e-17
9.215970014852516087e-17
9.215970014852418712e-17
9.215970014852418712e-17
7.323621646827973410e-17
7.323621633785234398e-17
7.320445710197758994e-17
7.320445710197758994e-17
7.320436715440281206e-17
7.111548027980448654e-17
7.111343028035564078e-17
7.111343028035564078e-17
7.111343020050843417e-17
7.111343020050843417e-17
5.053257236121294361e-17
5.053257236121294361e-17
5.053257236121294361e-17
4.961306401580318477e-17
4.961306401579656573e-17
4.961306401579656573e-17
2.271160344521752284e-17
2.271160344521752284e-17
2.271160344521752284e-17
2.271160344521752284e-17
2.271160344520783465e-17
2.271160344520783465e-17
2.271160243329896134e-17
2.271160243329896134e-17
1.523661034955760610e-17
1.523661034955760610e-17
1.523661034955760610e-17
1.523370570439006924e-17
1.523370570439006924e-17
1.523370570439006924e-17
1.523300639838887257e-17
1.514555241708926422e-17
1.514555137987310753e-17
1.514555137987310753e-17
1.514555137987310753e-17
1.310335541190750067e-17
1.310335541190750067e-17
1.226536342781853186e-17
1.226536342750025576e-17
1.226536342702839522e-17
1.226536342702839368e-17
1.226536342702839368e-17
6.078577986576732927e-18
6.078577986576732927e-18
6.078573596851121123e-18
6.078573596851121123e-18
6.078573596851121123e-18
6.078573596851114960e-18
6.064510947349152507e-18
3.340250384293087699e-18
3.340250384293087699e-18
3.340250384293087699e-18
3.340250384293087699e-18
3.340250384293087699e-18
3.340250384293087699e-18
3.340250384293087699e-18
3.340250384293087699e-18
3.340250384293072291e-18
2.799995985864346123e-18
2.799995985864346123e-18
2.799995983383765302e-18
2.797882526745515505e-18
2.797873558570250361e-18
2.797873558570250361e-18
2.797873558570250361e-18
2.694468100496183151e-18
2.694421861806359906e-18
2.694421855300590510e-18
1.695512556402760483e-18
1.695512556402760483e-18
1.695512556402163445e-18
1.695512556402163445e-18
1.695512556402163445e-18
1.673092641639096712e-18
1.673092641639096712e-18
1.673092641639096712e-18
1.673092641639096712e-18
7.940199853774706258e-19
7.940199853774706258e-19
7.940199853773123143e-19
7.940199853773123143e-19
7.940199683554855760e-19
7.940199683554855760e-19
5.698621156756842727e-19
5.698621156756842727e-19
5.698621156756842727e-19
5.698621156756842727e-19
5.697894999858147234e-19
5.697894999858147234e-19
5.697403098511725427e-19
5.651137386813617272e-19
5.651136302318835210e-19
5.651136302318835210e-19
5.651136302318835210e-19
5.651136302318835210e-19
4.536057190727928771e-19
4.291929497067179730e-19
4.291929496821662662e-19
4.291929496743627351e-19
4.291929496743627351e-19
4.291929496743627351e-19
2.069542545638506753e-19
2.069542545638506753e-19
2.069542545638506753e-19
2.069541780935249808e-19
2.069541780935249808e-19
2.069541780935249808e-19
2.069541780935243308e-19
2.066603417726986238e-19
1.219171196192162336e-19
1.219171196192162336e-19
1.219171196192162336e-19
1.219171196192162336e-19
1.219171196192162336e-19
1.219171196192162336e-19
1.219171196192162336e-19
1.219171196192162336e-19
1.219171196192162336e-19
1.026951263032452317e-19
1.025756822073210570e-19
1.025756822073209246e-19
1.025750130185472027e-19
1.025750129680910882e-19
1.025750129680910882e-19
9.621725588976584006e-20
9.621725588976584006e-20
9.621725520354314622e-20
9.621633858186109345e-20
5.707958038320742059e-20
5.707958038320742059e-20
5.707958038315953716e-20
5.707958038315953716e-20
5.707958038315953716e-20
5.658445128827441979e-20
5.658445128827441979e-20
5.658445128827441979e-20
5.658445128827441979e-20
2.828555041075846022e-20
2.828555041075846022e-20
2.828555041075846022e-20
2.828555041075597457e-20
2.828555006222158207e-20
2.828555006222158207e-20
2.828555006222158207e-20
2.015455800044375646e-20
2.015300798033044147e-20
2.015300798033044147e-20
2.015300798033044147e-20
2.015300798033044147e-20
2.015022919230249380e-20
2.015022919230249380e-20
1.985887429151200382e-20
1.985886632296914316e-20
1.985886632296914316e-20
1.526029670477486061e-20
1.526029670477486061e-20
1.467677615840370066e-20
1.467677615581723994e-20
1.467677615581723994e-20
1.467677615581723994e-20
1.467677615570499434e-20
7.219037310349954695e-21
7.219037310349954695e-21
7.219035719654904106e-21
7.219035719654904106e-21
7.219035719654840911e-21
7.219035719654840911e-21
7.219035719654840911e-21
7.219035719654840911e-21
4.152365815062881791e-21
4.152365815062881791e-21
4.150395838725068702e-21
4.150395838725068702e-21
4.150395838725068702e-21
4.150395838725068702e-21
4.150395838725068702e-21
4.150395838725068702e-21
4.150395838725068702e-21
4.139760436872825811e-21
4.139707564124375686e-21
3.632412891082477137e-21
3.632412891082474880e-21
3.632412890250007461e-21
3.341220669305674202e-21
3.341220669305674202e-21
3.341220616749142726e-21
3.341220616749142726e-21
3.341201602490543639e-21
1.966170646190700679e-21
1.966170646190700679e-21
1.966170646185171906e-21
1.966170646185171906e-21
1.966170646185171906e-21
1.966170646185171906e-21
1.955466533888921199e-21
1.955466533888921199e-21
9.352585011265018212e-22
9.352585011265018212e-22
9.352585011265018212e-22
9.352585011265018212e-22
9.352585011264709763e-22
9.352585011264709763e-22
9.352584959309644327e-22
9.352584959309644327e-22
7.152333072748052333e-22
7.151978424960036567e-22
7.151978424960036567e-22
7.151978424960036567e-22
7.151978424960036567e-22
7.149997522062991499e-22
7.149997522062991499e-22
7.007806961299347921e-22
7.007801975960231145e-22
7.007801975960231145e-22
7.007801975960231145e-22
5.292190023587633134e-22
5.292190021335684064e-22
5.292190021335684064e-22
5.292190021335684064e-22
5.158284548971781610e-22
5.158284548971781610e-22
2.369000046443700868e-22
2.369000046440447100e-22
2.369000046440447100e-22
2.369000046440377511e-22
2.368999805107677897e-22
2.368999805107677897e-22
2.368999805107677897e-22
2.368999805107677897e-22
2.368999805107677897e-22
2.368999805107677897e-22
1.502262791515509367e-22
1.501774813638507176e-22
1.501774813638507176e-22
1.501774813638507176e-22
1.501774813638507176e-22
1.501774813638507176e-22
1.501734237773435190e-22
1.496141715367896400e-22
1.362848898121605837e-22
1.362848898121605837e-22
1.362848898121605837e-22
1.235381832919870062e-22
1.235381832919869591e-22
1.235381832806228440e-22
1.235381795381898419e-22
1.235381795381898419e-22
1.235381795381898419e-22
1.235378109237394636e-22
1.235378109237394636e-22
6.647871725806523949e-23
6.647871725762581619e-23
6.647871725762581619e-23
6.647871725762581619e-23
6.647871725762581619e-23
6.624858038511110556e-23
3.490890081187320922e-23
3.490890081187320922e-23
3.490890081187320922e-23
3.490890081187319746e-23
3.490890081187319746e-23
3.490890081187319746e-23
3.490890081187272727e-23
3.490890072439656954e-23
3.490890072439656954e-23
2.842183416067235679e-23
2.842183416067235679e-23
2.842183416067235679e-23
2.842101786016065106e-23
2.840808844756828414e-23
2.840808844756828414e-23
2.840808844756828414e-23
2.840803935533816609e-23
2.768728554066403134e-23
2.768728554066403134e-23
2.768728554066403134e-23
2.768728554066403134e-23
2.768728554066403134e-23
1.931631294467153622e-23
1.931631292865784133e-23
1.897245606812251758e-23
1.897245606812251758e-23
9.184033152442212125e-24
9.184033152442212125e-24
9.184033152441462747e-24
9.184033152435989352e-24
9.184033152435989352e-24
9.184032707278059569e-24
9.184032707278059569e-24
9.184032707278059569e-24
9.184032707278059569e-24
9.184032707278059569e-24
6.329596106799813532e-24
6.329596106799813532e-24
6.328310249247831822e-24
6.328310249247831822e-24
6.328310249247831822e-24
6.328310249247831822e-24
6.328008513349618631e-24
6.295541257802338360e-24
5.830645306371741933e-24
5.830644799022643706e-24
5.063242911113454828e-24
5.063242911113454828e-24
5.063242910900248071e-24
5.063242910900248071e-24
5.063242910900248071e-24
5.063242910900248071e-24
5.063242910900248071e-24
5.063235319519698075e-24
5.063235319519698075e-24
5.063235319519698075e-24
5.063235319519698075e-24
5.063235319380582727e-24
2.702627564702427743e-24
2.702627564702427743e-24
2.696990756507329127e-24
1.548264662805347098e-24
1.548264662805345261e-24
1.548264662805345261e-24
1.548264662805345261e-24
1.548264662805345261e-24
1.548264662805345261e-24
1.548264662805345261e-24
1.548264662805345261e-24
1.548264662805336996e-24
1.548264660868476974e-24
1.292418591316225290e-24
1.292418591316225290e-24
1.292418591316225290e-24
1.291535258680420618e-24
1.291514386249432040e-24
1.291514386249432040e-24
1.291510099037308177e-24
1.240681461700862045e-24
1.240681461700862045e-24
1.240681461700862045e-24
1.240681461700862045e-24
1.240681461700862045e-24
1.240681457641925419e-24
1.240681457641925419e-24
8.354567517157254566e-25
8.258236238022019581e-25
8.258236238022019581e-25
8.258236238022019581e-25
8.258236238018685034e-25
4.246208741853911138e-25
4.246208741852863295e-25
4.246208741852863295e-25
4.246208741852863295e-25
4.246208634253840037e-25
4.246208634253840037e-25
4.246208634253840037e-25
4.246208634253840037e-25
4.246208634253840037e-25
3.012874902672695792e-25
3.012874902672695792e-25
3.012512243671540573e-25
3.012512243671540573e-25
3.012512243671540573e-25
3.012285478108849744e-25
2.986802671114787156e-25
2.986802106335560050e-25
2.827200153411207704e-25
2.827200153411207704e-25
2.387315333311813325e-25
2.387315333269440427e-25
2.387315333269440427e-25
2.387315333269440427e-25
2.387315333269440427e-25
2.387315333269440427e-25
2.387315333269440427e-25
2.387315333079193095e-25
2.387315333079193095e-25
2.387313426811767968e-25
1.297261127893175934e-25
1.297261127893175934e-25
1.297261127893175934e-25
1.295644464506900194e-25
1.295644464506900194e-25
1.295644464506900194e-25
1.295644464506895143e-25
7.618162722710089886e-26
7.618162722710089886e-26
7.618162722710089886e-26
7.618162722710089886e-26
7.618162722710089886e-26
7.618162722710089886e-26
7.618162722710074962e-26
7.618162718510697158e-26
6.649426034396052843e-26
6.649426034396052843e-26
6.649426034396052843e-26
6.649426034396052843e-26
6.641287250089975872e-26
6.641249577922020473e-26
6.641187097938584341e-26
6.307427522788690202e-26
6.307427522788690202e-26
6.307427522788690202e-26
6.307427478206226793e-26
4.194695748055781744e-26
4.194695748055781744e-26
4.194695748055781744e-26
4.194695748055781744e-26
4.164330195564055286e-26
4.164330195558828125e-26
4.164330195558828125e-26
2.149757332001808965e-26
2.149757332001808965e-26
2.149757332001606066e-26
2.149757332001606066e-26
2.149757332001606066e-26
2.149757307281608170e-26
2.149757307281608170e-26
1.640778887146568184e-26
1.640778887146568184e-26
1.640778887146568184e-26
1.640778887146568184e-26
1.640656993875700881e-26
1.640656993875700881e-26
1.640422614763001222e-26
1.640422614763001222e-26
1.621485210850460300e-26
1.621485210850460300e-26
1.621484657340302011e-26
1.561864109366485878e-26
1.292875125765577484e-26
1.292875125765577484e-26
1.292875125765577484e-26
1.292875125756193618e-26
1.292875125756193618e-26
1.292875125518851666e-26
1.292875125518851666e-26
1.292875125518851666e-26
1.292875125518851666e-26
6.821682009958403259e-27
6.821680615307248999e-27
6.821680615307248999e-27
6.821680615307248999e-27
6.821680615307248999e-27
6.821680615307248999e-27
6.821680615307160033e-27
6.816612954572847069e-27
4.392383760652730253e-27
4.392383760652730253e-27
4.392383760652730253e-27
4.392383760652730253e-27
4.392383760652730253e-27
4.392383760652730253e-27
4.392383760652730253e-27
4.392383760652726665e-27
4.392383760652726665e-27
3.976214218774742521e-27
3.976214217910669512e-27
3.976214217910669512e-27
3.968901026345746479e-27
3.968901026345746479e-27
3.968901026345746479e-27
3.968854126256889317e-27
3.727840896045429870e-27
3.727823249225762788e-27
3.727823197423392701e-27
3.727823197423392701e-27
3.727823197423392701e-27
2.350882852847342736e-27
2.350882852847342736e-27
2.350882852847342736e-27
2.340046199609138879e-27
2.340046199602114899e-27
1.308483530431548782e-27
1.308483530431548782e-27
1.308483530431548782e-27
1.308483530431548782e-27
1.308483530431548782e-27
1.308483530431499277e-27
1.308483523513362747e-27
1.308483523513362747e-27
1.308483523513362567e-27
1.059254691450235857e-27
1.059254691450235857e-27
1.059254691450235857e-27
1.059209143801573653e-27
1.059209143801573653e-27
1.059209143801573653e-27
1.058963510994269038e-27
1.042886924479926972e-27
1.042886126246650661e-27
1.042886126246650661e-27
1.042886126246650661e-27
8.190002004412883898e-28
8.014878454750359505e-28
8.014878454750359505e-28
8.014878454750359505e-28
8.014878451715862702e-28
8.014878451692001616e-28
8.014878451692001616e-28
8.014878451692001616e-28
4.377593700166326948e-28
4.377593700166326948e-28
4.377593266312822329e-28
4.377593266312822329e-28
4.377593266312822329e-28
4.377593266312822329e-28
4.377593266312822329e-28
4.377593266312665383e-28
4.377593266312665383e-28
4.375721749585039171e-28
3.035538618343858760e-28
3.035538618343858760e-28
3.035538618343858760e-28
3.035538618343858760e-28
3.035538618343858760e-28
3.035538618343858760e-28
3.035538618343858760e-28
3.035538618343858760e-28
2.805554030496366828e-28
2.805554030496365932e-28
2.805554030211728358e-28
2.798115478041033630e-28
2.798115478041033630e-28
2.798056857419145347e-28
2.798056857419145347e-28
2.567747959832612205e-28
2.567747959832612205e-28
2.567741635195829695e-28
2.567741549509341061e-28
1.600826532929611135e-28
1.600826532929611135e-28
1.600826532918675402e-28
1.596313509982038005e-28
1.596313509982038005e-28
1.596313509982038005e-28
1.596313509982038005e-28
9.557714755201824371e-29
9.557714755201824371e-29
9.557714755201824371e-29
9.557714755201824371e-29
9.557714755201681999e-29
9.557714755201678636e-29
9.557714730778263851e-29
9.557714730778263851e-29
7.999600615845977561e-29
7.999404373520904345e-29
7.999404373520904345e-29
7.999404373520904345e-29
7.999404373520904345e-29
7.999404373520904345e-29
7.996540043576815356e-29
7.817466888971963813e-29
7.817455609733533181e-29
7.817455609733533181e-29
7.817455609733533181e-29
7.817455609733533181e-29
5.982195069716863049e-29
5.982195069716863049e-29
5.897806879978562373e-29
5.897806874249955600e-29
5.897806874249955600e-29
5.897806874243043274e-29
3.347382209699761107e-29
3.347382209699761107e-29
3.347382209699761107e-29
3.347382041847036157e-29
3.347382041847036157e-29
3.347382041847036157e-29
3.347382041846729553e-29
3.347382041846729553e-29
3.347382041846729553e-29
2.420790707107666131e-29
2.420358265688454143e-29
2.420358265688454143e-29
2.420358265688454143e-29
2.420358265688454143e-29
2.420358265688454143e-29
2.420358265688454143e-29
2.420358265688454143e-29
2.420358265688454143e-29
2.286378446531442381e-29
2.276672447053434219e-29
2.276593095685666177e-29
2.276593095685665617e-29
2.276593095585391501e-29
2.276593095585391501e-29
2.276593095585391501e-29
2.052356436507567247e-29
2.052356298847255443e-29
2.052356298847255443e-29
2.052353625341491096e-29
1.281429886267910328e-29
1.281429886243479530e-29
1.281429886243479530e-29
1.281429886243479530e-29
1.281429886243479530e-29
1.279242956141779065e-29
1.279242956141779065e-29
1.279242956141779065e-29
7.952224822289729308e-30
7.952224822289729308e-30
7.952224822289729308e-30
7.952224822289723703e-30
7.952224822289678861e-30
7.952224813244012811e-30
7.952224813244012811e-30
6.943421504128729031e-30
6.943421504128729031e-30
6.943421504128729031e-30
6.943323678595737426e-30
6.943323678595737426e-30
6.943323678595737426e-30
6.939078265131674939e-30
6.939078265131674939e-30
6.738540258508607153e-30
6.738540258508607153e-30
6.738540258508607153e-30
6.738523122126632956e-30
6.738523122126632956e-30
6.738523122126632956e-30
5.068311667103849342e-30
5.068311656465159872e-30
5.022319878050523872e-30
5.022319878050523872e-30
5.022319878050523872e-30
5.022319878050523872e-30
2.894199954687509801e-30
2.894199954686778673e-30
2.894199954686778673e-30
2.894199887553202988e-30
2.894199887552403547e-30
2.894199887552403547e-30
2.894199887552403547e-30
2.894199887552403547e-30
2.894199887552403547e-30
2.231968606513671425e-30
2.231968606513671425e-30
2.231725350399464116e-30
2.231725350399464116e-30
2.231725350399464116e-30
2.231725350399464116e-30
2.231725350399464116e-30
2.217907434639767020e-30
2.217759246381811943e-30
2.131311264954563509e-30
2.131311264954563509e-30
2.131311264915953883e-30
2.131311264915953883e-30
1.890358862437998941e-30
1.890358623639292703e-30
1.890358623639292703e-30
1.890358623639292703e-30
1.890357410169034631e-30
1.161158170811102048e-30
1.161158170760656880e-30
1.161158170760656880e-30
1.161158170760656880e-30
1.161158170760656880e-30
1.161158170760656880e-30
1.159969205010627740e-30
7.759993001419034709e-31
7.759993001419034709e-31
7.759993001419007559e-31
7.759993001419007559e-31
7.759993001419007559e-31
7.759993001418994422e-31
7.759993001418994422e-31
7.759992997634816821e-31
7.759992997634816821e-31
7.009300157587949033e-31
7.009300157587949033e-31
7.009246821379640352e-31
7.009246821379640352e-31
7.002771536386854244e-31
7.002771536386854244e-31
7.002771536386854244e-31
6.750142260668846030e-31
6.750108423050865939e-31
6.750108423050865939e-31
6.750108423050865939e-31
6.750108423050865939e-31
4.912345162310766163e-31
4.912345141875534319e-31
4.912345141875534319e-31
4.883664314265902958e-31
4.883664314265902958e-31
4.883664314265902958e-31
2.975980431392018996e-31
2.975980431391763259e-31
2.975980431389638102e-31
2.975980431389638102e-31
2.975980400205883451e-31
2.975980400205883451e-31
2.975980400205883451e-31
2.975980400205883451e-31
2.975980400205883451e-31
2.975980400205883451e-31
2.418581774511152212e-31
2.418428949692227326e-31
2.418428949692227326e-31
2.418428949692227326e-31
2.418428949692227326e-31
2.418428949692227326e-31
2.418165169578465172e-31
2.397992477117563989e-31
2.330367022134308257e-31
2.330366308000568834e-31
2.012498592398645902e-31
2.012498592398645902e-31
2.012498592387270862e-31
2.012498592387270862e-31
2.012498592387270862e-31
2.012497988163811590e-31
2.012497988163811590e-31
2.012497988163811590e-31
1.258286405384447473e-31
1.258286405263321424e-31
1.258286405263321424e-31
1.258286405263321424e-31
1.258286405263321424e-31
1.257539101195739161e-31
8.949043166459325356e-32
8.949043166459239964e-32
8.949043166459239964e-32
8.949043166459239964e-32
8.949043166459239964e-32
8.949043166459239964e-32
8.949043166459239964e-32
8.949043166459234490e-32
8.949043164796308129e-32
8.272948239376831355e-32
8.272948239376831355e-32
8.272948239376831355e-32
8.272948239376831355e-32
8.261712034503934106e-32
8.261679480826502660e-32
8.261679480826502660e-32
8.261603592393920297e-32
7.867899033062806792e-32
7.867899033062806792e-32
7.867899033062806792e-32
7.867899033062806792e-32
7.867898929903861123e-32
5.656511903197301793e-32
5.656511903197301793e-32
5.636120326581252086e-32
5.636120326581252086e-32
3.615570430919822770e-32
3.615570430913407450e-32
3.615570430913407450e-32
3.615570430913339027e-32
3.615570430913339027e-32
3.615570415704587540e-32
3.615570415704587540e-32
3.615570415704587540e-32
3.615570415704587540e-32
3.050428845225506780e-32
3.050322040146336104e-32
3.050322040146336104e-32
3.050322040146336104e-32
3.050322040146335557e-32
3.050322040146335557e-32
3.049799148864595190e-32
3.013564146922618075e-32
2.955891246710366128e-32
2.955889526528113174e-32
2.505809069280491861e-32
2.505809069280491861e-32
2.505809069277292412e-32
2.505809069277292412e-32
2.505809069277292412e-32
2.505809069277292412e-32
2.505809068332008216e-32
1.602407093120158316e-32
1.602406966546336382e-32
1.602406966546336382e-32
1.602406966546336382e-32
1.602406966546336382e-32
1.602406966546336382e-32
1.601874388623408631e-32
1.601874388623408631e-32
1.194054468481239951e-32
1.194054468481208339e-32
1.194054468481208339e-32
1.194054468481208339e-32
1.194054468481208339e-32
1.194054468481208339e-32
1.194054468481208339e-32
1.194054468481208339e-32
1.194054468481208339e-32
1.194054468427487702e-32
1.128234292022375463e-32
1.128234292022375463e-32
1.128234292022375463e-32
1.125867705068481077e-32
1.125850142721664363e-32
1.125848145189721305e-32
1.125848145189721305e-32
1.060984196597093126e-32
1.060984196597093126e-32
1.060984168512124385e-32
1.060984168512124385e-32
7.587981290344237122e-33
7.587981290344237122e-33
7.571836409250763799e-33
7.571836409250763799e-33
7.571836409195400194e-33
5.058773214628862014e-33
5.058773214628862014e-33
5.058773214628862014e-33
5.058773214628854487e-33
5.058773214628854487e-33
5.058773209226235839e-33
5.058773209226235839e-33
5.058773209226235839e-33
4.442644874573831111e-33
4.442644874573829059e-33
4.442644874573829059e-33
4.442570017497046852e-33
4.442570017497046852e-33
4.441313158186101652e-33
4.372669254569917381e-33
4.372669254569917381e-33
4.372664563603577090e-33
4.372664563603577090e-33
4.318947468654730408e-33
3.604378359176545816e-33
3.604378359176545816e-33
3.604378359176545816e-33
3.604378359176229019e-33
3.604378356248076295e-33
3.604378356248076295e-33
2.345713661209288474e-33
2.345713661209288474e-33
2.345713611991488327e-33
2.345713611991488327e-33
2.345713611991488327e-33
2.345713611991488327e-33
2.345713611991488327e-33
2.345713611991488327e-33
2.345713611991247137e-33
2.345336444992027967e-33
1.850308265232814854e-33
1.850308265232814854e-33
1.850308265232814854e-33
1.850308265232814854e-33
1.779628580766179265e-33
1.779628580766179265e-33
1.779628580760473489e-33
1.779628580760473489e-33
1.779628580760473489e-33
1.779628580760473489e-33
1.774354183550060589e-33
1.774304749106519051e-33
1.774304749106519051e-33
1.774304749106519051e-33
1.653928305633945244e-33
1.653927523393103155e-33
1.653927438345757791e-33
1.172356815212658026e-33
1.172356815212658026e-33
1.172356815212658026e-33
1.171082061789289175e-33
1.171082061769461794e-33
8.299285466867218925e-34
8.299285466867218925e-34
8.299285466867218925e-34
8.299285466867218925e-34
8.299285466867218925e-34
8.299285466867218925e-34
8.299285466171930617e-34
8.299285466171930617e-34
8.299285466171922064e-34
7.545104025329979367e-34
7.545064845802319327e-34
7.545064845802319327e-34
7.541815116509091272e-34
7.541815116509091272e-34
7.392941055662405824e-34
7.392925858950192034e-34
7.392925858950192034e-34
6.037300801108851784e-34
6.037300801108851784e-34
6.003237366785530659e-34
6.003237366785530659e-34
6.003237366785530659e-34
6.003237356663312270e-34
6.003237356663312270e-34
6.003237356663309704e-34
4.061345702540644917e-34
4.061345702540644917e-34
4.061345695485905985e-34
4.061345695485905985e-34
4.061345695485905985e-34
4.061345695485905985e-34
4.061345695484824050e-34
4.061345695484824050e-34
4.061140510524945963e-34
3.374376184777418897e-34
3.374376184777418897e-34
3.374376184777418897e-34
3.374376184777418897e-34
3.374376184777418897e-34
3.374376184777418897e-34
3.295506788215139329e-34
3.281860096449442801e-34
3.281860096449442801e-34
3.281860096449382504e-34
3.281708479232474399e-34
3.013307245404981773e-34
3.013307245404981773e-34
3.013306925470432569e-34
3.013306801315818411e-34
3.013306801315818411e-34
2.151750266905045422e-34
2.151750266905045422e-34
2.151750266821630787e-34
2.150970473764096932e-34
2.150970473764096932e-34
1.615209883605953685e-34
1.615209883605953685e-34
1.615209883605953685e-34
1.615209883605953685e-34
1.615209883605948126e-34
1.615209883605131115e-34
1.615209883605131115e-34
1.517656143892128790e-34
1.517655385932020661e-34
1.517655385932020661e-34
1.517655385932020661e-34
1.516662378793707942e-34
1.477083423393298197e-34
1.477083423393298197e-34
1.477083423393298197e-34
1.477077984734269723e-34
1.477077984734269723e-34
1.477077984734269723e-34
1.477077984734269723e-34
1.191172042838944880e-34
1.188757128489809030e-34
1.188757128489809030e-34
1.188757123991622998e-34
1.188757123991622998e-34
8.395433791156533971e-35
8.395433791156533971e-35
8.395433791156533971e-35
8.395433791156533971e-35
8.395433791063010726e-35
8.395433791063010726e-35
8.395433791057250384e-35
8.395433791057250384e-35
7.370744119353149123e-35
7.370711803388441025e-35
7.370711803388441025e-35
7.370711803388441025e-35
7.370711803388441025e-35
7.370711803388441025e-35
7.370711803388441025e-35
7.325631782963812806e-35
7.257211997268104067e-35
7.256651960521584975e-35
7.256651960521584975e-35
7.256651960521584975e-35
7.256651960521584975e-35
6.564871258743836814e-35
6.564869897317865666e-35
6.564869897317865666e-35
6.564869895489644357e-35
4.746041421804095399e-35
4.746041421344190102e-35
4.746041421344190102e-35
4.746041421344190102e-35
4.746041421344190102e-35
4.745859966610014410e-35
4.745859966610014410e-35
3.821694206029008593e-35
3.821694206028971175e-35
3.821694206028971175e-35
3.821694206028971175e-35
3.821694206028971175e-35
3.719057108947191043e-35
3.719057108947191043e-35
3.719057108947191043e-35
3.719057108947191043e-35
3.719057094826174854e-35
3.715113069904812263e-35
3.715113069904812263e-35
3.715113069904812263e-35
3.589078348375858615e-35
3.589078348375858615e-35
3.589054091867417155e-35
3.589054091867417155e-35
2.857029694727959043e-35
2.857029694727959043e-35
2.857029671433748162e-35
2.856364197196405836e-35
2.856364197196405836e-35
2.856364197196405836e-35
2.147241731997402546e-35
2.147241731997402546e-35
2.147241731993132805e-35
2.147241731993132805e-35
2.147241731993131468e-35
2.147241731993131468e-35
2.147241731993131468e-35
2.017098965878645934e-35
2.017098965878645934e-35
2.017098890793985408e-35
2.017098890793985408e-35
2.017098890793985408e-35
2.017098890793985408e-35
1.999087246195550613e-35
1.998806083750864946e-35
1.996350565910364182e-35
1.770821251130938747e-35
1.770820502835802257e-35
1.770820502835802257e-35
1.770820502835802257e-35
1.770820502835773925e-35
1.770820502835773925e-35
1.319960861557804820e-35
1.319960861238875033e-35
1.319960861238875033e-35
1.319960861238875033e-35
1.319960861238875033e-35
1.319960425782865380e-35
1.176389920057680284e-35
1.176389920057639390e-35
1.176389920057639390e-35
1.176389920057639390e-35
1.176389920057639390e-35
1.176389920057639390e-35
1.176389920057639390e-35
1.171630802156509899e-35
1.171630802156509899e-35
1.171630802156509899e-35
1.171630802156509899e-35
1.171630802156210415e-35
1.169538112776412123e-35
1.169521070317561015e-35
1.115353262856591644e-35
1.115353262856591644e-35
1.115353262856591644e-35
8.830309874396557578e-36
8.830309706302509452e-36
8.830309706302509452e-36
8.830309706302509452e-36
8.830289979609714901e-36
7.450102879289667641e-36
7.450102879243585168e-36
7.450102879243585168e-36
7.450102879243585168e-36
7.450102879243585168e-36
7.450102879243585168e-36
7.450102879243585168e-36
7.371202101221726265e-36
7.371202101200297374e-36
7.371202101200297374e-36
7.371202101200294701e-36
7.371202101200294701e-36
7.369157183282620140e-36
7.264111005315039410e-36
7.264010266924135567e-36
7.264001935475213983e-36
6.299418981659015006e-36
6.299418981659015006e-36
6.299418981659015006e-36
6.299418981659015006e-36
6.299418976171748873e-36
5.161403698064146471e-36
5.161403698064146471e-36
5.161403698064146471e-36
5.161403698064146471e-36
5.161403697921849146e-36
5.046255045473657950e-36
5.046255045472983077e-36
5.046255045472983077e-36
5.046255045472983077e-36
5.046255045472983077e-36
5.046255045472983077e-36
5.046255045472983077e-36
5.046255045472983077e-36
5.046255045472983077e-36
5.045982273484332877e-36
5.045982273484332877e-36
5.045982273484332877e-36
5.028956426070062453e-36
5.028956426070062453e-36
5.028787842264786366e-36
5.028787842264786366e-36
4.704193514870923915e-36
4.704193514870923915e-36
4.704193514870923915e-36
4.704193199214041965e-36
3.915740683029110708e-36
3.915740682200084578e-36
3.915740682103919840e-36
3.767739780290081454e-36
3.767739780290081454e-36
3.767739780290081454e-36
3.767739780290081454e-36
3.767739780290081454e-36
3.767739780290081454e-36
3.767107120793388935e-36
3.767107120793380916e-36
3.767107120793380916e-36
3.767107120793380916e-36
3.764761538266780617e-36
3.675049182576342471e-36
3.675037773304181279e-36
3.675037767793612648e-36
3.222100523916676226e-36
3.222100523916676226e-36
3.222100523916676226e-36
3.222100523916676226e-36
3.222100523916676226e-36
3.222100514417682474e-36
3.057239803340823570e-36
3.057239803340823570e-36
3.057239803340823570e-36
3.057239803340823570e-36
3.057239803340823570e-36
3.057239803338951298e-36
3.057239803338951298e-36
3.055958360506393148e-36
3.055958360506393148e-36
3.055958360506393148e-36
3.055958360506393148e-36
3.055958360506393148e-36
3.055958339125963986e-36
3.055958339125963986e-36
3.055958339125963986e-36
3.035393785715637544e-36
3.035123979670442417e-36
3.035123979670442417e-36
2.821877883631800626e-36
2.821877883631800626e-36
2.821877883631800626e-36
2.821877275936168649e-36
2.667800644287345433e-36
2.667800644287345433e-36
2.667800644287345433e-36
2.667800643991993573e-36
2.665587466153418636e-36
2.665587466153418636e-36
2.665587466153418636e-36
2.665587466153418636e-36
2.665587466153418636e-36
2.665587466153386897e-36
2.665587398466627244e-36
2.665587398466627244e-36
2.661710087613987926e-36
2.580883401828878882e-36
2.580883401828878882e-36
2.580858681677836081e-36
2.464525529301488130e-36
2.464525529301488130e-36
2.464525529301488130e-36
2.464525529301488130e-36
2.464525499569021052e-36
2.464525499569021052e-36
2.464525499569021052e-36
2.461375864067433383e-36
2.461375864067433383e-36
2.461375864067433383e-36
2.461375864067433383e-36
2.461375864067433383e-36
2.461375864059405066e-36
2.461375686470904549e-36
2.461375686470904549e-36
2.461375686470904549e-36
2.461375686470904549e-36
2.461375686470904549e-36
2.461375686470904549e-36
2.461375686470904549e-36
2.437242896329871474e-36
2.437242896329871474e-36
2.436668215011042111e-36
2.367975781568438080e-36
2.367973901604676131e-36
2.367973901604676131e-36
2.367973901604676131e-36
2.364418840522097862e-36
2.364418839280884974e-36
2.364418839280884974e-36
2.364418839280884974e-36
2.364418467441443767e-36
2.364418467441443767e-36
2.364418467441443767e-36
2.364418467441278390e-36
2.364418467441278390e-36
2.364418467441278390e-36
2.364418467441278390e-36
2.358887736098015596e-36
2.327993077319312919e-36
2.327926620255344699e-36
2.327926620255344699e-36
2.324855677653510448e-36
2.324855677653510448e-36
2.324855677653510448e-36
2.324855677653510448e-36
2.324855677653510448e-36
2.324855677653510448e-36
2.324855561417199285e-36
2.324855561417199285e-36
2.324854961657083911e-36
2.324854961657083911e-36
2.324854961657083911e-36
2.324854961618762145e-36
2.324854961618762145e-36
2.324854961618762145e-36
2.324854961618762145e-36
2.324854961618762145e-36
2.324854961618762145e-36
2.324854961618759806e-36
2.324854961618759806e-36
2.314504647085176946e-36
2.313564392367715754e-36
2.313564392367715754e-36
2.311589115655571474e-36
2.311589115655571474e-36
2.311583196126626630e-36
2.311582471020853339e-36
2.311582465808884978e-36
2.311582465808884978e-36
2.311582465808884978e-36
2.311582465808884978e-36
2.311582465808884978e-36
2.311582465808884310e-36
2.311582465808036041e-36
2.311582465808036041e-36
2.311582465808036041e-36
2.311582465808036041e-36
2.309051636856040125e-36
2.309051636856040125e-36
2.308121413573497058e-36
2.308121413573497058e-36
2.308002875141220460e-36
2.308002875141220460e-36
2.308002875141220460e-36
2.308002875141220460e-36
2.308002229166263665e-36
2.308001850641854376e-36
2.308001850641854376e-36
2.308001850641854376e-36
2.308001850641854376e-36
2.308001850641854376e-36
2.308001850641853374e-36
2.308001850641853374e-36
2.308001850475930479e-36
2.308001850475930479e-36
2.308001850475930479e-36
2.308001850475930479e-36
2.308001850475930479e-36
2.308001850475917115e-36
2.307684007525432157e-36
2.307236970777952785e-36
2.307236970777952785e-36
2.307236970777952785e-36
2.307236970777952785e-36
2.307236550577288749e-36
2.307225849605605077e-36
2.307225849605604074e-36
2.307225832448859122e-36
2.307225832448859122e-36
2.307225832448859122e-36
2.307225832448859122e-36
2.307225832448859122e-36
2.307225832445147654e-36
2.307225832445147654e-36
2.307225832445147654e-36
2.307225832445147654e-36
2.307225832445147654e-36
2.307225832445147654e-36
2.307225832445147654e-36
2.307225832445147654e-36
2.307225832445147654e-36
2.307147528130458066e-36
2.307090894674525773e-36
2.307090696128599196e-36
2.307090696128599196e-36
2.307090696128599196e-36
2.307090696128598194e-36
2.307090009811649504e-36
2.307090009811649504e-36
2.307090009811649504e-36
2.307090009811649504e-36
2.307090009263832967e-36
2.307090009263832967e-36
2.307090009263832967e-36
2.307090009263832967e-36
2.307090009263832967e-36
2.307090009263832967e-36
2.307090009263775169e-36
2.307090009263775169e-36
2.307076144846738516e-36
2.307076076963799937e-36
2.307070960938762228e-36
2.307070960938761226e-36
2.307070960938761226e-36
2.307070929810806942e-36
2.307070929810806942e-36
2.307070929810806942e-36
2.307070929810806942e-36
2.307070929810806942e-36
2.307070929810806942e-36
2.307070929798544632e-36
2.307070929798544632e-36
2.307070929798544632e-36
2.307070929798544632e-36
2.307070929798544632e-36
2.307070929798544632e-36
2.307070929798544632e-36
2.307070929798544632e-36
2.307070913065352034e-36
2.307070913065351366e-36
2.307069156133104504e-36
2.307069156133103835e-36
2.307068827973218672e-36
2.307068827973218672e-36
2.307068827973218672e-36
2.307068827973218672e-36
2.307068826979183733e-36
2.307068826979183733e-36
2.307068826979183733e-36
2.307068826979183733e-36
2.307068826979183733e-36
2.307068826979183733e-36
2.307068826978992296e-36
2.307068826978992296e-36
2.307068824015983380e-36
2.307068824015983380e-36
2.307068665296103209e-36
2.307068665296103209e-36
2.307068665296103209e-36
2.307068665296103209e-36
2.307068665296103209e-36
2.307068650412141389e-36
2.307068650412141389e-36
2.307068650412141389e-36
2.307068650412141389e-36
2.307068650412141389e-36
2.307068650412141389e-36
2.307068650389890957e-36
2.307068650389890957e-36
2.307068650389890957e-36
2.307068650389890957e-36
2.307068650389890957e-36
2.307068650389890957e-36
2.307068650389888952e-36
2.307068650389888952e-36
2.307068650014405268e-36
2.307068650014405268e-36
2.307068650014405268e-36
2.307068650014405268e-36
2.307068639833513398e-36
2.307068639833513398e-36
2.307068639833513398e-36
2.307068639833513398e-36
2.307068639358210638e-36
2.307068639358210638e-36
2.307068639358210638e-36
2.307068639358210638e-36
2.307068639357862845e-36
2.307068639357862845e-36
2.307068639357862845e-36
2.307068639323942454e-36
2.307068639323942454e-36
2.307068639323942454e-36
2.307068639323942454e-36
2.307068639323942454e-36
2.307068639323942454e-36
2.307068638862179252e-36
2.307068638862179252e-36
2.307068638862179252e-36
2.307068638862179252e-36
2.307068638862179252e-36
2.307068638862179252e-36
2.307068638862179252e-36
2.307068638851539644e-36
2.307068638851539644e-36
2.307068638851539644e-36
2.307068638851536303e-36
2.307068638851536303e-36
2.307068638851536303e-36
2.307068638851536303e-36
2.307068638851536303e-36
2.307068638851536303e-36
2.307068638851536303e-36
2.307068638849360004e-36
2.307068638849360004e-36
2.307068638834614361e-36
2.307068638834614361e-36
2.307068638834614361e-36
2.307068638834614361e-36
2.307068638834448316e-36
2.307068638834448316e-36
2.307068638834448316e-36
2.307068638834448316e-36
2.307068638834448316e-36
2.307068638834448316e-36
2.307068638834448316e-36
2.307068638834448316e-36
2.307068638834448316e-36
2.307068638834448316e-36
2.307068638834349423e-36
2.307068638834349423e-36
2.307068638834349423e-36
2.307068638834349423e-36
2.307068638834349423e-36
2.307068638834019671e-36
2.307068638834019671e-36
2.307068638834019671e-36
2.307068638834019671e-36
2.307068638834017666e-36
2.307068638834017666e-36
2.307068638834017666e-36
2.307068638834017666e-36
2.307068638834017666e-36
2.307068638834017666e-36
2.307068638834017666e-36
2.307068638834014326e-36
2.307068638834014326e-36
2.307068638834014326e-36
2.307068638834014326e-36
2.307068638834009314e-36
2.307068638834009314e-36
2.307068638834009314e-36
2.307068638834009314e-36
2.307068638834009314e-36
2.307068638834009314e-36
2.307068638834009314e-36
2.307068638834009314e-36
2.307068638834009314e-36
2.307068638834009314e-36
2.307068638834009314e-36
2.307068638834009314e-36
2.307068638834009314e-36
2.307068638834009314e-36
2.307068638834009314e-36
2.307068638834009314e-36
2.307068638834009314e-36
2.307068638834009314e-36
2.307068638834009314e-36
2.307068638834009314e-36
2.307068638834009314e-36
2.307068638834009314e-36
2.307068638834009314e-36
2.307068638834009314e-36
2.307068638834009314e-36
2.307068638834009314e-36
2.307068638834009314e-36
2.307068638834009314e-36
2.307068638834009314e-36
2.307068638834009314e-36
2.307068638834009314e-36
2.307068638834009314e-36
2.307068638834009314e-36
2.307068638834009314e-36
2.307068638834009314e-36
2.307068638834009314e-36
2.307068638834009314e-36
2.307068638834009314e-36
2.307068638834009314e-36
2.307068638834009314e-36
2.307068638834009314e-36
2.307068638834009314e-36
2.307068638834009314e-36
2.307068638834009314e-36
2.307068638834009314e-36
2.307068638834009314e-36
2.307068638834009314e-36
2.307068638834009314e-36
2.307068638834009314e-36
2.307068638834009314e-36
2.307068638834009314e-36
2.307068638834009314e-36
2.307068638834009314e-36
2.307068638834009314e-36
2.307068638834009314e-36
2.307068638834009314e-36
2.307068638834009314e-36
2.307068638834009314e-36
2.307068638834009314e-36
2.307068638834009314e-36
2.307068638834009314e-36
2.307068638834009314e-36
2.307068638834009314e-36
2.307068638834009314e-36
2.307068638834009314e-36
2.307068638834009314e-36
2.307068638834009314e-36
2.307068638834009314e-36
2.307068638834009314e-36
2.307068638834009314e-36
2.307068638834009314e-36
2.307068638834009314e-36
2.307068638834009314e-36
2.307068638834009314e-36
2.307068638834009314e-36
2.307068638834009314e-36
2.307068638834009314e-36
2.307068638834009314e-36
2.307068638834009314e-36
2.307068638834009314e-36
2.307068638834009314e-36
2.307068638834009314e-36
2.307068638834009314e-36
2.307068638834009314e-36
2.307068638834009314e-36
2.307068638834009314e-36
2.307068638834009314e-36
2.307068638834009314e-36
2.307068638834009314e-36
2.307068638834009314e-36
2.307068638834009314e-36
2.307068638834009314e-36
2.307068638834009314e-36
2.307068638834009314e-36
2.307068638834009314e-36
2.307068638834009314e-36
2.307068638834009314e-36
2.307068638834009314e-36
2.307068638834009314e-36
2.307068638834009314e-36
2.307068638834009314e-36
2.307068638834009314e-36
2.307068638834009314e-36
2.307068638834009314e-36
2.307068638834009314e-36
2.307068638834009314e-36
2.307068638834009314e-36
2.307068638834009314e-36
2.307068638834009314e-36
2.307068638834009314e-36
2.307068638834009314e-36
2.307068638834009314e-36
2.307068638834009314e-36
2.307068638834009314e-36
2.307068638834009314e-36
2.307068638834009314e-36
2.307068638834009314e-36
2.307068638834009314e-36
2.307068638834009314e-36
2.307068638834009314e-36
2.307068638834009314e-36
2.307068638834009314e-36
2.307068638834009314e-36
2.307068638834009314e-36
2.307068638834009314e-36
2.307068638834009314e-36
2.307068638834009314e-36
2.307068638834009314e-36
2.307068638834009314e-36
2.307068638834009314e-36
2.307068638834009314e-36
2.307068638834009314e-36
2.307068638834009314e-36
2.307068638834009314e-36
2.307068638834009314e-36
2.307068638834009314e-36
2.307068638834009314e-36
2.307068638834009314e-36
2.307068638834009314e-36
2.307068638834009314e-36
2.307068638834009314e-36
2.307068638834009314e-36
2.307068638834009314e-36
2.307068638834009314e-36
2.307068638834009314e-36
2.307068638834009314e-36
2.307068638834009314e-36
2.307068638834009314e-36
2.307068638834009314e-36
2.307068638834009314e-36
2.307068638834009314e-36
2.307068638834009314e-36
2.307068638834009314e-36
2.307068638834009314e-36
2.307068638834009314e-36
2.307068638834009314e-36
2.307068638834009314e-36
2.307068638834009314e-36
2.307068638834009314e-36
2.307068638834009314e-36
2.307068638834009314e-36
2.307068638834009314e-36
2.307068638834009314e-36
2.307068638834009314e-36
2.307068638834009314e-36
2.307068638834009314e-36
2.307068638834009314e-36
2.307068638834009314e-36
2.307068638834009314e-36
2.307068638834009314e-36
2.307068638834009314e-36
2.307068638834009314e-36
2.307068638834009314e-36
2.307068638834009314e-36
2.307068638834009314e-36
2.307068638834009314e-36
2.307068638834009314e-36
2.307068638834009314e-36
2.307068638834009314e-36
2.307068638834009314e-36
2.307068638834009314e-36
2.307068638834009314e-36
2.307068638834009314e-36
2.307068638834009314e-36
2.307068638834009314e-36
2.307068638834009314e-36
2.307068638834009314e-36
2.307068638834009314e-36
2.307068638834009314e-36
2.307068638834009314e-36
2.307068638834009314e-36
2.307068638834009314e-36
2.307068638834009314e-36
2.307068638834009314e-36
2.307068638834009314e-36
2.307068638834009314e-36
2.307068638834009314e-36
2.307068638834009314e-36
2.307068638834009314e-36
2.307068638834009314e-36
2.307068638834009314e-36
2.307068638834009314e-36
2.307068638834009314e-36
2.307068638834009314e-36
2.307068638834009314e-36
2.307068638834009314e-36
2.307068638834009314e-36
2.307068638834009314e-36
2.307068638834009314e-36
2.307068638834009314e-36
2.307068638834009314e-36
2.307068638834009314e-36
2.307068638834009314e-36
2.307068638834009314e-36
2.307068638834009314e-36
2.307068638834009314e-36
2.307068638834009314e-36
2.307068638834009314e-36
2.307068638834009314e-36
2.307068638834009314e-36
2.307068638834009314e-36
2.307068638834009314e-36
2.307068638834009314e-36
2.307068638834009314e-36
2.307068638834009314e-36
2.307068638834009314e-36
2.307068638834009314e-36
2.307068638834009314e-36
2.307068638834009314e-36
2.307068638834009314e-36
2.307068638834009314e-36
2.307068638834009314e-36
2.307068638834009314e-36
2.307068638834009314e-36
2.307068638834009314e-36
2.307068638834009314e-36
2.307068638834009314e-36
2.307068638834009314e-36
2.307068638834009314e-36
2.307068638834009314e-36
