9.755138582080606913e-01
9.713123498397361333e-01
9.709646870944070862e-01
9.652528429519866560e-01
9.650815297247311575e-01
9.586210370252707946e-01
9.584315934732762221e-01
9.584105258308943665e-01
9.537136971060088397e-01
9.505858878027231285e-01
9.414086971998211206e-01
9.413239046470910365e-01
9.412428571802169408e-01
9.337693019623480861e-01
9.317071857744406715e-01
9.317013364165792622e-01
9.192318830169249333e-01
9.189582269501073153e-01
9.189581707653172726e-01
9.189282341358546713e-01
9.083640601682010374e-01
9.073336652647034928e-01
9.073005091722439186e-01
8.970228293728956803e-01
8.910788340931115048e-01
8.770810943321278863e-01
8.770810771541559525e-01
8.770810765617556015e-01
8.770803809116982652e-01
8.769343683961021707e-01
8.765187403537797461e-01
8.614340134804119309e-01
8.576395827774778713e-01
8.576395825398588357e-01
8.576364460609465779e-01
8.399168559932912448e-01
8.394515414728251912e-01
8.394515413542937843e-01
8.394513730025763287e-01
8.393087288911899035e-01
8.199254129311630557e-01
8.199254099130675044e-01
8.180601896068744328e-01
8.180430905329251212e-01
8.061575293313250068e-01
7.963203741106886779e-01
7.963203740996734892e-01
7.963199066612394184e-01
7.724478497896565266e-01
7.724478488778794283e-01
7.724478488774529916e-01
7.724459678452805234e-01
7.723734770334030886e-01
7.716422897688623994e-01
7.537360158764194740e-01
7.478999558498535816e-01
7.478999556757727207e-01
7.478961714477320166e-01
7.194682793345070770e-01
7.192563008342852671e-01
7.192563006370846779e-01
7.192558377447436646e-01
7.192558377446891527e-01
7.190107812396638876e-01
6.960700572644195061e-01
6.960700550928388131e-01
6.960700550928229369e-01
6.934804064113077038e-01
6.934604108482566032e-01
6.827705655107403349e-01
6.618714148739096581e-01
6.618714148706721367e-01
6.618711900150744398e-01
6.342508598474714265e-01
6.342508558286452658e-01
6.342508558275177233e-01
6.342460908911852213e-01
6.342460908911848882e-01
6.341652165747887482e-01
6.332368565898093271e-01
6.163564811669847154e-01
6.020927142733227821e-01
6.020927142123441156e-01
6.020927142123437825e-01
6.020905384177575037e-01
5.696327194278115735e-01
5.694141044731055867e-01
5.694141037548581252e-01
5.694130573451683386e-01
5.694130573450482125e-01
5.691233725242959007e-01
5.473681780987015300e-01
5.473681780987015300e-01
5.473681766871325571e-01
5.473681766871176801e-01
5.402651902294405284e-01
5.402503896348764822e-01
5.275225396767883046e-01
5.036997078967326846e-01
5.036997078950652407e-01
5.036996293416080572e-01
4.784407498915014267e-01
4.784407327143844202e-01
4.784407327067913829e-01
4.784407327067913829e-01
4.784311464984614126e-01
4.784311464984604689e-01
4.783506559667974889e-01
4.757364756642807890e-01
4.550088803176252639e-01
4.395403016958961961e-01
4.395403016663332885e-01
4.395403016663332330e-01
4.395395749129435981e-01
4.116991724737326108e-01
4.114825483963967523e-01
4.114825459710585442e-01
4.114807030640493246e-01
4.114807030634093921e-01
4.106949415350222843e-01
3.858038740860093574e-01
3.858038740860093019e-01
3.858038733439019263e-01
3.858038733438972634e-01
3.783424260212727708e-01
3.783376550892567081e-01
3.783376550892567081e-01
3.704766171311414391e-01
3.487620168985914870e-01
3.487620168978433632e-01
3.487619582578941890e-01
3.221060045137650318e-01
3.221059878547368194e-01
3.221059878406730137e-01
3.221059878406730137e-01
3.220902026261296958e-01
3.220902026261268647e-01
3.220640291208785033e-01
3.194164999949624106e-01
3.194164999949624106e-01
3.058879305897362899e-01
2.918850734703841154e-01
2.918850734571644678e-01
2.918850734571644123e-01
2.918845434084168522e-01
2.645096448455007132e-01
2.645096448455007132e-01
2.644461346856751272e-01
2.644461322910310330e-01
2.644431921942300701e-01
2.644431921930247009e-01
2.636844493280660617e-01
2.470233831863911933e-01
2.470233831863912211e-01
2.470233828651837715e-01
2.470233828651824670e-01
2.406115205655978140e-01
2.406080845422011449e-01
2.406080845422011449e-01
2.406080845422011449e-01
2.366319176201714392e-01
2.135445251312206028e-01
2.135445251310907067e-01
2.135445094049330528e-01
1.957659550856214459e-01
1.957659106571590368e-01
1.957659106341406996e-01
1.957659106341406996e-01
1.957424084637240935e-01
1.957424084637158224e-01
1.957240864760018684e-01
1.935983941103709693e-01
1.935983941103709693e-01
1.863233831299252741e-01
1.700437231704399477e-01
1.700437231680778094e-01
1.700437231680778094e-01
1.700437231680777539e-01
1.700435754488082152e-01
1.522850191490030536e-01
1.522850191490030536e-01
1.522416106289687376e-01
1.522416052875157910e-01
1.522376803288453262e-01
1.522376803271908441e-01
1.516675732781118668e-01
1.423714822879351138e-01
1.423714822879350583e-01
1.423714821663457364e-01
1.423714821663450425e-01
1.338180364160903024e-01
1.338168886996122520e-01
1.338168886996122520e-01
1.338168886996122520e-01
1.315235398544486178e-01
1.162791298281217051e-01
1.162791298281217051e-01
1.162791298280794750e-01
1.063957497811995473e-01
1.063957491768556390e-01
1.063956494697848171e-01
1.063956493852520474e-01
1.063956493852520474e-01
1.063679043180556921e-01
1.063679043180385808e-01
1.063573265557344188e-01
1.063573265557344188e-01
1.031830159321744378e-01
1.031830159321744378e-01
9.816487311395524773e-02
8.745023033714371952e-02
8.745023033642151944e-02
8.745023033642151944e-02
8.745023033642150556e-02
8.745019801534924253e-02
7.802257789185558512e-02
7.802257789185558512e-02
7.799703831136062249e-02
7.799702832510592432e-02
7.799286955181078396e-02
7.799286954677121797e-02
7.799286954677121797e-02
7.711984206770891581e-02
7.052654700423845180e-02
7.052654700423834078e-02
7.052654696152160785e-02
7.052654696152145519e-02
6.506648315961344187e-02
6.506624588002558884e-02
6.506624588002558884e-02
6.506624588002558884e-02
6.427338383711914127e-02
6.427338383711914127e-02
5.629596247479468074e-02
5.629596247479468074e-02
5.629596247478311360e-02
4.963091239332832749e-02
4.963091220828055872e-02
4.963084624299950176e-02
4.963084614540991951e-02
4.963084614540991951e-02
4.960153064325673045e-02
4.960153064322297273e-02
4.959915276736553275e-02
4.959915276736553275e-02
4.764599379001525914e-02
4.764599379001525220e-02
4.581655162968135270e-02
4.018624627456175019e-02
4.018624627456175019e-02
4.018624627436385294e-02
4.018624627436385294e-02
4.018623207681922688e-02
3.436625646800776923e-02
3.436625646800776923e-02
3.436113485200701506e-02
3.436112855571856611e-02
3.435704103860438841e-02
3.435704103302981982e-02
3.435704103302981982e-02
3.384689069222576036e-02
3.132760718772299030e-02
3.132760718772269193e-02
3.132760717720319693e-02
3.132760717720317611e-02
2.848416616556411970e-02
2.848406225068771808e-02
2.848406225068771808e-02
2.848406225068771808e-02
2.824649867686236313e-02
2.344134503372997252e-02
2.344134503372997252e-02
2.344134503372997252e-02
2.344134503372865413e-02
2.082623513323544201e-02
2.082623508045383307e-02
2.082613440820623926e-02
2.082613431289748879e-02
2.082613431289748879e-02
2.080096117769511879e-02
2.080096117764146033e-02
2.079996598809679895e-02
2.079996598809679895e-02
1.981887718295954545e-02
1.981887718295954198e-02
1.981887718295954198e-02
1.925101977727700087e-02
1.578523665932058881e-02
1.578523665932058881e-02
1.578523665929904007e-02
1.578523665929904007e-02
1.578523437287478529e-02
1.354054761570708601e-02
1.354054761570708601e-02
1.353833428827758319e-02
1.353832574636544550e-02
1.353505143579493246e-02
1.353505143098643858e-02
1.353505143098643858e-02
1.353505143098643858e-02
1.329065206793204890e-02
1.246462646631534173e-02
1.246462646631471376e-02
1.246462646406682612e-02
1.246462646406682091e-02
1.055811290491243115e-02
1.055809553971161045e-02
1.055809553971161045e-02
1.055809553971161045e-02
1.055809553971161045e-02
1.049006580716575592e-02
8.658790830136993411e-03
8.658790830136993411e-03
8.658790830136993411e-03
8.658790830136721059e-03
7.774257745239990941e-03
7.774137522689993259e-03
7.774137333257282421e-03
7.774137319986275732e-03
7.774137319986275732e-03
7.756860307520048459e-03
7.756860307456307779e-03
7.756532296804912255e-03
7.756532296804912255e-03
7.005594387907687279e-03
7.005594387907682075e-03
7.005594387907682075e-03
6.808065845429984997e-03
5.460991477332400278e-03
5.460991477332400278e-03
5.460991477332400278e-03
5.460991477328120715e-03
5.460991477328120715e-03
5.460991139219325413e-03
4.716552577315183230e-03
4.716552577315183230e-03
4.715784144534537758e-03
4.715784144534537758e-03
4.715775068999957832e-03
4.713668089807866723e-03
4.713668089807866723e-03
4.713668081402942397e-03
4.713668081402942397e-03
4.507803991462499237e-03
4.507803991461417636e-03
4.169087189382153329e-03
4.169087188887234986e-03
4.169087188887234986e-03
3.419964869269302103e-03
3.419962466477511915e-03
3.419962466477511915e-03
3.419962466477511915e-03
3.419962466477511915e-03
3.405801664791960597e-03
2.821317985070799939e-03
2.821317985070799939e-03
2.821317985070799939e-03
2.821317985070753969e-03
2.435478024185499558e-03
2.435420850818437611e-03
2.435420704497676114e-03
2.435420701610644355e-03
2.435420701610644355e-03
2.423318210419791226e-03
2.423318210338782676e-03
2.423266242443659207e-03
2.135103371424480322e-03
2.135103371424480322e-03
2.135103371424480322e-03
2.135103371424477720e-03
2.093491754208736538e-03
1.673786226859227174e-03
1.673786226859227174e-03
1.673786226859227174e-03
1.673786226858502276e-03
1.673786226858502276e-03
1.673786137261102248e-03
1.378962659662778031e-03
1.378962659662778031e-03
1.378852750251097431e-03
1.378852750251097431e-03
1.378848902511740698e-03
1.378848902511740698e-03
1.377521562432441806e-03
1.377521556631075257e-03
1.377521556631075257e-03
1.301954385940787924e-03
1.301954385939607878e-03
1.227049925549048666e-03
1.227049925481093042e-03
1.227049925481092825e-03
9.933746417196444300e-04
9.933746417196444300e-04
9.933740070100997421e-04
9.933740070100997421e-04
9.933740070100997421e-04
7.752903739882126711e-04
7.751131050305067700e-04
7.751131050305067700e-04
7.751131050305067700e-04
7.751128745269843592e-04
7.749791659704621674e-04
7.749791659704621674e-04
6.847223008927987627e-04
6.847223008927975701e-04
6.847223004315569324e-04
6.788984013949739445e-04
6.788984013247780338e-04
6.788984013247780338e-04
6.788860445762945513e-04
5.898678898195860651e-04
5.898678898195860651e-04
5.898678898195860651e-04
5.898678898195860651e-04
5.898678898195816199e-04
5.821499019634364608e-04
4.325271496307254407e-04
4.325271496307254407e-04
4.325271496307254407e-04
4.325271496306723690e-04
4.325271496306723690e-04
4.325271403889333218e-04
3.639095935541587193e-04
3.639095935541587193e-04
3.639095935541587193e-04
3.638813712803004845e-04
3.638782774071236273e-04
3.638782774071236273e-04
3.638782742715860078e-04
3.632461709959515679e-04
3.632461709959515679e-04
3.404512255843200738e-04
3.404512255833199515e-04
3.260313031160903428e-04
3.260313031079719454e-04
3.260313031079719454e-04
2.408393283787293082e-04
2.408393283787293353e-04
2.408392655615624212e-04
2.408392655615624212e-04
2.408392655615624212e-04
2.408392655615624212e-04
1.911108237656677716e-04
1.910629542301388155e-04
1.910629542301388155e-04
1.910629542301388155e-04
1.910627793422391618e-04
1.910019477059705267e-04
1.725523211960258013e-04
1.725523211960258013e-04
1.725523211960255845e-04
1.725523211307607608e-04
1.725523210793759475e-04
1.702709451086523986e-04
1.702709451086523986e-04
1.702686694813125947e-04
1.702686694813125947e-04
1.702686694813125947e-04
1.348179316476028891e-04
1.348179316476002328e-04
1.348179316476002328e-04
1.334580230231479313e-04
9.935720250954945779e-05
9.935720250954945779e-05
9.935720250954945779e-05
9.935720250954268153e-05
9.935720158569601613e-05
9.935720158569601613e-05
8.520590504922917257e-05
8.520590504922917257e-05
8.520590504922917257e-05
8.520022327968687832e-05
8.519834422664461808e-05
8.519834422664461808e-05
8.519834109866659825e-05
8.495296431907364474e-05
8.495296431907364474e-05
7.470321992345898036e-05
7.470321992298950727e-05
7.159903589431320064e-05
7.159903589332847402e-05
5.149719353646150670e-05
5.149719353646150670e-05
5.149719353646150670e-05
5.149718754462444140e-05
5.149718754462444140e-05
5.149718754462444140e-05
5.149718754462444140e-05
5.149718754462444140e-05
4.153587434433100774e-05
4.152566552290031177e-05
4.152566552290031177e-05
4.152566552290031177e-05
4.152556548524771838e-05
4.150297023168141752e-05
3.639839836543597488e-05
3.639839836543594777e-05
3.639839836543594777e-05
3.639839835577649246e-05
3.639839831172726910e-05
3.536823050526927478e-05
3.536823050526927478e-05
3.536798914750529299e-05
3.536798914750529299e-05
3.536798914750529299e-05
2.687622607797350588e-05
2.687622607797234375e-05
2.687622607797234375e-05
2.670164729845761942e-05
2.012755655337362417e-05
2.012755655337362417e-05
2.012755655337362417e-05
2.012755655337291605e-05
2.012755640558155709e-05
2.012755640558155709e-05
1.650782793056073839e-05
1.650782793056073839e-05
1.650782793056073839e-05
1.650723889519695238e-05
1.650723889519695238e-05
1.650668356347883498e-05
1.650668214248469056e-05
1.640541044883284629e-05
1.640541044883284629e-05
1.640541044810468594e-05
1.401075241671217338e-05
1.401075241671217338e-05
1.360388290191821507e-05
9.802429946627449342e-06
9.802429946618814688e-06
9.802429946618811300e-06
9.802429946618811300e-06
9.802428994229824059e-06
9.802428994229824059e-06
9.802428994229824059e-06
9.802428994229824059e-06
9.802428994229824059e-06
7.471518026617497517e-06
7.470576098877809469e-06
7.470576098877809469e-06
7.470576098877809469e-06
7.470549605224732385e-06
7.462131223017281550e-06
6.727884304768843566e-06
6.727884304768842719e-06
6.727884282855789513e-06
6.727884282855789513e-06
6.727884281966885186e-06
6.449655707433158040e-06
6.449655707433158040e-06
6.449655707433158040e-06
6.449623752786027752e-06
6.449623752786027752e-06
6.449623752780872709e-06
4.849078010698669557e-06
4.849078010698669557e-06
4.828924690935598749e-06
3.389071370979600372e-06
3.389071370979600372e-06
3.389071370979600372e-06
3.389071370979563950e-06
3.389071360805008423e-06
3.389071360805008423e-06
3.389071360805008423e-06
2.876677432225996229e-06
2.876591138104964274e-06
2.876591138104964274e-06
2.876591138104964274e-06
2.876334608906006837e-06
2.876334608906006837e-06
2.876334608906006837e-06
2.876334146526008605e-06
2.848256150995615946e-06
2.848256150642455723e-06
2.400915688643788566e-06
2.400915688643788566e-06
2.354068190317878397e-06
2.354068190317855950e-06
1.546349800172290884e-06
1.546349800171879015e-06
1.546349800171879015e-06
1.546349738625878073e-06
1.546349738625878073e-06
1.546349738625878073e-06
1.546349738625878073e-06
1.546349738625878073e-06
1.220115565592410398e-06
1.219967667011676236e-06
1.219967667011676236e-06
1.219967667011676236e-06
1.219955693679136691e-06
1.217640710461042228e-06
1.128098794807002927e-06
1.128098786405891717e-06
1.128098786405891505e-06
1.066813959697751037e-06
1.066813959643342299e-06
1.066813959643342299e-06
1.066813959643342299e-06
1.066813959643342299e-06
1.066813959643342299e-06
1.066810712720885386e-06
1.066810712718042956e-06
7.160738710318042795e-07
7.160738710318042795e-07
7.160738710318042795e-07
7.140690999077305888e-07
5.153832362442304484e-07
5.153832362442304484e-07
5.153832362442304484e-07
5.153832362442274838e-07
5.153832355714670126e-07
5.153832355714670126e-07
5.153832355714670126e-07
4.504952528995926114e-07
4.504952528995926114e-07
4.504853480686701442e-07
4.503970361182285457e-07
4.503970361182285457e-07
4.503970361182285457e-07
4.503967778549300122e-07
4.439441709801902085e-07
4.439441709801902085e-07
4.439441708455750738e-07
3.364723390437306790e-07
3.364723390437306790e-07
3.312586882966804581e-07
3.312586882966715113e-07
2.182597613904774011e-07
2.182597613904441551e-07
2.182597613904441551e-07
2.182597613904441551e-07
2.182597573823632345e-07
2.182597573823632345e-07
2.182597573823632345e-07
2.182597573823632345e-07
1.769836211486798455e-07
1.769653483855966501e-07
1.769653483855966501e-07
1.769653483855966501e-07
1.769653483855966501e-07
1.769613191746350703e-07
1.764322383687289972e-07
1.613870819350929976e-07
1.613870774365164996e-07
1.449722149563016978e-07
1.449722149563016713e-07
1.449722149521088053e-07
1.449722149521088053e-07
1.449722149521088053e-07
1.449722149521088053e-07
1.449722149521088053e-07
1.449722149512316232e-07
1.449720076039010154e-07
9.371940253154142700e-08
9.371940253154142700e-08
9.371940253154142700e-08
9.355542671877976103e-08
9.355542671877974780e-08
6.919000043381013367e-08
6.919000043381013367e-08
6.919000043381013367e-08
6.919000043380993514e-08
6.919000036924619870e-08
6.919000036924619870e-08
5.866057303776200383e-08
5.866057303776200383e-08
5.866057303776200383e-08
5.864239810039666896e-08
5.864167283394077385e-08
5.864159517191343297e-08
5.864159517191343297e-08
5.693013324311848715e-08
5.693013324311848715e-08
5.693013318092684000e-08
4.104082447676239424e-08
4.062069652134258440e-08
4.062069652134258440e-08
4.062069652133999036e-08
2.726359859315418004e-08
2.726359859315418004e-08
2.726359859315195327e-08
2.726359859315195327e-08
2.726359859315195327e-08
2.726359820908537080e-08
2.726359820908537080e-08
2.726359820908537080e-08
2.104641878707525643e-08
2.104641878707525643e-08
2.104519542838682388e-08
2.104519542838682388e-08
2.104519542838682388e-08
2.104445715790241276e-08
2.091590762157231168e-08
2.091590591216570089e-08
1.953803999036580639e-08
1.695272250587338491e-08
1.695272250587338491e-08
1.695272250587338491e-08
1.695272250566166637e-08
1.695272250566166637e-08
1.695272250566166637e-08
1.695272250528653335e-08
1.695272250528653335e-08
1.695270696719749991e-08
1.099536767004315113e-08
1.099536767004315113e-08
1.099536767004315113e-08
1.098330917574641505e-08
1.098330917574640843e-08
7.600735156534141673e-09
7.600735156534141673e-09
7.600735156534141673e-09
7.600735156534141673e-09
7.600735156534131747e-09
7.600735153510090122e-09
7.600735153510090122e-09
6.670970756215548036e-09
6.670970756215548036e-09
6.670970756215548036e-09
6.666152576635852413e-09
6.666137214272161711e-09
6.666076261019489442e-09
6.389952416022646647e-09
6.389952416022646647e-09
6.389952416022646647e-09
6.389952398842706684e-09
4.559092986064596938e-09
4.529138174255784955e-09
4.529138174255784955e-09
4.529138174254538393e-09
2.791051168071194552e-09
2.791051168071194552e-09
2.791051168071194552e-09
2.791051168071194552e-09
2.791051168071120106e-09
2.791051168071120106e-09
2.791051151356740553e-09
2.791051151356740553e-09
2.791051151356740553e-09
2.791051151356740553e-09
2.254125704039330786e-09
2.254017433143304904e-09
2.254017433143304904e-09
2.254017433143304904e-09
2.253822810520866414e-09
2.232784096681163903e-09
2.232783764738428055e-09
2.232783764738428055e-09
2.133542295168037237e-09
1.810989888970872024e-09
1.810989888970872024e-09
1.810989888961517852e-09
1.810989888961517852e-09
1.810989888849036178e-09
1.810989888849036178e-09
1.810989888849036178e-09
1.810989001466254006e-09
1.051773606415122818e-09
1.051773606415122818e-09
1.051773606415122818e-09
1.051773606415120956e-09
1.051034645044812666e-09
7.627310381063365531e-10
7.627310381063365531e-10
7.627310381063365531e-10
7.627310381063365531e-10
7.627310381063363463e-10
7.627310379781958330e-10
7.627310379781958330e-10
7.627310379781958330e-10
6.915998887228950655e-10
6.915998887228950655e-10
6.906715443830841607e-10
6.906668385353631330e-10
6.906628994993251171e-10
6.538622399253035277e-10
6.538622399253035277e-10
6.538622361546493023e-10
6.538622361546493023e-10
4.100518902616085227e-10
4.081812786922175206e-10
4.081812786919476529e-10
4.081812786919476529e-10
4.081812786919476529e-10
4.081812786919476529e-10
2.606349722770499387e-10
2.606349722770499387e-10
2.606349722770461647e-10
2.606349722770461647e-10
2.606349715581860425e-10
2.606349715581860425e-10
2.606349715581860425e-10
2.606349715581860425e-10
2.183704489620757191e-10
2.183627871899338218e-10
2.183627871899338218e-10
2.183627871899338218e-10
2.183244784748711180e-10
2.154105695739700236e-10
2.154104671756831331e-10
2.154104671756831331e-10
2.057499302066662280e-10
1.576959776513683944e-10
1.576959776513683944e-10
1.576959776509829024e-10
1.576959776509829024e-10
1.576959776317790773e-10
1.576959776317790773e-10
9.106083838878853559e-11
9.106083464538063138e-11
9.106083464538063138e-11
9.106083464538063138e-11
9.106083464538012731e-11
9.106083464538012731e-11
9.102167062106962243e-11
6.844858059736141813e-11
6.844858059736141813e-11
6.844858059736141813e-11
6.844858059736141813e-11
6.844858059736141813e-11
6.844858059736140520e-11
6.844858059736140520e-11
6.844858059006735241e-11
6.137710398159902573e-11
6.137710398159902573e-11
6.137710398159902573e-11
6.124946708672548416e-11
6.124855928919105048e-11
5.534326424507063224e-11
5.534312430839242285e-11
5.534312330278051881e-11
5.534312330278051881e-11
3.294215468244004574e-11
3.294215468244004574e-11
3.294215468239046660e-11
3.284575433816006786e-11
3.284575433816006786e-11
3.284575433816006786e-11
3.284575433816006786e-11
3.284575433816006786e-11
2.164005692922222593e-11
2.164005692922207083e-11
2.164005692922207083e-11
2.164005688769649902e-11
2.164005688769649256e-11
2.164005688769649256e-11
1.758675074803004432e-11
1.758675074803004432e-11
1.758675074803004432e-11
1.758638889344130463e-11
1.758151757465205121e-11
1.758151757465205121e-11
1.712387119571266806e-11
1.712387119571266806e-11
1.712385360693325628e-11
1.712385360693325628e-11
1.214586234097719855e-11
1.194820706696821637e-11
1.194820706223954954e-11
1.194820706223954954e-11
1.194820706222769275e-11
1.194820706222769275e-11
1.194820706222769275e-11
1.194820706222769275e-11
7.033492167683010107e-12
7.033491952148793964e-12
7.033491952148793964e-12
7.033491952148676026e-12
7.031627285581111471e-12
7.031627285581111471e-12
5.012000752943488766e-12
5.012000752943488766e-12
5.012000752943488766e-12
5.012000752943488766e-12
5.012000752943488766e-12
5.012000752943488766e-12
5.012000752943487958e-12
5.012000752943487958e-12
5.012000752707940200e-12
4.606026446866436563e-12
4.585777101414592561e-12
4.585777101414592561e-12
4.585663491133886083e-12
4.011324353621462560e-12
4.011317821361842241e-12
4.011317658968155455e-12
4.011317658968155455e-12
2.387366014821418851e-12
2.387366014821418851e-12
2.387366014821418851e-12
2.387366014807361223e-12
2.382959895861716894e-12
2.382959895861716894e-12
2.382959895861716894e-12
2.382959895861716894e-12
1.455852107612166647e-12
1.455852107612163213e-12
1.455852107612163213e-12
1.455852107612163213e-12
1.455852106372608832e-12
1.455852106372608832e-12
1.233705382975289297e-12
1.233705382975289297e-12
1.233705382975289297e-12
1.233686886803949110e-12
1.232931989745429043e-12
1.232931989745429043e-12
1.187991177387367993e-12
1.187991177387367993e-12
1.187989084036962067e-12
1.187989084036962067e-12
8.316327717119563058e-13
8.228736735050361432e-13
8.228736726853153023e-13
8.228736726853153023e-13
8.228736726853153023e-13
8.228736726849956180e-13
8.228736726849956180e-13
4.393675181924945614e-13
4.393675181924945614e-13
4.393675121484684373e-13
4.393675121484684373e-13
4.393675121484428404e-13
4.393675121484428404e-13
4.392938793617398839e-13
3.312985396371398843e-13
3.312985396371398843e-13
3.312985396371398843e-13
3.312985396371398843e-13
3.312985396371398843e-13
3.312985396371398843e-13
3.312985396371398843e-13
3.312985396371398843e-13
3.312985396371398843e-13
3.125600453971276943e-13
3.125600453917555136e-13
3.103638578464002261e-13
3.103448212006725853e-13
3.103448212006725853e-13
2.658193440682584950e-13
2.658193234006190088e-13
2.658190902264419266e-13
2.658190902264419266e-13
1.397559324184883399e-13
1.397559324184883399e-13
1.397559324166361702e-13
1.397559324166361702e-13
1.397559324166361702e-13
1.397559324166361702e-13
1.395872999236767056e-13
9.048276829039744859e-14
9.048276829039744859e-14
9.048276829039736024e-14
9.048276829039730975e-14
9.048276829039730975e-14
9.048276825595619799e-14
9.048276825595619799e-14
7.973301340495535763e-14
7.973301340495535763e-14
7.973226487442939317e-14
7.973226487442939317e-14
7.973226487442939317e-14
7.964587075909341469e-14
7.592534599737858660e-14
7.592498441281210315e-14
7.592498441281210315e-14
7.592498441281210315e-14
4.654635652912306349e-14
4.654635652912306349e-14
4.619208906586524012e-14
4.619208898413480748e-14
4.619208898413480748e-14
4.619208898412747422e-14
4.619208898412747422e-14
4.619208898412747422e-14
2.555330732185570374e-14
2.555330715003281819e-14
2.555330715003281819e-14
2.555330715002832484e-14
2.555330715002832484e-14
2.555330715002832484e-14
2.555330715002832484e-14
2.555077651721440401e-14
2.017696314340551551e-14
2.017696314340551551e-14
2.017696314340551551e-14
2.017696314340551551e-14
2.017696314340551551e-14
2.017696314340551551e-14
1.906748215727711718e-14
1.906748215727711718e-14
1.906748215727711718e-14
1.887496918916775733e-14
1.887270750214669347e-14
1.887270750196931336e-14
1.474947566348149561e-14
1.474947566348149561e-14
1.474947262071828995e-14
1.474946667001425318e-14
1.474946667001425318e-14
7.594775511240913648e-15
7.594775511240913648e-15
7.594775511016072513e-15
7.594775511016072513e-15
7.594775511016072513e-15
7.594775511016072513e-15
7.589054033340084989e-15
5.148059820153219971e-15
5.148059820153219971e-15
5.148059820153207349e-15
5.148059820153207349e-15
5.148059820153204194e-15
5.148059818956450925e-15
5.148059818956450925e-15
4.500831394671882729e-15
4.500831394671882729e-15
4.500807149645947770e-15
4.500807149645947770e-15
4.500807149645947770e-15
4.493300139365214515e-15
4.126314951240063002e-15
4.126275955997657011e-15
4.126275955997657011e-15
4.126275955997657011e-15
4.126275955997657011e-15
2.375312247689752135e-15
2.375312247689752135e-15
2.375312235080490957e-15
2.363359472826407278e-15
2.363359472826260944e-15
1.355601905403154496e-15
1.355601905403154496e-15
1.355601905403154496e-15
1.355601905403154496e-15
1.355601905402480611e-15
1.355601899326611599e-15
1.355601899326611599e-15
1.355601899326611599e-15
1.355601899326611599e-15
1.040614898173107467e-15
1.040575929550683349e-15
1.040575929550683349e-15
1.040575929550683349e-15
1.040575929550683349e-15
1.040575929550683349e-15
1.040575929550683349e-15
1.040355902904815171e-15
1.018898479560316668e-15
9.776874573812774015e-16
9.776874573812774015e-16
9.776874573812774015e-16
9.776874573771743387e-16
7.210140944702903621e-16
7.210137874986803973e-16
7.210137874986803973e-16
7.210137874986803973e-16
7.210136186825334547e-16
3.770896219970421552e-16
3.770896219970421552e-16
3.770896219970421552e-16
3.770896219562619907e-16
3.770896219562619907e-16
3.769119523163049015e-16
3.769119523163049015e-16
2.420931604734142913e-16
2.420931604734126149e-16
2.420931604734126149e-16
2.420931604734126149e-16
2.420931604734125163e-16
2.420931604478713696e-16
2.420931604478713696e-16
2.420931604478713696e-16
2.179642702230310358e-16
2.179642702230310358e-16
2.179634980767415643e-16
2.179634980767415643e-16
2.179634980767415643e-16
2.172298738490463231e-16
2.172298738490463231e-16
2.172298738490463231e-16
2.172298738490463231e-16
2.172259312987994036e-16
1.941231760036003878e-16
1.941231760036003878e-16
1.110099104432435825e-16
1.110099090483675642e-16
1.110099090483675642e-16
1.106532685611910841e-16
1.106532685611910841e-16
5.864638910049862692e-17
5.864638910049813388e-17
5.864638910049813388e-17
5.864638910039665432e-17
5.864638910039665432e-17
5.864638897865892452e-17
5.864638897865892452e-17
5.864638897865892452e-17
5.864638897865892452e-17
5.864638897865892452e-17
4.735338060391418856e-17
4.735212219115341359e-17
4.735212219115341359e-17
4.735212219115340743e-17
4.735212219115340743e-17
4.735212219115340743e-17
4.733100380072492217e-17
4.597201737246169429e-17
4.475871421885484711e-17
4.475871421885484711e-17
4.475866080422239979e-17
4.475866080414665682e-17
3.226434219421172132e-17
3.226434219421172132e-17
3.226434219421172132e-17
3.226434219421172132e-17
3.226433846421867052e-17
3.226433846421867052e-17
3.226433846421867052e-17
1.523608704921864999e-17
1.523608704549730344e-17
1.523608704549730344e-17
1.523155129802675884e-17
1.523155129802675884e-17
1.048546906044882872e-17
1.048546906044882872e-17
1.048546906044852982e-17
1.048546906044852982e-17
1.048546906044852982e-17
1.048546906044852828e-17
1.048546905997239217e-17
1.048546905997239217e-17
9.731265670145360217e-18
9.731265670145360217e-18
9.731265670145360217e-18
9.731246768412419683e-18
9.731246768412419683e-18
9.680159444169394846e-18
9.680159444169394846e-18
9.680159444169394846e-18
9.679749292171482897e-18
8.488230272502756801e-18
8.488230272502756801e-18
8.488230272502756801e-18
8.488229808796465424e-18
4.286937036967904355e-18
4.286937036967904355e-18
4.277821100783317171e-18
4.277821100783317171e-18
2.431712034410075946e-18
2.431712034398119773e-18
2.431712034398110144e-18
2.431712034398110144e-18
2.431712032028184784e-18
2.431712032028184784e-18
2.431712032028184784e-18
2.431712032028184784e-18
2.431712032028184784e-18
2.431712032028184784e-18
2.431712032028184784e-18
2.059053025685003997e-18
2.059019092544621936e-18
2.059019092544621551e-18
2.059019092544621551e-18
2.057450211876878936e-18
1.981744552073566026e-18
1.981744552073566026e-18
1.981744552073566026e-18
1.938819354734762710e-18
1.938813445615919174e-18
1.241925376150107440e-18
1.241925376150107440e-18
1.241925376149546994e-18
1.241925376149546994e-18
1.241925376149546994e-18
1.241925376149546994e-18
1.241925376149546994e-18
1.241925314917737900e-18
1.241925313170078195e-18
6.067925847776177093e-19
6.067925847776177093e-19
6.066853805851180007e-19
6.066853805851180007e-19
4.431419842337954059e-19
4.431419842337532280e-19
4.431419842337532280e-19
4.431419842337532280e-19
4.431419842337532280e-19
4.431419842337532280e-19
4.431419842337532280e-19
4.431419842233703471e-19
4.431419842233703471e-19
4.431419842233703471e-19
4.139476875132762950e-19
4.139476875132762950e-19
4.108548427544400676e-19
4.108544193323039399e-19
4.108544193323039399e-19
4.108217534360781777e-19
4.108217534360781777e-19
3.356798525597146030e-19
3.356798525597146030e-19
3.356798525597146030e-19
3.356798048098724320e-19
1.650759403763194516e-19
1.650759403763194516e-19
1.648558349563166569e-19
1.648558349563166569e-19
1.648558349521868131e-19
9.952367945503257646e-20
9.952367945503240794e-20
9.952367945503240794e-20
9.952367945503240794e-20
9.952367940010076925e-20
9.952367940010076925e-20
9.952367940010076925e-20
9.952367940010076925e-20
9.952367940010076925e-20
9.952367940010076925e-20
8.443935074172167831e-20
8.443935074172156997e-20
8.443853411395101883e-20
8.443853411395101883e-20
8.443853411395101883e-20
8.434051691988080159e-20
7.916220003929216421e-20
7.916171640537216361e-20
7.798807984320150753e-20
7.798807984320150753e-20
4.702282632259274168e-20
4.702282632259274168e-20
4.702282632258433380e-20
4.702282632258433380e-20
4.702282632258433380e-20
4.702282632258433380e-20
4.702282613471053578e-20
4.702282613471053578e-20
4.702282494087132909e-20
2.403786145089222635e-20
2.403786145089222635e-20
2.403786145089222635e-20
2.403786145089222635e-20
2.403530142420101106e-20
2.403530142420101106e-20
2.403530142419168534e-20
1.735320451014354865e-20
1.735320451014354865e-20
1.735320451014354865e-20
1.735320451014354865e-20
1.735320451014354865e-20
1.735320451014354865e-20
1.735320450996493369e-20
1.649596823362651845e-20
1.649596823362651845e-20
1.649596823362651845e-20
1.649596823362651845e-20
1.627194455906482201e-20
1.626985844091363563e-20
1.626984869891051723e-20
1.270010162692714175e-20
1.270010162692714175e-20
1.270010162692714175e-20
1.270009793665093364e-20
1.270009793665093364e-20
1.270009793665093364e-20
6.345299429450182291e-21
6.340034087720133828e-21
6.340034087199659536e-21
6.340034087199659536e-21
3.713077188705488239e-21
3.713077188705488239e-21
3.713077188705488239e-21
3.713077188705488239e-21
3.713077188705485230e-21
3.713077188705485230e-21
3.713077187771119565e-21
3.713077187771119565e-21
3.713077187771101509e-21
3.713077187771101509e-21
3.713077187771101509e-21
3.269014965174046206e-21
3.268995288397182915e-21
3.268995288397182915e-21
3.268995288397182915e-21
3.261743509626760265e-21
3.002755011483007796e-21
3.002724485454180785e-21
2.974926559555214170e-21
2.974926559555214170e-21
1.771358208739772160e-21
1.771358208739772160e-21
1.771358208739772160e-21
1.771358208739649533e-21
1.771358208739649533e-21
1.771358208739649533e-21
1.771358192894922694e-21
1.771358192894922694e-21
8.618095315854265989e-22
8.618095270275014203e-22
8.618095270275014203e-22
8.618095270275014203e-22
8.618095270275014203e-22
8.618095270263957033e-22
8.618095270263957033e-22
8.617546080629001721e-22
6.634937061576473632e-22
6.634937061576473632e-22
6.634937061576473632e-22
6.634937061576473632e-22
6.634937061576473632e-22
6.634937061576473632e-22
6.634937061576473632e-22
6.634937061576473632e-22
6.634937061548589965e-22
6.411856776715696611e-22
6.411856776715696611e-22
6.289626869075399503e-22
6.287987505227512755e-22
6.287987505227512755e-22
4.801819096738325897e-22
4.801818027481409848e-22
4.801815545276078661e-22
4.801815545276078661e-22
2.231412518093822306e-22
2.231412518093822306e-22
2.231412518093822306e-22
2.230279406704880823e-22
2.230279406293820322e-22
2.230279406293820322e-22
2.230279406293820322e-22
2.230279406293820322e-22
1.427242422300932622e-22
1.427242422300932622e-22
1.427242422300932387e-22
1.427242422300932387e-22
1.427242422144379344e-22
1.427242422144353013e-22
1.427242422144353013e-22
1.301485600796584595e-22
1.301485600796584595e-22
1.301485600796584595e-22
1.301481364310373909e-22
1.301481364310373909e-22
1.301481364310373909e-22
1.297098206848390053e-22
1.176557786150758927e-22
1.176557786150758927e-22
1.176531835265440759e-22
1.176531835265440759e-22
1.176531835265440759e-22
6.367356574323117349e-23
6.367356574323117349e-23
6.345672418161567013e-23
6.345672316799463793e-23
6.345672316799301575e-23
6.345672316799301575e-23
6.345672316799301575e-23
3.371915176921339550e-23
3.371915176921339550e-23
3.371915168657507882e-23
3.371915168657507882e-23
3.371915168657507882e-23
3.371915168657507882e-23
3.371915168646002143e-23
3.371797463214732747e-23
2.752175838983889079e-23
2.752175838983889079e-23
2.752175838983889079e-23
2.752175838983889079e-23
2.752175838983889079e-23
2.752175838983889079e-23
2.752175838983889079e-23
2.752175838983889079e-23
2.752175838983889079e-23
2.680963096768276159e-23
2.680963096763453105e-23
2.680963096763453105e-23
2.614950234536853870e-23
2.613824902086794327e-23
2.613824902086794327e-23
1.841293245387823969e-23
1.841293061399268916e-23
1.841290952506622807e-23
1.841290952506622807e-23
8.962480161614855150e-24
8.962480161614855150e-24
8.962480161614855150e-24
8.962480158126728478e-24
8.962480158126728478e-24
8.959855752823828991e-24
8.959855752823828991e-24
8.959855752823828991e-24
6.195392288826575412e-24
6.195392288826575412e-24
6.195392288826573943e-24
6.195392288826227172e-24
6.195392288826227172e-24
6.195392288502493089e-24
5.738288074593213119e-24
5.738288074593213119e-24
5.738288074593213119e-24
5.738288074593213119e-24
5.738278171072235104e-24
5.738278171072235104e-24
5.738278171072235104e-24
5.711094684380935528e-24
4.961586878898361143e-24
4.961586878898361143e-24
4.961586878898361143e-24
4.961398264948442862e-24
4.961398264948442862e-24
4.961398264948442862e-24
2.654936852865647126e-24
2.649433865739848378e-24
2.649433759864410427e-24
2.649433759864410427e-24
2.649433759864410427e-24
2.649433759864385815e-24
2.649433759864385815e-24
2.649433759864385815e-24
1.525261776091774878e-24
1.525261774197315489e-24
1.525261774197315489e-24
1.525261774197315489e-24
1.525261774184611517e-24
1.525261774184611517e-24
1.525232336367843480e-24
1.274173855578353639e-24
1.274173855578353639e-24
1.274173855578353639e-24
1.274173855578353639e-24
1.274173855578352905e-24
1.274173855578352905e-24
1.274173855578352905e-24
1.251621757296897937e-24
1.251621757296897937e-24
1.203255697794461002e-24
1.203255697794461002e-24
1.202480463815620890e-24
1.202480463814769392e-24
8.149113602723093988e-25
8.149113602723093988e-25
8.149096353360531547e-25
8.149095952335231081e-25
4.197344360255665244e-25
4.197344360255665244e-25
4.197344360255665244e-25
4.197344355577552213e-25
4.197344355577552213e-25
4.197344355577552213e-25
4.197344355577552213e-25
4.197344355577552213e-25
4.196633973328046830e-25
2.980544821124453598e-25
2.980544821124453598e-25
2.980544821124016461e-25
2.980544821124016461e-25
2.980544821124016461e-25
2.980544821057391186e-25
2.980544821057391186e-25
2.980544821057391186e-25
2.980544821057391186e-25
2.820238946108467525e-25
2.820238946108467525e-25
2.820238946108467525e-25
2.820236261198725365e-25
2.820236261198725365e-25
2.820236261198725365e-25
2.820236261198725365e-25
2.797673037223344570e-25
2.362750835625805690e-25
2.362610038324195582e-25
2.362610038324195582e-25
2.362610038324195582e-25
1.284771882565430741e-25
1.284771882565430741e-25
1.284771777257034550e-25
1.283173309877347154e-25
1.283173309877347154e-25
1.283173309877342792e-25
7.550433632423633433e-26
7.550433632423633433e-26
7.550433632423633433e-26
7.550433628268736152e-26
7.550433628077127129e-26
7.550433628077127129e-26
7.550433628077127129e-26
7.550433628077127129e-26
7.550433628077127129e-26
6.591262029511945022e-26
6.591200017103093397e-26
6.591200017103093397e-26
6.591200017103093397e-26
6.591200017103080769e-26
6.591200017103080769e-26
6.591200017103080769e-26
6.259714506119033244e-26
6.252441191663512823e-26
6.184658687279806701e-26
6.184658687279806701e-26
6.184658687278112336e-26
6.184658687278112336e-26
4.128905424366108218e-26
4.128890748706987052e-26
4.128890748706987052e-26
4.128890656774093037e-26
4.128890656774093037e-26
2.132354465220450566e-26
2.132354460088764258e-26
2.132354460088764258e-26
2.132354460088764258e-26
2.132354460088764258e-26
2.132147029652037973e-26
2.132147029652037973e-26
2.132147029652037973e-26
1.627632070947229086e-26
1.627632070947229086e-26
1.627632070946424665e-26
1.627632070946424665e-26
1.627632070946424665e-26
1.627632070946424665e-26
1.627632070946424665e-26
1.627632070931438547e-26
1.627632070931438547e-26
1.567123801913688635e-26
1.567123801913688635e-26
1.567123801913688635e-26
1.567123060151405235e-26
1.567123060151405235e-26
1.567123060151405235e-26
1.549698296997771985e-26
1.549698296997771985e-26
1.549698296997771985e-26
1.549487551794371730e-26
1.282681979338593977e-26
1.282681979338593977e-26
1.282681979338593977e-26
6.768992207568182273e-27
6.768991235851803871e-27
6.768991235851803871e-27
6.763964331962985195e-27
4.358976765515860321e-27
4.358976765515860321e-27
4.358976765515856734e-27
4.358976765244097564e-27
4.358976765244097564e-27
4.358976764197995123e-27
4.358976764197995123e-27
4.358976764197995123e-27
4.358976764197995123e-27
4.358976764197995123e-27
3.946044340190581355e-27
3.946044340190581355e-27
3.946024419620963920e-27
3.946024419620963920e-27
3.946024419620933787e-27
3.946024419620933787e-27
3.938767358103890340e-27
3.699599107447169313e-27
3.699599107447169313e-27
3.672631334573969640e-27
3.672590871012817098e-27
2.322403196121934684e-27
2.322403196121934684e-27
2.322403196121776841e-27
2.322403196121776841e-27
2.322403196121776841e-27
2.322403196121776841e-27
2.322403174164378215e-27
2.322403174164378215e-27
2.322403174164378215e-27
1.298697972013435889e-27
1.298697965679918927e-27
1.298697965679918927e-27
1.298697965679918927e-27
1.298697965679918927e-27
1.298628989506506867e-27
1.051307041913842693e-27
1.051307041913842693e-27
1.051307041913842693e-27
1.051307041913842693e-27
1.051307041912414579e-27
1.051307041912414579e-27
1.051307041912414579e-27
1.051307041912414579e-27
1.051307041912414579e-27
1.051307041908278574e-27
1.051307041908278574e-27
1.022416566613647298e-27
1.022416566613647298e-27
1.022416328179955479e-27
1.007311860442986485e-27
1.007311860442986485e-27
1.007311860442986485e-27
1.007311860442986485e-27
1.007088042697650833e-27
7.955160749183280616e-28
7.955160749183280616e-28
7.955160749183280616e-28
7.955160749183280616e-28
7.955156069785999000e-28
4.345069106824328184e-28
4.343211571763042007e-28
4.343211571763042007e-28
4.343211571763042007e-28
3.013023775170653822e-28
3.013023774738626555e-28
3.013023774738626107e-28
3.013023774738626107e-28
3.013023774407891419e-28
3.013023774407891419e-28
3.013023774407891419e-28
3.013023774407891419e-28
3.013023774407891419e-28
3.013023774407891419e-28
3.013023774407891419e-28
2.784749666963945076e-28
2.784742172741857779e-28
2.784742172741793656e-28
2.784742172741793656e-28
2.777358892548658279e-28
2.548752071514534739e-28
2.537246093311514123e-28
2.537246093311514123e-28
2.537197533904058477e-28
1.584485963845780006e-28
1.584485963845780006e-28
1.584485963845740770e-28
1.584485963845740770e-28
1.584485963845740770e-28
1.584485963845740770e-28
1.584485963845740770e-28
1.584485963845740770e-28
1.584485930974809172e-28
1.584485924212407572e-28
1.584485924212407572e-28
9.486955826048267587e-29
9.486955826048267587e-29
9.486955826048267587e-29
9.486955826048267587e-29
9.486677770794819887e-29
9.486677770794819887e-29
7.940194461140945998e-29
7.940194461113840402e-29
7.940194461113840402e-29
7.940194461113840402e-29
7.940194461113840402e-29
7.940194461113840402e-29
7.940194461113840402e-29
7.940194461101216384e-29
7.791125690847741258e-29
7.791125690847741258e-29
7.791125690847741258e-29
7.791125690847740137e-29
7.619796640019183209e-29
7.619795763765653291e-29
7.617177424748022736e-29
7.617177424748022736e-29
5.854164191619226625e-29
5.854164191619226625e-29
5.854157819227234345e-29
5.854157819227234345e-29
5.854157819227234345e-29
3.322615182004798492e-29
3.322615182004798492e-29
3.321794515067993355e-29
3.321794515067993355e-29
3.321794513237209243e-29
2.402452710449711885e-29
2.402452710449711885e-29
2.402452710449711325e-29
2.402452710449711325e-29
2.402452710449711325e-29
2.402452710337211441e-29
2.402452710337211441e-29
2.402452710337211441e-29
2.402452710337211441e-29
2.269464281777024072e-29
2.269464281776881980e-29
2.269464281776881980e-29
2.269460988362863922e-29
2.269460988362863922e-29
2.259826827939935825e-29
2.259826827939935825e-29
2.037235068807394486e-29
2.037171056795209561e-29
2.031608442524719350e-29
2.031608442524719350e-29
1.269780092109540435e-29
1.269780092109540435e-29
1.269780092109540435e-29
1.269780092109540435e-29
1.269780092109540435e-29
1.269780092109529225e-29
1.269780092109529225e-29
1.269780039022993519e-29
1.269780039022993519e-29
7.893403389891627782e-30
7.893403380912880739e-30
7.893403380912880739e-30
7.893403380912880739e-30
7.893403380912880739e-30
7.893403380819492604e-30
7.893276013810204013e-30
7.893276013810204013e-30
7.893276013810204013e-30
6.891965512809799553e-30
6.891965512809799553e-30
6.891965512809799553e-30
6.891965512809799553e-30
6.891965512809799553e-30
6.891965512809799553e-30
6.891965512805620881e-30
6.806575227208026175e-30
6.806575227208020570e-30
6.806575227208020570e-30
6.806575227208020570e-30
6.612118673317135403e-30
6.608239837005959433e-30
4.985180755887166211e-30
4.985180555223517943e-30
4.985171106486982638e-30
4.985171106486982638e-30
4.985171106486982638e-30
2.872792735364994083e-30
2.872792735364994083e-30
2.872386753830619044e-30
2.872386750388139140e-30
2.215218342812642098e-30
2.215218342812642098e-30
2.215218342812642098e-30
2.215218342812642098e-30
2.215218342812642098e-30
2.215218342812642098e-30
2.215218342812642098e-30
2.215218342770621711e-30
2.215218342770149824e-30
2.128346964830029608e-30
2.128346964830029608e-30
2.128345415122582678e-30
2.128345415122582678e-30
2.128345415122582678e-30
2.128345415122582678e-30
2.128345415122582678e-30
2.115681297939532336e-30
1.876482461914672807e-30
1.876482461914672807e-30
1.876375594711135892e-30
1.876375594711135892e-30
1.876375594711135892e-30
1.152569768464423611e-30
1.151389596779327205e-30
1.151389596779327205e-30
1.151389507528500316e-30
1.151389507528500316e-30
1.151389507528497513e-30
1.151389507528497513e-30
1.151389507528497513e-30
7.702596461439396686e-31
7.702596457683209146e-31
7.702596457683209146e-31
7.702596457683209146e-31
7.702596457683209146e-31
7.702596457683209146e-31
7.702596457459575924e-31
7.702531568482129471e-31
6.957403172297877315e-31
6.957403172297877315e-31
6.957403172297877315e-31
6.957403172297877315e-31
6.957403172297877315e-31
6.957403172297855419e-31
6.957403172297855419e-31
6.957403172297855419e-31
6.899586721522545527e-31
6.899586721522545527e-31
6.899586721521161744e-31
6.652454177187039894e-31
6.646577636765660184e-31
6.646577636765660184e-31
6.646577636765660184e-31
4.847560081975296031e-31
4.847559998618918502e-31
4.847542417557315119e-31
2.953968699767673881e-31
2.953968699767673881e-31
2.953968692323135222e-31
2.953968692323135222e-31
2.953739023542545603e-31
2.953739023542545603e-31
2.953739023542545603e-31
2.953739023542545603e-31
2.400541150430237834e-31
2.400541150430237834e-31
2.400541150430237834e-31
2.400541150428844855e-31
2.400541150412539872e-31
2.400541150412539872e-31
2.332283287095343797e-31
2.332283287095343797e-31
2.332283287095343797e-31
2.332283287095343797e-31
2.332283287095343797e-31
2.332282469547519258e-31
2.332282469547519258e-31
2.332282469547519258e-31
2.313372925239721827e-31
1.997794514715487606e-31
1.997613168230485214e-31
1.997613168230485214e-31
1.997613168230485214e-31
1.997613168230485214e-31
1.997613168230485214e-31
1.248979755855868832e-31
1.248237978943883845e-31
1.248237772524763582e-31
1.248237772524762925e-31
1.248237772524762925e-31
1.248237772524762925e-31
8.882851995620706344e-32
8.882851995620706344e-32
8.882851993970077471e-32
8.882851993970077471e-32
8.882851993970077471e-32
8.882851993361932549e-32
8.882851993361932549e-32
8.211757772476611594e-32
8.211725371628102330e-32
8.211725371628102330e-32
8.211725371628102330e-32
8.211725371628102330e-32
8.211725371628027886e-32
8.211725371628027886e-32
8.168501582617105333e-32
7.780680452966353354e-32
7.770666873786622009e-32
7.770666873786622009e-32
7.770666873786303433e-32
7.770666873786303433e-32
5.594468142412337624e-32
5.594468142412337624e-32
5.594433084830757645e-32
5.594433048146793543e-32
3.588828044292386877e-32
3.588828044292386877e-32
3.588828022669243671e-32
3.588828022669243671e-32
3.588828022669243671e-32
3.588828022669243671e-32
3.588679087671744577e-32
3.027760479702258740e-32
3.027760479702258740e-32
3.027760479697726963e-32
3.027760479697726963e-32
3.027760479697726963e-32
3.027760479697726963e-32
3.027760479693020023e-32
3.027760479693020023e-32
3.027760479693020023e-32
2.969122803242174542e-32
2.969122803242174542e-32
2.969122365439263579e-32
2.969122365439263579e-32
2.934515261655600552e-32
2.934515261655600552e-32
2.934515261655600552e-32
2.934515261655600552e-32
2.487626263395576621e-32
2.487275892728678722e-32
2.487275892728678174e-32
1.590555342617936319e-32
1.590554840830917770e-32
1.590554840830917770e-32
1.590026202094771714e-32
1.590026202094771714e-32
1.590026202094771714e-32
1.185222702232187612e-32
1.185222702232187612e-32
1.185222702232187612e-32
1.185222702019133455e-32
1.185222701965810216e-32
1.185222701965810216e-32
1.185222701965810216e-32
1.185222701965810216e-32
1.185222701965810216e-32
1.119889361332019187e-32
1.119887370168294516e-32
1.119887370168294516e-32
1.119887370168294516e-32
1.119887370168266326e-32
1.119887370168266326e-32
1.055238098400797230e-32
1.053152159561451163e-32
1.050021607629389871e-32
1.050021607629389871e-32
1.050021607629387134e-32
7.515910676571374394e-33
7.515831827344229869e-33
7.515831827344229869e-33
7.515831827344229869e-33
7.515831815330103061e-33
7.515831815330103061e-33
5.021356299863296388e-33
5.021356236487654764e-33
5.021356236487654764e-33
5.021356236487654764e-33
5.021356236487654764e-33
5.021259894657134378e-33
4.409710762029423468e-33
4.409710762029423468e-33
4.409710762029423468e-33
4.409710762029423468e-33
4.409710762010506623e-33
4.409710762010506623e-33
4.409710762010506623e-33
4.409710762010506623e-33
4.409710762010506623e-33
4.409710762010028348e-33
4.409710762010028348e-33
4.354683324086291516e-33
4.354683324086291516e-33
4.354683324086291516e-33
4.354683153199092610e-33
4.288186716658483977e-33
4.288186716658483977e-33
4.287006958358574789e-33
4.287006958358573421e-33
3.577721796415402453e-33
3.577721796415402453e-33
2.328364995272321907e-33
2.328364995272321907e-33
2.328363655300781009e-33
2.327989277998737236e-33
2.327989277998737236e-33
1.836622549899919639e-33
1.836622549133975920e-33
1.836622549133975920e-33
1.836622549133975920e-33
1.836622549133975920e-33
1.836622549127853450e-33
1.836622549127853450e-33
1.836622549127853450e-33
1.766465643548727249e-33
1.766465643548727249e-33
1.766464744586012846e-33
1.766464744586012846e-33
1.766464744585874974e-33
1.766464744585874974e-33
1.761229364521501089e-33
1.641736964469998365e-33
1.639219612505884895e-33
1.639177106693760420e-33
1.162420251962065881e-33
1.162420251962065881e-33
1.162420251962065881e-33
1.162420251962065881e-33
1.162420251824651221e-33
1.162420251824651221e-33
1.162420251824651221e-33
1.162420251824651221e-33
1.162420209501467025e-33
8.237900200449320320e-34
8.237900200449320320e-34
8.237900200449320320e-34
8.237900200449320320e-34
8.237900200449320320e-34
8.237853147620733971e-34
7.489258136609207491e-34
7.489258136527513262e-34
7.489258136527513262e-34
7.489258136527513262e-34
7.489258136527513262e-34
7.489258136527513262e-34
7.489258136527508985e-34
7.436523852527967648e-34
7.436523852527967648e-34
7.436523852527967648e-34
7.290680009736332036e-34
7.290680009736324339e-34
7.290679986832854445e-34
7.287623050171946551e-34
7.287623050171946551e-34
5.958844641357213833e-34
5.958844641357213833e-34
5.958844641357213833e-34
5.958834695009858693e-34
4.031306151966008048e-34
4.031102484646353273e-34
4.031102484646353273e-34
4.031102480048273409e-34
3.349417773607943458e-34
3.349417773607943458e-34
3.349417773607943458e-34
3.349417773607943458e-34
3.349417773607879739e-34
3.349417773607879739e-34
3.349417773607879739e-34
3.349417773607879739e-34
3.271131730744255721e-34
3.271131730743548828e-34
3.271131583343927355e-34
3.257585829895816321e-34
2.991146224814972435e-34
2.991019340043971652e-34
2.991019340043971652e-34
2.989501607525791943e-34
2.135061085997229664e-34
2.135061085997229664e-34
2.135061085997229664e-34
2.135061085997229664e-34
2.135061085997229664e-34
2.135060924182106037e-34
2.135060924182106037e-34
2.135060924182106037e-34
1.603263061427187149e-34
1.603263061426376125e-34
1.603263061426376125e-34
1.603263061426376125e-34
1.603263061426376125e-34
1.603263061426376125e-34
1.603262209242493124e-34
1.603262209195838627e-34
1.603262209195838627e-34
1.506430120857059337e-34
1.506430120857059337e-34
1.506430120857059337e-34
1.506430120857059337e-34
1.506430120857059337e-34
1.502541159292293737e-34
1.502541159292293737e-34
1.502541159292288819e-34
1.502541159292288819e-34
1.463404361475616141e-34
1.462474181430609108e-34
1.462474181430609108e-34
1.462474181402017368e-34
1.179968040146532441e-34
1.179964543540027208e-34
1.179964543540027208e-34
8.333337391050240251e-35
8.333337391050240251e-35
8.333295775436993650e-35
8.333295753167573679e-35
7.316194688011345529e-35
7.316194688011345529e-35
7.316194688011345529e-35
7.316194688011345529e-35
7.316194688011345529e-35
7.316194688011345529e-35
7.316194688011345529e-35
7.316194688006938674e-35
7.247446498910594056e-35
7.247446498910594056e-35
7.247446496665828781e-35
7.203534375526491724e-35
7.203534375526491724e-35
6.516769457956225142e-35
6.516314502381614517e-35
6.516314502381614517e-35
4.710938260960390970e-35
4.710938260960390970e-35
4.710758148293390118e-35
4.710758148293390118e-35
4.710758148293390118e-35
4.710758148293390118e-35
4.710758148293390118e-35
4.710757442061342622e-35
4.710757442061342622e-35
4.710757442061342622e-35
3.793427228923026826e-35
3.793427228923026826e-35
3.793427228923026826e-35
3.793427228923026826e-35
3.793427228923026826e-35
3.793427228627026688e-35
3.793427228627026688e-35
3.793427213826132390e-35
3.691549267881215354e-35
3.691549267881215354e-35
3.691549267881215354e-35
3.691549267881179539e-35
3.690430054896996534e-35
3.690430054896996534e-35
3.690430054896996534e-35
3.690430054896996534e-35
3.565141010066876510e-35
3.561489543479746222e-35
3.561489543479746222e-35
2.835252509920354383e-35
2.835252509920351710e-35
2.835237259891247815e-35
2.835237259891247815e-35
2.131359774852219204e-35
2.131359761791827414e-35
2.131359677335049812e-35
2.131359677335049812e-35
2.002179515858283727e-35
2.002179515858283727e-35
2.002179515858283727e-35
2.002179515858283727e-35
2.002179515858283727e-35
2.002179515854543728e-35
2.002179515854543728e-35
1.999697371185799864e-35
1.999697371185763247e-35
1.999697371185763247e-35
1.999697371185763247e-35
1.999697371185763247e-35
1.981863052469097415e-35
1.981863052469097415e-35
1.757942502386895724e-35
1.757723456909253111e-35
1.757723456909253111e-35
1.757723456909253111e-35
1.757723456909253111e-35
1.310198247212736400e-35
1.310197814977283939e-35
1.310197402289667622e-35
1.310197402289667622e-35
1.310197402289667622e-35
1.167688808840365456e-35
1.167688808840365456e-35
1.167688808840365456e-35
1.167688808840365456e-35
1.167688808840365456e-35
1.167688808588915494e-35
1.162964891274465965e-35
1.162964891274168486e-35
1.162964891274168486e-35
1.162964891274168486e-35
1.162964891274128261e-35
1.162964891274128261e-35
1.162961444129720877e-35
1.109004947717963989e-35
1.107115867734791876e-35
1.107115867734791876e-35
1.107115867734791876e-35
1.107115867734791876e-35
8.765073767555084754e-36
8.764977331291823568e-36
8.764977331291823568e-36
7.394998670401711313e-36
7.394998551633334118e-36
7.394998551633334118e-36
7.394998551633334118e-36
7.394998551611605877e-36
7.394998551611605877e-36
7.316681359399383347e-36
7.316681359354606520e-36
7.316681359354606520e-36
7.316681359354606520e-36
7.316681359354606520e-36
7.316578396058455190e-36
7.316578396058455190e-36
7.316578396058455190e-36
7.316578396058455190e-36
7.316578396058455190e-36
7.316578396058455190e-36
7.212254638293484214e-36
7.212254638293484214e-36
6.254315053879172293e-36
6.252831851468297722e-36
6.252831851468296386e-36
6.252831851468296386e-36
5.123231802715969331e-36
5.123227627490138699e-36
5.123227627348894444e-36
5.123227627348894444e-36
5.123227627348894444e-36
5.008930666209477068e-36
5.008930666209477068e-36
5.008930662714299983e-36
5.008930662714299983e-36
5.008930662714299983e-36
5.008659908270545820e-36
5.008659908270545820e-36
5.008659908270545820e-36
5.008659908270545820e-36
5.008659908269875624e-36
5.008659908269875624e-36
4.684330951952567074e-36
4.669545605257123726e-36
4.669545604069405889e-36
3.886879770454235648e-36
3.886879770454235648e-36
3.886778311654388896e-36
3.886778311654388896e-36
3.739872075285437726e-36
3.739871874291674624e-36
3.739871874291674624e-36
3.739871874291674624e-36
3.739871874291674624e-36
3.739871874291674624e-36
3.739243894230493119e-36
3.739243894142148891e-36
3.739243894142148891e-36
3.739243894142148891e-36
3.739243894142148891e-36
3.739243894142148891e-36
3.739243894142148891e-36
3.739243894142148891e-36
3.739243894142148891e-36
3.739243888394840125e-36
3.739243888394840125e-36
3.739243888394840125e-36
3.739243888394840125e-36
3.650085413990675290e-36
3.647866852568038309e-36
3.198277117737210786e-36
3.198277117737205441e-36
3.034634921997210469e-36
3.034627084652749046e-36
3.034627084652749046e-36
3.034627084652749046e-36
3.034627084652749046e-36
3.033355119943358529e-36
3.033355111461907684e-36
3.033355111461907684e-36
3.033355111461907684e-36
3.033355111461907684e-36
3.033355090239618660e-36
3.033355090239618660e-36
3.033355090239618660e-36
3.033355090237761757e-36
3.033355090237761757e-36
3.012942641557744451e-36
2.801237498163341529e-36
2.801237498163341529e-36
2.801005999575263641e-36
2.648068924250416138e-36
2.648068924250416138e-36
2.648068924250416138e-36
2.648068385121737686e-36
2.645871576946123190e-36
2.645871576946123190e-36
2.645871576946123190e-36
2.645871576946123190e-36
2.645871576946123190e-36
2.645871576946123190e-36
2.645871509760005443e-36
2.645871509760005443e-36
2.645871509467324343e-36
2.645871509467324343e-36
2.645871509467324343e-36
2.645871509467324343e-36
2.645871509467324343e-36
2.645871509467324343e-36
2.645871509467324343e-36
2.565412304616601925e-36
2.565412304616571857e-36
2.565412304616571857e-36
2.561794021867091034e-36
2.446319159846093464e-36
2.446319159846093464e-36
2.446319159846093464e-36
2.446296784747966600e-36
2.443170445298509403e-36
2.443170445298509403e-36
2.443170445298509403e-36
2.443170415861342066e-36
2.443170239586366753e-36
2.443170239586366753e-36
2.443170239586366753e-36
2.443170239586366753e-36
2.443170239586366753e-36
2.443170239578397237e-36
2.443170239578397237e-36
2.419215946459048729e-36
2.350999880884691847e-36
2.350461162580754105e-36
2.350461162580754105e-36
2.350461162580754105e-36
2.346932390737644634e-36
2.346932390737644634e-36
2.346932390737644300e-36
2.346930530277802499e-36
2.346930161188653551e-36
2.346930161188653551e-36
2.346930161188653551e-36
2.346930161188653551e-36
2.346930161188653551e-36
2.346930161188653551e-36
2.346930159956621610e-36
2.346930159956621610e-36
2.346930159956621610e-36
2.346930159956621610e-36
2.346930159956621610e-36
2.346930159956621610e-36
2.346930159956621610e-36
2.346930159956457569e-36
2.346930159956457569e-36
2.316120987679026487e-36
2.310774188480758953e-36
2.310774188480758953e-36
2.307725786030385154e-36
2.307659994440701066e-36
2.307659399116622393e-36
2.307659399116622393e-36
2.307659399116622393e-36
2.307659283740107564e-36
2.307659283740106896e-36
2.307659283740106896e-36
2.307659283740106896e-36
2.307659283740106896e-36
2.307659283702069445e-36
2.307659283702069445e-36
2.297385524772166798e-36
2.295423264788850057e-36
2.295423264788850057e-36
2.294491557930567036e-36
2.294490838184317093e-36
2.294490838184317093e-36
2.294490838184317093e-36
2.294490838184317093e-36
2.294490838184314421e-36
2.294490838184314421e-36
2.294484962442567210e-36
2.294484962442567210e-36
2.294484962442567210e-36
2.294484962442566876e-36
2.294484962442566876e-36
2.294484962442566876e-36
2.294484962442566876e-36
2.294484957269148469e-36
2.294484957269148469e-36
2.294484957269148469e-36
2.294484957269148469e-36
2.294484957269148469e-36
2.294484957268306548e-36
2.294484957268306548e-36
2.294484957268306548e-36
2.294484957268306548e-36
2.293559589582541377e-36
2.291049504540171303e-36
2.291048863277271629e-36
2.290931201674674168e-36
2.290931201674674168e-36
2.290931201674673166e-36
2.290930825950001281e-36
2.290930825950001281e-36
2.290930825950001281e-36
2.290930825950001281e-36
2.290930825950001281e-36
2.290930825785305854e-36
2.290930825785305854e-36
2.290930825785305854e-36
2.290930825785305854e-36
2.290615333744918613e-36
2.290615333744918613e-36
2.290614916490606155e-36
2.290614916490606155e-36
2.290171186390573011e-36
2.290171186390573011e-36
2.290171186390573011e-36
2.290171186390573011e-36
2.290171186390559648e-36
2.290171186390558645e-36
2.290171186390558645e-36
2.290160564568097462e-36
2.290160564568097462e-36
2.290160564568097462e-36
2.290160564568097462e-36
2.290160564568097462e-36
2.290160547538251369e-36
2.290160547538251369e-36
2.290160547538251369e-36
2.290160547538251369e-36
2.290160547538251369e-36
2.290160547534567297e-36
2.290160547534567297e-36
2.290160350434122324e-36
2.290082625306909629e-36
2.290082625306909629e-36
2.290082625306908627e-36
2.290026410747284418e-36
2.290026410747284418e-36
2.290025729506646580e-36
2.290025729506645911e-36
2.290025729506645911e-36
2.290025729506645911e-36
2.290025729506645911e-36
2.290025729506645911e-36
2.290025728962881286e-36
2.290025728962881286e-36
2.290025728962881286e-36
2.290025728962881286e-36
2.290025728962881286e-36
2.290025728962881286e-36
2.290025728962881286e-36
2.290025661581225743e-36
2.290025661581225743e-36
2.290025661581225074e-36
2.290011899712492393e-36
2.290011899712434929e-36
2.290011899712434929e-36
2.290011899712434929e-36
2.290006821527829683e-36
2.290006821527829683e-36
2.290006821527829683e-36
2.290006821527829683e-36
2.290006821527829683e-36
2.290006790630112029e-36
2.290006790630112029e-36
2.290006790630112029e-36
2.290006790630112029e-36
2.290006790617940593e-36
2.290006790617940593e-36
2.290006774008514040e-36
2.290006774008514040e-36
2.290006774008514040e-36
2.290005030071331386e-36
2.290005030071331386e-36
2.290005030071331386e-36
2.290004704338665041e-36
2.290004704338665041e-36
2.290004704338664373e-36
2.290004704338664373e-36
2.290004703351981875e-36
2.290004703351981875e-36
2.290004703351981875e-36
2.290004703351981875e-36
2.290004703351981875e-36
2.290004703351981875e-36
2.290004703351981875e-36
2.290004703351981875e-36
2.290004703351981875e-36
2.290004703351981875e-36
2.290004700410888961e-36
2.290004700410698861e-36
2.290004700410698861e-36
2.290004542864782479e-36
2.290004542864782479e-36
2.290004542864782479e-36
2.290004542864782479e-36
2.290004542864782479e-36
2.290004528090909165e-36
2.290004528090909165e-36
2.290004528090909165e-36
2.290004528090909165e-36
2.290004528068823442e-36
2.290004528068823442e-36
2.290004528068823442e-36
2.290004528068823442e-36
2.290004527696116760e-36
2.290004527696116760e-36
2.290004527696116760e-36
2.290004527696116760e-36
2.290004527696114755e-36
2.290004517590525359e-36
2.290004517590525359e-36
2.290004517590525359e-36
2.290004517590525359e-36
2.290004517590525359e-36
2.290004517118738287e-36
2.290004517118738287e-36
2.290004517118738287e-36
2.290004517118738287e-36
2.290004517118738287e-36
2.290004517118738287e-36
2.290004517118738287e-36
2.290004517118393166e-36
2.290004517118393166e-36
2.290004517118393166e-36
2.290004517118393166e-36
2.290004517118393166e-36
2.290004517118393166e-36
2.290004517118393166e-36
2.290004517084723347e-36
2.290004517084723347e-36
2.290004516626375604e-36
2.290004516626375604e-36
2.290004516626375604e-36
2.290004516626375604e-36
2.290004516615814842e-36
2.290004516615814842e-36
2.290004516615814842e-36
2.290004516615814842e-36
2.290004516615814842e-36
2.290004516615814842e-36
2.290004516615814842e-36
2.290004516615811501e-36
2.290004516613651239e-36
2.290004516613651239e-36
2.290004516613651239e-36
2.290004516613651239e-36
2.290004516613651239e-36
2.290004516613651239e-36
2.290004516613651239e-36
2.290004516599014512e-36
2.290004516599014512e-36
2.290004516599014512e-36
2.290004516599014512e-36
2.290004516598849803e-36
2.290004516598849803e-36
2.290004516598849803e-36
2.290004516598849803e-36
2.290004516598849803e-36
2.290004516598849803e-36
2.290004516598849803e-36
2.290004516598849803e-36
2.290004516598751913e-36
2.290004516598751913e-36
2.290004516598751913e-36
2.290004516598751913e-36
2.290004516598424165e-36
2.290004516598424165e-36
2.290004516598424165e-36
2.290004516598424165e-36
2.290004516598424165e-36
2.290004516598424165e-36
2.290004516598422160e-36
2.290004516598422160e-36
2.290004516598422160e-36
2.290004516598422160e-36
2.290004516598422160e-36
2.290004516598422160e-36
2.290004516598422160e-36
2.290004516598422160e-36
2.290004516598422160e-36
2.290004516598419153e-36
2.290004516598419153e-36
2.290004516598419153e-36
2.290004516598419153e-36
2.290004516598414142e-36
2.290004516598414142e-36
2.290004516598414142e-36
2.290004516598414142e-36
2.290004516598414142e-36
2.290004516598414142e-36
2.290004516598414142e-36
2.290004516598414142e-36
2.290004516598414142e-36
2.290004516598414142e-36
2.290004516598414142e-36
2.290004516598414142e-36
2.290004516598414142e-36
2.290004516598414142e-36
2.290004516598414142e-36
2.290004516598414142e-36
2.290004516598414142e-36
2.290004516598414142e-36
2.290004516598414142e-36
2.290004516598414142e-36
2.290004516598414142e-36
2.290004516598414142e-36
2.290004516598414142e-36
2.290004516598414142e-36
2.290004516598414142e-36
2.290004516598414142e-36
2.290004516598414142e-36
2.290004516598414142e-36
2.290004516598414142e-36
2.290004516598414142e-36
2.290004516598414142e-36
2.290004516598414142e-36
2.290004516598414142e-36
2.290004516598414142e-36
2.290004516598414142e-36
2.290004516598414142e-36
2.290004516598414142e-36
2.290004516598414142e-36
2.290004516598414142e-36
2.290004516598414142e-36
2.290004516598414142e-36
2.290004516598414142e-36
2.290004516598414142e-36
2.290004516598414142e-36
2.290004516598414142e-36
2.290004516598414142e-36
2.290004516598414142e-36
2.290004516598414142e-36
2.290004516598414142e-36
2.290004516598414142e-36
2.290004516598414142e-36
2.290004516598414142e-36
2.290004516598414142e-36
2.290004516598414142e-36
2.290004516598414142e-36
2.290004516598414142e-36
2.290004516598414142e-36
2.290004516598414142e-36
2.290004516598414142e-36
2.290004516598414142e-36
2.290004516598414142e-36
2.290004516598414142e-36
2.290004516598414142e-36
2.290004516598414142e-36
2.290004516598414142e-36
2.290004516598414142e-36
2.290004516598414142e-36
2.290004516598414142e-36
2.290004516598414142e-36
2.290004516598414142e-36
2.290004516598414142e-36
2.290004516598414142e-36
2.290004516598414142e-36
2.290004516598414142e-36
2.290004516598414142e-36
2.290004516598414142e-36
2.290004516598414142e-36
2.290004516598414142e-36
2.290004516598414142e-36
2.290004516598414142e-36
2.290004516598414142e-36
2.290004516598414142e-36
2.290004516598414142e-36
2.290004516598414142e-36
2.290004516598414142e-36
2.290004516598414142e-36
2.290004516598414142e-36
2.290004516598414142e-36
2.290004516598414142e-36
2.290004516598414142e-36
2.290004516598414142e-36
2.290004516598414142e-36
2.290004516598414142e-36
2.290004516598414142e-36
2.290004516598414142e-36
2.290004516598414142e-36
2.290004516598414142e-36
2.290004516598414142e-36
2.290004516598414142e-36
2.290004516598414142e-36
2.290004516598414142e-36
2.290004516598414142e-36
2.290004516598414142e-36
2.290004516598414142e-36
2.290004516598414142e-36
2.290004516598414142e-36
2.290004516598414142e-36
2.290004516598414142e-36
2.290004516598414142e-36
2.290004516598414142e-36
2.290004516598414142e-36
2.290004516598414142e-36
2.290004516598414142e-36
2.290004516598414142e-36
2.290004516598414142e-36
2.290004516598414142e-36
2.290004516598414142e-36
2.290004516598414142e-36
2.290004516598414142e-36
2.290004516598414142e-36
2.290004516598414142e-36
2.290004516598414142e-36
2.290004516598414142e-36
2.290004516598414142e-36
2.290004516598414142e-36
2.290004516598414142e-36
2.290004516598414142e-36
2.290004516598414142e-36
2.290004516598414142e-36
2.290004516598414142e-36
2.290004516598414142e-36
2.290004516598414142e-36
2.290004516598414142e-36
2.290004516598414142e-36
2.290004516598414142e-36
2.290004516598414142e-36
2.290004516598414142e-36
2.290004516598414142e-36
2.290004516598414142e-36
2.290004516598414142e-36
2.290004516598414142e-36
2.290004516598414142e-36
2.290004516598414142e-36
2.290004516598414142e-36
2.290004516598414142e-36
2.290004516598414142e-36
2.290004516598414142e-36
2.290004516598414142e-36
2.290004516598414142e-36
2.290004516598414142e-36
2.290004516598414142e-36
2.290004516598414142e-36
2.290004516598414142e-36
2.290004516598414142e-36
2.290004516598414142e-36
2.290004516598414142e-36
2.290004516598414142e-36
2.290004516598414142e-36
2.290004516598414142e-36
2.290004516598414142e-36
2.290004516598414142e-36
2.290004516598414142e-36
2.290004516598414142e-36
2.290004516598414142e-36
2.290004516598414142e-36
2.290004516598414142e-36
2.290004516598414142e-36
2.290004516598414142e-36
2.290004516598414142e-36
2.290004516598414142e-36
2.290004516598414142e-36
2.290004516598414142e-36
2.290004516598414142e-36
2.290004516598414142e-36
2.290004516598414142e-36
2.290004516598414142e-36
2.290004516598414142e-36
2.290004516598414142e-36
2.290004516598414142e-36
2.290004516598414142e-36
2.290004516598414142e-36
2.290004516598414142e-36
2.290004516598414142e-36
2.290004516598414142e-36
2.290004516598414142e-36
2.290004516598414142e-36
2.290004516598414142e-36
2.290004516598414142e-36
2.290004516598414142e-36
2.290004516598414142e-36
2.290004516598414142e-36
2.290004516598414142e-36
2.290004516598414142e-36
2.290004516598414142e-36
2.290004516598414142e-36
2.290004516598414142e-36
2.290004516598414142e-36
2.290004516598414142e-36
2.290004516598414142e-36
2.290004516598414142e-36
2.290004516598414142e-36
2.290004516598414142e-36
2.290004516598414142e-36
2.290004516598414142e-36
2.290004516598414142e-36
2.290004516598414142e-36
2.290004516598414142e-36
2.290004516598414142e-36
2.290004516598414142e-36
2.290004516598414142e-36
2.290004516598414142e-36
2.290004516598414142e-36
2.290004516598414142e-36
2.290004516598414142e-36
2.290004516598414142e-36
2.290004516598414142e-36
2.290004516598414142e-36
2.290004516598414142e-36
2.290004516598414142e-36
2.290004516598414142e-36
2.290004516598414142e-36
2.290004516598414142e-36
2.290004516598414142e-36
2.290004516598414142e-36
2.290004516598414142e-36
2.290004516598414142e-36
2.290004516598414142e-36
2.290004516598414142e-36
2.290004516598414142e-36
2.290004516598414142e-36
2.290004516598414142e-36
2.290004516598414142e-36
2.290004516598414142e-36
2.290004516598414142e-36
2.290004516598414142e-36
2.290004516598414142e-36
2.290004516598414142e-36
2.290004516598414142e-36
2.290004516598414142e-36
2.290004516598414142e-36
2.290004516598414142e-36
2.290004516598414142e-36
