9.999999999959192643e-01
9.999999999956468155e-01
9.999999999827989816e-01
9.999999999826137964e-01
9.999999999815013529e-01
9.999999999366213643e-01
9.999999999262330075e-01
9.999999999261774963e-01
9.999999999233825099e-01
9.999999999232338510e-01
9.999999997372093219e-01
9.999999997355532022e-01
9.999999997020652120e-01
9.999999997020561082e-01
9.999999996968926830e-01
9.999999996967851024e-01
9.999999989734300598e-01
9.999999989667710532e-01
9.999999988684468155e-01
9.999999988683047070e-01
9.999999988613340607e-01
9.999999970401955984e-01
9.999999961531378379e-01
9.999999961531370607e-01
9.999999961507048951e-01
9.999999959238374814e-01
9.999999959238290437e-01
9.999999959170198238e-01
9.999999887017523292e-01
9.999999885759599527e-01
9.999999863830451030e-01
9.999999863828278324e-01
9.999999863828272773e-01
9.999999859806296687e-01
9.999999859757847664e-01
9.999999606508467309e-01
9.999999601855134035e-01
9.999999547087716767e-01
9.999999547056604987e-01
9.999999547056568350e-01
9.999999541761547261e-01
9.999999541761543931e-01
9.999998931021526483e-01
9.999998700242944683e-01
9.999998699573837690e-01
9.999998699573335870e-01
9.999998587864956656e-01
9.999998587863906385e-01
9.999998582990979878e-01
9.999998582990979878e-01
9.999998582990978768e-01
9.999996488246187809e-01
9.999996469442360425e-01
9.999996006723147479e-01
9.999996006696657558e-01
9.999996006696383333e-01
9.999995838807717030e-01
9.999995838807702597e-01
9.999995835803727751e-01
9.999989486309888154e-01
9.999989429656158668e-01
9.999988477160308697e-01
9.999988476840786511e-01
9.999988476840786511e-01
9.999988476840261376e-01
9.999988298511819362e-01
9.999988298511743867e-01
9.999988298511742757e-01
9.999976514837561892e-01
9.999970134013682621e-01
9.999970129330975066e-01
9.999970129309263545e-01
9.999968499789134713e-01
9.999968499776135111e-01
9.999968366306278833e-01
9.999968366306276613e-01
9.999968366306262180e-01
9.999931811566387108e-01
9.999931595956477182e-01
9.999919869004709749e-01
9.999919868730785533e-01
9.999919868720014149e-01
9.999917697234265157e-01
9.999917697234175229e-01
9.999917625500365226e-01
9.999819178648134965e-01
9.999818549290337977e-01
9.999818549290337977e-01
9.999796715517688117e-01
9.999796712481132666e-01
9.999796712481133776e-01
9.999796712477986294e-01
9.999794524649983085e-01
9.999794524647093175e-01
9.999794524647092064e-01
9.999678260807511876e-01
9.999546466016436819e-01
9.999546404911681119e-01
9.999546404239135766e-01
9.999511476629724394e-01
9.999511476552862543e-01
9.999511476552861433e-01
9.999509865583428025e-01
9.999509865583421364e-01
9.999135068138796933e-01
9.999135068138734761e-01
9.999130448090968182e-01
9.998922486740690063e-01
9.998922484919727793e-01
9.998922484919727793e-01
9.998878079670551200e-01
9.998878079450491674e-01
9.998878079450169709e-01
9.998877222395252673e-01
9.997915788818951821e-01
9.997902369729088079e-01
9.997902369729089189e-01
9.997902369729088079e-01
9.997574396988455625e-01
9.997574379001957778e-01
9.997574379001955558e-01
9.997574378989926291e-01
9.997530894935080514e-01
9.997530894868089657e-01
9.997530894868089657e-01
9.996402239862191008e-01
9.995312714666644283e-01
9.995312183798550354e-01
9.995312172049060084e-01
9.994845380825517767e-01
9.994845380544511437e-01
9.994845380544511437e-01
9.994845380544511437e-01
9.994845380544509217e-01
9.994814189166729701e-01
9.994814189166693064e-01
9.991549084118872548e-01
9.991549084117756774e-01
9.991527798574153518e-01
9.990140438150565405e-01
9.990140430756057066e-01
9.990140430756057066e-01
9.989614741146729537e-01
9.989614738571895858e-01
9.989614738570240515e-01
9.989599340643782188e-01
9.982269733169377712e-01
9.982220037855014105e-01
9.982220037855014105e-01
9.982220037855012995e-01
9.982220037855014105e-01
9.982219799857017239e-01
9.980420403264056439e-01
9.980420403264017581e-01
9.980420403206798907e-01
9.979986468728270221e-01
9.979986468053402282e-01
9.979986468053402282e-01
9.979986468053401172e-01
9.973738635806356223e-01
9.965274097751669613e-01
9.965272944466126992e-01
9.965272802872827684e-01
9.963130608659848120e-01
9.963130607532953986e-01
9.963130607532953986e-01
9.963130607532953986e-01
9.963130607532953986e-01
9.963130607532950656e-01
9.962876782367721118e-01
9.962876782367637851e-01
9.946042644659116583e-01
9.946042644644905728e-01
9.945963713932420847e-01
9.935643611272008124e-01
9.935643588648589430e-01
9.935643588648589430e-01
9.933560410522928041e-01
9.933560379242968308e-01
9.933560379239724236e-01
9.933455078008948114e-01
9.898982361841694999e-01
9.898793557106034813e-01
9.898793557106034813e-01
9.898793557106034813e-01
9.898793557106034813e-01
9.898793557106034813e-01
9.898792448169727587e-01
9.886468130050978242e-01
9.886468130050721781e-01
9.886468129950101158e-01
9.884885342719421653e-01
9.884885335511445215e-01
9.884885335511445215e-01
9.884885335511444104e-01
9.868812533660574760e-01
9.822926283176298679e-01
9.822921150734073015e-01
9.822919856245582171e-01
9.809285704723659238e-01
9.809285702788713701e-01
9.809285702788713701e-01
9.809285702788713701e-01
9.809285702788713701e-01
9.809285702788687056e-01
9.808381250233082493e-01
9.808381250232984794e-01
9.760281328364254216e-01
9.760281328067430540e-01
9.759830917198299982e-01
9.705886545905456630e-01
9.705886497162427018e-01
9.705886497162427018e-01
9.693301041256344730e-01
9.693300844494460167e-01
9.693300844490769785e-01
9.692926276277765707e-01
9.592055047301086823e-01
9.590869308875066279e-01
9.590869308875066279e-01
9.590869308875066279e-01
9.590869308875066279e-01
9.590869308875067389e-01
9.590869308875068500e-01
9.590865902735000725e-01
9.534098848732468490e-01
9.534098848729464226e-01
9.534098848603980159e-01
9.524902855324105522e-01
9.524902809711262019e-01
9.524902809711262019e-01
9.524902809711259799e-01
9.477269998301245391e-01
9.351491552975208510e-01
9.351476407871334162e-01
9.351469089662920453e-01
9.296019434893987299e-01
9.296019432604361032e-01
9.296019432604361032e-01
9.296019432604361032e-01
9.296019432604361032e-01
9.296019432604361032e-01
9.296019432604070154e-01
9.290895890598914741e-01
9.290895890598761531e-01
9.155662575397135461e-01
9.155662573709857366e-01
9.154942954929373711e-01
9.029034289585173845e-01
9.029034289585173845e-01
9.029034218354092811e-01
9.029034218354092811e-01
8.982956699172459647e-01
8.982955983106575282e-01
8.982955983100637809e-01
8.980908467681104623e-01
8.962663392427850928e-01
8.724569480477610828e-01
8.724569480477610828e-01
8.724569480477610828e-01
8.724569480477610828e-01
8.724569480477610828e-01
8.724569480477609718e-01
8.724566450837978326e-01
8.615674826215404813e-01
8.615674826215404813e-01
8.615674826195411917e-01
8.615674825989155794e-01
8.586096528993245602e-01
8.586096376494768423e-01
8.586096376494768423e-01
8.586096376494766202e-01
8.504366656320127005e-01
8.201094157962629527e-01
8.201082629244665911e-01
8.201054878465933173e-01
8.112250813084284085e-01
8.112250809835641618e-01
8.112250809835641618e-01
8.112250809835641618e-01
8.112250809835641618e-01
8.112250809835641618e-01
8.112250809835641618e-01
8.098413463551191738e-01
8.098413463549779534e-01
8.098413463549658520e-01
7.878315232144056379e-01
7.878315225850354153e-01
7.877460501537780768e-01
7.585189437813857349e-01
7.585189437813857349e-01
7.585189366419277102e-01
7.585189366419277102e-01
7.522332441719105089e-01
7.522329551813238258e-01
7.522329551809154857e-01
7.517743665530954855e-01
7.503165600500275589e-01
7.127645348704521044e-01
7.127645348704521044e-01
7.127645348704521044e-01
7.127645348704521044e-01
7.127645348704521044e-01
7.127645348704511052e-01
7.127640596350222069e-01
6.886601365584502643e-01
6.886601365584502643e-01
6.886601365542198705e-01
6.886601365423639098e-01
6.850681029820449019e-01
6.850680513442302111e-01
6.850680513442302111e-01
6.850680513442301001e-01
6.787940429958895239e-01
6.314045658538491868e-01
6.314027534450122880e-01
6.313944384907960172e-01
6.130658321612068029e-01
6.130658319812254398e-01
6.130658319812254398e-01
6.130658319812254398e-01
6.130658319812254398e-01
6.130658319812254398e-01
6.130658319812254398e-01
6.114703796185381179e-01
6.114703796182467954e-01
6.114703796182422435e-01
5.931812222912701271e-01
5.931812222912701271e-01
5.931812191670639001e-01
5.930579684483511249e-01
5.469052881258863463e-01
5.469052881258863463e-01
5.469052826051347127e-01
5.469052826051347127e-01
5.346861608229346308e-01
5.346856170954482623e-01
5.346856170952923870e-01
5.341596960772887481e-01
5.328159494936837159e-01
5.328159494936837159e-01
4.986633912290660553e-01
4.986633912290660553e-01
4.986633912290660553e-01
4.986633912290660553e-01
4.986633912290622250e-01
4.986629379622685154e-01
4.624037138081519283e-01
4.624037138081519283e-01
4.624037137920130602e-01
4.624037137866802705e-01
4.557467622538132201e-01
4.557466635715712311e-01
4.557466635715712311e-01
4.557466635715712311e-01
4.557466635715712311e-01
4.557466635715711756e-01
4.498554923054613464e-01
4.064385706857105984e-01
4.064367580533466695e-01
4.064207943010905155e-01
3.816158505879609364e-01
3.816158505114947697e-01
3.816158505114947697e-01
3.816158505114947697e-01
3.816158505114947697e-01
3.816158505114947697e-01
3.816158505114947697e-01
3.787667765089107741e-01
3.787667765079697491e-01
3.787667765079673621e-01
3.616967041638402547e-01
3.616967041638402547e-01
3.616966982601503289e-01
3.616271203241056553e-01
3.226819186184724519e-01
3.226819186184724519e-01
3.226819155848500431e-01
3.226819155848500431e-01
3.078045479599201828e-01
3.078038870867895738e-01
3.078038870867066401e-01
3.068907952899069813e-01
3.061236505768897831e-01
2.758458898109795721e-01
2.758458898109795721e-01
2.758458898109795721e-01
2.758458898109795721e-01
2.758458898109795721e-01
2.758458898109795721e-01
2.758458898109688029e-01
2.758457338211268151e-01
2.497545552197004415e-01
2.497545552197004415e-01
2.497545551835083644e-01
2.497545551803588837e-01
2.424800561349590433e-01
2.424799425491774851e-01
2.424799425491774851e-01
2.424799425491774851e-01
2.424799425491774851e-01
2.424799425491774296e-01
2.391464238803850118e-01
2.035971116449067642e-01
2.035965761607156643e-01
2.035754656209977920e-01
1.887025019418630822e-01
1.887025019018988559e-01
1.887025019018988559e-01
1.887025019018988559e-01
1.887025019018988559e-01
1.887025019018988004e-01
1.887025019018988004e-01
1.887025019000033721e-01
1.859977761474582991e-01
1.859977761474576052e-01
1.767468924227635629e-01
1.767468924227635629e-01
1.767468854543076950e-01
1.767196263688306512e-01
1.468272341759784549e-01
1.468272341759784549e-01
1.468272331022445198e-01
1.468272331022445198e-01
1.392845898824270345e-01
1.392836414726413841e-01
1.392836414726413841e-01
1.392836414726199012e-01
1.385552340833500207e-01
1.383256828845601805e-01
1.226254891977065081e-01
1.226254891977065081e-01
1.226254891977065081e-01
1.226254891977065081e-01
1.226254891977065081e-01
1.226254891977065081e-01
1.226254891976859135e-01
1.226254087291166611e-01
1.033011829035676565e-01
1.033011829035676565e-01
1.033011828769127560e-01
1.033011828762703255e-01
1.000916583086428890e-01
1.000915252506270059e-01
1.000915252506270059e-01
1.000915252506270059e-01
1.000915252506270059e-01
1.000915252506270198e-01
9.920039359296652093e-02
8.140017916291843181e-02
8.139989127994998186e-02
8.137841148024471671e-02
7.086749214412077502e-02
7.086749213631894639e-02
7.086749213631894639e-02
7.086749213631894639e-02
7.086749213631894639e-02
7.086749213631889088e-02
7.086749213631889088e-02
7.086749213499748956e-02
6.977319263960840567e-02
6.977319263960830853e-02
6.733672453375166844e-02
6.733672453375166844e-02
6.733671547383665579e-02
6.732611364080352823e-02
5.250899082797367418e-02
5.250899082797367418e-02
5.250899051750722996e-02
5.250899051750722996e-02
5.250899051750722996e-02
4.748922435185205793e-02
4.748864310605465516e-02
4.748864310605465516e-02
4.748864310605173389e-02
4.720199182596356013e-02
4.266493841072598048e-02
4.263066249981904005e-02
4.263066249981904005e-02
4.263066249981904005e-02
4.263066249981904005e-02
4.263066249981904005e-02
4.263066249981904005e-02
4.263066249979798050e-02
4.263063985632450925e-02
3.304491809562271759e-02
3.304491809562271759e-02
3.304491805992751385e-02
3.304491805981638747e-02
3.102334836122128126e-02
3.102326583804278573e-02
3.102326583804278573e-02
3.102326583804278573e-02
3.102326583804278573e-02
3.102326583804278573e-02
3.074747304581853385e-02
2.527931386317956372e-02
2.527922032798335383e-02
2.526536214269876554e-02
2.526536214269876554e-02
2.031086342751957721e-02
2.031086342623673185e-02
2.031086342623673185e-02
2.031086342623673185e-02
2.031086342623673185e-02
2.031086342623668328e-02
2.031086342623668328e-02
2.031086342471137215e-02
1.965428234975156660e-02
1.965428234975155272e-02
1.888845369378004332e-02
1.888845369378004332e-02
1.888844797713088233e-02
1.888635687655153619e-02
1.439134615933706542e-02
1.439134609499224775e-02
1.439134609499224775e-02
1.439134609499224775e-02
1.439134609499224775e-02
1.223471470815139586e-02
1.223445984219106476e-02
1.223445984219106476e-02
1.223445984219052353e-02
1.206888263900106513e-02
1.066487420971398703e-02
1.065829494458173099e-02
1.065829494458173099e-02
1.065829494458172925e-02
1.065829494458172925e-02
1.065829494458172925e-02
1.065829494458172925e-02
1.065829494456035052e-02
1.065829494456035052e-02
1.065829189791010247e-02
8.010237927241283667e-03
8.010237927241283667e-03
8.010237898692774625e-03
8.010237898668649825e-03
7.225756903429547164e-03
7.225756903429547164e-03
7.225723038927284875e-03
7.225723038927284875e-03
7.225723038927284875e-03
7.225723038927284875e-03
7.171663015352801492e-03
5.559822304839508525e-03
5.559810917066240754e-03
5.552941215249147106e-03
5.552941215249147106e-03
4.383976763376868160e-03
4.383976763125105140e-03
4.383976763125105140e-03
4.383976763125105140e-03
4.383976763125105140e-03
4.383976763125054833e-03
4.383976763125054833e-03
4.383976763125054833e-03
4.383976762140518596e-03
4.157773523115472838e-03
4.157773523115471104e-03
4.157773523115471104e-03
4.012894202460222555e-03
4.012891905393060205e-03
4.012605066169318106e-03
2.794662399881732168e-03
2.794662391319536511e-03
2.794662391319536511e-03
2.794662391319536511e-03
2.794662391319536511e-03
2.366833710221906070e-03
2.366698849937347911e-03
2.366698849937347911e-03
2.366698849937293268e-03
2.317658188482024911e-03
2.065844886801408622e-03
2.064933257988757660e-03
2.064933257988757660e-03
2.064933257988757660e-03
2.064933257988757660e-03
2.064933257988757660e-03
2.064933257988757660e-03
2.064933257975732923e-03
2.064933257975732923e-03
2.064932741983315292e-03
1.388712368910143598e-03
1.388712368910143598e-03
1.388712361071459253e-03
1.388712361069610688e-03
1.255470051736087486e-03
1.255470051736087486e-03
1.255455557894285179e-03
1.255455557894285179e-03
1.255455557894285179e-03
1.255455557894285179e-03
1.249899933638432036e-03
9.727593008981733633e-04
9.727572829860887558e-04
9.704058399409040778e-04
9.704058399409040778e-04
6.824182916791097500e-04
6.824182916608187172e-04
6.824182916608187172e-04
6.824182916608187172e-04
6.824182916607989847e-04
6.824182916607989847e-04
6.824182916607989847e-04
6.824182914107151769e-04
6.824182914107151769e-04
6.481688506887510687e-04
6.481688506887510687e-04
6.481688506887510687e-04
6.346209874651128442e-04
6.346209874651128442e-04
6.346200708173522186e-04
6.345850620101371612e-04
4.327652744360774273e-04
4.327652735218988096e-04
4.327652735218988096e-04
4.327652735218988096e-04
3.317624026674505298e-04
3.317334012469490409e-04
3.317334012469490409e-04
3.317334012469490409e-04
3.317334012469461677e-04
3.247271949322606236e-04
3.008158585832530090e-04
3.006928953992840962e-04
3.006928953992839336e-04
3.006928953992839336e-04
3.006928953992839336e-04
3.006928953992839336e-04
3.006928953952914133e-04
3.006928953952914133e-04
3.006928953952914133e-04
1.889560829222356180e-04
1.889560789660471325e-04
1.889560789660471325e-04
1.889560751255818332e-04
1.889560751254553339e-04
1.591093639228456863e-04
1.591093639228456863e-04
1.591062686071983371e-04
1.591062686071983371e-04
1.591062686071983371e-04
1.591062686071983371e-04
1.585165257124561910e-04
1.297992586122230757e-04
1.297992586122230757e-04
1.297990541095037109e-04
1.293087227251666759e-04
1.293087227251666759e-04
8.177518780308769253e-05
8.177518780188471601e-05
8.177518780188471601e-05
8.177518780187875290e-05
8.177518780187875290e-05
8.177518780187875290e-05
8.177518780187875290e-05
8.177518769816162849e-05
7.450318981545191849e-05
7.450318981545191849e-05
7.450318981545193205e-05
7.450318981545193205e-05
7.450318981545193205e-05
7.303160449166887821e-05
7.303140601433502621e-05
7.302895414926477186e-05
5.112558062814373235e-05
5.112558055867509089e-05
5.112558055867509089e-05
5.112558055867509089e-05
5.112558055867509089e-05
5.109599374104682577e-05
3.524957938822007334e-05
3.524957938822007334e-05
3.524957938821987683e-05
3.383324409238698836e-05
3.121060556351229291e-05
3.121060556351223870e-05
3.120183928573567192e-05
3.120183928573567192e-05
3.120183928573567192e-05
3.120183928573567192e-05
3.120183928430817069e-05
3.120183928430817069e-05
3.120183928430817069e-05
1.943386436218112580e-05
1.943386405954124107e-05
1.943386405954124107e-05
1.943386292358697842e-05
1.943386292357679031e-05
1.513521656135991763e-05
1.513521656135991763e-05
1.513474049612608812e-05
1.513474049612608812e-05
1.513474049612608812e-05
1.513474049612608812e-05
1.513474049612608812e-05
1.509264397429241334e-05
1.195371127826793351e-05
1.195371127826793351e-05
1.195370092684741726e-05
1.186051618219414909e-05
1.186051618219414909e-05
7.340173816483647694e-06
7.340173816393740229e-06
7.340173816393740229e-06
7.340173816391293998e-06
7.340173816391293998e-06
7.340173816391293998e-06
7.340173816391293998e-06
7.340173791180839784e-06
6.398516881712189067e-06
6.398516881712189067e-06
6.398516881712189067e-06
6.398516881712189067e-06
6.398516881712189067e-06
6.398486239839377859e-06
6.296737173604110096e-06
6.296612220660765168e-06
4.080318079527527638e-06
4.080318075864284629e-06
4.080318075864284629e-06
4.080318075864284629e-06
4.080318075864284629e-06
4.075399091378582397e-06
2.787075745512323183e-06
2.787075745512323183e-06
2.787075745512315983e-06
2.626467679218673345e-06
2.626467679218653863e-06
2.454292033618130081e-06
2.454292033618130081e-06
2.453853827067111935e-06
2.453853827067111935e-06
2.453853827067111935e-06
2.453853826770486926e-06
2.453853826770486926e-06
1.357657045007341099e-06
1.357657045007341099e-06
1.357657030717186100e-06
1.357657030717186100e-06
1.357656905417458909e-06
1.357656905417148895e-06
1.062008360624294621e-06
1.062008360624294621e-06
1.061930817984531626e-06
1.061930817984531626e-06
1.061930817984531626e-06
1.061930817984531626e-06
1.060179330765161296e-06
1.060179330765161296e-06
8.644483162870004589e-07
8.644483162870004589e-07
8.644477026102641207e-07
8.535672441367302233e-07
8.535672441367302233e-07
4.564688844141990968e-07
4.564688844116619684e-07
4.564688844116619684e-07
4.564688844113058440e-07
4.564688844113058440e-07
4.564688844113058440e-07
4.564688844113058440e-07
4.564688819335533670e-07
4.001511784063479940e-07
4.001511784063479940e-07
4.001511784063479940e-07
4.001511784063479940e-07
4.001511784063479940e-07
4.001469890516593511e-07
3.964447268747789005e-07
3.964392773698417886e-07
2.662946442786266132e-07
2.662946441378536020e-07
2.662946441378536020e-07
2.662946441378536020e-07
2.657411607041131526e-07
2.657411607041131526e-07
1.563328550944986793e-07
1.563328550944986793e-07
1.563328550944985205e-07
1.563328550944985205e-07
1.475244910060951687e-07
1.475244910060924159e-07
1.475244910060924159e-07
1.416037173741199550e-07
1.416037173741199550e-07
1.415848857138809958e-07
1.415848856834849538e-07
1.415848856834849538e-07
1.415848856834849538e-07
7.863344585972132842e-08
7.863344585972132842e-08
7.863344529564988835e-08
7.863344529564988835e-08
7.863342275011882120e-08
7.863342275011882120e-08
7.863342275011040381e-08
5.431613989903248792e-08
5.431613989903248792e-08
5.431007609389963633e-08
5.431007609389963633e-08
5.431007609389963633e-08
5.431007609389963633e-08
5.424325435838932094e-08
5.424325435838932094e-08
4.715759513404744168e-08
4.715759513404744168e-08
4.715759513404744168e-08
4.715757543840821744e-08
4.641979047479128286e-08
2.326692940855422526e-08
2.326692940848674387e-08
2.326692940848674056e-08
2.326692940844333674e-08
2.326692940844333674e-08
2.326692940844333674e-08
2.326692940844333674e-08
2.326692901845778729e-08
1.881219024294181530e-08
1.881219024294181530e-08
1.881219024294181530e-08
1.881219024294181530e-08
1.881219024294181530e-08
1.881219024294181530e-08
1.881186213557146032e-08
1.866626797211006635e-08
1.866612577004193052e-08
1.352663567032865983e-08
1.352663567032865983e-08
1.352663566649355934e-08
1.352663566649355934e-08
1.348497235643806245e-08
7.052238254471900415e-09
7.052238254471900415e-09
7.052238254471900415e-09
7.052238254471896279e-09
7.052238254471896279e-09
6.384923800908924548e-09
6.384923800908924548e-09
6.384923800908655714e-09
6.384923800908655714e-09
6.144974795672846998e-09
6.144462937733648334e-09
6.144462933780611743e-09
6.144462933780611743e-09
3.573910651624915164e-09
3.573910651624915164e-09
3.573910651624915164e-09
3.573910635067597358e-09
3.573910635067597358e-09
3.573908099831205453e-09
3.573908099831205453e-09
3.573908099831205453e-09
2.198050804310290231e-09
2.198050804310227366e-09
2.197670715201645439e-09
2.197670715201645439e-09
2.197670715201645439e-09
2.197670715201645439e-09
2.195789165135472566e-09
2.195789165135472566e-09
1.894555415464981039e-09
1.894555415464981039e-09
1.839651379690282999e-09
1.839650989418059637e-09
1.839650989418059637e-09
9.257216383349436914e-10
9.257216383329473944e-10
9.257216383329472910e-10
9.257216383258707608e-10
9.257216383258707608e-10
9.257216383258707608e-10
9.257215998476151100e-10
9.257215998476151100e-10
6.920554076239211175e-10
6.920554076239211175e-10
6.920554076239211175e-10
6.920554076239211175e-10
6.920554076239211175e-10
6.920554076239211175e-10
6.920362144673707665e-10
6.880321567238892044e-10
6.880292123893104214e-10
4.791040717868271327e-10
4.791040717868271327e-10
4.791040717015205131e-10
4.762184595141008741e-10
4.762184595141008741e-10
2.457200082976754809e-10
2.457200082976754809e-10
2.457200082976754809e-10
2.457200082976753775e-10
2.457200082976753775e-10
2.457200082976753775e-10
2.141876785543717707e-10
2.141876785543378304e-10
2.141876785543378304e-10
2.078117827938572656e-10
2.078117824751687706e-10
2.078013692040759820e-10
2.078013692040759820e-10
2.078013692040759820e-10
1.102193991195164741e-10
1.102193991195164741e-10
1.102193987816568018e-10
1.102193987816568018e-10
1.102192714038875626e-10
1.102192714038875626e-10
1.102192714038875626e-10
6.754043397670099625e-11
6.754043397670002689e-11
6.751434807735124624e-11
6.751434807735124624e-11
6.751434807735124624e-11
6.751434807735124624e-11
6.751434807735124624e-11
6.747945039405773020e-11
6.747945039405773020e-11
5.976508552310226349e-11
5.976508552310226349e-11
5.728165999240069504e-11
5.728165139308735338e-11
5.728165139308735338e-11
2.511628580271795172e-11
2.511628580271792910e-11
2.511628580269329463e-11
2.511628580225146386e-11
2.511628580225146386e-11
2.511628412768659786e-11
2.511628412768659786e-11
2.511628412768659786e-11
1.887867615485789632e-11
1.887867615485789632e-11
1.887867615485789632e-11
1.887867615485789632e-11
1.887867615485789632e-11
1.887867615485789632e-11
1.887757768251557755e-11
1.881299839192454244e-11
1.881294513895523864e-11
1.388374212384908560e-11
1.388374212384908560e-11
1.388374212257243249e-11
1.375793109476328348e-11
6.026170790347275231e-12
6.026170790347275231e-12
6.026170790347275231e-12
6.026170790347275231e-12
6.026170790347275231e-12
6.026170790347274423e-12
6.026170790347274423e-12
6.026170790347274423e-12
5.270915421158167022e-12
5.270915421156210546e-12
5.270915421156210546e-12
5.270915407253452372e-12
5.177552637666945681e-12
5.177378536793686572e-12
5.177378536793686572e-12
5.177378536793686572e-12
2.959667656816088110e-12
2.959667651595373620e-12
2.959667651595373620e-12
2.959658755311425282e-12
2.959658755311425282e-12
2.959658755311425282e-12
1.545679807939284385e-12
1.545679807939284385e-12
1.545679807939275701e-12
1.544825213689979338e-12
1.544825213689979338e-12
1.544825213689979338e-12
1.544825213689979338e-12
1.544825213689979338e-12
1.544825213689979338e-12
1.544281009474976406e-12
1.431105169445479753e-12
1.431105169445479753e-12
1.366891658521046982e-12
1.366891555705895027e-12
1.366891555705895027e-12
6.227192372266426168e-13
6.227192372266407993e-13
6.227192372026008627e-13
6.227192372023108648e-13
6.227192372023108648e-13
6.227191253488367621e-13
6.227191253488367621e-13
6.227191253488367621e-13
4.148868498554145555e-13
4.148868498554145555e-13
4.148868498554145555e-13
4.148868498554145555e-13
4.148868498554145555e-13
4.148868498554145555e-13
4.148501310859025120e-13
4.137909273242543082e-13
4.137903279864367808e-13
3.332814859205268628e-13
3.332814859205268628e-13
3.295118073895133481e-13
3.295118073759246447e-13
1.386470831474229533e-13
1.386470831474229533e-13
1.386470831474229533e-13
1.386470831474229533e-13
1.386470831474229533e-13
1.386470831474229533e-13
1.386470831474229533e-13
1.386470831472864362e-13
1.131525245458832166e-13
1.131525245458832166e-13
1.131525245458832166e-13
1.131525237698932271e-13
1.114952951525514992e-13
1.114931583733354532e-13
1.114931583733354532e-13
7.076435085760117698e-14
7.076435085760117698e-14
7.076391889315135349e-14
7.076391882554154367e-14
7.076391882554154367e-14
7.076391882554154367e-14
7.076391882554154367e-14
3.363457096436878269e-14
3.363457096436878269e-14
3.363457096436868172e-14
3.360771606393566419e-14
3.360771606393566419e-14
3.360771606393566419e-14
3.360771606393566419e-14
3.360771606393566419e-14
3.360771606393566419e-14
3.360013698362577578e-14
3.129726699843743969e-14
2.903585883210165586e-14
2.903585883210165586e-14
2.903585776361106725e-14
2.903585776361106725e-14
1.434762218857174585e-14
1.434762218857163226e-14
1.434762218666205560e-14
1.434762218666205560e-14
1.434762218665794721e-14
1.434761659276632855e-14
1.434761659276632855e-14
1.434761659276632855e-14
8.740546202753121697e-15
8.740546202753121697e-15
8.740546202753121697e-15
8.740546202753121697e-15
8.739398327034943501e-15
8.739398327034943501e-15
8.739398327034943501e-15
8.724166731363690159e-15
7.033215969701798215e-15
7.033211690845828736e-15
7.033211690845828736e-15
6.894815693850084827e-15
6.894815693692168284e-15
3.028328172606890237e-15
3.028328172606890237e-15
3.028328172606890237e-15
3.028328172606890237e-15
3.028328172606890237e-15
3.028328172606890237e-15
3.028328172606890237e-15
3.028328172596533677e-15
3.028328172596533283e-15
2.340768156849351378e-15
2.340768156849351378e-15
2.340768156849351378e-15
2.340768122619758861e-15
2.315893499697762942e-15
2.315893499697762942e-15
2.315868348488446069e-15
1.435440273099291970e-15
1.435440273099291970e-15
1.435426475521796167e-15
1.435426474702884986e-15
1.435426474702884986e-15
1.435426474702884986e-15
1.435426474702884986e-15
6.962527234661761550e-16
6.962527234661761550e-16
6.951324541313987356e-16
6.951324541313987356e-16
6.951324541313975523e-16
6.951324541313975523e-16
6.951324541313975523e-16
6.951324541313975523e-16
6.951324541313975523e-16
6.950392196990047888e-16
6.581507859520174684e-16
5.965400579147410727e-16
5.965400579147410727e-16
5.965400442905509789e-16
2.773931478140301755e-16
2.773931478140301755e-16
2.773931478140227799e-16
2.773931477333276341e-16
2.773931477333276341e-16
2.773931477332929736e-16
2.773929763562586406e-16
2.773929763562586406e-16
2.773929763562586406e-16
2.773929763562586406e-16
1.716758712009193325e-16
1.716758712009193325e-16
1.716758712009193325e-16
1.716318478687255708e-16
1.716318478687255708e-16
1.716318478687255708e-16
1.714549503381233623e-16
1.714549503381233623e-16
1.450004380848867034e-16
1.450003801617275001e-16
1.411572477730436059e-16
1.411572477715374979e-16
5.656644410688970797e-17
5.656644410688970797e-17
5.656644410688970797e-17
5.656644410688970797e-17
5.656644410688970797e-17
5.656644410688970797e-17
5.656644410688970797e-17
5.656644410646896161e-17
5.656644410646893696e-17
5.656644410646893696e-17
4.415676219036280988e-17
4.415676114260020226e-17
4.415676114260020226e-17
4.415676114260020226e-17
4.388061531835117632e-17
4.388032166830502734e-17
2.994997935023046627e-17
2.994935573442296143e-17
2.994935573442296143e-17
2.994935572592442732e-17
2.994935572592442732e-17
2.994935572592442732e-17
2.994935572592442732e-17
2.994935572592442732e-17
1.298848287823994837e-17
1.296109574681115736e-17
1.296109574681115736e-17
1.296109574681115120e-17
1.296109574681115120e-17
1.296109574681115120e-17
1.296109574681115120e-17
1.296001881548608634e-17
1.254423825315918152e-17
1.254423825315918152e-17
1.137069765662638481e-17
1.137069765662638481e-17
1.137069753786034181e-17
5.980189499396212186e-18
5.980189499395793874e-18
5.980189499395793874e-18
5.980189496031208128e-18
5.980189496031208128e-18
5.980189496031208128e-18
5.980189496030888424e-18
5.980189496030888424e-18
5.980181049758317565e-18
5.980181049758317565e-18
3.325596717860432277e-18
3.325596717860432277e-18
3.325596717860432277e-18
3.324425514917497690e-18
3.324425514917497690e-18
3.324425514917497690e-18
3.324425514917497690e-18
3.324425514917497690e-18
3.322174231858679571e-18
2.980991154018232285e-18
2.980990553875534189e-18
2.894531668863763277e-18
1.268256953589065793e-18
1.268256953589065793e-18
1.268256953586663581e-18
1.268256953586663581e-18
1.268256953586663581e-18
1.268256953586663581e-18
1.268256953586663581e-18
1.268256953586663581e-18
1.268256953586663581e-18
1.268256953567516370e-18
1.268256953567515022e-18
1.268256953567515022e-18
9.168229356485625968e-19
9.168228869326282249e-19
9.168228869326282249e-19
9.168228869326282249e-19
9.127271535292779096e-19
9.127240077616615701e-19
9.126823301361790655e-19
6.927428231367841408e-19
6.927428231367841408e-19
6.927428231367841408e-19
6.927428230449306677e-19
6.927428230449306677e-19
6.927428230449306677e-19
6.927428230449306677e-19
3.044947456190557234e-19
3.044947456190557234e-19
3.036709424136659484e-19
3.036709424136659002e-19
3.036709424136659002e-19
3.036709424136659002e-19
3.036709424136659002e-19
2.633747564729413250e-19
2.633636711721686257e-19
2.573727058435311377e-19
2.573727058435311377e-19
2.573727058435311377e-19
2.573727046099900528e-19
2.573727046099189379e-19
1.536651381351653957e-19
1.536651378930651684e-19
1.536651378930651684e-19
1.536651378930651684e-19
1.536651378930651684e-19
1.536651378930651684e-19
1.536647345998411045e-19
1.536647345998369638e-19
1.536647345998369638e-19
8.217899979542802711e-20
8.217899979542802711e-20
8.217899979542802711e-20
8.213983585972530095e-20
8.213983585972530095e-20
8.213983585972530095e-20
8.213983585972530095e-20
8.213983585972530095e-20
8.210539221774266528e-20
7.476046876831916363e-20
7.476046107773391534e-20
7.146972665938196789e-20
7.146972665938196789e-20
3.484319670257996172e-20
3.484319670254427785e-20
3.484319670254427785e-20
3.484319670254427785e-20
3.484319670254427785e-20
3.484319670254427785e-20
3.484319670254427785e-20
3.484319670254427785e-20
3.484319670096694123e-20
3.484319670096686298e-20
3.484319670096686298e-20
2.407136041516971144e-20
2.407135797687133804e-20
2.407135797687133804e-20
2.400036028290681634e-20
2.400036028290681634e-20
2.400031588195445666e-20
2.399873657635875080e-20
1.859475043408250308e-20
1.859475043408250308e-20
1.859475043408250308e-20
1.859475043278203694e-20
1.859475043278203694e-20
1.859475043278203694e-20
1.859475043278203694e-20
1.859475043278203694e-20
8.697730569337978183e-21
8.656311155644456595e-21
8.656311155644456595e-21
8.656311155644456595e-21
8.656311155644456595e-21
7.302030936286073341e-21
7.302030936286073341e-21
7.301856812500590379e-21
7.185316768906105394e-21
7.185316768906105394e-21
7.185316768906105394e-21
7.185316768906105394e-21
7.185316768900046238e-21
7.185316749996294527e-21
4.337460615166900931e-21
4.337460601148432272e-21
4.337460601148432272e-21
4.337460601148432272e-21
4.337460601148432272e-21
4.337460601148432272e-21
4.337442965680261774e-21
4.337442965680261774e-21
4.337442965680212873e-21
2.387515365096030266e-21
2.385475764757683431e-21
2.385475764757683431e-21
2.385475764757683431e-21
2.385475764757683431e-21
2.385475764757683431e-21
2.385475764757683431e-21
2.384881816616422834e-21
2.384881816616422834e-21
2.225236569593100163e-21
2.225236435552942594e-21
2.102644961671677773e-21
2.102644961671677773e-21
1.011831410544358844e-21
1.011831410543908395e-21
1.011831410543908395e-21
1.011831410543908395e-21
1.011831410543908395e-21
1.011831410543908395e-21
1.011831410543908395e-21
1.011831410543900684e-21
1.011831410447226712e-21
1.011831410447226712e-21
7.064345043849117618e-22
7.064343890740175916e-22
7.064343890740175916e-22
7.064343890740175916e-22
7.051826924083833800e-22
7.051819381857323908e-22
7.050977911464943430e-22
7.050977911464943430e-22
7.050977911464943430e-22
5.804692829995580036e-22
5.804692829995580036e-22
5.804692829805864652e-22
5.804692829805864652e-22
5.804692829805864652e-22
5.804692829805864652e-22
5.804692829805864652e-22
2.593267532600386889e-22
2.577616883324145772e-22
2.577616883324145772e-22
2.577616883324145772e-22
2.577616883324145772e-22
2.177536443688859661e-22
2.177536443688859661e-22
2.156211981742321877e-22
2.156182105204997443e-22
2.156182105204997443e-22
2.156182105201030855e-22
2.156182105201030855e-22
2.156182105201030855e-22
2.156182105201030855e-22
2.156182086179074065e-22
2.156182083630662028e-22
2.156182083630662028e-22
1.441821963782883466e-22
1.441821963782883466e-22
1.441821963782883466e-22
1.441809935284835811e-22
1.441809935284835811e-22
1.441809935284828758e-22
7.407194489656192434e-23
7.407194489656192434e-23
7.398841996485525260e-23
7.398841996485525260e-23
7.398841996485525260e-23
7.398841996485525260e-23
7.398841996485525260e-23
7.397717521378704040e-23
7.075746628938908846e-23
7.075746628938908846e-23
7.075746426036653802e-23
7.075746426036653802e-23
6.664680321962460861e-23
3.584498320694733339e-23
3.584498320694733339e-23
3.584498320694028630e-23
3.584498320694028630e-23
3.584498320694028630e-23
3.584498320694028630e-23
3.584498320694028630e-23
3.584498320693958100e-23
3.584498320027767248e-23
3.584498320027767248e-23
2.336799151082579402e-23
2.336798372232077103e-23
2.336798372232077103e-23
2.336798372232077103e-23
2.334101546235638342e-23
2.333709240354671209e-23
2.333709240354671209e-23
2.333708003681448885e-23
2.037634013741656135e-23
2.037634013741656135e-23
2.037634013741656135e-23
2.037634013741656135e-23
2.037634013741656135e-23
2.037634013712524446e-23
2.037634013712524446e-23
2.037634013712524446e-23
9.734639281414899289e-24
9.661377187566496284e-24
9.661377187566496284e-24
9.661377187566496284e-24
9.661377187566496284e-24
9.661377187566496284e-24
9.661377187566496284e-24
7.790853256788823940e-24
7.736981012390789285e-24
7.736923420705334560e-24
7.736923420677296081e-24
7.736923420677296081e-24
7.736923420677296081e-24
7.736923420677296081e-24
7.736923269494216965e-24
7.736923269494216965e-24
7.736923269494216965e-24
7.736923269494216965e-24
5.674227097574882900e-24
5.674227095375588806e-24
5.674227095375588806e-24
5.674147814055922253e-24
5.674147814055922253e-24
5.674147814055910498e-24
5.674147814055910498e-24
2.929781647439891188e-24
2.925435788187840331e-24
2.925435788187840331e-24
2.925435788187840331e-24
2.925435788187840331e-24
2.925172581361070096e-24
2.925172581361070096e-24
2.925172581361070096e-24
2.825143555636579431e-24
2.825143555636579431e-24
2.825143515328236762e-24
2.601763532546204628e-24
2.601763532546204628e-24
1.543225827700865132e-24
1.543225827700865132e-24
1.543225827700717277e-24
1.543225827700717277e-24
1.543225827700645645e-24
1.543225826938419476e-24
1.543225826938419476e-24
1.543225826938419476e-24
1.543225826938419476e-24
1.543224381358172912e-24
9.779167659481398859e-25
9.779167659481398859e-25
9.779167659481398859e-25
9.779167659481398859e-25
9.772093607431655020e-25
9.769805994158886283e-25
9.769805994158886283e-25
9.769803293279679138e-25
8.725361312157705331e-25
8.725361312157705331e-25
8.725361312157705331e-25
8.725361312157705331e-25
8.725361312097167372e-25
8.725361312097167372e-25
8.523388782348880022e-25
4.404822556024823465e-25
4.404822556024823465e-25
4.404822556024823465e-25
4.404822556024823465e-25
4.404822556024823465e-25
4.404822556024823465e-25
4.404822556024823465e-25
3.454027147766554084e-25
3.454027147766554084e-25
3.454027147732059295e-25
3.438137134964531984e-25
3.438122962796850756e-25
3.438122962796849379e-25
3.438122962796849379e-25
3.438122835744891074e-25
3.438122835744891074e-25
2.608819793049085857e-25
2.608819793049085857e-25
2.608819792522215055e-25
2.608819792522215055e-25
2.608819792522215055e-25
2.608764036329493344e-25
2.608764036329493344e-25
2.608764036329493344e-25
2.608764036329491048e-25
1.387193843606273698e-25
1.387193843606273698e-25
1.383800432346733734e-25
1.383800432346733734e-25
1.383800432346733734e-25
1.383800432346733734e-25
1.383727040014366193e-25
1.383727040014366193e-25
1.349878045989115759e-25
1.349878035559951948e-25
1.223643272329599927e-25
1.223643272329599927e-25
1.223643272329599927e-25
1.223643272329599927e-25
7.484875515094979358e-26
7.484875515094668266e-26
7.484875515093629377e-26
7.484875507462899763e-26
7.484875507462899763e-26
7.484875507462899763e-26
7.484875507462899763e-26
7.484875507462899763e-26
7.484864193809533209e-26
4.757445049189666275e-26
4.757445049189666275e-26
4.757445049189666275e-26
4.757445049189666275e-26
4.757445049189666275e-26
4.755555056711813924e-26
4.755555056711813924e-26
4.753469786180467768e-26
4.753469786180467768e-26
4.753469061575458556e-26
4.372231501933327743e-26
4.372231501933327743e-26
4.372231501919700503e-26
4.372231501919700503e-26
4.245460978014712070e-26
4.245460978014712070e-26
2.215251733929846956e-26
2.215251733929846956e-26
2.215251733929846956e-26
2.215251733929846956e-26
2.215251733929846956e-26
2.215251733929846956e-26
2.215251733929846956e-26
1.726522297990261164e-26
1.726522297953582067e-26
1.726522297953582067e-26
1.726522297953579484e-26
1.721566165239822779e-26
1.721562138212060302e-26
1.721562032229436827e-26
1.721562032229436827e-26
1.390254349350562490e-26
1.390254349350562490e-26
1.390254349216418381e-26
1.390254349216418381e-26
1.390254349216418381e-26
1.390199146361153889e-26
1.390199146361153889e-26
1.390199146361153889e-26
7.227652321863427643e-27
7.227652321863427643e-27
7.227652321863426208e-27
7.204503925258053679e-27
7.204503925258053679e-27
7.204503925258053679e-27
7.204503925258053679e-27
7.204278466093559244e-27
7.088947803679983208e-27
7.088947803679983208e-27
7.088947803679983208e-27
7.088947803679983208e-27
6.381969004325732288e-27
6.381968983426173110e-27
6.381968983426173110e-27
4.266880623776167249e-27
4.266880623776167249e-27
4.266880623774730167e-27
4.266880623774653398e-27
4.266880615524375555e-27
4.266880615524375555e-27
4.266880615524375555e-27
4.266867797235007770e-27
4.266867797235007770e-27
4.266867797235007770e-27
2.596811020667927726e-27
2.596811020667927726e-27
2.596811020667927726e-27
2.596811020667927726e-27
2.596811020667927726e-27
2.596811020667927726e-27
2.596811020667927726e-27
2.595395153168473203e-27
2.594691131330585092e-27
2.594690937769270725e-27
2.449412507463853453e-27
2.449412507463853453e-27
2.449412507463853453e-27
2.449412507460622350e-27
2.368400811503382467e-27
1.341530773372223914e-27
1.341530773372223914e-27
1.341530773372223914e-27
1.341530773372223914e-27
1.341530773372223914e-27
1.341530773372223914e-27
1.341530773372223914e-27
1.003137425226058317e-27
1.003137425226058317e-27
1.003137425184863101e-27
1.003137425184863101e-27
1.003137425184859514e-27
1.003137299730392271e-27
1.001239318942186644e-27
1.001238097759038478e-27
1.001238097759038478e-27
8.537797112247251787e-28
8.537797112247251787e-28
8.537797112247251787e-28
8.537797111865079805e-28
8.537273572927795804e-28
8.537273572927795804e-28
8.537273572927795804e-28
8.537273572927795804e-28
4.617178292984558872e-28
4.617178292984558872e-28
4.617178292984558872e-28
4.597881094263616809e-28
4.597881094263616809e-28
4.597881094263616809e-28
4.597881094263616809e-28
4.597881094263616809e-28
4.597798766114331422e-28
4.597798766114331422e-28
4.544325291184980062e-28
4.544325291184980062e-28
3.987152720997984405e-28
3.987152720997984405e-28
3.987152714835788982e-28
3.987152714835788982e-28
2.876898453696775030e-28
2.876898453694602009e-28
2.876898440618668563e-28
2.876898440618646142e-28
2.876898440618646142e-28
2.876883786795728981e-28
1.744423896994832536e-28
1.744423896994832536e-28
1.744423896994832536e-28
1.744423896994832536e-28
1.744423896994832536e-28
1.744423896994832536e-28
1.744423896994832536e-28
1.744423896994832536e-28
1.743117732616677619e-28
1.743117732616677619e-28
1.743117732616677619e-28
1.742832993714879244e-28
1.667543722168650003e-28
1.667543661776058948e-28
1.667543661776058948e-28
1.594477913265841401e-28
1.594477913265841401e-28
1.594477913265841401e-28
1.594477913264935602e-28
9.709580191965420619e-29
9.709580191965420619e-29
9.709580191965420619e-29
9.709580191965420619e-29
9.709580191965420619e-29
9.709580191965420619e-29
9.709580191965420619e-29
9.709580190619866929e-29
7.110463017520077078e-29
7.110463017520016542e-29
7.110461432427260210e-29
7.110461432427260210e-29
7.101906165001131961e-29
7.101906165001131961e-29
7.101901523728522971e-29
7.101901523728522971e-29
6.236096198219868251e-29
6.235525100921991220e-29
6.235525100921991220e-29
6.235525100787107835e-29
6.235525100787107835e-29
6.235525100787107835e-29
6.235525100787107835e-29
3.517407620481646387e-29
3.495415408705139706e-29
3.495415408705139706e-29
3.495415408705139706e-29
3.495415408705139706e-29
3.495415408705139706e-29
3.495415408705139706e-29
3.495415408705139706e-29
3.495415408705139706e-29
3.495379465587318342e-29
3.467569155203760450e-29
3.467569155203760450e-29
2.990204512645554993e-29
2.990204512645554993e-29
2.990204510352280730e-29
2.251648992165583369e-29
2.251648992165583369e-29
2.251648992160941708e-29
2.251648972018194694e-29
2.251648972018194134e-29
2.251648972018186567e-29
2.251630617532067950e-29
2.251630617532067950e-29
2.251630617532067950e-29
2.251630617532067950e-29
1.378690905132591332e-29
1.378690905132591332e-29
1.378690905132591332e-29
1.378690905132591332e-29
1.378690905132591332e-29
1.377086054557409291e-29
1.377086054557409291e-29
1.377086054557409291e-29
1.376951800910305112e-29
1.334280745226120235e-29
1.334280745226120235e-29
1.334280719642138852e-29
1.334280719642138852e-29
1.264847050122647056e-29
8.018967706886007360e-30
8.018967706884781224e-30
8.018967706884781224e-30
8.018967706884781224e-30
8.018967706884781224e-30
8.018967706884781224e-30
8.018967706884781224e-30
8.018967706884781224e-30
8.018967706884781224e-30
8.018967704576807620e-30
8.018967704576539972e-30
5.826895225380782567e-30
5.826895225380782567e-30
5.826893048806070360e-30
5.826893048806070360e-30
5.822551015146365063e-30
5.822551015146365063e-30
5.822548950914716235e-30
5.283379706828718340e-30
5.282573086561575839e-30
5.282573086561575839e-30
5.282573086509783147e-30
5.282573086509783147e-30
5.282573086509783147e-30
5.282573086509783147e-30
5.282573086509783147e-30
3.032593060601718572e-30
3.032593060601718572e-30
3.008162712661904104e-30
3.008162712661904104e-30
3.008162712661904104e-30
3.008162712661904104e-30
3.008162712661904104e-30
3.008162712661904104e-30
3.008162712661904104e-30
3.008145098288291185e-30
2.565403437229246257e-30
2.554046719127672257e-30
2.554046719127672257e-30
2.554046719127672257e-30
2.554046718232561334e-30
2.041317280757602651e-30
2.041317280748009712e-30
2.041317246896452798e-30
2.041317246896451747e-30
2.041317246896451747e-30
2.041317246896451747e-30
2.041287561242753704e-30
2.041287561242751252e-30
2.041287561242751252e-30
2.041287561242751252e-30
2.041287561242751252e-30
1.236742706400097837e-30
1.236742706400097837e-30
1.236742706400097837e-30
1.234810057754912375e-30
1.234810057754912375e-30
1.234738630173052200e-30
1.234738630173052200e-30
1.234738630173052200e-30
1.234738630173052200e-30
1.208557301984505350e-30
1.208557290754679174e-30
1.138042177440177903e-30
7.764511149446672486e-31
7.764511149446167143e-31
7.764511149446167143e-31
7.764511149446167143e-31
7.764511149446167143e-31
7.764511149446167143e-31
7.764511149446167143e-31
7.764511149446167143e-31
7.764511145021681973e-31
7.764511145021053140e-31
7.764511145021053140e-31
7.764511145021053140e-31
5.495757149148925327e-31
5.495753339002962022e-31
5.495753339002962022e-31
5.493196874815552084e-31
5.493195891830136574e-31
5.493195891830136574e-31
5.491890546166533477e-31
5.119633564729973897e-31
5.119633564729973897e-31
5.119633564729973897e-31
5.119633564708602344e-31
5.119633564708602344e-31
5.119633564708602344e-31
5.119633564708602344e-31
5.119633564708602344e-31
3.112898085084933764e-31
3.080892384722374334e-31
3.080892384722374334e-31
3.080892384722374334e-31
3.080892384722374334e-31
3.080892384722374334e-31
3.080892384722374334e-31
2.566731113371800557e-31
2.566724252306854073e-31
2.559190788706667935e-31
2.559190788706667935e-31
2.559190788706667935e-31
2.559190788706667935e-31
2.559190788675836303e-31
2.559190788281006448e-31
2.150359123730920249e-31
2.150359049810039231e-31
2.150359049810039231e-31
2.150359049810037479e-31
2.150359049810037479e-31
2.150359049810037479e-31
2.150359049810037479e-31
2.150309731214175681e-31
2.150309731214175681e-31
2.150309731214174367e-31
1.331974809867916069e-31
1.329182743041756218e-31
1.329182743041756218e-31
1.329182743041756218e-31
1.329182743041756218e-31
1.329182743041756218e-31
1.329182743041756218e-31
1.329138462745757242e-31
1.308941579195274464e-31
1.308941579195274464e-31
1.308941573408126380e-31
1.216427140620896335e-31
1.216427140620896335e-31
8.840172070489555301e-32
8.840172070489340728e-32
8.840172070489340728e-32
8.840172070489340728e-32
8.840172070489340728e-32
8.840172070489340728e-32
8.840172059203253337e-32
8.840172059201583822e-32
8.840172059201583822e-32
6.219429501663854399e-32
6.219422196092020556e-32
6.219422196092020556e-32
6.219422196092020556e-32
6.217670213120562644e-32
6.217670213120562644e-32
6.217669659849846453e-32
6.215585840835112870e-32
5.894616041462749829e-32
5.894616041462749829e-32
5.894616041462749829e-32
5.894616041453388499e-32
5.894616041453388499e-32
5.894616041453388499e-32
5.894616041453388499e-32
3.776926267112815609e-32
3.723733869599134220e-32
3.723733869599134220e-32
3.723733869599134220e-32
3.723733869599134220e-32
3.723733869599134220e-32
3.723733869599134220e-32
3.059603200328081995e-32
3.053870050162522184e-32
3.053865783208401087e-32
3.053865783208401087e-32
3.053865783208401087e-32
3.053865783122008300e-32
3.053865783122008300e-32
3.053865559912958876e-32
3.053865559912952855e-32
3.053865559912952855e-32
2.655268809804513002e-32
2.655268809664072242e-32
2.655268809664072242e-32
2.655268809664072242e-32
2.655175102655184238e-32
2.655175102655184238e-32
2.655175102655184238e-32
2.655175102655184238e-32
1.687891666835377839e-32
1.682815071052787868e-32
1.682815071052787868e-32
1.682815071052787868e-32
1.682815071052787868e-32
1.682815071052787868e-32
1.682783888916389562e-32
1.682783888916389562e-32
1.665377854236487597e-32
1.665377851141055417e-32
1.665377851141055417e-32
1.665377851141055417e-32
1.532434908871112826e-32
1.166734317779342733e-32
1.166734317779342733e-32
1.166734317779342733e-32
1.166734317779335754e-32
1.166734317779335754e-32
1.166734317778763740e-32
1.166734314835476445e-32
1.166734314835476445e-32
1.166734314835476445e-32
1.166734314835476445e-32
8.215779972807510740e-33
8.215764086531671595e-33
8.215764086531671595e-33
8.215764086531671595e-33
8.215764086531671595e-33
8.214420818746768314e-33
8.210299532759252000e-33
8.210299532759252000e-33
8.210299213993237580e-33
7.906063155362685803e-33
7.906063155362685803e-33
7.906063155362685803e-33
7.906063155359630042e-33
7.906063155359630042e-33
7.906063155359630042e-33
5.279184908279177869e-33
5.186346399556728544e-33
5.186346399556728544e-33
5.186346399556728544e-33
5.186346399556728544e-33
5.186346399556728544e-33
5.186346399556728544e-33
4.222111266917877603e-33
4.217311407295970308e-33
4.217308718485395195e-33
4.217308718238726980e-33
4.217308718238702348e-33
4.217308718238702348e-33
4.217308718238702348e-33
4.217308187776574768e-33
4.217308187776574768e-33
3.796260285860515525e-33
3.796260285808424581e-33
3.796260285808424581e-33
3.796260285808424581e-33
3.796260285808424581e-33
3.796043213680488148e-33
2.461582011409233768e-33
2.461582011409233768e-33
2.461582011409233768e-33
2.451910865219010384e-33
2.451910865219010384e-33
2.451910865219010384e-33
2.451910865219010384e-33
2.451888991719064204e-33
2.451888991719064204e-33
2.451888991719064204e-33
2.435594156449713430e-33
2.435594155248335713e-33
2.222577185443960419e-33
2.222577185443960419e-33
2.222577185443960419e-33
1.787763331898340800e-33
1.787763331898340800e-33
1.787763331898339773e-33
1.787763331896329170e-33
1.787763323284795882e-33
1.787763323284795882e-33
1.787763323284795882e-33
1.787763323284795882e-33
1.787763323284795882e-33
1.787754798374169881e-33
1.253738553028712587e-33
1.253738553028712587e-33
1.253738553028712587e-33
1.253738553028712587e-33
1.252877995509744007e-33
1.252774769024533719e-33
1.252774769024533719e-33
1.252774755557435737e-33
1.221271023728925255e-33
1.221271023728925255e-33
1.221271023728925255e-33
1.221271023728890188e-33
1.184226124785457814e-33
8.466252921995883609e-34
8.466252921995883609e-34
8.466252921995883609e-34
8.466252921995883609e-34
8.466252921995883609e-34
8.466252921995883609e-34
8.466252921995883609e-34
6.791059339973579617e-34
6.791059339176520982e-34
6.791059339176520982e-34
6.786954016557888816e-34
6.786954016557796445e-34
6.786952752948302054e-34
6.786951195980175487e-34
6.786951195980175487e-34
6.786951195980175487e-34
6.293448921896380768e-34
6.293448921889535924e-34
6.293448921889535924e-34
6.293448921889535924e-34
6.293448921889535924e-34
6.292914080773922265e-34
6.292914080773922265e-34
4.249631568721796281e-34
4.249631568721796281e-34
4.249631568721796281e-34
4.227883773154317836e-34
4.227883773154317836e-34
4.227883773154317836e-34
4.227883773154317836e-34
4.227871971804907275e-34
4.227871971804907275e-34
4.211817085089402425e-34
4.211817085089402425e-34
3.795576729088363542e-34
3.795576728948856770e-34
3.795576728948856770e-34
3.795576728948856770e-34
3.209861977368219109e-34
3.209861977360142656e-34
3.209861977360142656e-34
3.209861977360142656e-34
3.209861945898624276e-34
3.209861945898623420e-34
3.209837307721599112e-34
2.277846159631485283e-34
2.277846159631485283e-34
2.277846159631485283e-34
2.277846159631485283e-34
2.277846159631485283e-34
2.277846159631485283e-34
2.275700871311100824e-34
2.275700871311100824e-34
2.275700871311100824e-34
2.275639069397627634e-34
2.275639067272898574e-34
2.240942798270646404e-34
2.240942798270646404e-34
2.158945661759571266e-34
2.158945661759570838e-34
1.636336065152488345e-34
1.636336065152488345e-34
1.636336065152488345e-34
1.636336065152488345e-34
1.636336065152488345e-34
1.636336065152488345e-34
1.303772054643794822e-34
1.303772054310855579e-34
1.303772054310855579e-34
1.303772054310813028e-34
1.303771539199993430e-34
1.303496863429800008e-34
1.303496841142783623e-34
1.303496841142783623e-34
1.241705722892272761e-34
1.241705722892272761e-34
1.241548451913525718e-34
1.241548451913517379e-34
1.241548451913517379e-34
1.241548451913517379e-34
1.241548451913517379e-34
1.241548451913517379e-34
8.763362262436104513e-35
8.702283616471375329e-35
8.702283616471375329e-35
8.702283616471375329e-35
8.702283616471375329e-35
8.702283616471375329e-35
8.702283616471375329e-35
8.702281225788565690e-35
8.689909272366486777e-35
8.689909272366486777e-35
7.751556950123633994e-35
7.751556950123633994e-35
7.751556950121829343e-35
6.901712393627165488e-35
6.901712393627165488e-35
6.901712393584849208e-35
6.901712263181720625e-35
6.901712263181720625e-35
6.901712263181716348e-35
6.901626217428054269e-35
4.977758624521164209e-35
4.977758624521164209e-35
4.977758624521164209e-35
4.977758624521164209e-35
4.977758624521164209e-35
4.977758624521164209e-35
4.970982729472025599e-35
4.970982729472025599e-35
4.970968628941571902e-35
4.940647350601832408e-35
4.940647350570759914e-35
4.940647350570759914e-35
4.728798687612369633e-35
3.840974313918947724e-35
3.840974313918947724e-35
3.840974313918947724e-35
3.840974313918947724e-35
3.840974313918947724e-35
3.840974313918947724e-35
3.840974313918947724e-35
3.840974311328279655e-35
3.041046093274594532e-35
3.041046093274332066e-35
3.041043976253297821e-35
3.040972508049324959e-35
3.040972507673005033e-35
3.040972507673005033e-35
3.040972507673005033e-35
2.978232794550506773e-35
2.977634189057464815e-35
2.977634189057464815e-35
2.977634189057464815e-35
2.977634189057464815e-35
2.977634189057464815e-35
2.977634189057464815e-35
2.238387801301168627e-35
2.217122319417568322e-35
2.217122319417568322e-35
2.217122319417568322e-35
2.217122319417568322e-35
2.217122319417568322e-35
2.217122319417568322e-35
2.217122314603243137e-35
2.217122314603243137e-35
2.216737844372360582e-35
1.951932678723571421e-35
1.951932678723571421e-35
1.951932678723571421e-35
1.951932678723571421e-35
1.847958669591546887e-35
1.847958669564348298e-35
1.847958598942226339e-35
1.847958598942224201e-35
1.847958598942224201e-35
1.847917781994956832e-35
1.847917781994956832e-35
1.377054073756298839e-35
1.377054073756298839e-35
1.377054073756298839e-35
1.377054073756298839e-35
1.377054073756298839e-35
1.374281506300679227e-35
1.374281506300679227e-35
1.374281472865471165e-35
1.373167458906184439e-35
1.373167458906184439e-35
1.373167458906183904e-35
1.373167458906183904e-35
1.301948769535913924e-35
1.167165725556144058e-35
1.167165725556144058e-35
1.167165725556144058e-35
1.167165725556144058e-35
1.167165725556144058e-35
1.167165723749070331e-35
1.167165723748723673e-35
9.233076053295564622e-36
9.233076053295564622e-36
9.233063140622120530e-36
9.233063140622120530e-36
9.233063140622120530e-36
9.233061096675012556e-36
9.233061096675012556e-36
9.233061096674937719e-36
9.229983425718500989e-36
9.201850409739047764e-36
9.201850409739047764e-36
9.201850409739047764e-36
9.201850409739047764e-36
9.201850409739047764e-36
7.763990131976034368e-36
7.763990131976034368e-36
7.652148336017054304e-36
7.652148336017054304e-36
7.652148336017054304e-36
7.652148336017054304e-36
7.652148336017054304e-36
6.626728920050839271e-36
6.626728920049919840e-36
6.626718262511524674e-36
6.626718262511524674e-36
6.626718262511524674e-36
6.626718262247320546e-36
6.566741237080867557e-36
6.566740647014970016e-36
6.566740647014944624e-36
6.566740647014944624e-36
6.566464899268641111e-36
6.566464899268641111e-36
6.566464899268641111e-36
6.566464899268641111e-36
6.566464899268641111e-36
5.380235917850246105e-36
5.361668895148731237e-36
5.361668895148731237e-36
5.361668895148731237e-36
5.361668895137855757e-36
5.361668895137855757e-36
5.361616246441774982e-36
5.361616246441774982e-36
5.008170256640263808e-36
4.904008581675863352e-36
4.904008581675863352e-36
4.904008581675863352e-36
4.904008581675863352e-36
4.904008581675863352e-36
4.904008560567346571e-36
4.904008560562725361e-36
4.904008560562725361e-36
4.082031250384672183e-36
4.082017747081913085e-36
4.082017747081913085e-36
4.082017747081913085e-36
4.082017747081913085e-36
4.082017746996530948e-36
4.082017746996530948e-36
4.079375766002262871e-36
4.079204760578792418e-36
4.079204760578792418e-36
4.079204760578792418e-36
4.079204760578792418e-36
4.079204760578792418e-36
3.925122011204801981e-36
3.831573313247084680e-36
3.831573313247084680e-36
3.831573313247084680e-36
3.831573313247084680e-36
3.831573313247084680e-36
3.359275707263524758e-36
3.359275706678213342e-36
3.359275706678213342e-36
3.359275706228971708e-36
3.359274880083013293e-36
3.358792415229492005e-36
3.358792415229492005e-36
3.358792415229443895e-36
3.358792415229443895e-36
3.358792415229443895e-36
3.358792415229443895e-36
3.358475501275363008e-36
3.358475501275363008e-36
3.358475501275363008e-36
3.186652505916514234e-36
3.165201449241763647e-36
3.165201449241763647e-36
3.165201449241763647e-36
3.165201449241763647e-36
3.165201445320452317e-36
3.165201445320452317e-36
2.942730120308020383e-36
2.942730120308020383e-36
2.942730120308020383e-36
2.941591154050035091e-36
2.941591154050035091e-36
2.941591154050035091e-36
2.941591154050035091e-36
2.941591154050035091e-36
2.941591113416487999e-36
2.941591113405487234e-36
2.780978016902621151e-36
2.780950483167087706e-36
2.780950483167087706e-36
2.780950483167087706e-36
2.780950483167087706e-36
2.776902053716832587e-36
2.776902053716832587e-36
2.776902053716832587e-36
2.776902036781314708e-36
2.776902036781314708e-36
2.776902036781314708e-36
2.776902036781314708e-36
2.774601723287777363e-36
2.690347725314456106e-36
2.690347725314456106e-36
2.690347725314456106e-36
2.569079312724748298e-36
2.569079312724748298e-36
2.569079312724748298e-36
2.569079311318997342e-36
2.569079311318997342e-36
2.569079311318809915e-36
2.569077188534891234e-36
2.569077128219524775e-36
2.569077128219524775e-36
2.569077128219524775e-36
2.569077128219524775e-36
2.568464582644812134e-36
2.568464582644812134e-36
2.565182898529177968e-36
2.540038269837099158e-36
2.540038269837099158e-36
2.540038269837099158e-36
2.540038269837099158e-36
2.540038269837099158e-36
2.540038269837099158e-36
2.540038269837099158e-36
2.468431769528968240e-36
2.468431769528968240e-36
2.468431598189649871e-36
2.468431598189649871e-36
2.468431598189649871e-36
2.468431598189649871e-36
2.468431598148207652e-36
2.468431472444573662e-36
2.468431472444570989e-36
2.468359796152129039e-36
2.464654132433223196e-36
2.464654132433223196e-36
2.464654132433223196e-36
2.458889100905098075e-36
2.458889100905098075e-36
2.458889100905098075e-36
2.458889100905098075e-36
2.458889100905098075e-36
2.458889100905098075e-36
2.458889100905098075e-36
2.426685627237940136e-36
2.426685251496164896e-36
2.426685251496164896e-36
2.426685251496164896e-36
2.423484029136959846e-36
2.423484023641309250e-36
2.423484023641309250e-36
2.423484023640415210e-36
2.423484023640415210e-36
2.423484023640415210e-36
2.423477781953269005e-36
2.423477781953269005e-36
2.423477781953269005e-36
2.423477781953269005e-36
2.422488858862522528e-36
2.422488858862522528e-36
2.422488234171851873e-36
2.422488234171851873e-36
2.411707662772466481e-36
2.411707662772466481e-36
2.411707662772466481e-36
2.411707662772466481e-36
2.411707662772466481e-36
2.409648598504097836e-36
2.409648598504097836e-36
2.409648598504097836e-36
2.409648598504097836e-36
2.409648598504097502e-36
2.409648598330598322e-36
2.409648202522493102e-36
2.409648202522479070e-36
2.409648202522479070e-36
2.409524264391092825e-36
2.409523508601811944e-36
2.409523508601811944e-36
2.406885585171080219e-36
2.406885585171080219e-36
2.406885585171080219e-36
2.406885585171080219e-36
2.406885585171080219e-36
2.406885585171080219e-36
2.406885585171080219e-36
2.405915998514315722e-36
2.405915998514315054e-36
2.405915998514315054e-36
2.405915325135072373e-36
2.405915325135072373e-36
2.405915307238446012e-36
2.405915307234574178e-36
2.405915307234574178e-36
2.405904144889279377e-36
2.405904144889279377e-36
2.405904144889279377e-36
2.405904144889279377e-36
2.405438019254734089e-36
2.405438019254734089e-36
2.405438019254734089e-36
2.405438019254733087e-36
2.405438019254733087e-36
2.405438019254733087e-36
2.405106823740412926e-36
2.405106823740412926e-36
2.405106823740412926e-36
2.405106823740412926e-36
2.405106823740412926e-36
2.405106823740412926e-36
2.405106823740412926e-36
2.405106385717443762e-36
2.405106385717443762e-36
2.405106385146319046e-36
2.405106385146319046e-36
2.405105669629601990e-36
2.405105669629541853e-36
2.405046629613003151e-36
2.405046629613001481e-36
2.405046629613001481e-36
2.405046629613001481e-36
2.405046629613001481e-36
2.404965007412611372e-36
2.404965007412611372e-36
2.404965007412611372e-36
2.404965007412611372e-36
2.404965007412611372e-36
2.404964800443798902e-36
2.404964800443798902e-36
2.404964800443798902e-36
2.404964800443798902e-36
2.404964767994752482e-36
2.404964767994752482e-36
2.404964767994751480e-36
2.404964767981968983e-36
2.404959434853067188e-36
2.404959434853066520e-36
2.404959434853066520e-36
2.404959434853066520e-36
2.404959434853066520e-36
2.404959434853066520e-36
2.404944982323673758e-36
2.404944982323673758e-36
2.404944982323673758e-36
2.404944982323673758e-36
2.404944911561220092e-36
2.404944911561220092e-36
2.404944911561220092e-36
2.404944911561220092e-36
2.404944911561220092e-36
2.404944911561219758e-36
2.404944911561219758e-36
2.404944911561219758e-36
2.404944911561219758e-36
2.404944910525012601e-36
2.404944568442916565e-36
2.404944568442716776e-36
2.404942736975782713e-36
2.404942736975782713e-36
2.404942736975782713e-36
2.404942736975782713e-36
2.404942736975782713e-36
2.404942736975782713e-36
2.404942719532740893e-36
2.404942719532740893e-36
2.404942719532740559e-36
2.404942719532740559e-36
2.404942719532740559e-36
2.404942719532740559e-36
2.404942719532740559e-36
2.404942719532740559e-36
2.404942704017347764e-36
2.404942703994152844e-36
2.404942703994152844e-36
2.404942703994152844e-36
2.404942538540823981e-36
2.404942538540821976e-36
2.404942538540821976e-36
2.404942538540821976e-36
2.404942535452112602e-36
2.404942535452112602e-36
2.404942535452112602e-36
2.404942535452112602e-36
2.404942535452112602e-36
2.404942535452112602e-36
2.404942535452112602e-36
2.404942535452112602e-36
2.404942535452112602e-36
2.404942535452112602e-36
2.404942535452112602e-36
2.404942534956645503e-36
2.404942524343845213e-36
2.404942524343482719e-36
2.404942523952069691e-36
2.404942523952069691e-36
2.404942523952069691e-36
2.404942523952069691e-36
2.404942523952069691e-36
2.404942523952069691e-36
2.404942523952069691e-36
2.404942523952069691e-36
2.404942523952069691e-36
2.404942523952069691e-36
2.404942523952069691e-36
2.404942523952069691e-36
2.404942523952069691e-36
2.404942523952069691e-36
2.404942523470717463e-36
2.404942523459626825e-36
2.404942523459626825e-36
2.404942523459626825e-36
2.404942523459626825e-36
2.404942523424266482e-36
2.404942523424262807e-36
2.404942523424262807e-36
2.404942523424262807e-36
2.404942523424262807e-36
2.404942523424262807e-36
2.404942523424262807e-36
2.404942523424262807e-36
2.404942523424262807e-36
2.404942523424262807e-36
2.404942523424262807e-36
2.404942523424262807e-36
2.404942523424262807e-36
2.404942523408891403e-36
2.404942523406622894e-36
2.404942523406449833e-36
2.404942523406449833e-36
2.404942523406449833e-36
2.404942523406449833e-36
2.404942523406449833e-36
2.404942523406449833e-36
2.404942523406449833e-36
2.404942523406449833e-36
2.404942523406449833e-36
2.404942523406449833e-36
2.404942523406449833e-36
2.404942523406449833e-36
2.404942523406449833e-36
2.404942523406449833e-36
2.404942523406449833e-36
2.404942523406105380e-36
2.404942523406003147e-36
2.404942523406003147e-36
2.404942523406000808e-36
2.404942523406000808e-36
2.404942523406000808e-36
2.404942523406000808e-36
2.404942523406000808e-36
2.404942523406000808e-36
2.404942523406000808e-36
2.404942523406000808e-36
2.404942523406000808e-36
2.404942523406000808e-36
2.404942523406000808e-36
2.404942523405997801e-36
2.404942523405997801e-36
2.404942523405992456e-36
2.404942523405992456e-36
2.404942523405992456e-36
2.404942523405992456e-36
2.404942523405992456e-36
2.404942523405992456e-36
2.404942523405992456e-36
2.404942523405992456e-36
2.404942523405992456e-36
2.404942523405992456e-36
2.404942523405992456e-36
2.404942523405992456e-36
2.404942523405992456e-36
2.404942523405992456e-36
2.404942523405992456e-36
2.404942523405992456e-36
2.404942523405992456e-36
2.404942523405992456e-36
2.404942523405992456e-36
2.404942523405992456e-36
2.404942523405992456e-36
2.404942523405992456e-36
2.404942523405992456e-36
2.404942523405992456e-36
2.404942523405992456e-36
2.404942523405992456e-36
2.404942523405992456e-36
2.404942523405992456e-36
2.404942523405992456e-36
2.404942523405992456e-36
2.404942523405992456e-36
2.404942523405992456e-36
2.404942523405992456e-36
2.404942523405992456e-36
2.404942523405992456e-36
2.404942523405992456e-36
2.404942523405992456e-36
2.404942523405992456e-36
2.404942523405992456e-36
2.404942523405992456e-36
2.404942523405992456e-36
2.404942523405992456e-36
2.404942523405992456e-36
2.404942523405992456e-36
2.404942523405992456e-36
2.404942523405992456e-36
2.404942523405992456e-36
2.404942523405992456e-36
2.404942523405992456e-36
2.404942523405992456e-36
2.404942523405992456e-36
2.404942523405992456e-36
2.404942523405992456e-36
2.404942523405992456e-36
2.404942523405992456e-36
2.404942523405992456e-36
2.404942523405992456e-36
2.404942523405992456e-36
2.404942523405992456e-36
2.404942523405992456e-36
2.404942523405992456e-36
2.404942523405992456e-36
2.404942523405992456e-36
2.404942523405992456e-36
2.404942523405992456e-36
2.404942523405992456e-36
2.404942523405992456e-36
2.404942523405992456e-36
2.404942523405992456e-36
2.404942523405992456e-36
2.404942523405992456e-36
2.404942523405992456e-36
2.404942523405992456e-36
2.404942523405992456e-36
2.404942523405992456e-36
2.404942523405992456e-36
2.404942523405992456e-36
2.404942523405992456e-36
2.404942523405992456e-36
2.404942523405992456e-36
2.404942523405992456e-36
2.404942523405992456e-36
2.404942523405992456e-36
2.404942523405992456e-36
2.404942523405992456e-36
2.404942523405992456e-36
2.404942523405992456e-36
2.404942523405992456e-36
2.404942523405992456e-36
2.404942523405992456e-36
2.404942523405992456e-36
2.404942523405992456e-36
2.404942523405992456e-36
2.404942523405992456e-36
2.404942523405992456e-36
2.404942523405992456e-36
2.404942523405992456e-36
2.404942523405992456e-36
2.404942523405992456e-36
2.404942523405992456e-36
2.404942523405992456e-36
2.404942523405992456e-36
2.404942523405992456e-36
2.404942523405992456e-36
2.404942523405992456e-36
2.404942523405992456e-36
2.404942523405992456e-36
2.404942523405992456e-36
2.404942523405992456e-36
2.404942523405992456e-36
2.404942523405992456e-36
2.404942523405992456e-36
2.404942523405992456e-36
2.404942523405992456e-36
2.404942523405992456e-36
2.404942523405992456e-36
2.404942523405992456e-36
2.404942523405992456e-36
2.404942523405992456e-36
2.404942523405992456e-36
2.404942523405992456e-36
2.404942523405992456e-36
2.404942523405992456e-36
2.404942523405992456e-36
2.404942523405992456e-36
2.404942523405992456e-36
2.404942523405992456e-36
2.404942523405992456e-36
2.404942523405992456e-36
2.404942523405992456e-36
2.404942523405992456e-36
2.404942523405992456e-36
2.404942523405992456e-36
2.404942523405992456e-36
2.404942523405992456e-36
2.404942523405992456e-36
2.404942523405992456e-36
2.404942523405992456e-36
2.404942523405992456e-36
2.404942523405992456e-36
2.404942523405992456e-36
2.404942523405992456e-36
2.404942523405992456e-36
2.404942523405992456e-36
2.404942523405992456e-36
2.404942523405992456e-36
2.404942523405992456e-36
2.404942523405992456e-36
2.404942523405992456e-36
2.404942523405992456e-36
2.404942523405992456e-36
2.404942523405992456e-36
2.404942523405992456e-36
2.404942523405992456e-36
2.404942523405992456e-36
2.404942523405992456e-36
2.404942523405992456e-36
2.404942523405992456e-36
2.404942523405992456e-36
2.404942523405992456e-36
2.404942523405992456e-36
2.404942523405992456e-36
2.404942523405992456e-36
2.404942523405992456e-36
2.404942523405992456e-36
2.404942523405992456e-36
2.404942523405992456e-36
2.404942523405992456e-36
2.404942523405992456e-36
2.404942523405992456e-36
2.404942523405992456e-36
2.404942523405992456e-36
2.404942523405992456e-36
2.404942523405992456e-36
2.404942523405992456e-36
2.404942523405992456e-36
2.404942523405992456e-36
2.404942523405992456e-36
2.404942523405992456e-36
2.404942523405992456e-36
2.404942523405992456e-36
2.404942523405992456e-36
2.404942523405992456e-36
2.404942523405992456e-36
2.404942523405992456e-36
2.404942523405992456e-36
2.404942523405992456e-36
2.404942523405992456e-36
2.404942523405992456e-36
2.404942523405992456e-36
2.404942523405992456e-36
2.404942523405992456e-36
2.404942523405992456e-36
2.404942523405992456e-36
2.404942523405992456e-36
2.404942523405992456e-36
2.404942523405992456e-36
2.404942523405992456e-36
2.404942523405992456e-36
2.404942523405992456e-36
2.404942523405992456e-36
2.404942523405992456e-36
2.404942523405992456e-36
2.404942523405992456e-36
2.404942523405992456e-36
2.404942523405992456e-36
2.404942523405992456e-36
2.404942523405992456e-36
2.404942523405992456e-36
2.404942523405992456e-36
2.404942523405992456e-36
2.404942523405992456e-36
2.404942523405992456e-36
2.404942523405992456e-36
2.404942523405992456e-36
2.404942523405992456e-36
2.404942523405992456e-36
2.404942523405992456e-36
2.404942523405992456e-36
2.404942523405992456e-36
2.404942523405992456e-36
2.404942523405992456e-36
2.404942523405992456e-36
2.404942523405992456e-36
2.404942523405992456e-36
2.404942523405992456e-36
2.404942523405992456e-36
2.404942523405992456e-36
