9.999996474069452468e-01
9.999996015200521837e-01
9.999993145071464085e-01
9.999990979275391600e-01
9.999990155753987198e-01
9.999989572894214529e-01
9.999981391805051745e-01
9.999976897185103297e-01
9.999975810570040924e-01
9.999971359492045853e-01
9.999971340723016189e-01
9.999952297880424501e-01
9.999952295712478678e-01
9.999943643421221884e-01
9.999942541330145707e-01
9.999920293694624096e-01
9.999920158612896071e-01
9.999883496750535672e-01
9.999869416611144590e-01
9.999869416183582160e-01
9.999864645217521053e-01
9.999792916142452581e-01
9.999792809558547546e-01
9.999792808553860102e-01
9.999727580163293439e-01
9.999709261061711096e-01
9.999709260875476735e-01
9.999671386515567306e-01
9.999671289083514880e-01
9.999507372864999688e-01
9.999507333550828880e-01
9.999393514754173484e-01
9.999374724750766941e-01
9.999185066465241523e-01
9.999184387936018714e-01
9.998902157820075409e-01
9.998902157800484414e-01
9.998902157799099966e-01
9.998724621011214619e-01
9.998724616511351915e-01
9.998698022913617978e-01
9.998107724685908471e-01
9.998106176540048073e-01
9.998106174020398029e-01
9.997681346249793766e-01
9.997681346249717160e-01
9.997681346249355228e-01
9.997461703483284667e-01
9.997461701477072804e-01
9.997245507942423837e-01
9.997245180664410258e-01
9.995984799591098868e-01
9.995984799583765845e-01
9.995984275552267651e-01
9.995358278071919678e-01
9.995157752108286831e-01
9.995157752108244642e-01
9.994080685078646775e-01
9.994078280036048367e-01
9.991990458202328895e-01
9.991990458146572385e-01
9.991990458136413844e-01
9.991990458136409403e-01
9.991171385836112862e-01
9.991171313938355114e-01
9.991100445728040569e-01
9.987765032451008107e-01
9.987745345581894307e-01
9.987745332006781052e-01
9.984736562556590922e-01
9.984736562556455475e-01
9.984736562556456585e-01
9.984736562553944150e-01
9.983868861984093179e-01
9.983868836699038019e-01
9.983342221111172199e-01
9.983340901572006487e-01
9.976379717469426867e-01
9.976379717448896622e-01
9.976374148610440695e-01
9.972192556961361198e-01
9.972192556961362309e-01
9.971467482885958411e-01
9.971467482885670863e-01
9.968677546664335143e-01
9.968665294909191399e-01
9.956959023859519586e-01
9.956959023705437284e-01
9.956959023530372876e-01
9.956959023530362884e-01
9.951674393666674057e-01
9.951673922132722172e-01
9.951460903198582342e-01
9.941552361469179200e-01
9.941552309850122393e-01
9.941402784905762902e-01
9.924986939824047560e-01
9.924986939823863263e-01
9.924986939823863263e-01
9.924986939789133267e-01
9.919458457895008463e-01
9.919458457895008463e-01
9.919458282569082463e-01
9.917816319852632567e-01
9.917813848390565346e-01
9.895586344555988845e-01
9.895586344511297927e-01
9.895547891022669074e-01
9.874665225144437786e-01
9.874665225144438896e-01
9.874665225144438896e-01
9.870058618086244850e-01
9.861036509611462719e-01
9.861036509609338863e-01
9.861012731634053452e-01
9.824536404356893904e-01
9.824536403991515066e-01
9.824536401580861167e-01
9.824536401580834521e-01
9.799873718985022686e-01
9.799871829965298708e-01
9.799871829965298708e-01
9.799431720349727204e-01
9.766448320518966719e-01
9.766448260929458947e-01
9.765547833217267382e-01
9.719759086381244417e-01
9.719759086380759250e-01
9.719759086380759250e-01
9.719759086380745927e-01
9.719759086018742167e-01
9.694961350125773647e-01
9.694961350125773647e-01
9.694960625663041620e-01
9.691503623163829628e-01
9.691500397630952168e-01
9.622702956050294132e-01
9.622702955982981310e-01
9.622493912318208498e-01
9.572447109516457608e-01
9.572447109516458719e-01
9.572447109516456498e-01
9.553111533158434865e-01
9.553111533158434865e-01
9.533654945417100457e-01
9.533622148211515768e-01
9.533622148193338086e-01
9.533622148193338086e-01
9.426347489878185160e-01
9.426347489431735616e-01
9.426347482253795151e-01
9.426347482253774057e-01
9.375883262852997557e-01
9.375870276969529016e-01
9.375870276969529016e-01
9.375332687139048549e-01
9.301546085814975662e-01
9.301545955627271711e-01
9.297424692360527487e-01
9.166452575130521474e-01
9.166452575130168423e-01
9.166452575130168423e-01
9.166452575130096259e-01
9.166452575130096259e-01
9.166452574103637341e-01
9.123258836936295468e-01
9.123258836936295468e-01
9.123254912070116740e-01
9.119599112921964457e-01
9.119594019856064326e-01
8.972613457430813622e-01
8.972613457348322941e-01
8.972613457348322941e-01
8.971732636391341886e-01
8.834263731013459742e-01
8.834263731013458631e-01
8.804582339168584015e-01
8.804582339168578464e-01
8.804582339168578464e-01
8.785438628086409407e-01
8.785386268679507005e-01
8.785386268615723582e-01
8.785386268615723582e-01
8.785386268615723582e-01
8.561806260293105542e-01
8.561806259700195376e-01
8.561806208300177801e-01
8.561806208300162258e-01
8.429382061865706710e-01
8.429350566926963051e-01
8.429350566926963051e-01
8.428712655885601812e-01
8.351567637787306042e-01
8.351567487608748674e-01
8.342001984778748547e-01
8.068260385621399688e-01
8.068260385621159880e-01
8.068260385621159880e-01
8.068260385620883435e-01
8.068260385620883435e-01
8.068260379665777027e-01
7.957428116642926152e-01
7.957428116642926152e-01
7.957418133163642882e-01
7.952992115299544196e-01
7.952988406125852672e-01
7.777082595241271434e-01
7.777082595170047297e-01
7.777082595170047297e-01
7.774801612391700756e-01
7.495844497777158777e-01
7.495844497777159887e-01
7.420288824748135781e-01
7.420288824748124679e-01
7.420288824748124679e-01
7.396015511388884800e-01
7.395975428694603337e-01
7.395975428406761365e-01
7.395975428406761365e-01
7.395975428406761365e-01
7.112679905276617642e-01
7.112679904662712049e-01
7.112679643037588262e-01
7.112679643037569388e-01
6.861207781945736217e-01
6.861154034335248397e-01
6.861154034335248397e-01
6.860611362694442050e-01
6.751379724817913042e-01
6.751379643207988668e-01
6.727057465557885196e-01
6.391897953833547419e-01
6.391897953833266532e-01
6.391897953833265422e-01
6.391897953831242596e-01
6.391897953831242596e-01
6.391897953831242596e-01
6.391897929137860812e-01
6.192207254522940074e-01
6.192207254522940074e-01
6.192207254522940074e-01
6.192190390374022746e-01
6.188468117215800701e-01
6.188466086456729798e-01
5.954338997529647903e-01
5.954338997480436158e-01
5.954338997480436158e-01
5.948933761811995291e-01
5.643050516238845571e-01
5.643050516238845571e-01
5.512986727552035005e-01
5.512986727551983934e-01
5.512986727551983934e-01
5.492106016815855307e-01
5.492083285891411482e-01
5.492083285002834492e-01
5.492083285002834492e-01
5.492083285002834492e-01
5.137653845693783694e-01
5.137653845336568326e-01
5.137653493469903632e-01
5.137653493469903632e-01
5.137653493469896970e-01
4.898198824031660403e-01
4.898036564293722361e-01
4.898036564293722361e-01
4.898036564293722361e-01
4.897719796241584711e-01
4.794268562570113135e-01
4.794268489468416217e-01
4.751515715935601403e-01
4.348239949725308806e-01
4.348239949725215547e-01
4.348239949725215547e-01
4.348239949720844044e-01
4.348239949720844044e-01
4.348239949720844044e-01
4.348239918653160063e-01
4.184827435221636360e-01
4.184827435221636360e-01
4.184827435221636360e-01
4.184786153366560346e-01
4.182891120425230036e-01
4.182889675571091481e-01
3.973692025917693882e-01
3.973692025917693882e-01
3.973692025891745749e-01
3.973692025891745749e-01
3.964475521990404316e-01
3.605684811428923608e-01
3.605684811428923608e-01
3.513427224211652100e-01
3.513427224211529420e-01
3.513427224211529420e-01
3.504151786236089916e-01
3.504137221091195298e-01
3.504137219835993799e-01
3.504137219835993799e-01
3.504137219835993799e-01
3.201092887853037028e-01
3.201092887643822715e-01
3.201091826914020944e-01
3.201091826914020944e-01
3.201091826914018723e-01
2.930372959702897684e-01
2.930211584185430373e-01
2.930211584185430373e-01
2.930211584185430373e-01
2.930052029659158119e-01
2.888095360061876948e-01
2.888095331809496513e-01
2.854004463013229409e-01
2.517705927687138301e-01
2.517705927687106104e-01
2.517705927687106104e-01
2.517705927679522726e-01
2.517705927679522726e-01
2.517705927679522726e-01
2.517705848758990395e-01
2.339615679695074002e-01
2.339615679695074002e-01
2.339615679695074002e-01
2.339574026967202736e-01
2.338628536743452835e-01
2.338628096549999480e-01
2.243134429291812892e-01
2.243134429291812892e-01
2.243134429283553666e-01
2.243134429283553666e-01
2.234535753978901251e-01
1.935292017950441257e-01
1.935292017950441257e-01
1.836394285086412892e-01
1.836394285086275502e-01
1.836394285086275502e-01
1.836394285086275502e-01
1.831601813214768226e-01
1.831597210875219039e-01
1.831597208651048747e-01
1.831597208651048747e-01
1.831597208651048747e-01
1.676030673026212836e-01
1.676030672940294619e-01
1.676028682053653240e-01
1.676028682053653240e-01
1.676028682053651853e-01
1.455709159153250887e-01
1.455580966150883948e-01
1.455580966150883948e-01
1.455580966150883948e-01
1.455580966150883948e-01
1.455520372789619044e-01
1.429286956055184910e-01
1.429286948752175601e-01
1.392586751198122974e-01
1.213036231766913414e-01
1.213036231766896900e-01
1.213036231766896206e-01
1.213036231743812726e-01
1.213036231743812726e-01
1.213036231743812726e-01
1.213036096562143534e-01
1.075633537858309563e-01
1.075633537858309563e-01
1.075633537858309563e-01
1.075602630663648890e-01
1.075258183290878078e-01
1.075258074223963550e-01
1.018723927383374112e-01
1.018723927383374112e-01
1.018723927383374112e-01
1.018723927380718181e-01
1.018723927380718181e-01
1.009707068603190316e-01
8.571769354659991569e-02
8.571769354659991569e-02
8.571769354659991569e-02
8.571769354652340744e-02
7.844284957933142510e-02
7.844284957933142510e-02
7.826886643933833598e-02
7.826886643933833598e-02
7.826875211308539915e-02
7.826875184326692603e-02
7.826875184326692603e-02
7.826875184326692603e-02
6.956452998201503868e-02
6.956452997953196937e-02
6.956439991455772021e-02
6.956439991455772021e-02
6.956439991455769245e-02
5.946167192192736844e-02
5.944440311308427094e-02
5.944440311308427094e-02
5.944440311308427094e-02
5.944440311308427094e-02
5.944268914227886225e-02
5.833421529826810642e-02
5.833421501553056471e-02
5.567681026822639961e-02
4.613808265655083840e-02
4.613808265655057472e-02
4.613808265655044982e-02
4.613808265434758693e-02
4.613808265434758693e-02
4.613808265434758693e-02
4.613807462596263009e-02
4.067572745635502501e-02
4.067572745635502501e-02
4.067572745635502501e-02
4.067226025183445781e-02
4.066357372031492723e-02
4.066357008820080388e-02
3.844749259528536245e-02
3.844749259528536245e-02
3.844749259528536245e-02
3.844749259522470264e-02
3.844749259522470264e-02
3.781245837481759381e-02
2.998895758397959049e-02
2.998895758397959049e-02
2.998895758397959049e-02
2.998895758391170729e-02
2.748093311781670683e-02
2.748093311781670336e-02
2.744273496757990149e-02
2.744273496757990149e-02
2.744270134633589389e-02
2.744270116868459050e-02
2.744270116868459050e-02
2.744270116868459050e-02
2.421144357782979012e-02
2.421144357722139484e-02
2.421128164852212258e-02
2.421128164852212258e-02
2.421128164852211911e-02
1.914468658975421178e-02
1.913706464038022331e-02
1.913706464038022331e-02
1.913706464038022331e-02
1.913706464038022331e-02
1.913667659721789843e-02
1.893960589028340774e-02
1.893960584678760009e-02
1.806478079190399280e-02
1.467520936014727467e-02
1.467520936014710814e-02
1.467520936014706304e-02
1.467520935838013442e-02
1.467520935838013442e-02
1.467520935838013442e-02
1.467520935838013442e-02
1.467520935838013442e-02
1.467520032289229559e-02
1.203912835060611322e-02
1.203912835060611322e-02
1.203912835060611322e-02
1.203763124000369229e-02
1.203573444790738758e-02
1.203573395222397140e-02
1.162368795408143425e-02
1.162368795408143425e-02
1.162368795408143425e-02
1.162368795407410851e-02
1.162368795407410851e-02
1.140128680382617755e-02
8.671112502331289329e-03
8.671112502331289329e-03
8.671112502331289329e-03
8.671112502284347712e-03
7.494519357420596425e-03
7.494519357420595558e-03
7.494519226636869695e-03
7.486105969963423659e-03
7.486101335360709035e-03
7.486101335360709035e-03
7.486101335360709035e-03
7.486101335360709035e-03
6.811578013847415826e-03
6.811578013753644481e-03
6.811469377902918711e-03
6.811469377902918711e-03
6.811469377902916976e-03
5.031414932103424505e-03
5.028437105493030294e-03
5.028437105493030294e-03
5.028437105493030294e-03
5.028437105493030294e-03
5.028367875909846123e-03
4.972128758319009287e-03
4.564733290721988655e-03
4.564733287582480904e-03
3.784862253632429677e-03
3.784862253632287430e-03
3.784862253632277889e-03
3.784862251453146014e-03
3.784862251453146014e-03
3.784862251453146014e-03
3.784862251453146014e-03
3.784862251453146014e-03
3.784855884823537953e-03
3.784855884823537953e-03
2.880337770052917006e-03
2.880337770052917006e-03
2.879817063009615114e-03
2.879497498961207380e-03
2.879497440041418194e-03
2.768684010696277620e-03
2.768684010696277620e-03
2.768684010696277620e-03
2.768684010695189081e-03
2.666205358387248314e-03
2.666205358387248314e-03
2.026694773118608954e-03
2.026694773118608954e-03
2.026694773118608954e-03
2.026694773065853411e-03
2.026694773065851676e-03
1.641382743495880354e-03
1.641382676265796875e-03
1.640011744712124462e-03
1.640011208238073949e-03
1.640011208238073949e-03
1.640011208238073949e-03
1.640011208238073949e-03
1.467349604419243992e-03
1.467349604405998511e-03
1.467314473906291975e-03
1.467314473906291975e-03
1.467314473906291975e-03
1.467314473906291975e-03
1.067603494807145862e-03
1.065777909739010426e-03
1.065777909739010426e-03
1.065777909739010426e-03
1.065777909739010426e-03
1.065777909739010426e-03
1.065768355196995438e-03
1.054799743899123652e-03
9.261874922430674614e-04
9.261874917821781052e-04
7.361865051202551953e-04
7.361865051201488350e-04
7.361865051201479677e-04
7.361865041387764081e-04
7.361865041387764081e-04
7.361865041387764081e-04
7.361865041387764081e-04
7.361865041387764081e-04
7.361846351050154239e-04
7.361846351050154239e-04
5.576089751989030943e-04
5.576089751989030943e-04
5.573399505716541708e-04
5.572998844833795817e-04
5.572998752637943086e-04
5.572998752637943086e-04
5.374285123862838518e-04
5.374285123861715285e-04
5.374285123861715285e-04
5.063241706180352701e-04
5.063241706180352701e-04
3.580000901628619596e-04
3.580000901628619596e-04
3.580000901628619596e-04
3.580000901628619596e-04
3.580000901413294876e-04
3.580000901413281323e-04
2.917790828592091716e-04
2.917790612891227970e-04
2.916268999450326825e-04
2.916268248856367009e-04
2.916268248856367009e-04
2.916268248856367009e-04
2.628496400779161291e-04
2.628496400779161291e-04
2.628496400765390839e-04
2.628315584685551377e-04
2.628315584685551377e-04
2.628315584685551377e-04
1.724038132911786614e-04
1.724038132911786614e-04
1.720257968565591655e-04
1.720257968565591655e-04
1.720257968565591655e-04
1.720257968565591655e-04
1.720257968565591655e-04
1.720247876798617433e-04
1.710934194191514378e-04
1.512623664607117002e-04
1.512623664246677243e-04
1.212813868337869874e-04
1.212813868337266922e-04
1.212813864782303117e-04
1.212813864782302440e-04
1.212813864782302440e-04
1.212813864782302440e-04
1.212813864782302440e-04
1.212804720886040123e-04
1.212804720886040123e-04
1.212804720886040123e-04
8.240579014086256405e-05
8.240579014086256405e-05
8.235287840920652491e-05
8.234886873873571180e-05
8.234886873873571180e-05
8.234886814548513835e-05
8.069522450728010233e-05
8.069522450727432896e-05
8.069522450727432896e-05
7.608330840605013828e-05
7.608330840605013828e-05
5.352306317646732871e-05
5.352306317646732871e-05
5.352306317646732871e-05
5.352306317646732871e-05
5.352306316938456796e-05
5.352306316938389711e-05
3.953772430992919098e-05
3.953771748819233069e-05
3.953771748819233069e-05
3.952273376498679201e-05
3.952272899985290720e-05
3.952272899985290720e-05
3.952272899985290720e-05
3.698107953076661982e-05
3.698107953076661982e-05
3.698107953068467446e-05
3.697662992445774241e-05
3.697662992445774241e-05
3.697662992445774241e-05
2.324024462052084176e-05
2.324024462052084176e-05
2.316635431693029259e-05
2.316635431693029259e-05
2.316635431693029259e-05
2.316635431693029259e-05
2.316626770849973820e-05
2.316626770849973820e-05
2.304260084228510592e-05
1.893135529017990126e-05
1.893135528844673294e-05
1.597213518013434458e-05
1.597213518011363632e-05
1.597213501056820800e-05
1.597213501056820800e-05
1.597213501056820800e-05
1.597213501056820461e-05
1.597213501056820461e-05
1.597187815855662102e-05
1.597187815855662102e-05
1.597187815855662102e-05
1.597187815855662102e-05
1.000436548892076594e-05
1.000436548892076594e-05
9.995318235326054336e-06
9.994992817323418893e-06
9.994992817323418893e-06
9.994992782300405622e-06
9.788374152458081772e-06
9.788374152457681972e-06
9.788374152457681972e-06
8.844619260187828682e-06
8.844619260187828682e-06
6.449117321325754740e-06
6.449117321325754740e-06
6.449117321325754740e-06
6.449117321325754740e-06
6.449117317898234225e-06
6.449117317898000444e-06
4.349272783248238323e-06
4.349271174278612699e-06
4.349271174278612699e-06
4.348113372143796276e-06
4.348113101873058791e-06
4.348113101873058791e-06
4.348113101873058791e-06
4.046566520860859946e-06
4.046566520860859946e-06
4.045858338744014205e-06
4.045858338738517808e-06
4.045858338738517808e-06
4.045858338738517808e-06
2.534177537939188819e-06
2.534177537939188819e-06
2.513328520561509415e-06
2.513328520561509415e-06
2.513328520561509415e-06
2.513328520561509415e-06
2.513322681010832856e-06
2.513322681010832856e-06
2.501997813090355061e-06
1.909891958351518640e-06
1.909891958237375021e-06
1.572813824793112909e-06
1.572813824785654148e-06
1.572813824785654148e-06
1.572813787651177264e-06
1.572813787651177052e-06
1.572813787651176840e-06
1.572813787651176840e-06
1.572775803506685581e-06
1.572775803506685581e-06
1.572775803506685581e-06
1.572775803506685581e-06
9.793760795043558587e-07
9.793760795043558587e-07
9.771913881923485129e-07
9.771913881923485129e-07
9.771709989044816615e-07
9.771709963201174356e-07
9.596179722646836759e-07
9.596179722646836759e-07
8.301220462304178780e-07
8.301220462304060195e-07
8.301220462304060195e-07
5.699863660543280946e-07
5.699863660543280946e-07
5.699863660543280946e-07
5.699863660543280946e-07
5.699863653778761480e-07
5.699863653778004444e-07
3.862130947693206545e-07
3.862128363245080955e-07
3.862128363245080955e-07
3.861475424146797271e-07
3.861475242959477713e-07
3.861475242959477713e-07
3.626712604360712711e-07
3.626712604360712711e-07
3.625134597251762289e-07
3.625134597251762289e-07
3.625134597249192073e-07
3.625134597249192073e-07
3.625134597249192073e-07
3.625134597249192073e-07
2.028121814691402337e-07
2.028121814691402337e-07
2.006728546928175358e-07
2.006728546928175358e-07
2.006728546928175358e-07
2.006728546928175358e-07
2.006725578216238323e-07
2.006725578216238323e-07
2.001880960737101271e-07
1.546466472309453711e-07
1.546466472265213444e-07
1.303227206623825823e-07
1.303227206605861048e-07
1.303227206605861048e-07
1.303227146373057530e-07
1.303227146373056472e-07
1.303227146373056472e-07
1.303227146373056472e-07
1.303147289403628807e-07
1.303147289403628807e-07
1.303147289403628807e-07
1.303147289403628807e-07
7.134581610858275823e-08
7.114013625260113728e-08
7.114013625260113728e-08
7.114013625260113728e-08
7.113917059185886598e-08
7.113917051063123861e-08
7.043337341613332011e-08
7.043337341613332011e-08
6.138140806049919248e-08
6.138140806049888808e-08
6.138140806049888808e-08
4.352824056079611071e-08
4.352824056079611071e-08
4.352824056079611071e-08
4.352824056079611071e-08
4.352824056079611071e-08
4.352824056077894505e-08
4.352824045626648784e-08
2.581490185338103709e-08
2.581486442948204681e-08
2.581486442948204681e-08
2.581187490726344776e-08
2.581187435481738600e-08
2.581187435481738600e-08
2.486843482902507058e-08
2.485266470891824935e-08
2.485266470891824935e-08
2.485266470891824935e-08
2.485266470891172786e-08
2.485266470891172786e-08
2.485266470891172786e-08
2.485266470891172786e-08
1.412050163643836424e-08
1.391541193980156680e-08
1.391541193980156680e-08
1.391541193980156680e-08
1.391541193980156680e-08
1.391541193980156680e-08
1.391539967224476276e-08
1.388544640507535519e-08
1.388544640507535519e-08
9.572262529270542597e-09
9.572262529167740590e-09
9.572262528794870731e-09
9.572262528794870731e-09
8.516702818640874751e-09
8.516702818640853244e-09
8.516701713503459102e-09
8.516701713503459102e-09
8.516701713503459102e-09
8.515807483024695227e-09
8.515807483024695227e-09
8.515807483024695227e-09
8.515807483024695227e-09
4.462015175818022044e-09
4.444234618217637508e-09
4.444234618217637508e-09
4.444234618217637508e-09
4.444196069561657230e-09
4.402385665114657736e-09
4.402385662761804522e-09
4.402385662761804522e-09
3.555429812014078267e-09
3.555429812014069996e-09
2.696189954017645556e-09
2.696189954017645556e-09
2.696189954017645556e-09
2.696189954017645556e-09
2.696189954017645556e-09
2.696189954017645556e-09
2.696189954017645556e-09
2.696189954015019257e-09
2.696189932728860435e-09
1.457577500443390186e-09
1.457577500443390186e-09
1.457573178745827994e-09
1.457458820721820515e-09
1.457458804787921026e-09
1.457458804787921026e-09
1.456042640297519126e-09
1.402918797238343974e-09
1.402918797238343974e-09
1.402918797238343974e-09
1.402918797238343974e-09
1.402918797238134905e-09
1.402918797238134905e-09
1.402918797238134905e-09
8.180521148999482604e-10
7.913660426586312467e-10
7.913660426586312467e-10
7.913660426586312467e-10
7.913660426586312467e-10
7.913660426586312467e-10
7.913656383992257517e-10
7.900644296527685473e-10
4.936882735858123681e-10
4.936882735858123681e-10
4.936882735826123165e-10
4.936882735826123165e-10
4.936882735184109000e-10
4.361293406298374754e-10
4.361293406298345803e-10
4.361292209297664271e-10
4.361292209297664271e-10
4.361292209297664271e-10
4.361292209297664271e-10
4.360618209338311108e-10
4.360618209338311108e-10
2.296893342579947385e-10
2.296893342579947385e-10
2.296893342579947385e-10
2.276157652852917397e-10
2.276157652852917397e-10
2.276157652852917397e-10
2.276145326048562374e-10
2.258639948256188191e-10
2.258639947413063413e-10
2.258639947413063413e-10
1.700638969047918728e-10
1.700638969047917436e-10
1.700638969047917436e-10
1.246082467715143094e-10
1.246082467715143094e-10
1.246082467715143094e-10
1.246082467715143094e-10
1.246082467715143094e-10
1.246082467710914650e-10
1.246082446329499105e-10
1.246082446329499105e-10
6.727460946806933470e-11
6.727460946806932178e-11
6.727424479184925816e-11
6.727086185374727907e-11
6.727086132549687982e-11
6.727086132549687982e-11
6.712673072038210013e-11
6.712673072038210013e-11
6.507353702976004003e-11
6.507353702976004003e-11
6.507353702976004003e-11
6.507353702976004003e-11
6.507353702975527082e-11
6.507353702975527082e-11
3.421584327596611910e-11
3.274820298535323554e-11
3.274820298535323554e-11
3.274820298535323554e-11
3.274820298535323554e-11
3.274820298535323554e-11
3.274819250835474740e-11
2.059156952262652863e-11
2.058317085964389673e-11
2.058317085964389673e-11
2.058317085964389673e-11
2.058317085314636717e-11
2.058317085308206680e-11
2.058317085308138825e-11
2.058317085308138825e-11
1.854884525426985195e-11
1.854883592862674676e-11
1.854883592862674676e-11
1.854237362888612759e-11
1.854237362888612759e-11
1.854237362888612759e-11
8.594945028431554127e-12
8.594945028431554127e-12
8.594945028431554127e-12
8.493735578584763269e-12
8.493735578584763269e-12
8.493735578584763269e-12
8.493735578584763269e-12
8.493706203629881777e-12
8.493706203629881777e-12
8.456706127427062629e-12
8.456706126035066292e-12
6.430494492586768747e-12
6.430494492586768747e-12
4.933530837202277140e-12
4.933530837202277140e-12
4.933530837202276332e-12
4.933530837202276332e-12
4.933530837202276332e-12
4.933530837202276332e-12
4.933530837158043172e-12
4.933530678851495374e-12
4.933530678851495374e-12
4.933530678851492951e-12
2.304380836835686323e-12
2.304354720330579449e-12
2.304278189299126431e-12
2.304278181071188343e-12
2.304278181071188343e-12
2.304278181071188343e-12
2.297784420661546799e-12
2.297784420661546799e-12
2.256296768916169944e-12
2.256296768916169944e-12
2.256296768916110571e-12
2.256296768916110571e-12
2.256296768916110571e-12
1.278566706928240433e-12
1.209887697325336220e-12
1.209887697325336220e-12
1.209887697325336220e-12
1.209887697325336220e-12
1.209887697325336220e-12
1.209887697325336220e-12
6.598634984036197519e-13
6.598634528528554091e-13
6.598634528528554091e-13
6.596743510120182625e-13
6.596743510120182625e-13
6.596743506533764980e-13
6.596743506533764980e-13
6.596743506526035406e-13
6.596743506525508320e-13
6.596734909843119815e-13
6.173571837240976113e-13
6.173571837240976113e-13
6.173571837240976113e-13
6.170398742840943575e-13
6.170398742840943575e-13
2.950116444679587048e-13
2.950116444679587048e-13
2.950116444679587048e-13
2.950116444679587048e-13
2.904460526583938817e-13
2.904460526583938817e-13
2.904460526583938817e-13
2.904460526583938817e-13
2.904454554727063368e-13
2.893648341194849536e-13
2.893648340975376567e-13
2.893648340975376567e-13
1.970580647764133018e-13
1.970580647764133018e-13
1.625864765039336815e-13
1.625864765039336563e-13
1.625864765039336563e-13
1.625864765039336563e-13
1.625864765039336563e-13
1.625864765008268570e-13
1.625864625227917890e-13
1.625864625227915618e-13
1.625864625227915618e-13
1.625752702422630774e-13
7.294744381746669986e-14
7.294589713648641160e-14
7.294589713648641160e-14
7.294589713648641160e-14
7.294589713648641160e-14
7.294589700711302119e-14
7.266828336228705385e-14
7.147414825964963683e-14
7.147414825964963683e-14
7.147414825964869020e-14
7.147414825964869020e-14
7.147414825964869020e-14
4.337877071564348814e-14
4.337877071564348814e-14
3.909422815196746147e-14
3.909422815196746147e-14
3.909422815196746147e-14
3.909422815196746147e-14
3.909422815196746147e-14
1.951783541440500096e-14
1.951783541440500096e-14
1.951783469739626697e-14
1.951404209349045064e-14
1.951404206123998037e-14
1.951404206123998037e-14
1.951404206123998037e-14
1.951404206123622855e-14
1.951399285165308255e-14
1.951399285164060277e-14
1.830565278546153950e-14
1.830565278546153950e-14
1.830565278546153950e-14
1.829237003712506848e-14
1.829237003712506848e-14
9.178592358625776976e-15
9.178592358625776976e-15
9.178592358625776976e-15
9.178592358625776976e-15
8.897215090513712473e-15
8.897215090513712473e-15
8.897215090513712473e-15
8.897215090513712473e-15
8.897204359309292619e-15
8.872546136910054005e-15
8.872546136910054005e-15
8.872546136499764293e-15
5.547600351743626747e-15
5.547600351743626747e-15
4.554636096268699853e-15
4.554636096268699853e-15
4.554636096268699853e-15
4.554636096268699853e-15
4.554636095991113111e-15
4.554635294480619749e-15
4.554635294480619749e-15
4.554635294480603971e-15
4.554169619128746197e-15
2.089237262315039042e-15
2.089237262315039042e-15
2.089237262315039042e-15
2.089237262315039042e-15
2.089237262315039042e-15
2.089209644842033706e-15
2.073191140772447334e-15
2.073191138405119539e-15
2.046435998551136754e-15
2.046435998551136754e-15
2.046435998551124527e-15
2.046435998551124527e-15
2.046435998551124527e-15
2.046435998551124527e-15
1.175205508831869208e-15
1.026718891851339251e-15
1.026718891851339251e-15
1.026718891851339251e-15
1.026718891851339251e-15
5.175087822434856303e-16
5.175087822434856303e-16
5.175087822434856303e-16
5.175087696600304597e-16
5.174453873379194543e-16
5.174453853309071320e-16
5.174453853309071320e-16
5.174453853305461295e-16
5.174453853305461295e-16
5.174431611017721540e-16
5.174431611016169456e-16
5.174431611016169456e-16
4.916950365261138291e-16
4.916950365261138291e-16
4.909683689163577156e-16
4.909683689163577156e-16
2.258603457528452367e-16
2.258603457528452367e-16
2.168885209851345573e-16
2.168885209851345573e-16
2.168885209851345573e-16
2.168885209851345573e-16
2.168885209851345573e-16
2.168885209851345573e-16
2.168885209851345573e-16
2.168883610585295145e-16
2.165389098028963860e-16
2.165389097985017405e-16
2.165389097985017405e-16
1.366611938328728881e-16
1.166140072522913687e-16
1.166140072522913687e-16
1.166140072522913687e-16
1.166140072352331638e-16
1.166140072352331638e-16
1.166139711880220687e-16
1.166139711880204909e-16
1.166139711880204909e-16
1.166139711880204909e-16
1.165892952682982410e-16
4.793549184453245423e-17
4.793549184453245423e-17
4.793549184453245423e-17
4.793549184453245423e-17
4.793549184453245423e-17
4.793509509429711478e-17
4.745900042959617070e-17
4.745900040524548286e-17
4.709485290023906940e-17
4.709485290023906940e-17
4.709485290023896463e-17
4.709485290023896463e-17
4.709485290023896463e-17
4.709485290023896463e-17
4.709485290023896463e-17
3.707034009047798667e-17
2.571209423450069727e-17
2.571209423450069727e-17
2.571209423450069727e-17
2.571209423450069727e-17
1.146731507135590110e-17
1.146731499592630632e-17
1.146731499592630632e-17
1.146640794578254528e-17
1.146640781581127392e-17
1.146640781579281735e-17
1.146640781579281735e-17
1.146630908139033624e-17
1.146630908139033624e-17
1.146630908139033624e-17
1.146630908138904817e-17
1.111131807923798029e-17
1.111131807923797721e-17
1.111131807923797721e-17
1.108916898325922297e-17
1.108916898325922297e-17
1.108916898325922297e-17
5.672164075680196392e-18
5.403740522291787322e-18
5.403740522291787322e-18
5.403740522291787322e-18
5.403740522291787322e-18
5.403740522291787322e-18
5.403740522291787322e-18
5.403740522291787322e-18
5.403738381635006166e-18
5.397272076924458038e-18
5.397272076924458038e-18
5.397272076876834413e-18
3.042241437257015020e-18
2.737736939637799239e-18
2.737736939637799239e-18
2.737736938885747862e-18
2.737735052016189567e-18
2.737735052016189567e-18
2.737735052016189567e-18
2.737735052016096352e-18
2.737735052016096352e-18
2.736881701697313095e-18
2.736881701697313095e-18
1.200865697993074926e-18
1.200865697993074926e-18
1.200865697993074926e-18
1.200865697993074926e-18
1.200865697993074926e-18
1.185984295901606717e-18
1.185978738302562362e-18
1.185978738020125891e-18
1.178789949396986995e-18
1.178789949396986995e-18
1.178789949396986995e-18
1.178789949396986995e-18
1.178789949396985839e-18
1.178789949396985839e-18
1.178789949396985839e-18
8.571427361742774768e-19
6.538084763173203113e-19
6.538084763173203113e-19
6.538084763173203113e-19
6.538084763173203113e-19
2.906015450152087616e-19
2.906015399928182934e-19
2.906015399917866209e-19
2.906015399917866209e-19
2.905876521674623587e-19
2.905876505492194637e-19
2.905876505492194637e-19
2.905833039180318320e-19
2.905833039180318320e-19
2.905833039180317357e-19
2.905833039180317357e-19
2.830695413093037059e-19
2.830695413092892133e-19
2.823313926967213420e-19
2.823313926967213420e-19
2.823313926967213420e-19
2.823313926967213420e-19
1.599346247322062626e-19
1.599346247322062626e-19
1.476969074736831742e-19
1.476969074736831742e-19
1.476969074736831742e-19
1.476969074736831742e-19
1.476969074736831742e-19
1.476969074736831742e-19
1.476969074736831742e-19
1.476968764470302759e-19
1.476968764470302759e-19
1.475817403569715799e-19
1.475817403563086989e-19
7.932746681858620660e-20
7.228620693032419678e-20
7.228620693032419678e-20
7.228620687528211805e-20
7.228611516363036036e-20
7.228611516363036036e-20
7.228611516362459460e-20
7.228611516362459460e-20
7.228611516362459460e-20
7.225490357078797704e-20
7.225490357078797704e-20
7.225490357078797704e-20
3.457656376875111050e-20
3.457656376875111050e-20
3.457656376875111050e-20
3.457656376875111050e-20
3.383935618986232997e-20
3.383926582654432216e-20
3.383926582213218518e-20
3.369567010455377423e-20
3.369567010455377423e-20
3.369567010455377423e-20
3.369567010455375617e-20
3.369567010455375617e-20
2.334077657523942684e-20
2.334077657523942684e-20
1.810713574016710184e-20
1.810713574016710184e-20
1.810713574016710184e-20
1.810713574016710184e-20
1.810713574016710184e-20
1.810713574016710184e-20
1.810713432634925121e-20
8.491706464035128006e-21
8.491706463939645515e-21
8.491504805463782828e-21
8.491264613596343661e-21
8.491264586665001473e-21
8.491264586665001473e-21
8.491264586664998464e-21
8.491264586664998464e-21
8.330826816840939163e-21
8.330826816840939163e-21
8.330826816840752588e-21
8.292005981265520132e-21
8.292005981265520132e-21
8.292005981265520132e-21
4.674929295104286298e-21
4.674929295104286298e-21
4.674929295104286298e-21
4.241613582215648545e-21
4.241613582215648545e-21
4.241613582215648545e-21
4.241613582215648545e-21
4.241613582215648545e-21
4.241613582215648545e-21
4.241613084910463809e-21
4.241613084910463809e-21
4.239695753308808025e-21
4.239695753308808025e-21
2.336497319917050924e-21
2.336497319914601758e-21
2.180228947620890420e-21
2.180228947620890420e-21
2.180228944008443183e-21
2.180224398997449841e-21
2.180224398997449841e-21
2.180224398996880714e-21
2.180224398996880714e-21
2.180224398996880714e-21
2.180224398996880714e-21
2.178488677081523669e-21
2.178488677081523669e-21
1.018529535344847857e-21
1.018529535344847857e-21
1.018529535344847857e-21
1.018529535344847857e-21
9.915611254710484665e-22
9.915596054365458025e-22
9.915596054365458025e-22
9.915596053801094723e-22
9.890473900435628460e-22
9.890473900435628460e-22
9.890473900435626580e-22
6.912304856665037137e-22
6.912304856665037137e-22
5.691362381226107361e-22
5.691362381226107361e-22
5.691362381226107361e-22
5.691362381226107361e-22
5.691362381226107361e-22
5.691362381226107361e-22
5.691362381226107361e-22
5.691361618106990876e-22
5.691361617795130344e-22
2.543712732437894900e-22
2.543601179214270769e-22
2.543558820130272541e-22
2.543558820130267839e-22
2.543558816517037065e-22
2.543558816517037065e-22
2.543558816517037065e-22
2.513965305842805660e-22
2.513965305842805660e-22
2.513965305842805660e-22
2.513965305842784971e-22
2.498975952970181375e-22
2.498975952970181375e-22
2.498975952970181375e-22
2.498975952970181375e-22
1.576461689625775418e-22
1.576461689625775418e-22
1.576461689625775418e-22
1.414506415579154387e-22
1.414506415579154387e-22
1.414506415579154387e-22
1.414506415579154387e-22
1.414506415579154387e-22
1.414506332942093365e-22
1.414506332942093365e-22
1.414087541730492588e-22
7.266953241876127214e-23
7.266953241876127214e-23
7.266953241873176723e-23
7.266953241873176723e-23
6.950406294978055684e-23
6.950406274839066814e-23
6.950377793897306315e-23
6.950377793893107449e-23
6.950377793893107449e-23
6.950377793893107449e-23
6.950377793893107449e-23
6.942883710399292756e-23
6.942883710399292756e-23
6.942883710399292756e-23
6.942883710399292756e-23
3.631009602845875932e-23
3.631009602845875932e-23
3.631009602845875932e-23
3.517573641267517035e-23
3.517573641267517035e-23
3.517570778540433600e-23
3.517570778540433600e-23
3.517570778451975887e-23
3.511348215728690947e-23
2.290604946038297796e-23
2.290604946038297796e-23
1.999983621488520968e-23
1.999983621488520968e-23
1.999983621488520968e-23
1.999983621488520968e-23
1.999983621488520968e-23
1.999983621488520968e-23
1.999983621488520968e-23
1.999983621488520968e-23
1.999983040178785203e-23
1.999983039967466584e-23
9.554470887164576909e-24
9.553801077581555065e-24
9.553801077581555065e-24
9.553801077581505106e-24
9.553711606317851372e-24
9.553711599965553369e-24
9.553711599965553369e-24
9.471314271790407404e-24
9.400648114392807149e-24
9.400648114392807149e-24
9.400648114392771884e-24
9.400648114392771884e-24
9.400648114392771884e-24
9.400648114392771884e-24
9.400648114392771884e-24
9.400648114392771884e-24
9.400648114392771884e-24
6.483053650756799082e-24
5.568916735348186919e-24
5.568916735348186919e-24
5.568916735348186919e-24
5.568916735348186919e-24
5.568916735348186919e-24
5.568916575765994955e-24
5.567944835587493207e-24
2.875207488076758608e-24
2.875207488076758608e-24
2.875207488076758608e-24
2.875207488076235146e-24
2.875207488076235146e-24
2.776747249338773860e-24
2.776747229497919525e-24
2.776727885094530179e-24
2.776727885090850515e-24
2.776727885090850515e-24
2.776727885090850515e-24
2.776727885090850515e-24
2.772750308349583171e-24
2.772750308349582803e-24
1.589145991298073230e-24
1.589145991298073230e-24
1.589145991298073230e-24
1.589145991298073230e-24
1.514617129790352045e-24
1.514617129790352045e-24
1.514617129790352045e-24
1.514617129790352045e-24
1.514616468393727312e-24
1.512888197434506695e-24
1.512888197415963271e-24
1.512888197415963271e-24
9.590965349155462065e-25
9.590965349155462065e-25
9.590965349155462065e-25
8.565433677930127577e-25
8.565433677930127577e-25
8.565433677930127577e-25
8.565433677930127577e-25
8.565433677930127577e-25
8.565433677930127577e-25
8.565433677930127577e-25
8.565433675537654946e-25
8.565429138150913543e-25
8.565429138150913543e-25
4.376001493288271904e-25
4.375534038711649969e-25
4.375534038711592112e-25
4.375510651748735508e-25
4.375510650238668832e-25
4.323168661472235996e-25
4.297837785625383203e-25
4.297837785625383203e-25
4.297837785625383203e-25
4.297837785625376775e-25
4.297837785625376775e-25
4.297837785625376775e-25
4.297837785625376775e-25
4.297837785625376775e-25
4.297837785625376775e-25
3.059231642591358614e-25
2.560475146507129344e-25
2.560475146507129344e-25
2.560475146507129344e-25
2.560475146507129344e-25
2.560475146507129344e-25
2.560475146507129344e-25
2.560475146507129344e-25
2.560475108275331333e-25
1.361503820067410983e-25
1.361431432492579579e-25
1.361431432492579579e-25
1.361431432492474198e-25
1.361431412194491185e-25
1.361431412194491185e-25
1.361431412194491185e-25
1.328047818899932848e-25
1.328047818894737025e-25
1.328033097137341236e-25
1.328033097137341236e-25
1.328033097137341236e-25
1.324864047441017859e-25
1.324864047441017629e-25
7.791893811000506999e-26
7.791893811000506999e-26
7.791893811000506999e-26
7.791893811000506999e-26
7.346179071893830773e-26
7.346179071893830773e-26
7.346179071893830773e-26
7.346179071893830773e-26
7.346177308595670737e-26
7.341108610226927587e-26
7.341108610187782707e-26
7.341108610187782707e-26
7.341108610187782707e-26
4.667244598784084489e-26
4.292785412762662063e-26
4.292785412762662063e-26
4.292785412762662063e-26
4.292785412762662063e-26
4.292785412762662063e-26
4.292785412762662063e-26
4.292785412762662063e-26
4.292785412762662063e-26
4.292785410205264474e-26
4.292781618493796717e-26
4.292781618493796717e-26
2.208017107721882856e-26
2.208017107721791021e-26
2.207602219401360687e-26
2.207595472545697177e-26
2.207595472201072998e-26
2.174196622821907880e-26
2.174196622821907880e-26
2.166195216219214214e-26
2.166195216219214214e-26
2.166195216219214214e-26
2.166195216219214214e-26
2.166195216219214214e-26
2.166195216219213353e-26
2.166195216219213353e-26
2.166195216219213353e-26
1.659262617007733234e-26
1.364493076446819120e-26
1.364493076446819120e-26
1.364493076446819120e-26
1.364493076446819120e-26
1.364493076446819120e-26
1.364493076446819120e-26
7.093871102771028927e-27
7.093871076461245519e-27
7.093871076461245519e-27
7.093648361607207043e-27
7.093648361607207043e-27
7.093648361607207043e-27
7.093648178269620626e-27
7.093648178269403951e-27
7.093648178206317270e-27
7.093648178206317270e-27
7.093501743672365680e-27
6.979585475418376305e-27
6.979585475418376305e-27
6.979585475418373435e-27
6.957590120331117631e-27
6.957590120331117631e-27
6.957590120331117631e-27
4.486998274484169409e-27
4.486998274484169409e-27
4.486998274484169409e-27
4.187815689778328998e-27
4.187815689778328998e-27
4.187815689778328998e-27
4.187815689778328998e-27
4.187815689778328998e-27
4.187815176036113749e-27
4.187815176036113749e-27
4.185947931352599241e-27
4.185947931342984495e-27
2.548005083423344782e-27
2.548005083423344782e-27
2.548005083423344782e-27
2.405266931063949359e-27
2.405266931063949359e-27
2.405266931063949359e-27
2.405266931063949359e-27
2.405266931063949359e-27
2.405266928392806693e-27
2.405262778287352544e-27
2.405262778287352544e-27
2.405262778286887268e-27
2.404025112919933584e-27
1.341809838177806019e-27
1.341809838177806019e-27
1.341807603526894386e-27
1.341807603526894386e-27
1.341807603526894386e-27
1.341807603526894386e-27
1.341807603430717869e-27
1.316670179541256975e-27
1.316670179541256975e-27
1.313340741921343888e-27
1.313340741921343888e-27
1.313340741921343709e-27
1.313340741921343709e-27
1.313340741921343709e-27
1.067039259384996103e-27
8.379593413313035864e-28
8.379593413313035864e-28
8.379593413313035864e-28
8.379593413313035864e-28
8.379593413313035864e-28
4.531772958935884453e-28
4.531772958935884453e-28
4.531772958935884453e-28
4.531772950824985988e-28
4.531691463124395617e-28
4.531691463124395617e-28
4.531691202263555847e-28
4.531691202263555847e-28
4.531691202177897723e-28
4.531691202177897723e-28
4.531540918054603904e-28
4.531540918054545610e-28
4.478619431894584390e-28
4.478619431894577216e-28
4.478619431894577216e-28
4.478619431894577216e-28
4.460119358185572927e-28
4.460119358185572927e-28
4.460119358185572927e-28
3.097628084816232644e-28
3.097628084816232644e-28
2.823589793216032418e-28
2.823589793216032418e-28
2.823589793216032418e-28
2.823589793216032418e-28
2.823589793216032418e-28
2.823589793216032418e-28
2.823589793216032418e-28
2.823589616792980409e-28
2.822828461441852572e-28
2.822828461438959843e-28
2.822828461438959843e-28
1.711825229145173650e-28
1.711825229145173650e-28
1.637822248715767270e-28
1.637822248715767270e-28
1.637822248715767270e-28
1.637822248715767270e-28
1.637822244397792505e-28
1.637822244397792505e-28
1.637817405357187615e-28
1.637817405356469926e-28
1.637817405356469926e-28
1.636644233102644801e-28
9.790903579055484977e-29
9.790903579055484977e-29
9.790903579055484977e-29
9.790903579055484977e-29
9.790903579055484977e-29
9.790903579055484977e-29
9.790894591210361837e-29
9.529654061424265910e-29
9.529654061103278878e-29
9.514003703852273370e-29
9.514003703852273370e-29
9.514003703852273370e-29
9.514003703852273370e-29
9.514003703852273370e-29
9.514003703852273370e-29
6.970305503017563090e-29
6.120543114037127980e-29
6.120543114037127980e-29
6.120543114037127980e-29
6.120543114037127980e-29
6.120543114037127980e-29
3.452409114476192596e-29
3.452409114476192596e-29
3.452408733738033987e-29
3.452373007649674842e-29
3.452373004535000898e-29
3.452373004535000898e-29
3.452373004361677093e-29
3.452194659670827948e-29
3.452194659670827948e-29
3.452194659670827948e-29
3.424556512981678930e-29
3.424556512981660994e-29
3.424556512981660994e-29
3.424556512981646981e-29
3.424556512981646981e-29
3.403315418993522711e-29
3.403315418993522711e-29
3.403315418993522711e-29
2.465508863199245486e-29
2.465508863199245486e-29
2.465508863199245486e-29
2.209926146252798565e-29
2.209926146252798565e-29
2.209926146252798565e-29
2.209926146252798565e-29
2.209926146252798565e-29
2.209926146252798565e-29
2.209926074745209433e-29
2.209573821125042063e-29
2.209573821125042063e-29
2.209573821125042063e-29
2.209573821124093945e-29
2.209573821124093945e-29
1.353018551201868880e-29
1.311041628966255990e-29
1.311041628966255990e-29
1.311041622008435528e-29
1.311035281878084893e-29
1.311035281878084893e-29
1.311035281876481807e-29
1.311035281876481807e-29
1.309556622297304764e-29
1.309556622297304764e-29
8.138892042238294782e-30
8.138892042238294782e-30
8.138892042238294782e-30
8.138892042238294782e-30
8.138892042238294782e-30
8.138892042238294782e-30
7.870376982859521486e-30
7.870373140077330259e-30
7.870373139960194319e-30
7.862304303041825896e-30
7.862304303041825896e-30
7.862304303041825896e-30
7.862304303041825896e-30
7.862304303041825896e-30
5.714659795864179579e-30
5.714659795864179579e-30
5.185480930653134662e-30
5.185480930653134662e-30
5.185480930653134662e-30
5.185480930653134662e-30
5.185480930653134662e-30
2.976660861628372738e-30
2.976660282891860343e-30
2.976660282567837399e-30
2.976642709563737145e-30
2.976642708324953920e-30
2.976381822745869848e-30
2.976381822745869848e-30
2.976381822745869848e-30
2.976381822745869848e-30
2.976381822745832363e-30
2.976381822745832363e-30
2.960818878895871535e-30
2.960818878895871535e-30
2.960818878895865579e-30
2.937090596343461715e-30
2.937090596343461715e-30
2.937090596343461715e-30
2.937090596343461715e-30
2.269251539257949245e-30
2.269251539257949245e-30
2.003491861851037503e-30
2.003491861851037503e-30
2.003491861851037503e-30
2.003491861851037503e-30
2.003491861851037503e-30
2.003491861851037503e-30
2.003491861851037503e-30
2.003491830407121195e-30
2.003491830407121195e-30
2.003300251670708179e-30
2.003300251670708179e-30
1.213766349892325594e-30
1.213766349892199827e-30
1.187990070789025960e-30
1.187990059107322192e-30
1.187990059107322192e-30
1.187979814938656535e-30
1.187979814935345967e-30
1.187979814935345967e-30
1.187979814935345967e-30
1.186162836827044506e-30
1.186162836827044506e-30
1.186162836827044506e-30
1.186162836827044506e-30
7.936574923100976723e-31
7.936574923100976723e-31
7.936574923100976723e-31
7.936574923100976723e-31
7.620635481709013919e-31
7.620633554175134159e-31
7.620633554126889205e-31
7.615626215699474869e-31
7.615626215699474869e-31
7.615626215699474869e-31
7.615626215699474869e-31
5.391411222283107202e-31
5.391411222283107202e-31
5.025883825190262702e-31
5.025883825190262702e-31
5.025883825190262702e-31
5.025883825190262702e-31
5.025883825190262702e-31
5.025883825190262702e-31
5.025883825190262702e-31
5.025883825190262702e-31
5.025880578548376412e-31
3.055627944695973458e-31
3.055627943997808027e-31
3.055627943997808027e-31
3.055216373774562434e-31
3.055206469163905770e-31
3.055206468590570634e-31
3.055206468590471229e-31
3.055206468590471229e-31
3.044337979440611628e-31
3.044337979440611628e-31
3.044337979440609438e-31
3.044337979440609438e-31
3.013147497120589144e-31
3.013147497120589144e-31
3.013147497120589144e-31
2.453556992453078143e-31
2.453556992453078143e-31
2.453556992453078143e-31
2.110513169661082380e-31
2.110513169661082380e-31
2.110513169661082380e-31
2.110513169661082380e-31
2.110513169661082380e-31
2.110513169661082380e-31
2.110513154331753430e-31
2.110399409612047692e-31
2.110399409612047692e-31
1.307268391635938287e-31
1.307268391635890336e-31
1.287362464756264165e-31
1.287362437762107284e-31
1.287362437762107284e-31
1.287344427616571717e-31
1.287344427608623070e-31
1.287344427608623070e-31
1.287344427608623070e-31
1.284687008081524988e-31
1.284687008081524988e-31
1.284687008081524332e-31
1.284687008081524332e-31
1.284687008081524332e-31
9.146152922806481473e-32
9.146152922806481473e-32
8.676364506165902068e-32
8.676364506165902068e-32
8.676363408473116632e-32
8.676363408473116632e-32
8.676363408473116632e-32
8.676363408452452954e-32
8.672889833682926381e-32
6.102463992337725214e-32
6.102463992337725214e-32
6.102463992337725214e-32
5.787235206756810346e-32
5.787235206756810346e-32
5.787235206756810346e-32
5.787235206756810346e-32
5.787235206756810346e-32
5.787235206756810346e-32
5.787235206756810346e-32
5.787235206756810346e-32
5.787235206756810346e-32
5.787228761824810405e-32
5.787228756896634195e-32
3.707695255241250763e-32
3.706940175495021959e-32
3.706940175494723636e-32
3.706933769732590178e-32
3.706933769453702773e-32
3.706933769453702773e-32
3.698362898865876073e-32
3.698362898865876073e-32
3.646395774963532659e-32
3.646395774963532112e-32
3.646395774963532112e-32
3.646395774963532112e-32
3.646395774963532112e-32
3.646395774963532112e-32
3.083304831183790890e-32
3.083304831183790890e-32
2.606067091845274748e-32
2.606067091845274748e-32
2.606067091845274748e-32
2.606067091845274748e-32
2.606067091845274748e-32
2.606067091845274748e-32
2.606067084122206561e-32
2.605990889811919389e-32
1.656621630839033996e-32
1.656621630839033996e-32
1.656621630839019764e-32
1.656621630839019764e-32
1.639434670051131721e-32
1.639434604508619859e-32
1.639398206979904703e-32
1.639398206954537643e-32
1.639398206954537643e-32
1.639398206954537643e-32
1.639398206954537643e-32
1.634518554817581939e-32
1.634518554817580023e-32
1.219215651577097332e-32
1.219215651577097332e-32
1.219215651577097332e-32
1.145114839642026044e-32
1.145114839642026044e-32
1.145114839642026044e-32
1.145114839642026044e-32
1.145114776462695935e-32
1.144848913514680760e-32
1.144848913514027733e-32
1.144848913514027733e-32
8.062223654731875381e-33
8.062223654731875381e-33
7.763329638614436644e-33
7.763329638614436644e-33
7.763329638614436644e-33
7.763329638614436644e-33
7.763329638614436644e-33
7.763329638614436644e-33
7.763329638614436644e-33
7.763315186096593028e-33
7.763315172819405028e-33
7.763315172819405028e-33
5.183034148267571783e-33
5.181362104092491796e-33
5.181362104091341609e-33
5.181362104091341609e-33
5.181357968861864866e-33
5.181357968762996006e-33
5.090239893119003578e-33
5.083133391202848394e-33
5.083133391202848394e-33
5.083133391202848394e-33
5.083133391202848394e-33
5.083133391202848394e-33
5.083133391202848394e-33
5.083133391202848394e-33
5.083133391202848394e-33
4.473779982532988534e-33
3.725916358686804813e-33
3.725916358686804813e-33
3.725916358686804813e-33
3.725916358686804813e-33
2.416058889400569014e-33
2.416058888196066429e-33
2.416058888196066429e-33
2.416037248713695915e-33
2.416037248713695915e-33
2.416037248713695915e-33
2.416037248713694204e-33
2.416037071329957931e-33
2.399916998773328751e-33
2.399916998691941227e-33
2.399828606009949485e-33
2.399828606009949485e-33
2.399828606009949485e-33
2.390462822614729221e-33
2.390462822614721352e-33
2.390462822614721352e-33
2.390462822614721352e-33
1.887415414220531750e-33
1.887415414220531750e-33
1.887415414220531750e-33
1.887415414220531750e-33
1.754636244026077849e-33
1.754636244026077849e-33
1.754636244026077849e-33
1.754636244026077849e-33
1.754636217109171295e-33
1.754429937923291915e-33
1.754429937923218702e-33
1.754429937923218702e-33
1.230409546786272187e-33
1.230409546786272187e-33
1.199447419510816188e-33
1.199447419510816188e-33
1.199447419510816188e-33
1.199447419510816188e-33
1.199447419510816188e-33
1.199447419510816188e-33
1.199447415561282638e-33
1.199443505749971420e-33
1.199443505749971420e-33
1.199443505749971420e-33
8.497591465327739271e-34
8.497591465323112181e-34
8.493562692164215358e-34
8.493560675814922804e-34
8.493560675802220115e-34
8.309372114776779083e-34
8.309372114776779083e-34
8.303110781368713522e-34
8.303110781368713522e-34
8.303110781368713522e-34
8.303110781368713522e-34
8.303110781368713522e-34
8.303110781368713522e-34
8.303110781368713522e-34
7.563796155207685908e-34
6.176833214726118958e-34
6.176833214726118958e-34
6.176833214726118958e-34
6.176833214726118958e-34
4.171126271954801543e-34
4.171126271954801543e-34
4.171126271783141625e-34
4.171114568298562410e-34
4.171113969118609318e-34
4.171113969118609318e-34
4.171113969118609318e-34
4.171113968812242059e-34
4.170874589624252283e-34
4.170874589624252283e-34
4.170874589624252283e-34
4.154954984177727795e-34
4.154954984177692728e-34
4.154954984177692728e-34
4.133772506989172886e-34
4.133772506989172886e-34
4.133772506989172886e-34
3.437693303590615738e-34
3.437693303590615738e-34
3.150383534173392715e-34
3.150383534173392715e-34
3.150383534173392715e-34
3.150383534173392715e-34
3.150383530024361698e-34
3.150383530024361698e-34
3.150383530024361698e-34
3.150262855244641921e-34
3.150262855244641493e-34
2.235589302068825771e-34
2.235589302068825771e-34
2.235589302068825771e-34
2.201471840489656543e-34
2.201471840489656543e-34
2.201471840489656543e-34
2.201471825411224923e-34
2.201471825411224923e-34
2.201460017147066292e-34
2.201460017143195701e-34
2.199418337135068022e-34
1.651825173550157973e-34
1.651825173550157973e-34
1.651825173550157760e-34
1.651825137084585159e-34
1.651825137084585159e-34
1.606014875944905880e-34
1.606014875944905880e-34
1.606014875944891768e-34
1.606014875944891768e-34
1.605590240661864721e-34
1.605590240661864721e-34
1.605590240661864721e-34
1.511210250264081123e-34
1.218697490480837771e-34
1.218697490480837771e-34
1.218697490480837771e-34
1.218697490480837771e-34
8.601749257945339035e-35
8.601749257945339035e-35
8.601746878082223057e-35
8.601744593569196974e-35
8.601744593566932607e-35
8.601744593566932607e-35
8.601744592090350914e-35
8.600975597256721470e-35
8.600975597256721470e-35
8.600975597256721470e-35
8.588661967953960931e-35
8.588661967953960931e-35
8.588661967953770630e-35
8.528886063681491082e-35
8.528886063681491082e-35
8.528886063681491082e-35
8.528886063681491082e-35
7.494355700831752141e-35
7.494355700831752141e-35
6.773824306399204161e-35
6.773824306399204161e-35
6.773824306399204161e-35
6.773824306339693451e-35
6.773824306339693451e-35
6.773797629077978051e-35
6.773797629077978051e-35
6.773797629077978051e-35
4.885551341455275978e-35
4.885551341455275978e-35
4.855710441257242025e-35
4.855710441257242025e-35
4.855710441257242025e-35
4.855710375491035341e-35
4.855666979885129485e-35
4.855666979863787993e-35
4.855666979863787993e-35
4.849097615766421870e-35
3.905835067148033836e-35
3.905835067148033836e-35
3.905835067148033836e-35
3.905835067148032766e-35
3.905835067148032766e-35
3.905835067148032766e-35
3.769801417964545652e-35
3.769801417375305806e-35
3.769801417375305806e-35
3.769689518773822018e-35
3.769689518773822018e-35
3.769689518773822018e-35
2.984625649895793022e-35
2.923048412895895503e-35
2.923048412895895503e-35
2.923048412895895503e-35
2.923048412895895503e-35
2.923048412895895503e-35
2.923048412895895503e-35
2.197243800224459592e-35
2.197243800224459592e-35
2.197243800224459592e-35
2.197242674171873937e-35
2.197242673308084492e-35
2.197242668490436259e-35
2.197242668490436259e-35
2.196910679205187897e-35
2.196910679205187897e-35
2.196910679205048379e-35
2.196526060483921000e-35
2.196526060483921000e-35
2.196526060483921000e-35
2.196526060483921000e-35
2.175661898775962841e-35
2.175661898775962841e-35
2.044992538507078395e-35
2.044992538507078395e-35
2.044992538507078395e-35
1.813716167723660630e-35
1.813716167723660630e-35
1.813716167723660630e-35
1.813716167723660095e-35
1.813716167723660095e-35
1.813716108388215108e-35
1.813716108388215108e-35
1.813716108388215108e-35
1.351559641699465623e-35
1.351559641699465623e-35
1.350461819792281277e-35
1.350461781364633118e-35
1.350461781364633118e-35
1.350439571494381333e-35
1.350439571479581968e-35
1.347722793908937915e-35
1.347722793908937915e-35
1.201397601841067296e-35
1.201397601841067296e-35
1.201397601841067296e-35
1.201397601841066360e-35
1.201397601841066360e-35
1.145538253472949001e-35
1.145538253472937508e-35
1.145538253472937508e-35
1.145537932904958918e-35
1.145537932904958918e-35
1.145537932904958918e-35
1.145537932904958918e-35
9.061986019822393171e-36
9.034355839934134454e-36
9.034355839934134454e-36
9.034355839934134454e-36
9.034355839934134454e-36
9.034355839934134454e-36
9.034355839934134454e-36
9.034343243701925185e-36
7.622261322553741434e-36
7.622261314701359173e-36
7.620124118645541279e-36
7.620124118645541279e-36
7.620124118645541279e-36
7.620124118644302452e-36
7.620124118644302452e-36
7.620124118642796349e-36
7.620109760264361604e-36
7.510340793048478907e-36
7.510340793048478907e-36
7.510340793048478907e-36
7.510340793048478907e-36
7.431957714837551490e-36
6.445060134409988977e-36
6.445060134409988977e-36
6.445060134409988977e-36
6.445060134409988977e-36
6.445060134409988977e-36
6.445060134409988977e-36
6.445060134409988977e-36
6.445060134393976443e-36
5.280722724356540207e-36
5.280722724356540207e-36
5.280670689150176897e-36
5.280670300372055931e-36
5.280488616417785780e-36
5.280488616246857131e-36
5.280488616246857131e-36
5.280488616246857131e-36
5.262265997242629615e-36
5.262265997242629615e-36
5.262265997242629615e-36
5.262265997242612910e-36
5.145267223390825914e-36
4.813137759843422683e-36
4.813137759843422683e-36
4.813137759843422683e-36
4.813137759722476071e-36
4.813137759722476071e-36
4.813137759722476071e-36
4.813137759722476071e-36
4.006391606144316229e-36
4.006391606144316229e-36
4.006223550859846213e-36
4.006223550859846213e-36
4.006223550859846213e-36
4.006223550859846213e-36
4.006223550859846213e-36
4.006210298883757875e-36
4.006210284530657909e-36
4.006210284530657909e-36
3.854790439854811434e-36
3.852389866267436065e-36
3.852389866264531438e-36
3.852389866264531438e-36
3.852389866264531438e-36
3.852389865480236030e-36
3.760574616211350030e-36
3.760574616211350030e-36
3.760574616211350030e-36
3.760574616211350030e-36
3.760574616211350030e-36
3.759958592857106940e-36
3.296555115950883839e-36
3.296555115950883839e-36
3.296555115950883839e-36
3.296555115950883839e-36
3.296555115950883839e-36
3.127884890188070187e-36
3.127884890188070187e-36
3.127884890188070187e-36
3.127884160411454475e-36
3.127884156509763910e-36
3.127884156509763910e-36
3.127604128559754942e-36
3.127604128162988366e-36
3.127604128162988366e-36
3.127604128162988366e-36
3.106550557620945426e-36
3.106550557620903330e-36
3.105257323772722941e-36
3.105257323772722941e-36
2.887083744201209560e-36
2.887083744201209560e-36
2.887083744201209560e-36
2.887083744201209560e-36
2.887083744201209560e-36
2.887083744201209560e-36
2.887083744201209560e-36
2.887083744201209560e-36
2.729446789165788713e-36
2.729446789165788713e-36
2.729446772495253071e-36
2.729446772495253071e-36
2.729446772495253071e-36
2.729446772495253071e-36
2.729419748956895440e-36
2.729419713313119421e-36
2.727155439406908119e-36
2.723188612032658675e-36
2.723188612023053427e-36
2.723188612023053427e-36
2.723188612023053427e-36
2.723188612023053427e-36
2.640495832777429774e-36
2.640495832777429774e-36
2.640495832777429440e-36
2.640495832777429440e-36
2.640495832777429440e-36
2.640495767859065685e-36
2.640495767859065685e-36
2.521474453369692576e-36
2.521474453369692576e-36
2.518252037754174571e-36
2.518252037754174571e-36
2.518252037754174571e-36
2.518252037754174571e-36
2.518249959627182519e-36
2.518249958251006707e-36
2.518249958251006707e-36
2.517650298563924346e-36
2.517650298563924346e-36
2.517650298563924346e-36
2.492971597497348507e-36
2.492971597497168096e-36
2.492971597497168096e-36
2.492971419434708217e-36
2.492971419434708217e-36
2.492971419434708217e-36
2.422691790799670970e-36
2.422691790799670970e-36
2.422691790799670970e-36
2.422691790799670970e-36
2.422691790799670970e-36
2.422691790799670970e-36
2.419054581246729907e-36
2.419054581246729907e-36
2.419054581246729907e-36
2.419054581246729907e-36
2.419054581246729907e-36
2.419054458242541167e-36
2.418984321172102509e-36
2.418984321172102509e-36
2.418984321131551991e-36
2.418983940721939853e-36
2.413325736468112546e-36
2.413325736468112546e-36
2.381719000018532171e-36
2.381719000018529499e-36
2.381719000018529499e-36
2.381719000018529499e-36
2.381719000018529499e-36
2.381719000018529499e-36
2.381719000018529499e-36
2.378577096011200170e-36
2.378577096011200170e-36
2.378577096011200170e-36
2.378576482392144612e-36
2.378576482392144612e-36
2.378570356366012668e-36
2.378570356366012668e-36
2.378570350972226147e-36
2.377599753034837439e-36
2.377599753034837439e-36
2.377599753034837439e-36
2.377599753034837439e-36
2.377599753033960772e-36
2.367018944617565567e-36
2.367018944617565567e-36
2.367018944617565567e-36
2.367018944617565567e-36
2.367018944617565567e-36
2.367018944617565567e-36
2.364998034618128823e-36
2.364998034618128823e-36
2.364998034618128823e-36
2.364998034618128823e-36
2.364997292756997363e-36
2.364997292756997363e-36
2.364997292756997363e-36
2.364997292756997363e-36
2.364997292756997363e-36
2.364996904283422900e-36
2.364875262790351645e-36
2.364875262620084505e-36
2.362286219664598730e-36
2.362286219664598396e-36
2.362286219664584698e-36
2.362286219664584698e-36
2.361334599358178042e-36
2.361334599358178042e-36
2.361334599358178042e-36
2.361334599358178042e-36
2.361334599358178042e-36
2.361333938456590074e-36
2.361333938456590074e-36
2.361333938456590074e-36
2.361333938456590074e-36
2.361333938456589072e-36
2.361333938456589072e-36
2.361322982948348795e-36
2.361322982948348795e-36
2.361322965383508085e-36
2.360865477013514367e-36
2.360865477013514367e-36
2.360865477013514367e-36
2.360865477013514367e-36
2.360865477009715366e-36
2.360540418517400104e-36
2.360540418517400104e-36
2.360540418517400104e-36
2.360540418517400104e-36
2.360540418517399436e-36
2.360539988610955188e-36
2.360539988610955188e-36
2.360539988610955188e-36
2.360539988610955188e-36
2.360539988610955188e-36
2.360539988610953517e-36
2.360539988610953517e-36
2.360539988610953517e-36
2.360539988610953517e-36
2.360539286352694281e-36
2.360481340342130057e-36
2.360481339781616218e-36
2.360401230032990124e-36
2.360401230032990124e-36
2.360401230032990124e-36
2.360401230032930989e-36
2.360401230032930989e-36
2.360401230032930989e-36
2.360401026899231183e-36
2.360401026899231183e-36
2.360401026899230181e-36
2.360401026899230181e-36
2.360401026899230181e-36
2.360401026899230181e-36
2.360401026899230181e-36
2.360401026899230181e-36
2.360401026899230181e-36
2.360401026899230181e-36
2.360401026899230181e-36
2.360395792592568160e-36
2.360395792592568160e-36
2.360395760744941241e-36
2.360381576019570456e-36
2.360381576007024832e-36
2.360381576007024832e-36
2.360381576007024832e-36
2.360381506555793116e-36
2.360381506555792448e-36
2.360381506555792448e-36
2.360381506555792448e-36
2.360381506555792448e-36
2.360381506555792114e-36
2.360381506555792114e-36
2.360381506555792114e-36
2.360381506555792114e-36
2.360381506555792114e-36
2.360381506555792114e-36
2.360381170812444911e-36
2.360379373282420567e-36
2.360379372265416556e-36
2.360379355145592841e-36
2.360379355145592841e-36
2.360379355145592841e-36
2.360379355145592841e-36
2.360379355145592841e-36
2.360379355145592841e-36
2.360379355145396726e-36
2.360379355145396392e-36
2.360379355145396392e-36
2.360379355145396392e-36
2.360379355145396392e-36
2.360379355145396392e-36
2.360379355145396392e-36
2.360379355145396392e-36
2.360379355145396392e-36
2.360379355145396392e-36
2.360379192757900043e-36
2.360379177530008196e-36
2.360379177530008196e-36
2.360379177530008196e-36
2.360379177530008196e-36
2.360379174498532068e-36
2.360379174498532068e-36
2.360379174475767463e-36
2.360379174475767463e-36
2.360379174475765124e-36
2.360379174475765124e-36
2.360379174475765124e-36
2.360379174475765124e-36
2.360379174475765124e-36
2.360379174475765124e-36
2.360379174475765124e-36
2.360379174475765124e-36
2.360379174475765124e-36
2.360379164059618510e-36
2.360379163675458363e-36
2.360379163189172879e-36
2.360379163189172879e-36
2.360379163189172879e-36
2.360379163189172879e-36
2.360379163189172879e-36
2.360379163188817067e-36
2.360379163188817067e-36
2.360379163188817067e-36
2.360379163188817067e-36
2.360379163188817067e-36
2.360379163188817067e-36
2.360379163188817067e-36
2.360379163188817067e-36
2.360379163188817067e-36
2.360379163188817067e-36
2.360379163188817067e-36
2.360379163188817067e-36
2.360379163188817067e-36
2.360379163154112554e-36
2.360379162681679341e-36
2.360379162681679341e-36
2.360379162670793838e-36
2.360379162670793838e-36
2.360379162670793838e-36
2.360379162670790163e-36
2.360379162670790163e-36
2.360379162670790163e-36
2.360379162670790163e-36
2.360379162670790163e-36
2.360379162670790163e-36
2.360379162670790163e-36
2.360379162670790163e-36
2.360379162668563750e-36
2.360379162668563750e-36
2.360379162653477330e-36
2.360379162653477330e-36
2.360379162653477330e-36
2.360379162653477330e-36
2.360379162653307609e-36
2.360379162653307609e-36
2.360379162653307609e-36
2.360379162653307609e-36
2.360379162653307609e-36
2.360379162653307609e-36
2.360379162653307609e-36
2.360379162653307609e-36
2.360379162653307609e-36
2.360379162653307609e-36
2.360379162653307609e-36
2.360379162653307609e-36
2.360379162653206378e-36
2.360379162653206378e-36
2.360379162652868942e-36
2.360379162652868942e-36
2.360379162652868942e-36
2.360379162652868942e-36
2.360379162652868942e-36
2.360379162652866937e-36
2.360379162652866937e-36
2.360379162652866937e-36
2.360379162652866937e-36
2.360379162652866937e-36
2.360379162652866937e-36
2.360379162652866937e-36
2.360379162652866937e-36
2.360379162652863596e-36
2.360379162652863596e-36
2.360379162652863596e-36
2.360379162652858585e-36
2.360379162652858585e-36
2.360379162652858585e-36
2.360379162652858585e-36
2.360379162652858585e-36
2.360379162652858585e-36
2.360379162652858585e-36
2.360379162652858585e-36
2.360379162652858585e-36
2.360379162652858585e-36
2.360379162652858585e-36
2.360379162652858585e-36
2.360379162652858585e-36
2.360379162652858585e-36
2.360379162652858585e-36
2.360379162652858585e-36
2.360379162652858585e-36
2.360379162652858585e-36
2.360379162652858585e-36
2.360379162652858585e-36
2.360379162652858585e-36
2.360379162652858585e-36
2.360379162652858585e-36
2.360379162652858585e-36
2.360379162652858585e-36
2.360379162652858585e-36
2.360379162652858585e-36
2.360379162652858585e-36
2.360379162652858585e-36
2.360379162652858585e-36
2.360379162652858585e-36
2.360379162652858585e-36
2.360379162652858585e-36
2.360379162652858585e-36
2.360379162652858585e-36
2.360379162652858585e-36
2.360379162652858585e-36
2.360379162652858585e-36
2.360379162652858585e-36
2.360379162652858585e-36
2.360379162652858585e-36
2.360379162652858585e-36
2.360379162652858585e-36
2.360379162652858585e-36
2.360379162652858585e-36
2.360379162652858585e-36
2.360379162652858585e-36
2.360379162652858585e-36
2.360379162652858585e-36
2.360379162652858585e-36
2.360379162652858585e-36
2.360379162652858585e-36
2.360379162652858585e-36
2.360379162652858585e-36
2.360379162652858585e-36
2.360379162652858585e-36
2.360379162652858585e-36
2.360379162652858585e-36
2.360379162652858585e-36
2.360379162652858585e-36
2.360379162652858585e-36
2.360379162652858585e-36
2.360379162652858585e-36
2.360379162652858585e-36
2.360379162652858585e-36
2.360379162652858585e-36
2.360379162652858585e-36
2.360379162652858585e-36
2.360379162652858585e-36
2.360379162652858585e-36
2.360379162652858585e-36
2.360379162652858585e-36
2.360379162652858585e-36
2.360379162652858585e-36
2.360379162652858585e-36
2.360379162652858585e-36
2.360379162652858585e-36
2.360379162652858585e-36
2.360379162652858585e-36
2.360379162652858585e-36
2.360379162652858585e-36
2.360379162652858585e-36
2.360379162652858585e-36
2.360379162652858585e-36
2.360379162652858585e-36
2.360379162652858585e-36
2.360379162652858585e-36
2.360379162652858585e-36
2.360379162652858585e-36
2.360379162652858585e-36
2.360379162652858585e-36
2.360379162652858585e-36
2.360379162652858585e-36
2.360379162652858585e-36
2.360379162652858585e-36
2.360379162652858585e-36
2.360379162652858585e-36
2.360379162652858585e-36
2.360379162652858585e-36
2.360379162652858585e-36
2.360379162652858585e-36
2.360379162652858585e-36
2.360379162652858585e-36
2.360379162652858585e-36
2.360379162652858585e-36
2.360379162652858585e-36
2.360379162652858585e-36
2.360379162652858585e-36
2.360379162652858585e-36
2.360379162652858585e-36
2.360379162652858585e-36
2.360379162652858585e-36
2.360379162652858585e-36
2.360379162652858585e-36
2.360379162652858585e-36
2.360379162652858585e-36
2.360379162652858585e-36
2.360379162652858585e-36
2.360379162652858585e-36
2.360379162652858585e-36
2.360379162652858585e-36
2.360379162652858585e-36
2.360379162652858585e-36
2.360379162652858585e-36
2.360379162652858585e-36
2.360379162652858585e-36
2.360379162652858585e-36
2.360379162652858585e-36
2.360379162652858585e-36
2.360379162652858585e-36
2.360379162652858585e-36
2.360379162652858585e-36
2.360379162652858585e-36
2.360379162652858585e-36
2.360379162652858585e-36
2.360379162652858585e-36
2.360379162652858585e-36
2.360379162652858585e-36
2.360379162652858585e-36
2.360379162652858585e-36
2.360379162652858585e-36
2.360379162652858585e-36
2.360379162652858585e-36
2.360379162652858585e-36
2.360379162652858585e-36
2.360379162652858585e-36
2.360379162652858585e-36
2.360379162652858585e-36
2.360379162652858585e-36
2.360379162652858585e-36
2.360379162652858585e-36
2.360379162652858585e-36
2.360379162652858585e-36
2.360379162652858585e-36
2.360379162652858585e-36
2.360379162652858585e-36
2.360379162652858585e-36
2.360379162652858585e-36
2.360379162652858585e-36
2.360379162652858585e-36
2.360379162652858585e-36
2.360379162652858585e-36
2.360379162652858585e-36
2.360379162652858585e-36
2.360379162652858585e-36
2.360379162652858585e-36
2.360379162652858585e-36
2.360379162652858585e-36
2.360379162652858585e-36
2.360379162652858585e-36
2.360379162652858585e-36
2.360379162652858585e-36
2.360379162652858585e-36
2.360379162652858585e-36
2.360379162652858585e-36
2.360379162652858585e-36
2.360379162652858585e-36
2.360379162652858585e-36
2.360379162652858585e-36
2.360379162652858585e-36
2.360379162652858585e-36
2.360379162652858585e-36
2.360379162652858585e-36
2.360379162652858585e-36
2.360379162652858585e-36
2.360379162652858585e-36
2.360379162652858585e-36
2.360379162652858585e-36
2.360379162652858585e-36
2.360379162652858585e-36
2.360379162652858585e-36
2.360379162652858585e-36
2.360379162652858585e-36
2.360379162652858585e-36
2.360379162652858585e-36
2.360379162652858585e-36
2.360379162652858585e-36
2.360379162652858585e-36
2.360379162652858585e-36
2.360379162652858585e-36
2.360379162652858585e-36
2.360379162652858585e-36
2.360379162652858585e-36
2.360379162652858585e-36
2.360379162652858585e-36
2.360379162652858585e-36
2.360379162652858585e-36
2.360379162652858585e-36
2.360379162652858585e-36
2.360379162652858585e-36
2.360379162652858585e-36
2.360379162652858585e-36
2.360379162652858585e-36
2.360379162652858585e-36
2.360379162652858585e-36
2.360379162652858585e-36
2.360379162652858585e-36
2.360379162652858585e-36
2.360379162652858585e-36
2.360379162652858585e-36
2.360379162652858585e-36
2.360379162652858585e-36
2.360379162652858585e-36
2.360379162652858585e-36
2.360379162652858585e-36
2.360379162652858585e-36
2.360379162652858585e-36
2.360379162652858585e-36
2.360379162652858585e-36
2.360379162652858585e-36
2.360379162652858585e-36
2.360379162652858585e-36
