9.999471849158824144e-01
9.999396511567721912e-01
9.999182207182160109e-01
9.998938890876225560e-01
9.998841437436525315e-01
9.998812666453996689e-01
9.998289223608624043e-01
9.997875069636564804e-01
9.997873948179933912e-01
9.997658107438309738e-01
9.997595364449815003e-01
9.996555616500711894e-01
9.995932824014256424e-01
9.995932733865514619e-01
9.995920697375254571e-01
9.995115152980382778e-01
9.995086247402967805e-01
9.993334358288331609e-01
9.992558064199188461e-01
9.992449751763642363e-01
9.992449626190031964e-01
9.990306483217433753e-01
9.990306478362729337e-01
9.987594792626399709e-01
9.987594129676485855e-01
9.987591135514269913e-01
9.986616892042254889e-01
9.986094770992263170e-01
9.981831935646520160e-01
9.981831934689818775e-01
9.977929525240905040e-01
9.977929070782927123e-01
9.977897712481957893e-01
9.977897701663921426e-01
9.974436889769003889e-01
9.974200977030038828e-01
9.967556747405278417e-01
9.962700303036773342e-01
9.962700302987669287e-01
9.962410195812747560e-01
9.962410001693611239e-01
9.953734404922658374e-01
9.953734404920266954e-01
9.953734383371189987e-01
9.944626983573808809e-01
9.944618589084909255e-01
9.944612707010860309e-01
9.941185443053478510e-01
9.941185442025471941e-01
9.937780876318562662e-01
9.921068501383839555e-01
9.921068501383356608e-01
9.921068497328466851e-01
9.909770946340538122e-01
9.909766384913926140e-01
9.909711445428506238e-01
9.909711416526598704e-01
9.898313929611544104e-01
9.898313929611121109e-01
9.896805125695201655e-01
9.871129759815662208e-01
9.871129759815610027e-01
9.859205015333625255e-01
9.859205015078946754e-01
9.858760540085713675e-01
9.858760074613827085e-01
9.858760074578104549e-01
9.831507204284368751e-01
9.831506961788487597e-01
9.797371874270213166e-01
9.797341890316555446e-01
9.797332080237779461e-01
9.793149243091031630e-01
9.793149241817372674e-01
9.784371900584186710e-01
9.734070418176932193e-01
9.734070418176931083e-01
9.734070418176929973e-01
9.734070418173961237e-01
9.734070380733321759e-01
9.693498529584538836e-01
9.693482221482160321e-01
9.693394481432677789e-01
9.693394453825713297e-01
9.677644164180005948e-01
9.677644164179609598e-01
9.673127639596430516e-01
9.597043846623372065e-01
9.597043846623114494e-01
9.554652916468899804e-01
9.554652914998148505e-01
9.553943597379275232e-01
9.553943155046723534e-01
9.553943155025373946e-01
9.509712160838492689e-01
9.509710250250508201e-01
9.509710250250508201e-01
9.410754074225480270e-01
9.410676964061007732e-01
9.410664547733561536e-01
9.401699886921862648e-01
9.401699885929154510e-01
9.369662519625905350e-01
9.280114328024540171e-01
9.280114328024537951e-01
9.280114328024537951e-01
9.280114327985981015e-01
9.280114054689574399e-01
9.168194204606627817e-01
9.168155544605547380e-01
9.168050878311730933e-01
9.168050858086360666e-01
9.136072970612699740e-01
9.136072970612266753e-01
9.119361663843392751e-01
8.983758017087951631e-01
8.983758017087951631e-01
8.983758017085133885e-01
8.983758017085134995e-01
8.869734838554177436e-01
8.868916165272542340e-01
8.868915852390913956e-01
8.868915846054841179e-01
8.868915846031910633e-01
8.784173959979882929e-01
8.784169732860575008e-01
8.784169732860573898e-01
8.618145189287412800e-01
8.617691740148697432e-01
8.617679284915594762e-01
8.602907200974104773e-01
8.602907199495729573e-01
8.515213058458905859e-01
8.351472289291277384e-01
8.351472289291276274e-01
8.351472289291269613e-01
8.351472289143629935e-01
8.351472289143629935e-01
8.351471722879889592e-01
8.186417886333404725e-01
8.186417886333404725e-01
8.186229841390877393e-01
8.186133359184518676e-01
8.186133332008646013e-01
8.136941354542881477e-01
8.136941354542521765e-01
8.091086800751426944e-01
7.847163423365235424e-01
7.847163423365235424e-01
7.847163423354995837e-01
7.847163423354995837e-01
7.701360109505308582e-01
7.700678948988792794e-01
7.700678564156641093e-01
7.700678546993822149e-01
7.700678546993822149e-01
7.700678546977677286e-01
7.576559099502154782e-01
7.576538091828881605e-01
7.576538091828881605e-01
7.277116126956904019e-01
7.276375095464722165e-01
7.276375095464722165e-01
7.276364996746017555e-01
7.267911030958897900e-01
7.267911030186574584e-01
7.165956094565825163e-01
6.937613651277000359e-01
6.937613651277000359e-01
6.937613651276957061e-01
6.937613650839027368e-01
6.937613650839027368e-01
6.937611143402883096e-01
6.937611143402883096e-01
6.653577463377373657e-01
6.653577463377373657e-01
6.653277395110155368e-01
6.653204152168000762e-01
6.653204139766328851e-01
6.624355796129386409e-01
6.624355796129253182e-01
6.570931654128763233e-01
6.247208454749022533e-01
6.247208454749022533e-01
6.247208454723219839e-01
6.247208454723219839e-01
6.003671315959688837e-01
6.003671148109275268e-01
6.003176349720694693e-01
6.003176305738493479e-01
6.003176305738493479e-01
6.003176305733800566e-01
5.921062920445190336e-01
5.921008961768294832e-01
5.921008961768294832e-01
5.921008961768294832e-01
5.529336569884056862e-01
5.528310313791163777e-01
5.528310313791163777e-01
5.528303825268896521e-01
5.519235816943005579e-01
5.519235816623185853e-01
5.347784402627294709e-01
5.172513848094606459e-01
5.172513848094606459e-01
5.172513848094462130e-01
5.172513845843511593e-01
5.172513845843511593e-01
5.172506582158474808e-01
5.172506582158474808e-01
4.806478939782629634e-01
4.806478939782629634e-01
4.806114824522288442e-01
4.806070788397162619e-01
4.806070783573881955e-01
4.776980548450708297e-01
4.776980548450636133e-01
4.685473349190855119e-01
4.415944596619157947e-01
4.415944596619157947e-01
4.415944596492762386e-01
4.415944596492757390e-01
4.111920140028904602e-01
4.111920079269812955e-01
4.111643298744955821e-01
4.111643212001047099e-01
4.111643212001047099e-01
4.111643212001047099e-01
4.111643211998613490e-01
4.033664393963485306e-01
4.033602707999535131e-01
4.033602707999535131e-01
4.033602707999535131e-01
3.695246500643980525e-01
3.692355236649360051e-01
3.692355236649360051e-01
3.692351853317707433e-01
3.685082513745230326e-01
3.685082513512841773e-01
3.472998416916412978e-01
3.315012459426441294e-01
3.315012459426441849e-01
3.315012459426003311e-01
3.315012455279234826e-01
3.315012455279234826e-01
3.315004652672721153e-01
3.315004652672721153e-01
3.031843103323668687e-01
3.031843103323668687e-01
3.030975842809233156e-01
3.030954213949547671e-01
3.030954210661521153e-01
3.030954210661521153e-01
3.009028104041648888e-01
3.009028104041619467e-01
3.009028104041619467e-01
2.895659972775539992e-01
2.659903552016783523e-01
2.659903552016783523e-01
2.659903551797848653e-01
2.659903551797834220e-01
2.451931442387751403e-01
2.451804690374403128e-01
2.451804651372057886e-01
2.451804529031870739e-01
2.451804529031870739e-01
2.451804529031870739e-01
2.451804529030960356e-01
2.396284454178059242e-01
2.396144668550307388e-01
2.396144668550307388e-01
2.396144668550307388e-01
2.091905569492810701e-01
2.089578682050013958e-01
2.089578682050013958e-01
2.089578682050013958e-01
2.089577279583254843e-01
2.087404583804788605e-01
2.087404583744825737e-01
1.959100295070532460e-01
1.851830681060131767e-01
1.851830681060131767e-01
1.851830681059003225e-01
1.851830675098932455e-01
1.851830675098932177e-01
1.851814208349715773e-01
1.851814208349715773e-01
1.609305170664882823e-01
1.609305170664882823e-01
1.608633539191369477e-01
1.608625221930885529e-01
1.608625221158374863e-01
1.608625221158374863e-01
1.602326047557000588e-01
1.602326047556995869e-01
1.602326047556995869e-01
1.539803194897808036e-01
1.388644250417188086e-01
1.388644250417188086e-01
1.388644250417188086e-01
1.388644250135239733e-01
1.388644250135207536e-01
1.217468275361686669e-01
1.217422801438448055e-01
1.217422792913909896e-01
1.217422644257934589e-01
1.217422644257934589e-01
1.217422644257934589e-01
1.217422644257795811e-01
1.200966918647268927e-01
1.200835446674010237e-01
1.200835446674010237e-01
1.200835446674010237e-01
1.016743199234955847e-01
1.014974845706941298e-01
1.014974845706941298e-01
1.014974845706941298e-01
1.014974372098720046e-01
1.013777021823953350e-01
1.013777021810363527e-01
9.098972056386825380e-02
8.740158976327180862e-02
8.740158976312811800e-02
8.740158976312811800e-02
8.740158860619086367e-02
8.740158860619084980e-02
8.740158860619084980e-02
8.739974685550819244e-02
8.739974685550819244e-02
7.260746061463892176e-02
7.260746061463892176e-02
7.256354162714623302e-02
7.256327563193890051e-02
7.256327561525524605e-02
7.256327561525524605e-02
7.223607553791225322e-02
7.223607553791211444e-02
7.223607553791211444e-02
6.713068834203431146e-02
6.133104609612167329e-02
6.133104609612167329e-02
6.133104609612167329e-02
6.133104603561596174e-02
6.133104603561150003e-02
5.096371544322240987e-02
5.096370093500516424e-02
5.096235137717621683e-02
5.096235120477080743e-02
5.096235120477080743e-02
5.096235120477080743e-02
5.096235120476709513e-02
5.016127631827626415e-02
5.015335229666154082e-02
5.015335229666154082e-02
5.015335229666154082e-02
4.185761312638607706e-02
4.161695541220171435e-02
4.161695541220171435e-02
4.161695541220171435e-02
4.161695541220171435e-02
4.161694261911601939e-02
4.156973953920773540e-02
4.156973953872566269e-02
3.539675529374433638e-02
3.374704269276815327e-02
3.374704269254678174e-02
3.374704269254678174e-02
3.374704162451168388e-02
3.374704162451167694e-02
3.374704162451167694e-02
3.374704162451167694e-02
3.374599191383049340e-02
3.374599191383049340e-02
2.763390878219437394e-02
2.763390878219437394e-02
2.758195489922850990e-02
2.758188480324988076e-02
2.758188480324988076e-02
2.758188479746468205e-02
2.745730196157168332e-02
2.745730196157164862e-02
2.745730196157164862e-02
2.445580791029266718e-02
2.188799412255007862e-02
2.188799412255007862e-02
2.188799412255007862e-02
2.188799406984621304e-02
2.188799406983969048e-02
1.803576817567329252e-02
1.803575739814836446e-02
1.803541842527970479e-02
1.803541836754686892e-02
1.803541836754686892e-02
1.803541836754686892e-02
1.803541836754612299e-02
1.774726508316358531e-02
1.773868671006401804e-02
1.773868671006401804e-02
1.773868671006401804e-02
1.773868671006401804e-02
1.386675021559606764e-02
1.376486674041032914e-02
1.376486674041032914e-02
1.376486674041032914e-02
1.376486674041032914e-02
1.376486393466932155e-02
1.375706487409532330e-02
1.375706487402891635e-02
1.171630402857076064e-02
1.115659686928275815e-02
1.115659686902453415e-02
1.115659686902453415e-02
1.115659611644362163e-02
1.115659611644360255e-02
1.115659611644360255e-02
1.115659611644360255e-02
1.115553959411816516e-02
1.115553959411816516e-02
8.490583771536228466e-03
8.490583771536228466e-03
8.469897580862594672e-03
8.469883390179270069e-03
8.469883390179270069e-03
8.469883389446168989e-03
8.450667416317848499e-03
8.450667416317845029e-03
8.450667416317845029e-03
7.568904276384586655e-03
6.744231755253091674e-03
6.744231755253091674e-03
6.744231755253091674e-03
6.744231720629517701e-03
6.744231720622534572e-03
5.136414191679082066e-03
5.136414191679082066e-03
5.136407597814421182e-03
5.136407597814421182e-03
5.136343743412064358e-03
5.136343736602005765e-03
5.136343736602005765e-03
5.093231195458799467e-03
5.093231195458742221e-03
5.089702939569279785e-03
5.089702939569279785e-03
5.089702939569279785e-03
5.089702939569279785e-03
3.958784907303077201e-03
3.917118762814536179e-03
3.917118762814536179e-03
3.917118762814536179e-03
3.917118762814536179e-03
3.917118263302043178e-03
3.914912409739779858e-03
3.914912409731539922e-03
3.088657327805564238e-03
3.001353882989113257e-03
3.001353882855239009e-03
3.001353882855239009e-03
3.001353307584320434e-03
3.001353307584304821e-03
3.001353307584304821e-03
3.001353307584304821e-03
3.000875101127578604e-03
3.000875101127578604e-03
2.220909831796467285e-03
2.220909831796467285e-03
2.213453064146742814e-03
2.213450608264504356e-03
2.213450608264504356e-03
2.213450608175602814e-03
2.208232670991771337e-03
2.208232670991770903e-03
2.208232670991770903e-03
2.208232670991770903e-03
1.854383722168024629e-03
1.708562309236175353e-03
1.708562309236175353e-03
1.708562309236175353e-03
1.708562309231939158e-03
1.708562278151159498e-03
1.231713862113177019e-03
1.231710472485495400e-03
1.231710472485495400e-03
1.231710472485495400e-03
1.231699988014707103e-03
1.231699987220723300e-03
1.231699987220723300e-03
1.220670751293123288e-03
1.220670751293114831e-03
1.219519383722767608e-03
1.219519383722767608e-03
1.219519383722767608e-03
1.219519383722767608e-03
9.521168575526079477e-04
9.253385136081730775e-04
9.253385136081730775e-04
9.253385136081730775e-04
9.253385136081730775e-04
9.253384460121411156e-04
9.249202384424286445e-04
6.803065382870363519e-04
6.803065382868787089e-04
6.593578949383179606e-04
6.593578948330149330e-04
6.593578948330064762e-04
6.593576234683653234e-04
6.593576234683653234e-04
6.593576234683653234e-04
6.593576234683653234e-04
6.592117499588550419e-04
6.592117499588550419e-04
4.862136441311406664e-04
4.862136441311406664e-04
4.818044898820531192e-04
4.818044898820531192e-04
4.818041454677219173e-04
4.818041454522062794e-04
4.807927582247498730e-04
4.807927582247498730e-04
4.807927582247498730e-04
4.807927582247498730e-04
4.807927582247498730e-04
3.777752368655711099e-04
3.443084144099391826e-04
3.443084144099391826e-04
3.443084144099391826e-04
3.443084144067702764e-04
3.443084004749192152e-04
2.472554402405102150e-04
2.472554402405102150e-04
2.472540871153320664e-04
2.472540871153320664e-04
2.472526400162946246e-04
2.472526398782169785e-04
2.472526398782169785e-04
2.451868863942395223e-04
2.451868863942386007e-04
2.445690516563296408e-04
2.445690516563296408e-04
2.445690516563296408e-04
2.445690516563296408e-04
1.776401503539274827e-04
1.713277144630909383e-04
1.713277144630909383e-04
1.713277144630909383e-04
1.713277144630909383e-04
1.713277064663451489e-04
1.712884587164611007e-04
1.264069029070605558e-04
1.264069029070443470e-04
1.264069029070443470e-04
1.227525714521872802e-04
1.227525713933393342e-04
1.227525713933316364e-04
1.227525713933316364e-04
1.227524740048559888e-04
1.227524740048559888e-04
1.227524740048559888e-04
1.226807644970628343e-04
1.226807644970628343e-04
8.320031960067920376e-05
8.320031960067920376e-05
8.225491824083336107e-05
8.225491824083336107e-05
8.225488063026440495e-05
8.225488062917283021e-05
8.216709770407547644e-05
8.216709770407547644e-05
8.216709770407547644e-05
8.216709770407544934e-05
6.533614749965443026e-05
6.533614749965443026e-05
5.986688710860233489e-05
5.986688710860233489e-05
5.986688710860233489e-05
5.986688710697072582e-05
5.986688245140457784e-05
3.904371510503445167e-05
3.904371510503443812e-05
3.904328087014169132e-05
3.904313357525566601e-05
3.904313357525566601e-05
3.904313356617795971e-05
3.904313356617795971e-05
3.887418794205048665e-05
3.887418794205044599e-05
3.874766164689401874e-05
3.874766164689401874e-05
3.874766164689401874e-05
3.874766164689401874e-05
3.874766164689401874e-05
2.903856738220795056e-05
2.771010421944380565e-05
2.771010421944380565e-05
2.771010421944380565e-05
2.771010421944380565e-05
2.771010348447124717e-05
2.770453591095980910e-05
1.842480346856470295e-05
1.842480346856396095e-05
1.842480346856396095e-05
1.842480345288398180e-05
1.813225304542544585e-05
1.813225304542544585e-05
1.813225304542259643e-05
1.813222000484736662e-05
1.813222000484736662e-05
1.813222000484736662e-05
1.813222000484736662e-05
1.811744159297570705e-05
1.811744159297570705e-05
1.241191006045768767e-05
1.241191006045768767e-05
1.222570609048552476e-05
1.222570609048552476e-05
1.222570261825753663e-05
1.222570261818450376e-05
1.221337382066041564e-05
1.221337382066041564e-05
1.221337382066041564e-05
1.221337382066041564e-05
8.804844323402591285e-06
8.804844323402591285e-06
8.339594661279352910e-06
8.339594661279352910e-06
8.339594661279352910e-06
8.339594660841314903e-06
8.339592903051939150e-06
5.300429016607959076e-06
5.300429016607955688e-06
5.300308074806643194e-06
5.300294722385076437e-06
5.300294721781523958e-06
5.300294721781523958e-06
5.277420881753916402e-06
5.277420881753916402e-06
5.277420881753916402e-06
5.277420881753916402e-06
5.254643287694363365e-06
5.254643287694363365e-06
5.254643287694360824e-06
4.050096023898812980e-06
4.050096023898812980e-06
3.660516215362976480e-06
3.660516215362976480e-06
3.660516215362976480e-06
3.660516215362976480e-06
3.660516167799465513e-06
3.660027745688431385e-06
2.279195152237241981e-06
2.279195152237241981e-06
2.279195152237186501e-06
2.279195145879033208e-06
2.241908209446530892e-06
2.241908209446530892e-06
2.241908209445709270e-06
2.241900017917160962e-06
2.241900017917160962e-06
2.241900017917160962e-06
2.239443769138849407e-06
2.239443769138849407e-06
2.239443769138849407e-06
1.559646384498390141e-06
1.559646384498390141e-06
1.505251774464689460e-06
1.505251774464689460e-06
1.505251522829009063e-06
1.505251522822780195e-06
1.504055916533469706e-06
1.504055916533469706e-06
1.504055916533469706e-06
1.504055916533469706e-06
1.504055916533469706e-06
9.978771471495057751e-07
9.416414566412604218e-07
9.416414566412604218e-07
9.416414566412604218e-07
9.416414566412604218e-07
9.416414564738264662e-07
9.416410471412022381e-07
6.024333230041715437e-07
6.024333230041700614e-07
6.024068628325423887e-07
6.024058495987606911e-07
6.024058495443615882e-07
6.024058495443615882e-07
6.024058495443615882e-07
6.024058495443615882e-07
6.024058495443615882e-07
6.001326772144217692e-07
5.939427333683999845e-07
5.939427333683999845e-07
5.939427333683998786e-07
4.306934233111122136e-07
4.306934233111122136e-07
3.782371395361688665e-07
3.782371395361688665e-07
3.782371395361688665e-07
3.782371365050811053e-07
3.782371365050811053e-07
3.782110540566006027e-07
2.365411631352545479e-07
2.365411631352545479e-07
2.365411631352515039e-07
2.365411613677855458e-07
2.365411613677855458e-07
2.330966458038579263e-07
2.330966458034792761e-07
2.330950797761124196e-07
2.330950797761124196e-07
2.330950797761123931e-07
2.324866861193521122e-07
2.324866861193521122e-07
2.324866861193521122e-07
1.488667994529856144e-07
1.488667994529856144e-07
1.423022760879827363e-07
1.423022760879827363e-07
1.423022610014529988e-07
1.423022610014529988e-07
1.423022610012048711e-07
1.422423477651280100e-07
1.422423477651280100e-07
9.549199625780341544e-08
9.549199625780341544e-08
9.549199625780341544e-08
9.549199625780341544e-08
9.069405873237640028e-08
9.069405873237640028e-08
9.069405873237640028e-08
9.069405868955545696e-08
9.069398747764961857e-08
9.069398747764444373e-08
5.242319552039301313e-08
5.241855601999810889e-08
5.241849917328652000e-08
5.241849917125078881e-08
5.241849917125078881e-08
5.241849917125078881e-08
5.241849917125078881e-08
5.241849917125078881e-08
5.173131316363056490e-08
5.163053105966971271e-08
5.163053105966971271e-08
5.163053105966971271e-08
3.959732374269198860e-08
3.405484338479081132e-08
3.405484338479081132e-08
3.405484338479081132e-08
3.405484338479081132e-08
3.405484338479081132e-08
3.405484338479081132e-08
3.405484324293772718e-08
3.405484324293772718e-08
3.405301747046477959e-08
1.894035547624578026e-08
1.894035547624569754e-08
1.894035547624569754e-08
1.894035526145877862e-08
1.894035526138648634e-08
1.878845687784351494e-08
1.878819397306236525e-08
1.878819397306236525e-08
1.878819397306235863e-08
1.878819397306235863e-08
1.872468820288625198e-08
1.872468820288625198e-08
1.872468820288625198e-08
1.261114505686988254e-08
1.261114505686988254e-08
1.192762203910751906e-08
1.192762203910751906e-08
1.192762203910751906e-08
1.192762131865214465e-08
1.192762131864328224e-08
1.192338920897499430e-08
1.192338920897499430e-08
7.069330764723732868e-09
7.069330764723732868e-09
7.069330764723732868e-09
7.069330764723732868e-09
6.857922937935977265e-09
6.857922937935977265e-09
6.857922932423763122e-09
6.857910718334882378e-09
6.857910718334882378e-09
6.857910718333909614e-09
4.052784993877527653e-09
4.052093439259833654e-09
4.052093439259833654e-09
4.052090669200102390e-09
4.052090669200102390e-09
4.052090669125340979e-09
4.052090669125340979e-09
4.052090669125340979e-09
3.984054933196143116e-09
3.976971686594785329e-09
3.976971686594785329e-09
3.976971686594784501e-09
3.199274436478635248e-09
3.199274436478635248e-09
2.465771206470058920e-09
2.465771206470058920e-09
2.465771206470058920e-09
2.465771206470058920e-09
2.465771206470058920e-09
2.465771202120643584e-09
1.331829493237040368e-09
1.331821420495564294e-09
1.331821420495564294e-09
1.331821420495564294e-09
1.331821374044375487e-09
1.331821374044372385e-09
1.331821374032761458e-09
1.331785056459632781e-09
1.321443331956958457e-09
1.321443331956958457e-09
1.321443331956957010e-09
1.321443331956957010e-09
1.315569474820476036e-09
1.315569474820476036e-09
1.315569474820476036e-09
9.238797793041417240e-10
9.238797793041417240e-10
8.273439540716749456e-10
8.273439540716749456e-10
8.273439540716749456e-10
8.273439280200417610e-10
8.273439280200417610e-10
8.271441232048269623e-10
8.271441232044700339e-10
8.271441232044700339e-10
4.537326572995911392e-10
4.537326572995911392e-10
4.400179345307177942e-10
4.400179345307177942e-10
4.400179345307177942e-10
4.400179334323694374e-10
4.400164156979530818e-10
4.400164156979530818e-10
4.400164156978086354e-10
4.395777883554051667e-10
2.672125186915877902e-10
2.672125186915877902e-10
2.672125186915877902e-10
2.672125186915877902e-10
2.672124031763380770e-10
2.672124031728467027e-10
2.577637248642688593e-10
2.577637248642688593e-10
2.574048587581096459e-10
2.574048587581096459e-10
2.574048587581096459e-10
2.574048587581096459e-10
2.574048587581096459e-10
2.011788668329165430e-10
1.451115351916055493e-10
1.451115351916055493e-10
1.451115351916055493e-10
1.451115351916055493e-10
1.451115351916055493e-10
1.451115350429297087e-10
7.936132010374726449e-11
7.936099532373159258e-11
7.936099532373159258e-11
7.936099532373159258e-11
7.936098827534412703e-11
7.936098827255164283e-11
7.936098827255153943e-11
7.936098827255153943e-11
7.935714266393128659e-11
7.883501152846112827e-11
7.883501152846093440e-11
7.807474355966335799e-11
7.807474355966335799e-11
5.142530481591667492e-11
5.142530481591667492e-11
5.142530481591667492e-11
5.142530481591667492e-11
4.461569123175923529e-11
4.461569123175923529e-11
4.461569123175923529e-11
4.461569123175923529e-11
4.461569036216913735e-11
4.460980622145511947e-11
4.460980622144695106e-11
4.460980622144695106e-11
2.464452482231700944e-11
2.400458372704991513e-11
2.400458372704991513e-11
2.400458372704991513e-11
2.400458372704991513e-11
2.400458357854294213e-11
2.400443842651483604e-11
2.400443842651483604e-11
2.400443842648385554e-11
2.400443842648385554e-11
2.395237112661382604e-11
1.326303553910013672e-11
1.326303553910013672e-11
1.326303553910013672e-11
1.326303553910013672e-11
1.326303181876720794e-11
1.326303181868971954e-11
1.266480880857065112e-11
1.266480880857065112e-11
1.265490028038649381e-11
1.265490028038649381e-11
1.265490028038649381e-11
1.265490028038649381e-11
1.265490028038649381e-11
1.265490028038649381e-11
1.043966914155866345e-11
7.339371468445156375e-12
7.339371468445156375e-12
7.339371468445156375e-12
7.339371468445156375e-12
7.339371468445156375e-12
7.339371468445156375e-12
3.576668294124515686e-12
3.576668293685750089e-12
3.576658668017518307e-12
3.576658160837206196e-12
3.576658160837206196e-12
3.576658160837206196e-12
3.576658160554978472e-12
3.576658160554976856e-12
3.576310963977906683e-12
3.562813119591091449e-12
3.562813119591059541e-12
3.518844028608945270e-12
3.518844028608945270e-12
2.490633736629409770e-12
2.490633736629409770e-12
2.490633736629409770e-12
2.490633736629409770e-12
2.117528731824884911e-12
2.117528731824884911e-12
2.117528731824884911e-12
2.117528731824884911e-12
2.117528710314864511e-12
2.117319695188400981e-12
2.117319695188243866e-12
2.117319695188243866e-12
1.025239066588758257e-12
1.009404512789764943e-12
1.009404512789764943e-12
1.009404512789764943e-12
1.009404512789764943e-12
1.009404502536883465e-12
1.009404502536883465e-12
1.009391891318996036e-12
1.009391891315992862e-12
1.009391891315992862e-12
1.006504120940015559e-12
1.006504120940015559e-12
5.966248257461495219e-13
5.966248257461495219e-13
5.966248257461494209e-13
5.966247295420829107e-13
5.641081477106008983e-13
5.641081477092627882e-13
5.637491915982667806e-13
5.637491915982667806e-13
5.637491915982667806e-13
5.637491915982667806e-13
5.637491915982667806e-13
5.637491915982667806e-13
5.637491915982667806e-13
4.888924801957323271e-13
2.959070188086492399e-13
2.959070188086492399e-13
2.959070188086492399e-13
2.959070188086492399e-13
2.959070188086492399e-13
2.959070188086492399e-13
1.487034736327907321e-13
1.487034736327907321e-13
1.487034736236924522e-13
1.487034141214280755e-13
1.487031606936553642e-13
1.487031606675744110e-13
1.487031606675744110e-13
1.486773941018710797e-13
1.486773941018710292e-13
1.481826246896909545e-13
1.481826246896868903e-13
1.458596409532268887e-13
1.458596409532268887e-13
1.458596409532268887e-13
1.098890384827938633e-13
1.098890384827938633e-13
1.098890384827938633e-13
1.098890384827938633e-13
8.424721168085124190e-14
8.424721168085124190e-14
8.424721168085124190e-14
8.424721168085124190e-14
8.424721128597391536e-14
8.424721128597391536e-14
8.424234208096418736e-14
8.424234208096119600e-14
3.944471210469477075e-14
3.887474791160560453e-14
3.887474791160560453e-14
3.887474791160560453e-14
3.887474791160560453e-14
3.887474678660709805e-14
3.887474678660709805e-14
3.887385976003639666e-14
3.887385975977734736e-14
3.887385975977734736e-14
3.872712639374111693e-14
3.872712639374111693e-14
3.872712639374111693e-14
2.434591663042722815e-14
2.434591663042721553e-14
2.434591435061204605e-14
2.197071307067653288e-14
2.197071307064660665e-14
2.196105530290422415e-14
2.196105530290422415e-14
2.196105530290422415e-14
2.196105530290422415e-14
2.196105530290422415e-14
2.196105530290422415e-14
2.196105530290422415e-14
1.126926085894970849e-14
1.064678573289647042e-14
1.064678573289647042e-14
1.064678573289647042e-14
1.064678573289647042e-14
1.064678573289647042e-14
1.064678573289647042e-14
5.577333318440967531e-15
5.577328048891295249e-15
5.577328048891295249e-15
5.577328045322912132e-15
5.577328045094872166e-15
5.577322011106354650e-15
5.575679062177647456e-15
5.575679062177647456e-15
5.575679062177215161e-15
5.575679062177213583e-15
5.561137061171478179e-15
5.392669865911595975e-15
5.392669865911595975e-15
5.392669865911595975e-15
3.971048697782396768e-15
3.971048697782396768e-15
2.854711937276307685e-15
2.854711937276307685e-15
2.854711937276307685e-15
2.854711937276307685e-15
2.854711937276307685e-15
2.854711937276307685e-15
2.854711937276307685e-15
2.854711929597023269e-15
2.854622128109528998e-15
2.854622128109487583e-15
1.363372209073959241e-15
1.347321446885669744e-15
1.347321446885669744e-15
1.347321446885669744e-15
1.347321355964888829e-15
1.347321355964888829e-15
1.347268997148252131e-15
1.347268997148252131e-15
1.347268997116010597e-15
1.347268997116010597e-15
1.347268997116010597e-15
1.337164972378625182e-15
7.938351908292487847e-16
7.938351908292481931e-16
7.938351908292481931e-16
6.960819893432409523e-16
6.960819550727870180e-16
6.960819550727870180e-16
6.960819550723699078e-16
6.959053644341843369e-16
6.959053644341843369e-16
6.959053644341843369e-16
6.959053644341843369e-16
6.959053644341843369e-16
6.959053644341843369e-16
3.605301015629417074e-16
3.441011382328682017e-16
3.441011382328682017e-16
3.441011382328682017e-16
3.441011382328682017e-16
3.441011382328682017e-16
3.440997316543859851e-16
1.650686004845029544e-16
1.650686002434069212e-16
1.650686002434069212e-16
1.650684858859166956e-16
1.650684858827927078e-16
1.650684858827927078e-16
1.649724320353877011e-16
1.649724320353429333e-16
1.649724320353429333e-16
1.649724320353429333e-16
1.647146060378666519e-16
1.583242137940340013e-16
1.583242137940340013e-16
1.583242137940340013e-16
1.583242137940340013e-16
1.244747948255287465e-16
1.244747948255287465e-16
1.244747948255287465e-16
8.738710266595965017e-17
8.738710266595965017e-17
8.738710266595965017e-17
8.738710266595965017e-17
8.738710266595965017e-17
8.738710255189481294e-17
8.738526227685399482e-17
8.738526227685348945e-17
3.741274118733488646e-17
3.741274118733488646e-17
3.714424943753278545e-17
3.714424943753278545e-17
3.714424528250772202e-17
3.714140784853171215e-17
3.714140784653467996e-17
3.714140784653467996e-17
3.714140784653467996e-17
3.714140784653467996e-17
3.714140784653467996e-17
3.678170427994309726e-17
3.678170427994309726e-17
3.678170427994291237e-17
2.389753170826593517e-17
2.389753170826593517e-17
2.389753170826593517e-17
2.059674363689389280e-17
2.059674311088009767e-17
2.059674311087491460e-17
2.059674311087491460e-17
2.059302442809124485e-17
2.059302442809124485e-17
2.059302442809124485e-17
2.059302442809124485e-17
2.059302442809124485e-17
9.445860973335079790e-18
9.172221643611023761e-18
9.172221643611023761e-18
9.172221643611023761e-18
9.172221643611023761e-18
9.172221643611023761e-18
9.172145696200092547e-18
9.172145637623623541e-18
9.172145637623623541e-18
4.817200540351569409e-18
4.812665606251715099e-18
4.812665606251715099e-18
4.812663725927661602e-18
4.812663725885865071e-18
4.812663725882243552e-18
4.812663725882243552e-18
4.812663725882243552e-18
4.806882148366337228e-18
4.806882148366337228e-18
4.584753336340489962e-18
4.584753336340489962e-18
4.584753336340489962e-18
4.584753336340489962e-18
4.584753336340489962e-18
4.584753336340489962e-18
3.831712939100103751e-18
2.370379633055592424e-18
2.370379633055592424e-18
2.370379633055592424e-18
2.370379633055592424e-18
2.370379633055592424e-18
2.370379631753210803e-18
2.370353869077155769e-18
2.370353869077155769e-18
1.067456083622029107e-18
1.067456083622027952e-18
1.061192839948609647e-18
1.061192539101750047e-18
1.061192539101750047e-18
1.061192539101750047e-18
1.061056471112250432e-18
1.061056470991410461e-18
1.061056470991410461e-18
1.061056470991410461e-18
1.061056470991410461e-18
1.048199525081547819e-18
1.048199525081532797e-18
1.048199525081532797e-18
7.392288915160614965e-19
7.392288915160614965e-19
7.392288915160614965e-19
5.898457125715364320e-19
5.898457052512632397e-19
5.898457052512632397e-19
5.898457052511940026e-19
5.897825041057137342e-19
5.897825041057137342e-19
5.897825041057137342e-19
5.897825041057137342e-19
2.668695024841363889e-19
2.668695024841363889e-19
2.668695024841363889e-19
2.602153308689357783e-19
2.602153308689357783e-19
2.602153308689357783e-19
2.602153308689357783e-19
2.602153308689357783e-19
2.602115746104172210e-19
2.602115702548562590e-19
1.490945817942815267e-19
1.488814113180958283e-19
1.488814113178118740e-19
1.488813783695429217e-19
1.488813783688382721e-19
1.488813783688382721e-19
1.488813783688382721e-19
1.488813783688382721e-19
1.487582261010093841e-19
1.487582261010093841e-19
1.375431603031067957e-19
1.375431603031067716e-19
1.375431603031067716e-19
1.375431603031067716e-19
1.375431603031067716e-19
1.165547729936149265e-19
1.165547729936149265e-19
6.810216916250294175e-20
6.810216916250294175e-20
6.810216916250294175e-20
6.810216916250294175e-20
6.810216916250294175e-20
6.810216916250294175e-20
6.810216914366389226e-20
6.810178264826571143e-20
3.295848329084217589e-20
3.295848329084216385e-20
3.281823970896698029e-20
3.281823970896698029e-20
3.281822029796379813e-20
3.281822028627957838e-20
3.281160878176698306e-20
3.281160878176698306e-20
3.281160878176698306e-20
3.212124249011885046e-20
3.212124249011885046e-20
3.212124249011767685e-20
3.212124249011767685e-20
3.212124249011767685e-20
2.273847193418577409e-20
2.273847193418577409e-20
2.273847193418577409e-20
1.738001417933736718e-20
1.738001417933736718e-20
1.738001406270384419e-20
1.738001406270300460e-20
1.737897168075246961e-20
1.737897168075246961e-20
1.737897168075246961e-20
1.737897168075246961e-20
1.737897168075246961e-20
8.210427262765884884e-21
8.057457624480946638e-21
8.057457624480946638e-21
8.057457624480946638e-21
8.057457624480946638e-21
8.057457624480946638e-21
8.057457624480946638e-21
8.057457624480946638e-21
8.057457337849615363e-21
8.057270582623543396e-21
4.555890728967063360e-21
4.555890728939065154e-21
4.544062459445396535e-21
4.544061877928786554e-21
4.544061877919328433e-21
4.544061877919328433e-21
4.544061877919328433e-21
4.541814597503836526e-21
4.123582000263465738e-21
4.123582000263465738e-21
4.123582000263465738e-21
4.123582000263464233e-21
4.123582000263464233e-21
4.123582000263464233e-21
4.123582000263464233e-21
3.650506756739604557e-21
3.650506756739604557e-21
2.128650655225661880e-21
2.128650655225661880e-21
2.128650655225661880e-21
2.128650655225661880e-21
2.128650655225661880e-21
2.128650654960065232e-21
2.128650654960065232e-21
2.128643498678280869e-21
9.989867680607563332e-22
9.989867680607559570e-22
9.989867680607559570e-22
9.989858016131261496e-22
9.964011927340299044e-22
9.964011919692356003e-22
9.964011919692356003e-22
9.960336964280703340e-22
9.960336964280703340e-22
9.960336964279495872e-22
9.698184604228865542e-22
9.698184604228865542e-22
9.698184604228865542e-22
9.698184604228865542e-22
7.426933541381335394e-22
7.426933541381335394e-22
5.591580837201832479e-22
5.591580837201832479e-22
5.591580837201832479e-22
5.591580837201832479e-22
5.591580819475699284e-22
5.591580819475593019e-22
5.591372908666336547e-22
5.591372908666336547e-22
2.505168367853426329e-22
2.505168367853426329e-22
2.505168367853426329e-22
2.505168367853426329e-22
2.476140819961585779e-22
2.476140819961585779e-22
2.476140819961585779e-22
2.476140819961585779e-22
2.476140819961585779e-22
2.476140819961585779e-22
2.476140673700924522e-22
2.476033548651544136e-22
1.560249221132672152e-22
1.560249221108987351e-22
1.554397663549631144e-22
1.554397562578460434e-22
1.554397562577093804e-22
1.554397562577093804e-22
1.554397562577093804e-22
1.554397562577091688e-22
1.554397562577091688e-22
1.394976657688232309e-22
1.394976657688232309e-22
1.394564498663001048e-22
1.394564498663001048e-22
1.394564498663001048e-22
1.394564498663001048e-22
1.281135897411630067e-22
6.861751434178553871e-23
6.861751434178553871e-23
6.861751434178553871e-23
6.861751434178553871e-23
6.861751434178553871e-23
6.861751434178553871e-23
6.861751433837893257e-23
3.589742130566800508e-23
3.589739118775364257e-23
3.589739118775364257e-23
3.589739118775364257e-23
3.589739118775364257e-23
3.589731441124130547e-23
3.589731441124130547e-23
3.589731435694389310e-23
3.583181569700940280e-23
3.581167408027353348e-23
3.581167408027353348e-23
3.581167408027353348e-23
3.581167408026226049e-23
3.581167408026226049e-23
3.469575839372684853e-23
3.469575839372684853e-23
2.837896878568483943e-23
2.837896878568483943e-23
2.837896878568483943e-23
1.976993440956583387e-23
1.976993440956583387e-23
1.976993440956583387e-23
1.976993440956583387e-23
1.976993438206380641e-23
1.976993438206380641e-23
1.976954699442877909e-23
1.976954699442863215e-23
1.976954699442863215e-23
9.448707380308878373e-24
9.448707380308878373e-24
9.448707380308878373e-24
9.448707380308878373e-24
9.367270705924063691e-24
9.367270705924063691e-24
9.367270705924063691e-24
9.367270705924063691e-24
9.367269417075249783e-24
9.366618649705342395e-24
9.366618649705342395e-24
9.366618649236841774e-24
6.445513451289430749e-24
6.412364116919502649e-24
6.412364116919502649e-24
6.412363903079403004e-24
6.412363903079403004e-24
6.412363903079403004e-24
6.412363903076770631e-24
6.412363903076747856e-24
5.508448228689832850e-24
5.508448228689832850e-24
5.507487350346180037e-24
5.507487350346180037e-24
5.507487350346180037e-24
5.507487350346180037e-24
5.153659036352714398e-24
5.153659036352714398e-24
2.747059319988349869e-24
2.747059319988349869e-24
2.747059319988349869e-24
2.747059319988349869e-24
2.747059319988349869e-24
2.747059319988349869e-24
1.573615917112173248e-24
1.573615917091901481e-24
1.573615195695641380e-24
1.573615195695641380e-24
1.573615195695641380e-24
1.573608917772360106e-24
1.573608911333268926e-24
1.573608911333268926e-24
1.572317221831566438e-24
1.572317221831566438e-24
1.570435247327789721e-24
1.570435247327789721e-24
1.570435247326600268e-24
1.496876178090190736e-24
1.496876178090190736e-24
1.259102845716110029e-24
1.259102845716110029e-24
1.259102845716110029e-24
1.259102845716110029e-24
1.259102845716110029e-24
8.475233105013545124e-25
8.475233105013545124e-25
8.475233105013545124e-25
8.475233105013545124e-25
8.475233099288121727e-25
8.475233099288121727e-25
8.475144428052895379e-25
8.475144428052869665e-25
8.475144428052869665e-25
8.475144428052869665e-25
4.330106980987584603e-25
4.304429493953550559e-25
4.304429493953550559e-25
4.304429493953550559e-25
4.304429493953550559e-25
4.304429493953550559e-25
4.304428335999634403e-25
4.303971277623227778e-25
4.303971277012786215e-25
4.303971277012786215e-25
4.303971277012786215e-25
4.252788585018864091e-25
3.027210057679067998e-25
3.027210057679067998e-25
3.027210057679067998e-25
3.027210057679039529e-25
3.027210003675345909e-25
3.027210003674819692e-25
2.533689186267579812e-25
2.533435868194246203e-25
2.533435868194246203e-25
2.533435868194246203e-25
2.533435868194246203e-25
2.533435868194246203e-25
2.533435868194246203e-25
2.533435868194246203e-25
2.419083832163267120e-25
1.314176134917697549e-25
1.314176134917697549e-25
1.314176134917697549e-25
1.314176134917697549e-25
1.314176134917697549e-25
7.721463757486125233e-26
7.721463757486125233e-26
7.721463757486125233e-26
7.721463757442364471e-26
7.721461788879969790e-26
7.721411498965334422e-26
7.721411498965334422e-26
7.721411432986751280e-26
7.721411432986751280e-26
7.721411432986751280e-26
7.710575126134296887e-26
7.710575126134296887e-26
7.704932531345821823e-26
7.704932531328149230e-26
7.264500969922176700e-26
7.264500969922176700e-26
7.264500969922176700e-26
6.388043805075294817e-26
6.388043805075293669e-26
6.388043805075293669e-26
6.388043805075293669e-26
4.248006703471567486e-26
4.248006703471567486e-26
4.248006703471567486e-26
4.248006703471567486e-26
4.248006703471567486e-26
4.248006702182047313e-26
4.248006702182047313e-26
4.247981456874129177e-26
4.247981456874124585e-26
4.247981456874124585e-26
2.184987739581510631e-26
2.176822077815442436e-26
2.176822077815442436e-26
2.176822077815442436e-26
2.176822077815442436e-26
2.176821092549770872e-26
2.176413597159472454e-26
2.176413597159472454e-26
2.176413597159472454e-26
2.176413596495189003e-26
2.143607771095990301e-26
1.641962459555827329e-26
1.641962459555827329e-26
1.641962459555827329e-26
1.641962459555827329e-26
1.641962459555775672e-26
1.641962445311903390e-26
1.350266933245753446e-26
1.350266933245673951e-26
1.350185395247046649e-26
1.350185395247046649e-26
1.350185395247046649e-26
1.350185395247046649e-26
1.350185395247046649e-26
1.350185395247046649e-26
1.350185395247046649e-26
7.019698132686488611e-27
6.906965060648772518e-27
6.906965060648772518e-27
6.906965060648772518e-27
6.906965060648772518e-27
6.906965060648772518e-27
6.906965060648772518e-27
4.449324992165296753e-27
4.449324992165296753e-27
4.449266775647459962e-27
4.449266775647459962e-27
4.449266702762219154e-27
4.449266702751241942e-27
4.449266116751386078e-27
4.449266116751386078e-27
4.440223662914170684e-27
4.440223662914170684e-27
4.440223662914170684e-27
4.440223662889192147e-27
4.438102506320334314e-27
4.438102506320334314e-27
4.142312341968719229e-27
4.142312341968719229e-27
4.142312341968718512e-27
3.774343110939753010e-27
3.774343110939753010e-27
2.380194300325965180e-27
2.380194300325965180e-27
2.380194300325965180e-27
2.380194300325965180e-27
2.380194300325965180e-27
2.380194300325965180e-27
2.380194300325965180e-27
2.380194300020146521e-27
2.380194300020146521e-27
2.380187194387602796e-27
2.380187194387601719e-27
1.328203512235816205e-27
1.324779971478896097e-27
1.324779971478896097e-27
1.324779971478896097e-27
1.324778699232866315e-27
1.324399196721987099e-27
1.324399196721987099e-27
1.324399195903599559e-27
1.324399195903599559e-27
1.324399195903599559e-27
1.324399195903599559e-27
1.299650644516914555e-27
1.299650644516914555e-27
1.055916608980576821e-27
1.055916608980486062e-27
1.055916608980486062e-27
8.292246065140438198e-28
8.292246037697681709e-28
8.292246037697482613e-28
8.292246037697482613e-28
8.291970332958684686e-28
8.291970332958684686e-28
8.291970332958684686e-28
8.291970332958684686e-28
8.291970332958684686e-28
8.291970332958684686e-28
8.291970332958684686e-28
4.484454145196697424e-28
4.432080846144524221e-28
4.432080846144524221e-28
4.432080846144524221e-28
4.432080846144524221e-28
4.432080846144524221e-28
4.432080846144524221e-28
4.431935581899379021e-28
3.074158673370446725e-28
3.074158552061869548e-28
3.074158340734683930e-28
3.074158340734683930e-28
3.074158340731216781e-28
3.065338956228885935e-28
3.065338956228885935e-28
3.065338956189280981e-28
3.065338956189280981e-28
3.065338956189280981e-28
3.064432458865969472e-28
3.064432458865969472e-28
2.793403993419208394e-28
2.793403993419205704e-28
2.793403993419205704e-28
2.793403993419205704e-28
2.599703253223462407e-28
2.599703253223462407e-28
1.620750007738902266e-28
1.620750007738902266e-28
1.620750007738902266e-28
1.620750007738902266e-28
1.620750007738902266e-28
1.620750007738902266e-28
1.620750007645077823e-28
1.620750007645077823e-28
1.620747518830399842e-28
9.693007573947099804e-29
9.693007573947098683e-29
9.693007573947098683e-29
9.676646268610089545e-29
9.676629198877695576e-29
9.676629198877695576e-29
9.672489629957024146e-29
9.672489614738455350e-29
9.672489614738455350e-29
9.672489614738455350e-29
9.672489614738455350e-29
9.672489614738455350e-29
9.414832207856927874e-29
9.414832207854532214e-29
7.914920772029184317e-29
7.914920772029184317e-29
7.914920772029184317e-29
7.914920772029184317e-29
6.056744176909531693e-29
6.056744176909531693e-29
6.056744167222151380e-29
6.056744167222096449e-29
6.056744167222096449e-29
6.056633053736611297e-29
6.056633053736611297e-29
6.056633053736611297e-29
6.056633053736611297e-29
3.416386754029368585e-29
3.416386754029368585e-29
3.389033879524781215e-29
3.389033879524781215e-29
3.389033879524781215e-29
3.389033879524781215e-29
3.389033879524781215e-29
3.389033879524781215e-29
3.389033879524781215e-29
3.388860208450015732e-29
3.388859837735207711e-29
2.450821617093277081e-29
2.450821617093277081e-29
2.439809048871854469e-29
2.439808960795562846e-29
2.439808960708087630e-29
2.439808960706918948e-29
2.439808960706918948e-29
2.439808960706918948e-29
2.439375095982480557e-29
2.439375095982480557e-29
2.439375095982480557e-29
2.186541806260581998e-29
2.186541806260576112e-29
2.186541806260576112e-29
2.186541806260576112e-29
2.186541806260576112e-29
2.077893690335370336e-29
2.077893690335370336e-29
1.297375676992392447e-29
1.297375676992392447e-29
1.297375676992392447e-29
1.297375676992392447e-29
1.297375676960227602e-29
1.297375676960227602e-29
1.297374621755346700e-29
8.059724098522330022e-30
8.059724098522330022e-30
8.059724098522330022e-30
8.051173512946708976e-30
8.051149350821670526e-30
8.045511782358414533e-30
8.045511782358414533e-30
8.045511755879611875e-30
8.045511755879611875e-30
8.045511755879611875e-30
7.780349718558508790e-30
7.780349718558508790e-30
7.780349718552802703e-30
7.780349718552802703e-30
7.780349718552802703e-30
6.822463088739163832e-30
6.822463088739163832e-30
6.822463088739163832e-30
6.822463088739163832e-30
5.131428846490712070e-30
5.131428846490712070e-30
5.131428846490712070e-30
5.131428842770486053e-30
5.131428842770467135e-30
5.131376069633013889e-30
5.131376069633013889e-30
5.131376069633013889e-30
2.945615543697887165e-30
2.945615543697887165e-30
2.945615543697887165e-30
2.930212125024797235e-30
2.930212125024797235e-30
2.930212125024797235e-30
2.930212125024797235e-30
2.930212125024797235e-30
2.930212125024797235e-30
2.930212125024797235e-30
2.929956651613239148e-30
2.929956084988817099e-30
2.259588471971553338e-30
2.245597460577918933e-30
2.245597460391567958e-30
2.245597420472902619e-30
2.245597420472467867e-30
2.245597420472467867e-30
2.245354210613517327e-30
1.982418378805716546e-30
1.982418378805716546e-30
1.982418378805716546e-30
1.982418378805716546e-30
1.982418378805700081e-30
1.982418378805700081e-30
1.982418378805700081e-30
1.982418378805700081e-30
1.913880115200793347e-30
1.175606775975851626e-30
1.175606775975851626e-30
1.175606775975851626e-30
1.175606775975851626e-30
1.175606775975851626e-30
1.175606775975851626e-30
1.175606775964249049e-30
1.175606312416503531e-30
1.175606312416503531e-30
7.861935042332063041e-31
7.861935042332063041e-31
7.861935042332063041e-31
7.861889704371496913e-31
7.856504312926105191e-31
7.856504261297546513e-31
7.848469714449554180e-31
7.848469714449554180e-31
7.848469714449554180e-31
7.848469714449554180e-31
7.536242938929747158e-31
7.536242938916284183e-31
7.536242938916284183e-31
7.536242938916284183e-31
6.834149191230757198e-31
6.834149191230757198e-31
6.834149191230757198e-31
4.973495339271690216e-31
4.973495339271690216e-31
4.973495339271690216e-31
4.973495337736361057e-31
4.973468814487812671e-31
4.973468814487807416e-31
4.973468814487807416e-31
4.973468814487807416e-31
3.023768268822817292e-31
3.023768268822817292e-31
3.013010168783537136e-31
3.013010168783537136e-31
3.013010168783537136e-31
3.013010168783537136e-31
3.013010168783537136e-31
3.013010168783537136e-31
3.013008989653963674e-31
3.012604604881188966e-31
3.012604604881188966e-31
2.448408018979051039e-31
2.448408018526074303e-31
2.427981762221538442e-31
2.427981741719899501e-31
2.427981741719731345e-31
2.427981741719667849e-31
2.088513722488466179e-31
2.088513722488466179e-31
2.088513722488466179e-31
2.088401163413684689e-31
2.088401163413684689e-31
2.088401163413684689e-31
2.088401163413684689e-31
2.088401163413684689e-31
2.088401163413684689e-31
2.037539850152348668e-31
1.273943338349658757e-31
1.273943338349658757e-31
1.273943338349658757e-31
1.273943338349658757e-31
1.273943338349658757e-31
1.273943338349658757e-31
1.273943338349658757e-31
1.273943338345156648e-31
9.064227081261953323e-32
9.064225870615001445e-32
9.064225870615001445e-32
9.064225870615001445e-32
9.064135645077697210e-32
9.064135645077697210e-32
9.064135645077697210e-32
9.064135645077697210e-32
9.064135509848147716e-32
9.060304661066786576e-32
9.046995033108337013e-32
9.046995033068666034e-32
8.582485920119477200e-32
8.582485920119477200e-32
8.582485920119477200e-32
8.582485920119477200e-32
7.965828064941054765e-32
7.965828064941054765e-32
7.965828064941054765e-32
7.965828064941053670e-32
5.726910595071906151e-32
5.726910595071906151e-32
5.726910595071906151e-32
5.726910594399253329e-32
5.726910594399253329e-32
5.726895144317962118e-32
5.726895144317961024e-32
5.726895144317961024e-32
3.669043496841776305e-32
3.669043496841776305e-32
3.660558503027387926e-32
3.660558503027387926e-32
3.660558503027387926e-32
3.660558503027387926e-32
3.660558503027387926e-32
3.660555897343776271e-32
3.659812142546938989e-32
3.659812140555287714e-32
3.659812140555287714e-32
3.087853654955066885e-32
3.051165275765518220e-32
3.051165275765518220e-32
3.051165265067561269e-32
3.051165265067356548e-32
3.051165265067356548e-32
3.051165265067356548e-32
3.051165265067308378e-32
2.578902128965190177e-32
2.578826728884274188e-32
2.578826728884274188e-32
2.578826728884274188e-32
2.578826728884274188e-32
2.536988524306215261e-32
2.536988524306215261e-32
1.622345635940660595e-32
1.622345635940660595e-32
1.622345635940660595e-32
1.622345635940660595e-32
1.622345635940660595e-32
1.622345635940660595e-32
1.622345635940660595e-32
1.209211580830205364e-32
1.209211580829469409e-32
1.209211509637295317e-32
1.209191499897924784e-32
1.209191499897924784e-32
1.209191499897924784e-32
1.209191463866971239e-32
1.206506798696130766e-32
1.206506798696130766e-32
1.206208560316564645e-32
1.206208560316564645e-32
1.206208560316564645e-32
1.206208560302687548e-32
1.132915310735110465e-32
1.132915310735110465e-32
1.074187652474207096e-32
1.074187652474206549e-32
1.074187652474206549e-32
7.682406740356482537e-33
7.682406740356482537e-33
7.682406740356482537e-33
7.682406740356482537e-33
7.682406740136838581e-33
7.682406740136838581e-33
7.682397553493040823e-33
7.682397553493040823e-33
7.682397553493040823e-33
7.682397553493040823e-33
5.129009854654813275e-33
5.121718871062356039e-33
5.121718871062356039e-33
5.121718871062356039e-33
5.121718871062356039e-33
5.121712514388452500e-33
5.120062601817787320e-33
5.120062595981819859e-33
5.030148150927408299e-33
5.030148150927408299e-33
4.427146481290468996e-33
4.427146481290468996e-33
4.427146481290468996e-33
4.427146481290468996e-33
4.427146481289621238e-33
4.427146477202747267e-33
3.687078387551489962e-33
3.687078387551487226e-33
3.687027460890773435e-33
3.687027460890773435e-33
3.687027460890773435e-33
3.687027460890773435e-33
3.687027460890773435e-33
3.687027460890773435e-33
2.390853114383931906e-33
2.374901070872592396e-33
2.374901070872592396e-33
2.374901070872592396e-33
2.374901070872592396e-33
2.374901070872592396e-33
2.374901070872592396e-33
1.873569107228562766e-33
1.873514667317358283e-33
1.873514667317358283e-33
1.873514636306350945e-33
1.873514636306266443e-33
1.873514528518005399e-33
1.873514528518005399e-33
1.867741463541315143e-33
1.867741463541315143e-33
1.867741463541315143e-33
1.867741463541315143e-33
1.867505273481019067e-33
1.867505273431217549e-33
1.736142223504771874e-33
1.736142223504771874e-33
1.736142223504771874e-33
1.736142223504767769e-33
1.674507834050942271e-33
1.186944696322036714e-33
1.186944696322036714e-33
1.186944696322036714e-33
1.186944696322036714e-33
1.186944696322036714e-33
1.186944696322036714e-33
1.186944696319529703e-33
1.186944298397823600e-33
1.186944298397823600e-33
1.186944298397823600e-33
8.409032257481405193e-34
8.402552395325187988e-34
8.402552395325187988e-34
8.402533005808896202e-34
8.398552369845451642e-34
8.398552350277604936e-34
8.398552350277604936e-34
8.398552350277604936e-34
8.216561347011416911e-34
8.216561347011416911e-34
7.484953141297887347e-34
7.484953141297887347e-34
7.484953141294258374e-34
7.484953141294258374e-34
6.112447536278891642e-34
6.112447535906378374e-34
6.112447535906378374e-34
6.112447535906378374e-34
6.112422138524692721e-34
6.112422138524692721e-34
6.112422138524692721e-34
6.112422138524692721e-34
6.112422138524692721e-34
6.112422138524692721e-34
4.127635971414848105e-34
4.111880498309830490e-34
4.111880498309830490e-34
4.111880498309830490e-34
4.111880498309830490e-34
4.111880498309830490e-34
4.111880498309830490e-34
3.416506531097107672e-34
3.416344237341047431e-34
3.416344237341047431e-34
3.416343831153105720e-34
3.416343826222574979e-34
3.416343826222574124e-34
3.401859691628629921e-34
3.401859691422699173e-34
3.401717500567660501e-34
3.401717500567660501e-34
3.401717500567660501e-34
3.117425347063534784e-34
3.117425347063534784e-34
3.117425347063514258e-34
3.117425347063514258e-34
3.050801111031647537e-34
3.050801111031647537e-34
2.178524279319563608e-34
2.178524279319563608e-34
2.178524279319563608e-34
2.178524279319563608e-34
2.178524279319537094e-34
2.178524279319537094e-34
2.178524215223612921e-34
1.635752873040411732e-34
1.635752873040411732e-34
1.635307729879685229e-34
1.635307729879685229e-34
1.635301145572460034e-34
1.635301145572460034e-34
1.634162436640804550e-34
1.634162428244830805e-34
1.634162428244830805e-34
1.588853991948816717e-34
1.588853991948816717e-34
1.495457793649819199e-34
1.495457793648014121e-34
1.495457793648014121e-34
1.495457793648014121e-34
1.205994109635217837e-34
1.205994109635217837e-34
1.205994109634768172e-34
1.205994109634768172e-34
1.205994109634768172e-34
1.205993636897899562e-34
1.205993636897899562e-34
1.205993636897899562e-34
1.205993636897899562e-34
8.512084539900564621e-35
8.499897080688847529e-35
8.499897080688847529e-35
8.499897080688847529e-35
8.499897080688847529e-35
8.499897080688847529e-35
8.499897080688847529e-35
8.499138278707795696e-35
8.499136024879419208e-35
7.461870707753035018e-35
7.416236516988420636e-35
7.416236515879240387e-35
7.416236515807155923e-35
7.416236515807155923e-35
7.416236515807155923e-35
7.416204201780048289e-35
6.703189351203176728e-35
6.703189351203176728e-35
6.703189351203176728e-35
6.703189351203061264e-35
6.703189351203061264e-35
6.646555717782045626e-35
6.646555717782045626e-35
6.646555717782045626e-35
6.646555717782045626e-35
4.805095797760268945e-35
4.805095797760268945e-35
4.805095797760268945e-35
4.805095796792859086e-35
4.805095796792859086e-35
3.869366178467188061e-35
3.869366178467188061e-35
3.869366178467188061e-35
3.869247049431914837e-35
3.869219204599194142e-35
3.865002847406561931e-35
3.865002805300212101e-35
3.865002805300212101e-35
3.865002805300212101e-35
3.865002805300212101e-35
3.865002805300212101e-35
3.730395270623431318e-35
3.730395270610703078e-35
3.633712200705641404e-35
3.633712200705641404e-35
3.633712200705641404e-35
2.892579328066197816e-35
2.892579328066197816e-35
2.892579328066196747e-35
2.892579328066196747e-35
2.892579328066196747e-35
2.892579328066196747e-35
2.892579319628959043e-35
2.174340306262248526e-35
2.174340306262248526e-35
2.174340306262248526e-35
2.173959581283287030e-35
2.173959581283287030e-35
2.173959581283287030e-35
2.173959581283287030e-35
2.173959581283287030e-35
2.173631167261227987e-35
2.173630053673048217e-35
2.173630053673048217e-35
2.041906669738479150e-35
2.023676077003289205e-35
2.023676076262858008e-35
2.023676076262856672e-35
2.023676076262856672e-35
2.023676001616558692e-35
1.794810410583351510e-35
1.794810410583257429e-35
1.794810410583257429e-35
1.794810410583257429e-35
1.794810410583257429e-35
1.794810410583257429e-35
1.792854591202127755e-35
1.336384962370082499e-35
1.336384962370082499e-35
1.336384962370082499e-35
1.336384962370082499e-35
1.336384962370082499e-35
1.191027936844803225e-35
1.191027936844790529e-35
1.191027936844790529e-35
1.191027936844790529e-35
1.191010479554669053e-35
1.191010479554669053e-35
1.191010129381525096e-35
1.191010099177777636e-35
1.188874201559911576e-35
1.188874201559911576e-35
1.188874201559911576e-35
1.188874201559911576e-35
1.133597147980383053e-35
1.133597147980383053e-35
1.133597147969845143e-35
1.129231431120233674e-35
1.129231431120233674e-35
1.129231431120233674e-35
8.940184100166092534e-36
8.940184100166087189e-36
8.940184100166087189e-36
8.940184100164364592e-36
8.940184100164364592e-36
8.940184100164364592e-36
8.940184100164364592e-36
7.542817756046587928e-36
7.542803539331351366e-36
7.542803539331351366e-36
7.542803539331351366e-36
7.542803539331351366e-36
7.542803539331351366e-36
7.542794666490520324e-36
7.540679755968976316e-36
7.540679748202830809e-36
7.460841957953417712e-36
7.354488950016227826e-36
7.354488950016227826e-36
7.354488950016227826e-36
7.354488950014811261e-36
6.377878529376873693e-36
6.377878529376873693e-36
6.377878529361026871e-36
6.377878529361026871e-36
6.377878529361026871e-36
6.377878529361026871e-36
6.377801826277020746e-36
5.225626372239251141e-36
5.225626372239251141e-36
5.225626372239251141e-36
5.225626372239251141e-36
5.109044940095221511e-36
5.109044940095221511e-36
5.109044940095221511e-36
5.109044940095221511e-36
5.109044940095221511e-36
5.108873082402593954e-36
5.108872714676367247e-36
5.108872714676367247e-36
5.108872714676367247e-36
5.091634316614514022e-36
5.091634316477739966e-36
5.091634316477739966e-36
5.091634316317144893e-36
4.762966882616585272e-36
4.762966882616585272e-36
4.762966882616585272e-36
4.762726862543124318e-36
4.762726862543110954e-36
3.964463734402700233e-36
3.964463734402700233e-36
3.964463734402700233e-36
3.964463734402700233e-36
3.964463734402700233e-36
3.964463734402700233e-36
3.964463734402700233e-36
3.814621276575761442e-36
3.814621276575761442e-36
3.814621275798669803e-36
3.814621275798669803e-36
3.814609134534119503e-36
3.812233583876545816e-36
3.812233570742819912e-36
3.721375379388505580e-36
3.720765777299045525e-36
3.720765777299045525e-36
3.720765777296307277e-36
3.720765777296307277e-36
3.720765777296307277e-36
3.720765777296307277e-36
3.262192695872396645e-36
3.262192695872396645e-36
3.262192695872396645e-36
3.262192695872396645e-36
3.262192691583737192e-36
3.095280640144805342e-36
3.095280640144805342e-36
3.095280640144805342e-36
3.095280640144805342e-36
3.095280640144805342e-36
3.093983252485930668e-36
3.093983252485930668e-36
3.093706375585689881e-36
3.093706375585689881e-36
3.093706375585689881e-36
3.093706375585689881e-36
3.093705654150480829e-36
3.072888941755102190e-36
3.072888941755102190e-36
3.072888941755102190e-36
3.072888941368061805e-36
3.072888941368061805e-36
2.856989545581606728e-36
2.856989527124300146e-36
2.856989527124264064e-36
2.856989527124264064e-36
2.700995740044882533e-36
2.700995740044882533e-36
2.700995740044882533e-36
2.700995740044882533e-36
2.700995740044882533e-36
2.700995740044882533e-36
2.698755023922628336e-36
2.698755023922628336e-36
2.698755023922628336e-36
2.698728326421364282e-36
2.694802848105862644e-36
2.694802812994493004e-36
2.612972001444259243e-36
2.612972001444259243e-36
2.612971937202587393e-36
2.612971937202587393e-36
2.612971937202587393e-36
2.612971937193650670e-36
2.495191269459123855e-36
2.495191269459123855e-36
2.495191269459123855e-36
2.495191269459123855e-36
2.495191269459123855e-36
2.495191269459123855e-36
2.495191269459123855e-36
2.492002443453107979e-36
2.492002443453107979e-36
2.492002443453107979e-36
2.492002443453107979e-36
2.492002443453107979e-36
2.492002443453107979e-36
2.492002263654897233e-36
2.491408853767747130e-36
2.491406798282175921e-36
2.491406798282175921e-36
2.491406798282175921e-36
2.466985344958502232e-36
2.466985344958502232e-36
2.466985343623874213e-36
2.466985343623874213e-36
2.397438291280493670e-36
2.397438291280493670e-36
2.397438291280325620e-36
2.397438291280325620e-36
2.393838995039365054e-36
2.393838995039365054e-36
2.393838995039365054e-36
2.393838995039365054e-36
2.393838995039365054e-36
2.393838995039365054e-36
2.393838618573174358e-36
2.393838618573174358e-36
2.393769212607809355e-36
2.388169987412159600e-36
2.388169866265967637e-36
2.388169866265967637e-36
2.356892590090389759e-36
2.356892590090389759e-36
2.356892590090389759e-36
2.356892590090389759e-36
2.356892590051488671e-36
2.353783436421916861e-36
2.353783436421916861e-36
2.353783436421916861e-36
2.353783436421916861e-36
2.353783436421916861e-36
2.353783436421914188e-36
2.353783436421914188e-36
2.353782829199061881e-36
2.353782829199061881e-36
2.353782829199061881e-36
2.353782829199061881e-36
2.353782829199061881e-36
2.353782829199061881e-36
2.353782829199061881e-36
2.352822343567484864e-36
2.352816286343879249e-36
2.352816286343878915e-36
2.342345769433200960e-36
2.342345764147355044e-36
2.342345764147355044e-36
2.342345764147355044e-36
2.340345919580133658e-36
2.340345919579274698e-36
2.340345919579274698e-36
2.340345919579274698e-36
2.340345185451107708e-36
2.340345185451107708e-36
2.340345185451107708e-36
2.340345185451107708e-36
2.340345185451107040e-36
2.340345185451107040e-36
2.340345185451107040e-36
2.340224811877295931e-36
2.337662755580395783e-36
2.337662372036891851e-36
2.337662372036891851e-36
2.337662372036891851e-36
2.336720671169150724e-36
2.336720671001162784e-36
2.336720671001162784e-36
2.336720671001162784e-36
2.336720671001162784e-36
2.336720016988638218e-36
2.336720016988638218e-36
2.336720016988638218e-36
2.336720016988624854e-36
2.336720016988624854e-36
2.336720016988623852e-36
2.336720016988623852e-36
2.336720016988623852e-36
2.336720016988623852e-36
2.336720016988623852e-36
2.336720016988623852e-36
2.336720016988623852e-36
2.336267293149418855e-36
2.336256456038949551e-36
2.336256456038949551e-36
2.335934785865741406e-36
2.335934768495510708e-36
2.335934768495510708e-36
2.335934343070297608e-36
2.335934343066539701e-36
2.335934343066539701e-36
2.335934343066539701e-36
2.335934343066539701e-36
2.335934343066539701e-36
2.335934343066539701e-36
2.335934343066538698e-36
2.335934343066538030e-36
2.335934343066538030e-36
2.335934343066538030e-36
2.335877001035769922e-36
2.335876306131782817e-36
2.335797031425985451e-36
2.335797031425985451e-36
2.335797031425985451e-36
2.335797031425985451e-36
2.335797031425985451e-36
2.335796830409697624e-36
2.335796829855064535e-36
2.335796829855064535e-36
2.335796829855064535e-36
2.335796829855064535e-36
2.335796829855064535e-36
2.335796829855063532e-36
2.335796829855005066e-36
2.335796829855005066e-36
2.335796829855005066e-36
2.335796829855005066e-36
2.335796829855005066e-36
2.335796829855005066e-36
2.335796829855005066e-36
2.335791650109373705e-36
2.335777613241456265e-36
2.335777613241456265e-36
2.335777581726178951e-36
2.335777581726178951e-36
2.335777581726178951e-36
2.335777512998888610e-36
2.335777512998887942e-36
2.335777512986472950e-36
2.335777512986472950e-36
2.335777512986472950e-36
2.335777512986472950e-36
2.335777512986472950e-36
2.335777512986472616e-36
2.335777512986472616e-36
2.335777512986472616e-36
2.335777512986472616e-36
2.335777512986472616e-36
2.335777512986472616e-36
2.335777512986472616e-36
2.335775734192920449e-36
2.335775734192920449e-36
2.335775401949779471e-36
2.335775401949779471e-36
2.335775385008408238e-36
2.335775385008408238e-36
2.335775384002005079e-36
2.335775384002004745e-36
2.335775384002004745e-36
2.335775384002004745e-36
2.335775384001810636e-36
2.335775384001810636e-36
2.335775384001810636e-36
2.335775384001810636e-36
2.335775384001810636e-36
2.335775384001810636e-36
2.335775384001810636e-36
2.335775384001810636e-36
2.335775384001810636e-36
2.335775223306998896e-36
2.335775220307122531e-36
2.335775205237961503e-36
2.335775205237961503e-36
2.335775205215434106e-36
2.335775205215434106e-36
2.335775205215434106e-36
2.335775205215434106e-36
2.335775205215434106e-36
2.335775205215432101e-36
2.335775205215432101e-36
2.335775205215432101e-36
2.335775205215432101e-36
2.335775205215432101e-36
2.335775205215432101e-36
2.335775205215432101e-36
2.335775205215432101e-36
2.335775204835276424e-36
2.335775204835276424e-36
2.335775194527704862e-36
2.335775194527704862e-36
2.335775194527704862e-36
2.335775194046488276e-36
2.335775194046488276e-36
2.335775194046488276e-36
2.335775194046488276e-36
2.335775194046136139e-36
2.335775194046136139e-36
2.335775194046136139e-36
2.335775194046136139e-36
2.335775194046136139e-36
2.335775194046136139e-36
2.335775194046136139e-36
2.335775194046136139e-36
2.335775194011793452e-36
2.335775194011793452e-36
2.335775193544284474e-36
2.335775193544284474e-36
2.335775193544284474e-36
2.335775193544284474e-36
2.335775193533512898e-36
2.335775193533512898e-36
2.335775193533512898e-36
2.335775193533512898e-36
2.335775193533509223e-36
2.335775193533509223e-36
2.335775193533509223e-36
2.335775193533509223e-36
2.335775193533509223e-36
2.335775193533509223e-36
2.335775193533509223e-36
2.335775193533509223e-36
2.335775193533509223e-36
2.335775193531305862e-36
2.335775193531305862e-36
2.335775193531305862e-36
2.335775193531305862e-36
2.335775193516376801e-36
2.335775193516376801e-36
2.335775193516376801e-36
2.335775193516208751e-36
2.335775193516208751e-36
2.335775193516208751e-36
2.335775193516208751e-36
2.335775193516208751e-36
2.335775193516208751e-36
2.335775193516208751e-36
2.335775193516208751e-36
2.335775193516108522e-36
2.335775193516108522e-36
2.335775193516108522e-36
2.335775193516108522e-36
2.335775193516108522e-36
2.335775193516108522e-36
2.335775193515774761e-36
2.335775193515774761e-36
2.335775193515774761e-36
2.335775193515772422e-36
2.335775193515772422e-36
2.335775193515772422e-36
2.335775193515772422e-36
2.335775193515772422e-36
2.335775193515772422e-36
2.335775193515772422e-36
2.335775193515772422e-36
2.335775193515772422e-36
2.335775193515772422e-36
2.335775193515772422e-36
2.335775193515772422e-36
2.335775193515769415e-36
2.335775193515769415e-36
2.335775193515764404e-36
2.335775193515764404e-36
2.335775193515764404e-36
2.335775193515764404e-36
2.335775193515764404e-36
2.335775193515764404e-36
2.335775193515764404e-36
2.335775193515764404e-36
2.335775193515764404e-36
2.335775193515764404e-36
2.335775193515764404e-36
2.335775193515764404e-36
2.335775193515764404e-36
2.335775193515764404e-36
2.335775193515764404e-36
2.335775193515764404e-36
2.335775193515764404e-36
2.335775193515764404e-36
2.335775193515764404e-36
2.335775193515764404e-36
2.335775193515764404e-36
2.335775193515764404e-36
2.335775193515764404e-36
2.335775193515764404e-36
2.335775193515764404e-36
2.335775193515764404e-36
2.335775193515764404e-36
2.335775193515764404e-36
2.335775193515764404e-36
2.335775193515764404e-36
2.335775193515764404e-36
2.335775193515764404e-36
2.335775193515764404e-36
2.335775193515764404e-36
2.335775193515764404e-36
2.335775193515764404e-36
2.335775193515764404e-36
2.335775193515764404e-36
2.335775193515764404e-36
2.335775193515764404e-36
2.335775193515764404e-36
2.335775193515764404e-36
2.335775193515764404e-36
2.335775193515764404e-36
2.335775193515764404e-36
2.335775193515764404e-36
2.335775193515764404e-36
2.335775193515764404e-36
2.335775193515764404e-36
2.335775193515764404e-36
2.335775193515764404e-36
2.335775193515764404e-36
2.335775193515764404e-36
2.335775193515764404e-36
2.335775193515764404e-36
2.335775193515764404e-36
2.335775193515764404e-36
2.335775193515764404e-36
2.335775193515764404e-36
2.335775193515764404e-36
2.335775193515764404e-36
2.335775193515764404e-36
2.335775193515764404e-36
2.335775193515764404e-36
2.335775193515764404e-36
2.335775193515764404e-36
2.335775193515764404e-36
2.335775193515764404e-36
2.335775193515764404e-36
2.335775193515764404e-36
2.335775193515764404e-36
2.335775193515764404e-36
2.335775193515764404e-36
2.335775193515764404e-36
2.335775193515764404e-36
2.335775193515764404e-36
2.335775193515764404e-36
2.335775193515764404e-36
2.335775193515764404e-36
2.335775193515764404e-36
2.335775193515764404e-36
2.335775193515764404e-36
2.335775193515764404e-36
2.335775193515764404e-36
2.335775193515764404e-36
2.335775193515764404e-36
2.335775193515764404e-36
2.335775193515764404e-36
2.335775193515764404e-36
2.335775193515764404e-36
2.335775193515764404e-36
2.335775193515764404e-36
2.335775193515764404e-36
2.335775193515764404e-36
2.335775193515764404e-36
2.335775193515764404e-36
2.335775193515764404e-36
2.335775193515764404e-36
2.335775193515764404e-36
2.335775193515764404e-36
2.335775193515764404e-36
2.335775193515764404e-36
2.335775193515764404e-36
2.335775193515764404e-36
2.335775193515764404e-36
2.335775193515764404e-36
2.335775193515764404e-36
2.335775193515764404e-36
2.335775193515764404e-36
2.335775193515764404e-36
2.335775193515764404e-36
2.335775193515764404e-36
2.335775193515764404e-36
2.335775193515764404e-36
2.335775193515764404e-36
2.335775193515764404e-36
2.335775193515764404e-36
2.335775193515764404e-36
2.335775193515764404e-36
2.335775193515764404e-36
2.335775193515764404e-36
2.335775193515764404e-36
2.335775193515764404e-36
2.335775193515764404e-36
2.335775193515764404e-36
2.335775193515764404e-36
2.335775193515764404e-36
2.335775193515764404e-36
2.335775193515764404e-36
2.335775193515764404e-36
2.335775193515764404e-36
2.335775193515764404e-36
2.335775193515764404e-36
2.335775193515764404e-36
2.335775193515764404e-36
2.335775193515764404e-36
2.335775193515764404e-36
2.335775193515764404e-36
2.335775193515764404e-36
2.335775193515764404e-36
2.335775193515764404e-36
2.335775193515764404e-36
2.335775193515764404e-36
2.335775193515764404e-36
2.335775193515764404e-36
2.335775193515764404e-36
2.335775193515764404e-36
2.335775193515764404e-36
2.335775193515764404e-36
2.335775193515764404e-36
2.335775193515764404e-36
2.335775193515764404e-36
2.335775193515764404e-36
2.335775193515764404e-36
2.335775193515764404e-36
2.335775193515764404e-36
2.335775193515764404e-36
2.335775193515764404e-36
2.335775193515764404e-36
2.335775193515764404e-36
2.335775193515764404e-36
2.335775193515764404e-36
2.335775193515764404e-36
2.335775193515764404e-36
2.335775193515764404e-36
2.335775193515764404e-36
2.335775193515764404e-36
2.335775193515764404e-36
2.335775193515764404e-36
2.335775193515764404e-36
2.335775193515764404e-36
2.335775193515764404e-36
2.335775193515764404e-36
2.335775193515764404e-36
2.335775193515764404e-36
2.335775193515764404e-36
2.335775193515764404e-36
2.335775193515764404e-36
2.335775193515764404e-36
2.335775193515764404e-36
2.335775193515764404e-36
2.335775193515764404e-36
2.335775193515764404e-36
2.335775193515764404e-36
2.335775193515764404e-36
2.335775193515764404e-36
2.335775193515764404e-36
2.335775193515764404e-36
2.335775193515764404e-36
2.335775193515764404e-36
2.335775193515764404e-36
2.335775193515764404e-36
2.335775193515764404e-36
2.335775193515764404e-36
2.335775193515764404e-36
2.335775193515764404e-36
2.335775193515764404e-36
2.335775193515764404e-36
2.335775193515764404e-36
2.335775193515764404e-36
2.335775193515764404e-36
2.335775193515764404e-36
2.335775193515764404e-36
2.335775193515764404e-36
2.335775193515764404e-36
2.335775193515764404e-36
2.335775193515764404e-36
2.335775193515764404e-36
2.335775193515764404e-36
2.335775193515764404e-36
2.335775193515764404e-36
2.335775193515764404e-36
2.335775193515764404e-36
2.335775193515764404e-36
2.335775193515764404e-36
2.335775193515764404e-36
2.335775193515764404e-36
2.335775193515764404e-36
2.335775193515764404e-36
2.335775193515764404e-36
2.335775193515764404e-36
2.335775193515764404e-36
2.335775193515764404e-36
2.335775193515764404e-36
2.335775193515764404e-36
2.335775193515764404e-36
2.335775193515764404e-36
2.335775193515764404e-36
2.335775193515764404e-36
2.335775193515764404e-36
2.335775193515764404e-36
2.335775193515764404e-36
2.335775193515764404e-36
