6.551040610853905433e-01
6.423382789237752633e-01
6.342440452207223078e-01
6.312717584746767585e-01
6.036468683790322531e-01
6.033720233770555330e-01
5.843956200817865820e-01
5.732387999953930668e-01
5.724900185294912180e-01
5.649118106859659649e-01
5.484311072267717968e-01
5.235385375566511401e-01
5.235078792011731430e-01
5.100128750504567821e-01
4.983518811520775693e-01
4.982836932314264611e-01
4.919158373730465050e-01
4.634107476228618849e-01
4.632790434808375379e-01
4.473917715823523822e-01
4.473884477925696435e-01
4.331356234251051429e-01
4.331270436826205050e-01
4.315743112123216485e-01
4.263610300792982089e-01
4.263610123280553443e-01
4.069915083949574575e-01
4.069915008513993460e-01
3.871294505604211955e-01
3.871132766561462546e-01
3.715232669555829648e-01
3.634417057826644371e-01
3.634415380186572508e-01
3.632789162249726589e-01
3.632784000484805542e-01
3.547805172272813778e-01
3.547805166841003777e-01
3.313624668461941369e-01
3.312902633372740713e-01
3.142284328381571568e-01
3.142284328234864477e-01
3.142267879716185708e-01
3.044166397795335932e-01
3.043962956931940411e-01
3.021676135327681645e-01
2.998442105080610931e-01
2.998441821539770125e-01
2.820963966713707638e-01
2.820963930756636984e-01
2.820963930682452436e-01
2.617939999763634340e-01
2.617866784159143534e-01
2.510953570720909633e-01
2.510953570715196981e-01
2.469632213589883496e-01
2.469631322332054013e-01
2.466541309638538848e-01
2.466525832801162998e-01
2.384191298354973731e-01
2.384191289075496545e-01
2.150741112011348988e-01
2.150457328952303793e-01
2.150457328951930203e-01
2.038311038705069300e-01
2.038311038665951425e-01
2.038304531762985261e-01
1.984506639605959077e-01
1.984100460104762376e-01
1.961026227624891594e-01
1.940812705473823063e-01
1.940812705473641542e-01
1.940811842087336037e-01
1.751396086786407569e-01
1.751396081377358804e-01
1.751396081309889163e-01
1.627431067829467892e-01
1.627402886332813825e-01
1.627402886332810772e-01
1.566397219302387289e-01
1.566397219299313914e-01
1.527896098131606428e-01
1.527895807788631211e-01
1.524736153765210434e-01
1.524706437730747322e-01
1.422567835103411560e-01
1.422567817869199447e-01
1.279101916579708231e-01
1.279002434590087722e-01
1.279002434590087722e-01
1.279002434589611714e-01
1.215371071439843437e-01
1.215371071415702470e-01
1.215368728087261596e-01
1.166597232830833830e-01
1.166597232830833830e-01
1.166210105726930985e-01
1.134216377237529383e-01
1.125858055570372468e-01
1.125858055570330557e-01
1.125856695945213620e-01
9.951194295197338113e-02
9.951194278804949278e-02
9.951194277460626014e-02
9.278767849415042734e-02
9.278663788932868528e-02
9.278663788932808854e-02
8.766836764836617724e-02
8.766836764836617724e-02
8.766836764829218087e-02
8.585063930020928047e-02
8.585063930020928047e-02
8.585062618449208760e-02
8.536953003745391400e-02
8.536677514498014485e-02
7.753256506258082714e-02
7.753256279692187503e-02
6.988237952242369599e-02
6.987853680244320020e-02
6.987853680244318633e-02
6.987853680228173214e-02
6.498381185297140428e-02
6.498381185246056291e-02
6.276406025773115238e-02
6.276401512319164377e-02
6.276401512319164377e-02
6.270488373308615027e-02
5.998013929238905223e-02
5.998013929238905223e-02
5.975863958047399060e-02
5.975863958047333141e-02
5.975852195680671913e-02
5.231292463171439977e-02
5.231292457895595632e-02
5.231292455080061021e-02
4.747232993197855744e-02
4.747198399985615852e-02
4.747198399985488176e-02
4.515569203022982286e-02
4.515569203022982286e-02
4.515569203021657652e-02
4.455772735772445953e-02
4.455772735772445953e-02
4.455772331923089219e-02
4.406042223269621139e-02
4.405582494685930661e-02
3.935964702968285794e-02
3.935964456907326686e-02
3.415979497246909163e-02
3.415866101662372312e-02
3.415866101642631159e-02
3.415866101642631159e-02
3.196274877448920804e-02
3.196274877438873979e-02
3.196274877438873285e-02
3.117263191976900674e-02
3.117261549801606316e-02
3.110587707695118553e-02
2.937910789120840027e-02
2.937910789120840027e-02
2.926351181129651507e-02
2.926351181129633119e-02
2.926330059285637067e-02
2.430864958488751157e-02
2.430864958488751157e-02
2.430864957914943836e-02
2.430864956239322736e-02
2.224967139432200078e-02
2.224957536788648577e-02
2.224957536788416818e-02
2.137116984183548216e-02
2.137116984183548216e-02
2.137116984183107249e-02
2.101851508852714892e-02
2.101851508852714892e-02
2.101851417868905170e-02
2.068149201771588008e-02
2.067615001530208330e-02
1.731297884452412394e-02
1.731297642554574176e-02
1.523477683659473468e-02
1.523447005045813936e-02
1.523447005027696484e-02
1.523447005027696484e-02
1.523447005027696484e-02
1.523447005027696484e-02
1.437777764347202523e-02
1.437777764343318651e-02
1.437777764343315182e-02
1.389364191195802643e-02
1.389363807551843855e-02
1.384820268577840671e-02
1.240523768091599151e-02
1.240523768091599151e-02
1.237967104590452679e-02
1.237950767405243332e-02
1.237950767405240904e-02
1.029806385618790322e-02
1.029806385618790322e-02
1.029806385489027802e-02
1.029806383185112931e-02
9.509591257983417145e-03
9.509566587100230090e-03
9.509566587097065954e-03
8.984019638143039485e-03
8.984019638143039485e-03
8.984019638143039485e-03
8.984019638143039485e-03
8.984019638142234573e-03
8.866042611378395152e-03
8.866042611378396887e-03
8.866042328722213706e-03
8.539826376155768353e-03
8.536735389015967165e-03
6.960585185610009169e-03
6.960583256299713445e-03
6.199283955467466307e-03
6.199200730896674109e-03
6.199200730501049604e-03
6.199200730501049604e-03
6.199200730501049604e-03
6.199200730501049604e-03
5.720851835583001116e-03
5.720851835576486362e-03
5.720851835576447331e-03
5.567217062919092851e-03
5.567215881687678954e-03
5.522007298244702156e-03
5.522007298244702156e-03
4.777968947192171544e-03
4.777886058107672605e-03
4.777886058107672605e-03
4.773683448684756803e-03
4.773683448684755068e-03
4.773683448684755068e-03
4.007546706693743306e-03
4.007546676622602416e-03
4.007546676337202241e-03
3.599614373285164176e-03
3.599608225531754531e-03
3.599608225526936770e-03
3.438404196631154007e-03
3.438404196631154007e-03
3.438404196631154007e-03
3.438404196631154007e-03
3.438404196631052959e-03
3.438404196631052526e-03
3.412624970165903729e-03
3.412624916303548181e-03
3.219533794786337121e-03
3.216647595013330269e-03
2.606400872451629640e-03
2.606399445456678617e-03
2.237031454245946415e-03
2.237012671853499512e-03
2.237012671524889976e-03
2.237012671524889976e-03
2.237012671524889976e-03
2.237012671524889976e-03
2.091416742275939954e-03
2.091416742275939954e-03
2.091416742275053944e-03
2.091416742274981085e-03
2.055682641664865855e-03
2.055682389997863513e-03
2.026100449088180135e-03
2.026100449088180135e-03
1.725539589912808381e-03
1.725447173653120274e-03
1.724046631336761210e-03
1.724046631336761210e-03
1.724046631336761210e-03
1.724046631336760777e-03
1.374617364755165595e-03
1.374617364755165595e-03
1.374617351735180982e-03
1.374617351710225250e-03
1.252702289025620129e-03
1.252702289019992903e-03
1.252701095054303132e-03
1.212305805481137628e-03
1.212305805481137628e-03
1.212305805481137628e-03
1.212305805481137628e-03
1.212305805481117245e-03
1.212305805481116161e-03
1.203000734951694198e-03
1.203000726974031397e-03
1.119461739863292140e-03
1.117472804058550640e-03
8.429914185389975880e-04
8.429905281903775621e-04
7.389829828902517257e-04
7.389792260156552613e-04
7.389792257990901057e-04
7.389792257990901057e-04
7.389792257990901057e-04
7.004224764938328041e-04
7.004224764938328041e-04
7.004224764938328041e-04
7.004224764936244204e-04
7.004224764936244204e-04
7.004224764935160002e-04
6.864357622853962601e-04
6.864357214160150301e-04
6.864357214160150301e-04
6.728934373603066453e-04
5.253880969425454676e-04
5.253509516576001116e-04
5.253509516576001116e-04
5.251758645867379361e-04
5.251758645867379361e-04
5.251758645867379361e-04
4.301995834013006090e-04
4.301995834013006090e-04
4.301995708303787665e-04
4.301995708261684300e-04
3.973896993452228992e-04
3.973896993401799496e-04
3.973894897948713274e-04
3.809999802637042228e-04
3.809999802637042228e-04
3.809999802637042228e-04
3.809999802637042228e-04
3.809999802637042228e-04
3.809999802637014038e-04
3.809999802636999402e-04
3.788302940535879333e-04
3.302616830824739815e-04
3.302616823291339913e-04
3.296105981237326546e-04
2.493299269633270174e-04
2.493294482656429863e-04
2.221240427102763181e-04
2.221233347425088185e-04
2.221233347425088185e-04
2.221233344370823174e-04
2.221233344370823174e-04
2.068055958765930050e-04
2.068055958765930050e-04
2.068055958765930050e-04
2.068055958765659813e-04
2.068055958765659813e-04
2.068055958764809528e-04
2.036214146939358959e-04
2.036214060474775907e-04
2.036214060474775907e-04
1.948910553250135470e-04
1.469590979724327113e-04
1.469469292580264969e-04
1.469469292580264969e-04
1.469270171714794461e-04
1.469270171714794461e-04
1.229523797095578071e-04
1.229523797095578071e-04
1.229523797095578071e-04
1.229523692043976431e-04
1.229523692043976431e-04
1.229523692037651195e-04
1.106913171225071697e-04
1.106913171169586837e-04
1.106912777466273343e-04
1.071336941316760802e-04
1.071336941316760802e-04
1.071336941316760802e-04
1.071336941316760802e-04
1.071336941316748876e-04
1.071336941316748876e-04
1.071336941316746301e-04
1.068020416612347359e-04
8.911293966697668564e-05
8.911293966697668564e-05
8.875879277559870092e-05
8.875879269878205542e-05
6.819514628512152849e-05
6.819490265888343507e-05
5.870280386560308548e-05
5.870280386560308548e-05
5.870268205862266950e-05
5.870268187943614277e-05
5.870268187943614277e-05
5.548235962318700523e-05
5.548235962318700523e-05
5.548235962318700523e-05
5.548235962318447091e-05
5.548235962318447091e-05
5.548235962318447091e-05
5.548235962308031296e-05
5.498530423367802087e-05
5.498530308228544096e-05
5.498530308228544096e-05
5.154603092044245306e-05
3.872308513353700835e-05
3.871413200387587039e-05
3.871413200387587039e-05
3.870965487888322978e-05
3.870965487888322978e-05
3.088100561416288683e-05
3.088100561416288683e-05
3.088100561416288683e-05
3.088100219353661681e-05
3.088100219353661681e-05
3.088100219349185959e-05
2.833559906365330371e-05
2.833559905950038248e-05
2.833559385853037706e-05
2.774616560883244891e-05
2.774616560883244891e-05
2.774616560883244891e-05
2.774616560883244891e-05
2.774616560883084971e-05
2.774616560883081922e-05
2.774616560883081922e-05
2.767286918003492084e-05
2.266556514723069724e-05
2.251238773938419669e-05
2.251238773938419669e-05
2.251238773193064895e-05
1.619398481876261009e-05
1.619387752145931480e-05
1.427904327423039048e-05
1.427904327423039048e-05
1.427904327423039048e-05
1.427904319058144002e-05
1.427902613462878150e-05
1.370753497554089658e-05
1.370753497554089658e-05
1.370753497554089658e-05
1.370753497554089658e-05
1.370753497554053744e-05
1.370753497544885628e-05
1.370753497544885628e-05
1.358726656366599433e-05
1.358726644015094354e-05
1.358726644015094354e-05
1.256533314577941860e-05
8.608491719406264069e-06
8.608491719406264069e-06
8.606214738030822434e-06
8.606214738030822434e-06
8.605833590076356553e-06
7.111201254300158288e-06
7.111201254300158288e-06
7.111201254300158288e-06
7.111198945615771435e-06
7.111198945615771435e-06
7.111198945610374141e-06
6.638234344884712672e-06
6.638234342452678639e-06
6.638234342452678639e-06
6.638233732082407197e-06
6.638233732082407197e-06
6.484408220512839356e-06
6.484408220512839356e-06
6.484408220511388389e-06
6.484408220511388389e-06
6.484408220511385001e-06
6.484408220511385001e-06
6.473007095680659280e-06
4.750145850133184644e-06
4.721390352845682737e-06
4.721390352845682737e-06
4.721390352221274613e-06
4.721390352221274613e-06
3.520025569103531642e-06
3.519984707326222748e-06
3.162602303954477382e-06
3.162602303954477382e-06
3.162602303954477382e-06
3.162602227954441531e-06
3.162600038970686988e-06
3.008440868179250261e-06
3.008440868179250261e-06
3.008440868179250261e-06
3.008440868179250261e-06
3.008440868127441067e-06
3.008440868127407185e-06
3.008440868127407185e-06
2.989210313078033057e-06
2.989210295314818723e-06
2.989210295314818723e-06
2.582897528992018525e-06
2.582897528992009207e-06
1.761042284617989546e-06
1.760506913686706874e-06
1.760506913686706874e-06
1.490463785394447983e-06
1.490458014969642358e-06
1.490456745789436472e-06
1.490456745789436472e-06
1.490456745789436472e-06
1.490456745789436472e-06
1.490456745788885689e-06
1.365286269002397457e-06
1.365286267072181530e-06
1.365286267072181530e-06
1.365286267072181530e-06
1.365286182652360780e-06
1.365286182652360780e-06
1.341192082329528893e-06
1.341192082329528893e-06
1.341192082328722094e-06
1.341192082328722094e-06
1.341192082328721883e-06
1.341192082328721883e-06
1.339931039338610862e-06
9.232192689431179521e-07
9.133506415755652456e-07
9.133506415755652456e-07
7.015309716297338289e-07
7.015309716248514251e-07
7.015309716248514251e-07
7.015165332129562799e-07
7.015165332129562799e-07
6.120291090991997928e-07
6.120291090991997928e-07
6.120290764484387688e-07
6.120287921261881831e-07
5.888952008589779558e-07
5.888952008589779558e-07
5.888952008589779558e-07
5.888952008589779558e-07
5.888952008173117698e-07
5.888952008173095464e-07
5.888952008173095464e-07
5.867882198264631494e-07
5.867882182373339432e-07
5.867882182373339432e-07
5.867882182373339432e-07
4.852169361130124619e-07
4.852169361130085443e-07
3.364608773416487159e-07
3.364608773416487159e-07
3.361992081349280523e-07
2.728990892001236496e-07
2.728983943270635740e-07
2.728980768338654733e-07
2.728980768338654733e-07
2.728980768338654733e-07
2.728980768338654733e-07
2.546928512785704803e-07
2.546928512785524808e-07
2.546928503456575507e-07
2.546928503456575507e-07
2.546928503456575507e-07
2.546928503456575507e-07
2.546928503456575507e-07
2.546928427795457549e-07
2.519966756289760565e-07
2.519966756283081710e-07
2.519966756283081710e-07
2.519966756283081181e-07
2.519966756283081181e-07
2.518207746824915459e-07
2.518207746824915459e-07
1.708442208571518097e-07
1.679734827161178571e-07
1.216072149504665429e-07
1.216025708466633851e-07
1.216025708464060724e-07
1.216025708464060724e-07
1.216025708464060724e-07
1.216025708464060724e-07
1.088349464699704843e-07
1.088349359100011886e-07
1.088349090331189309e-07
1.088349090331189309e-07
1.060973234878945320e-07
1.060973234657376324e-07
1.060973234657376324e-07
1.060973234657376324e-07
1.060973234657374338e-07
1.060973234657374338e-07
1.057829424819562046e-07
1.057829424819562046e-07
1.057829423700512012e-07
1.057829423700512012e-07
1.057829423700436043e-07
8.593015273462665714e-08
8.593015273462665714e-08
8.526855271792403982e-08
5.477335324756017565e-08
5.477335324756017565e-08
4.605163515872899186e-08
4.605148805433991968e-08
4.605141660162531430e-08
4.605141660162531430e-08
4.605141660162531430e-08
4.375931720179353617e-08
4.375931720179353617e-08
4.375931720179172299e-08
4.375931684833134596e-08
4.375931684833134596e-08
4.375931684833134596e-08
4.375931684833134596e-08
4.375931684833134596e-08
4.375931626354605928e-08
4.332105709881541576e-08
4.332105709844094779e-08
4.332105709844094779e-08
4.332105709844094779e-08
4.332105709844094779e-08
4.330333416966579606e-08
4.019083677875289978e-08
2.552947916602472801e-08
2.552947916602472801e-08
2.551892807158619407e-08
1.938495304382243019e-08
1.938495304379996727e-08
1.938495304379996727e-08
1.938495304379996727e-08
1.938495304379996397e-08
1.771769502030256476e-08
1.771768891577102754e-08
1.771768661573791807e-08
1.771768661573791807e-08
1.724017615526867059e-08
1.724017614668136454e-08
1.724017614668136454e-08
1.724017614668136454e-08
1.724017614668135462e-08
1.724017614668135462e-08
1.724017614668135462e-08
1.720636223710788642e-08
1.720636222659866261e-08
1.720636222659866261e-08
1.720636222659423885e-08
1.245354097508916417e-08
1.245354097508916417e-08
1.235676768098574630e-08
8.215123139213677134e-09
8.215123139213677134e-09
8.214947114191731755e-09
7.081091667459632172e-09
7.081084864256734560e-09
7.081084864256734560e-09
7.081084864256734560e-09
6.669081807788156564e-09
6.669081612384166371e-09
6.669081612384166371e-09
6.669081612384041467e-09
6.669081612384041467e-09
6.669081612384041467e-09
6.669081612384041467e-09
6.669081612384041467e-09
6.669081555923066862e-09
6.620675134196880699e-09
6.620675134051200958e-09
6.620675134051200958e-09
6.620675134051200958e-09
5.774391353030098208e-09
3.594349263575830353e-09
3.594349263575830353e-09
3.594243467314593853e-09
3.594243467314593853e-09
3.592426555775185930e-09
2.819258026272752858e-09
2.819258026272752858e-09
2.819258026271069959e-09
2.819258026271068718e-09
2.819258026271068718e-09
2.819253841758296783e-09
2.525027854626599065e-09
2.525027854626599065e-09
2.525027635986825878e-09
2.525027635986825878e-09
2.473208962043676575e-09
2.473208957395469126e-09
2.473208957395469126e-09
2.473208957395469126e-09
2.473208957395469126e-09
2.473208957395468298e-09
2.473208957395468298e-09
2.473208957395468298e-09
2.470533278832204071e-09
2.470533278173199203e-09
2.470533278173199203e-09
2.470533278171509686e-09
1.674275192285341637e-09
1.674275192285341637e-09
1.651135223658498827e-09
1.136505756585099375e-09
1.136505756585099375e-09
1.136464387107277574e-09
9.467196786367106411e-10
9.467190625422678179e-10
9.467190625422678179e-10
9.467190625422678179e-10
9.467189804418885890e-10
9.037216844963295361e-10
9.037216844963295361e-10
9.037216844963236424e-10
9.037216844963236424e-10
9.037216844963236424e-10
9.037216844963236424e-10
9.037216844963236424e-10
9.037216809824567814e-10
8.999185911244259554e-10
8.999185910469204762e-10
8.999185910469204762e-10
7.539316782995343528e-10
4.768198514595016340e-10
4.768198514595016340e-10
4.768091232682603308e-10
4.768091232682603308e-10
4.762499332371715163e-10
4.762499332371715163e-10
4.762499332371715163e-10
3.552922102077092309e-10
3.552922102077090241e-10
3.552922102076380934e-10
3.552914407248981006e-10
3.552914407248981006e-10
3.255593825848517740e-10
3.255593825848517740e-10
3.255593825848517740e-10
3.255593686527928013e-10
3.255593670150226996e-10
3.255593670150226996e-10
3.214025219030542690e-10
3.214025219030542690e-10
3.214025219030542690e-10
3.214025219030542690e-10
3.214025219030542690e-10
3.214025219030542690e-10
3.211499257701027197e-10
3.211499257701027197e-10
3.211499257701027197e-10
3.211499257691941652e-10
3.211499257379395077e-10
3.211499257379395077e-10
2.145954854465138383e-10
2.102301716180071173e-10
1.349570287136466438e-10
1.349570287136466438e-10
1.349476778500871112e-10
1.162517750696835911e-10
1.162517331586530327e-10
1.162517331586530327e-10
1.162517149649164919e-10
1.162517149649164919e-10
1.162517149649164919e-10
1.126188624281346328e-10
1.126188624281346328e-10
1.126188624281346328e-10
1.126188624281342580e-10
1.126188624281342580e-10
1.122357042124770503e-10
1.122357041855128105e-10
1.122357040088480472e-10
1.122357040088480472e-10
1.122357040088480472e-10
9.235018595944139629e-11
5.298197757319630299e-11
5.298197757319630299e-11
5.298148300060742588e-11
5.298148300060742588e-11
5.290715355531404213e-11
5.290715355531404213e-11
4.137655351331237440e-11
4.137655351331237440e-11
4.137655351331225808e-11
4.137655351330812217e-11
4.137655351330812217e-11
4.137632288559018778e-11
3.872142316344233019e-11
3.872142316344233019e-11
3.872142316344233019e-11
3.872142238047094770e-11
3.872142196379614308e-11
3.872142196379614308e-11
3.826694147725581863e-11
3.826694147725581863e-11
3.826694147725581863e-11
3.826694147725581863e-11
3.826694147725581863e-11
3.826694147725581863e-11
3.826694147725581863e-11
3.824919685194440156e-11
3.824919685194440156e-11
3.824919685161104131e-11
3.824919685161104131e-11
3.824919684974958120e-11
2.230834367322949698e-11
2.188899223536965943e-11
1.483057478974487430e-11
1.482884187758545309e-11
1.482884187758545309e-11
1.311075174757564979e-11
1.311074912232376613e-11
1.311074912232376613e-11
1.311074253931908627e-11
1.311074253931908465e-11
1.311074253931908465e-11
1.311074253931908465e-11
1.268622389851829967e-11
1.268622389851829967e-11
1.268622389851828190e-11
1.268622389851828190e-11
1.268622389130660466e-11
1.265756280438585867e-11
1.265756279306797771e-11
1.265756279306797771e-11
1.265756279306797771e-11
1.265756279306797771e-11
9.343755383432082788e-12
5.469694999101088884e-12
5.469694999101088884e-12
5.469694999101088884e-12
5.460219557175189680e-12
5.460196283523214878e-12
5.460196283523214878e-12
5.460196283523214878e-12
5.460196283523060590e-12
4.409336081321511774e-12
4.409336081321511774e-12
4.409336081321511774e-12
4.409282030284024025e-12
4.409282030283818845e-12
4.409282030283818845e-12
4.090435718874412568e-12
4.090435718874412568e-12
4.090435718874412568e-12
4.090435569568820104e-12
4.090435517812065361e-12
4.055525968057125652e-12
4.055525968057125652e-12
4.055525968057125652e-12
4.055525968057125652e-12
4.055525968057125652e-12
4.055525968057125652e-12
4.055525968057125652e-12
4.055525968057125652e-12
4.055525967967912931e-12
4.054519644955347526e-12
4.054519644955347526e-12
2.190714991928589405e-12
2.190714991917296451e-12
2.122838796592473475e-12
1.495401469142039898e-12
1.495111928604989807e-12
1.292679977598486200e-12
1.292679977598486200e-12
1.292679977598486200e-12
1.292679805040884886e-12
1.292678379813914467e-12
1.292678379813914064e-12
1.292678379813914064e-12
1.260544424563682349e-12
1.260544424563682349e-12
1.260544424563682349e-12
1.260544424563681542e-12
1.260544424563681542e-12
1.260544422010731358e-12
1.260544422010731358e-12
1.258919267362825013e-12
1.258919266862137798e-12
1.258919266862137798e-12
1.258919266862137798e-12
1.258919266862137798e-12
8.720433028919282071e-13
5.256319425606794367e-13
5.236671481968555185e-13
5.236671481968555185e-13
5.236671481968143211e-13
5.236655643624267268e-13
5.236655643624267268e-13
4.063528748536974010e-13
4.063528748536974010e-13
4.063528748536974010e-13
4.063528748536974010e-13
4.063451323047154584e-13
4.063451323047154584e-13
4.063451323047086931e-13
3.830718982110987759e-13
3.830718982110987759e-13
3.830718982110987759e-13
3.830718656748548168e-13
3.830718633896986014e-13
3.811021489367657907e-13
3.811021489367657907e-13
3.811021489367657907e-13
3.811021489367657907e-13
3.811021489367657907e-13
3.811021489367657907e-13
3.811021489056759368e-13
3.811021489056759368e-13
3.811021489056759368e-13
3.810394262973466914e-13
2.036920542056375695e-13
1.947949891309868825e-13
1.947949891309868825e-13
1.947949891306335233e-13
1.293132988622451953e-13
1.292650245668867816e-13
1.292650245668867816e-13
1.149832685892628879e-13
1.149832685892628879e-13
1.149830471333098126e-13
1.149830392839651066e-13
1.149830392839651066e-13
1.149830392839650309e-13
1.131328253162005769e-13
1.131328253162005769e-13
1.131328253162005769e-13
1.131328253162005769e-13
1.131328253162005390e-13
1.131328247476568600e-13
1.131328247476568600e-13
1.131328247476568600e-13
1.131328247476568600e-13
1.130287981069445737e-13
1.130287980896007157e-13
1.130287980896007157e-13
1.130287980896007157e-13
7.703394514474291639e-14
7.703394514474291639e-14
4.267566551481580051e-14
4.247924976278433998e-14
4.247924976277314447e-14
4.247919362714870412e-14
3.442794910385717467e-14
3.442794910385717467e-14
3.442794910385717467e-14
3.442794910385717467e-14
3.442794910385717467e-14
3.442639393377061212e-14
3.442639393377061212e-14
3.442639393377035337e-14
3.442639393377035337e-14
3.302038483411588125e-14
3.302037935925636495e-14
3.302037935925636495e-14
3.302037927412064066e-14
3.288594672515678063e-14
3.288594672515678063e-14
3.288594672515678063e-14
3.288594672515678063e-14
3.288594672515678063e-14
3.288594671792948945e-14
3.288594671792948945e-14
3.288594671792948945e-14
3.288594671792948945e-14
3.288307449553481345e-14
1.543122756260626719e-14
1.480708053962306086e-14
1.480708053961322218e-14
1.041012692754436669e-14
1.041012692754436669e-14
1.040376958074512480e-14
1.040376958074512480e-14
9.496482255317124087e-15
9.496482255317124087e-15
9.496482255317089377e-15
9.496431239898649661e-15
9.496431239898649661e-15
9.496430915838381062e-15
9.496430915838381062e-15
9.359600393479704900e-15
9.359600393479704900e-15
9.359600393479704900e-15
9.359600393479704900e-15
9.359600292457967540e-15
9.359600292457967540e-15
9.359600292457967540e-15
9.359600292457967540e-15
9.354464177482349032e-15
9.354464176779481854e-15
9.354464176779481854e-15
9.354464176779481854e-15
9.354464176779481854e-15
5.581899792479142400e-15
3.251999238209456265e-15
3.251999238206926388e-15
3.233164747172059671e-15
3.233164747172059671e-15
2.708486138221609590e-15
2.708485161221926257e-15
2.708237923582112831e-15
2.708237923582112831e-15
2.708237923582112831e-15
2.708237923582112831e-15
2.708237923582112831e-15
2.708237923582112831e-15
2.597249113934788016e-15
2.597249113934780127e-15
2.597247806455564481e-15
2.597247806455564481e-15
2.597247806455563692e-15
2.597247802749325949e-15
2.590172691952906768e-15
2.590172691952906768e-15
2.590172691952906768e-15
2.590172690616563773e-15
2.590172690616563773e-15
2.590172690616563773e-15
2.590172690616563773e-15
2.590057727040870864e-15
2.590057727040870864e-15
1.134667337434639957e-15
1.062537855576843194e-15
1.062537855576843194e-15
7.772373651484065927e-16
7.764699846258615900e-16
7.764699846257803374e-16
7.764699846257803374e-16
7.764699846257803374e-16
7.764699846257803374e-16
7.029021846611524343e-16
7.029021846611429680e-16
7.028941311655503836e-16
7.028941311655503836e-16
7.028941164370566870e-16
7.028941164370566870e-16
6.954744935263518375e-16
6.954744935263518375e-16
6.954744935263518375e-16
6.954744935263518375e-16
6.954744692163259759e-16
6.954744692163259759e-16
6.954744692163259759e-16
6.954744692163259759e-16
6.954744692163259759e-16
6.952620805016731357e-16
6.952620805016731357e-16
6.952620804796919210e-16
6.952620804796919210e-16
6.952620804796919210e-16
3.847161506838802531e-16
3.847161506812175024e-16
2.317153472050849875e-16
2.290041990893600797e-16
2.290041990893600797e-16
1.872400634109265547e-16
1.872120587639172203e-16
1.872120141835749104e-16
1.872120141835749104e-16
1.872120141835749104e-16
1.872120141835749104e-16
1.872120141835749104e-16
1.812491639958165912e-16
1.812491639958165912e-16
1.812491639958163693e-16
1.812489607751527230e-16
1.812489607751526737e-16
1.812489607751526737e-16
1.812489607751526737e-16
1.812489607751526737e-16
1.812489606579717250e-16
1.809550609079421341e-16
1.809550605916318373e-16
1.809550605916318373e-16
1.809550605916318373e-16
1.809550605916318373e-16
1.809550605916318373e-16
1.809501669637441711e-16
1.809501669637441711e-16
1.320492822121283135e-16
7.178759728877904646e-17
7.178759728877904646e-17
7.178759728877904646e-17
5.015525506923143952e-17
5.005782253677108488e-17
5.005782253676904493e-17
5.005782253676904493e-17
5.005782253676904493e-17
5.005782253676671533e-17
5.005782253676671533e-17
4.623040880654169332e-17
4.622949282454410660e-17
4.622949235479007164e-17
4.622949235479007164e-17
4.622949235479007164e-17
4.622949235479007164e-17
4.592143225482942934e-17
4.592142854472378383e-17
4.592142854472378383e-17
4.592142854472378383e-17
4.592142854472378383e-17
4.592142854472378383e-17
4.592142854472378383e-17
4.592142854472378383e-17
4.591237120867859196e-17
4.591237120867859196e-17
4.591237120812898394e-17
4.591237120523745744e-17
4.591237120523745744e-17
2.507200958095340021e-17
2.388148082598086695e-17
1.381324987486972771e-17
1.381324987486972771e-17
1.381324987486972771e-17
1.380657722383098402e-17
1.170568123887895746e-17
1.170567976863478614e-17
1.170567976863478614e-17
1.170567976863478614e-17
1.170567976863478614e-17
1.145272997260745056e-17
1.145270643189527747e-17
1.145270643189527285e-17
1.145270643189527285e-17
1.145270643189526206e-17
1.145270643189526206e-17
1.145270643189526206e-17
1.145270643189526206e-17
1.145270642885855895e-17
1.143979225446210938e-17
1.143979220568049791e-17
1.143979220568049791e-17
1.143979220568049791e-17
1.143979220568049791e-17
1.143979220568049791e-17
8.185592095124895340e-18
8.185592095124895340e-18
4.072135137046388348e-18
4.072124638657750496e-18
4.072124638657750496e-18
4.048114307353808203e-18
4.048114307353808203e-18
2.995412895819069601e-18
2.995412895819069601e-18
2.995412895819069601e-18
2.995412895819016060e-18
2.995412895818454074e-18
2.995412895818454074e-18
2.995250623911709944e-18
2.825160852307617024e-18
2.825160852307617024e-18
2.825160852307617024e-18
2.825160839146354126e-18
2.810694701121488693e-18
2.810694701121488693e-18
2.810694252145174065e-18
2.810694252145174065e-18
2.810694252145174065e-18
2.810694252145174065e-18
2.810694252145174065e-18
2.810694252145174065e-18
2.810395302879529417e-18
2.810395302879529417e-18
2.810395302879529417e-18
2.810395302865359965e-18
2.810395302865359965e-18
2.810395302398729095e-18
1.351049293311533828e-18
1.286205454078030834e-18
1.286205454078030834e-18
7.926038910650545552e-19
7.926038910650545552e-19
7.919837598940073360e-19
6.938495891862940880e-19
6.938495434673585248e-19
6.938495434673585248e-19
6.938456432950099018e-19
6.938456432950099018e-19
6.809372738723767771e-19
6.809372738723767771e-19
6.809372738723767771e-19
6.809372738723739845e-19
6.809372738723737919e-19
6.809372738723737919e-19
6.809372738723737919e-19
6.809372738723737919e-19
6.804747940750703471e-19
6.804747939898131841e-19
6.804747877262752189e-19
6.804747877262752189e-19
6.804747877262752189e-19
6.804747877262752189e-19
6.804747877262752189e-19
4.339147661802684231e-19
2.241408205142885816e-19
2.241408205142885816e-19
2.241405338895730564e-19
2.241405338895730564e-19
2.241405338895730564e-19
2.224376926901542878e-19
2.224376926901542878e-19
2.224376926901542878e-19
1.717323109208151934e-19
1.717323109208151934e-19
1.717323109207077024e-19
1.717323109207064265e-19
1.717143012154854287e-19
1.624044600088202638e-19
1.624044600088202638e-19
1.624044600088202638e-19
1.624044600088202638e-19
1.624044596064633576e-19
1.624043848627964990e-19
1.618466775120906522e-19
1.618466775120906522e-19
1.618466775120906522e-19
1.618466775120906522e-19
1.618466775120906040e-19
1.618466775120906040e-19
1.618466775120906040e-19
1.618466775120906040e-19
1.618375483719625055e-19
1.618375483088435220e-19
1.618375483088435220e-19
1.618375483088435220e-19
1.618375483088435220e-19
1.618375483085276936e-19
7.317980433069393637e-20
6.784210539655461185e-20
4.382013286095635848e-20
4.376599912796484593e-20
4.376599912796484593e-20
3.820289153301682609e-20
3.820289005258650846e-20
3.820289005258650846e-20
3.820244497072737515e-20
3.820244497072682144e-20
3.768197486844199351e-20
3.768197486844199351e-20
3.768197486844199351e-20
3.768197486844199351e-20
3.768197486844199351e-20
3.768197486844199351e-20
3.768197486844199351e-20
3.768197486844199351e-20
3.768197486844199351e-20
3.768197380802077723e-20
3.766715337131626801e-20
3.766715336931106197e-20
3.766715336931106197e-20
3.766715336931106197e-20
3.766715336931106197e-20
3.766715336931106197e-20
2.248146486014710320e-20
1.200398232722906632e-20
1.200398232722906632e-20
1.183501167171653158e-20
1.183500267930240556e-20
1.183500267930240556e-20
1.183500267930240556e-20
8.976283869051267094e-21
8.976283869051267094e-21
8.976283869035679098e-21
8.976283869035679098e-21
8.976283869035679098e-21
8.974727119738798632e-21
8.974727119738773053e-21
8.974727119738773053e-21
8.595352759330166821e-21
8.595352759330166821e-21
8.595344127830697668e-21
8.595344118061291636e-21
8.595344118061291636e-21
8.577016729795879319e-21
8.577016729795879319e-21
8.577016729795877814e-21
8.577016729795877814e-21
8.577016729795877814e-21
8.577016729795877814e-21
8.577016729795877814e-21
8.577016729795877814e-21
8.577016719050430047e-21
8.576734328028385445e-21
3.846655258126299266e-21
3.846655258126299266e-21
3.846655258125256556e-21
3.481854236624635898e-21
3.481854236624635898e-21
2.169248274851274929e-21
2.164146945991888480e-21
1.939891098974285585e-21
1.939891098974285585e-21
1.939891098974285585e-21
1.939891061951934524e-21
1.939851410421200418e-21
1.939851410421118415e-21
1.939851410421118415e-21
1.939851410421118415e-21
1.922383102808855970e-21
1.922383102808855970e-21
1.922383102808855970e-21
1.922383102808855970e-21
1.922383102808855970e-21
1.922383102808855970e-21
1.922383102808855970e-21
1.922382979533362210e-21
1.922382979533362210e-21
1.922382979533362210e-21
1.921913166595448773e-21
1.921913166555167121e-21
1.921913166555167121e-21
1.921913166555167121e-21
1.124907046461588107e-21
1.124907046461588107e-21
5.666284789491517502e-22
5.560975236684143692e-22
5.560975236634214334e-22
5.560973252772568054e-22
5.560973252772568054e-22
4.421995727781503814e-22
4.421995727781503814e-22
4.421995727781503814e-22
4.421995727781503814e-22
4.420385470147755224e-22
4.420385470147755224e-22
4.420385470147755224e-22
4.420385470147749582e-22
4.287974965782207015e-22
4.287974965782207015e-22
4.287974965782207015e-22
4.287966965817512304e-22
4.287966963741639122e-22
4.281855407049275603e-22
4.281855407049272781e-22
4.281855407049272781e-22
4.281855407049272781e-22
4.281855407049272781e-22
4.281855407049272781e-22
4.281855394126428616e-22
4.281855394126428616e-22
4.281855394126428616e-22
4.281785107796384024e-22
1.748939396979394810e-22
1.576223891784279856e-22
1.576223891784145380e-22
1.050680537244982834e-22
1.050680537244982834e-22
1.046878982605810136e-22
1.046878982605810136e-22
1.046878982605810136e-22
9.636989913292639198e-23
9.636989913292639198e-23
9.636989913292639198e-23
9.636539065642804775e-23
9.636539065642804775e-23
9.636539065642804775e-23
9.636539065641163785e-23
9.636538979329903329e-23
9.636538979329903329e-23
9.573142646292662491e-23
9.573142646292662491e-23
9.573142646292662491e-23
9.573142646292662491e-23
9.573142646292662491e-23
9.573141423010743517e-23
9.573141423010743517e-23
9.573141423010743517e-23
9.573141423010743517e-23
9.571868339211948113e-23
9.571868339211948113e-23
9.571868339129368459e-23
9.571868339129368459e-23
9.571868339129368459e-23
5.054322974772575684e-23
2.730581929657786831e-23
2.730581929657786831e-23
2.666445012639393212e-23
2.666445012573929344e-23
2.214399943015684271e-23
2.214399644863179873e-23
2.214399644863179873e-23
2.213002173348088155e-23
2.213002173348088155e-23
2.213002173348088155e-23
2.213002173348088155e-23
2.213002173348088155e-23
2.159763934761148394e-23
2.159763934761147513e-23
2.159763934761147513e-23
2.159753959965063269e-23
2.159753959965063269e-23
2.159753959489194650e-23
2.159753959489187891e-23
2.157909945433481647e-23
2.157909945433481647e-23
2.157909945433481647e-23
2.157909931372575867e-23
2.157909931372575867e-23
2.157909931372575867e-23
2.157909931372575867e-23
2.157892567881242586e-23
2.157892567881242586e-23
8.738311795494307401e-24
7.550296465031920211e-24
5.330612581378419386e-24
5.330612581378311387e-24
5.302387135741244195e-24
5.302387135741244195e-24
5.302387135741244195e-24
5.302387135741244195e-24
5.302387135741244195e-24
5.302387135741244195e-24
4.934395980028024573e-24
4.934395980028024573e-24
4.934395980028024573e-24
4.934395980025346650e-24
4.933963574996157504e-24
4.933963552847681760e-24
4.933963552847681760e-24
4.933963552847681760e-24
4.912664181342423272e-24
4.912664181342423272e-24
4.912664181342423272e-24
4.912662507338798270e-24
4.912662507338798270e-24
4.912662507338798270e-24
4.912662507338798270e-24
4.912662507338798270e-24
4.912662507338798270e-24
4.912311792302248997e-24
4.912311792285902279e-24
4.912311792285902279e-24
4.912311792285902279e-24
2.490096024553844478e-24
2.490096024553844478e-24
2.490096024254463332e-24
1.419307713655005958e-24
1.365510194639527918e-24
1.365510194639527918e-24
1.150461847923895382e-24
1.150461763896638082e-24
1.149318700044290246e-24
1.149318700044290246e-24
1.149318700044290246e-24
1.149318700044290246e-24
1.149318700044290246e-24
1.129736751433373488e-24
1.129736751433373488e-24
1.129736751433373488e-24
1.129726345992971591e-24
1.129726345992959285e-24
1.129726345992959285e-24
1.129726345888783486e-24
1.129726345888783486e-24
1.129726345888783486e-24
1.129166165985303573e-24
1.129166145029261788e-24
1.129166145029261788e-24
1.129166145029261788e-24
1.129166145029261788e-24
1.129161404371893073e-24
7.591271241321431941e-25
3.919528623431871212e-25
3.919528623431871212e-25
3.919528623431871212e-25
3.919528623431871212e-25
3.919528623431871212e-25
3.919528623431871212e-25
2.804516269505224309e-25
2.778859024751407562e-25
2.778859024751386440e-25
2.778859024751386440e-25
2.778859024751386440e-25
2.778859024751386440e-25
2.778859024747000377e-25
2.633801430576587555e-25
2.633416843669120517e-25
2.633416843669120517e-25
2.633416843669120517e-25
2.633416838368526289e-25
2.633416838368526289e-25
2.626363166442752917e-25
2.626363166442752917e-25
2.626363166442752917e-25
2.626361283342948504e-25
2.626361283342948504e-25
2.626361283342948504e-25
2.626361283342948504e-25
2.626256666074290223e-25
2.626256666074290223e-25
2.626256666074290223e-25
2.626256666074289764e-25
2.626256666074289764e-25
2.626256666071044297e-25
2.626256664120518052e-25
1.323450027499140632e-25
1.323450027499140632e-25
1.212994848564030902e-25
7.203109194417403933e-26
7.203109194417403933e-26
7.187907773022823136e-26
6.293632496349918188e-26
6.293632496349918188e-26
6.293632277559599507e-26
6.293632277559599507e-26
6.293632277559599507e-26
6.222896625399928442e-26
6.222796059770139292e-26
6.222796059770139292e-26
6.222796059770139292e-26
6.222796059770139292e-26
6.222796059769942994e-26
6.222796059769942994e-26
6.222796059769942994e-26
6.220961777121608280e-26
6.220961776894268362e-26
6.220961776894268362e-26
6.220961520279103682e-26
6.220961520279103682e-26
6.220961520279103682e-26
6.220961520279103682e-26
6.220961520279103682e-26
6.220961520279103682e-26
4.090746081215817865e-26
2.092026739375227321e-26
2.092026739375227321e-26
2.092025387301617207e-26
2.092025387301617207e-26
2.092025387301617207e-26
2.056648239326523570e-26
1.575806933924167442e-26
1.575806933924167442e-26
1.575806933924167442e-26
1.575806933924163137e-26
1.575806933915649987e-26
1.575806933915649987e-26
1.575336250070464023e-26
1.517448436722577020e-26
1.517448436722577020e-26
1.517448436722577020e-26
1.517448436722577020e-26
1.517448435423866123e-26
1.517448435423866123e-26
1.514860112265987721e-26
1.514858086740824276e-26
1.514858086740824276e-26
1.514858086740824276e-26
1.514858086740824276e-26
1.514858086740824276e-26
1.514858086740824276e-26
1.514858086740823702e-26
1.514827871073223877e-26
1.514827871073223877e-26
1.514827871073223877e-26
1.514827871072532815e-26
1.514827868404729731e-26
1.514827868404729731e-26
7.265227641037517857e-27
6.606216376853340195e-27
4.264135006302292235e-27
4.264135006302292235e-27
4.250905245101050246e-27
4.250905245101050246e-27
3.851119787476677967e-27
3.851119726045354673e-27
3.850987114974773460e-27
3.850987114974773460e-27
3.821217202059214780e-27
3.821217202059214780e-27
3.821217202059214780e-27
3.821217202058762060e-27
3.821217202058762060e-27
3.821217202058762060e-27
3.821217202058762060e-27
3.821217202058762060e-27
3.820607097741845490e-27
3.820607097686025293e-27
3.820606781320970350e-27
3.820606781320970350e-27
3.820606781320970350e-27
3.820606781320970350e-27
3.820606781320970350e-27
3.820606781320970350e-27
3.820606781320970350e-27
3.820606781320970350e-27
2.361116492939169133e-27
1.299745770144035561e-27
1.299745378171716333e-27
1.272141456052269285e-27
1.272141456052269285e-27
1.272141456052269285e-27
1.272141456052269285e-27
1.272141456052269285e-27
1.030678700505342191e-27
1.030678700505342191e-27
1.030678700489900554e-27
1.030678700489900554e-27
1.030678700489899657e-27
1.030174665815971514e-27
1.001958891134951455e-27
1.001958891134951455e-27
1.001958891134951455e-27
1.001958891134951455e-27
1.001958890762575020e-27
1.001955824416645176e-27
1.000950487354328298e-27
1.000950487354328298e-27
1.000950487354328298e-27
1.000950487354326325e-27
1.000950487354326325e-27
1.000950487354326325e-27
1.000950487354326325e-27
1.000940617008953180e-27
1.000940617008953180e-27
1.000940613173174633e-27
1.000940613173174633e-27
1.000940613173174633e-27
1.000940613173014639e-27
4.847283579844893538e-28
4.288616754625830809e-28
4.288616754625830809e-28
2.971479808761573746e-28
2.958375996796368905e-28
2.734641632822758279e-28
2.734641632822758279e-28
2.734641612343567295e-28
2.734473843815424723e-28
2.734473843815424723e-28
2.734473843814441797e-28
2.721009073690174164e-28
2.721009073690174164e-28
2.721009073690174164e-28
2.721009073690174164e-28
2.721009073690174164e-28
2.721009073690174164e-28
2.721009073690174164e-28
2.721009073690174164e-28
2.721009073690174164e-28
2.721009073690174164e-28
2.721009073690174164e-28
2.721008516589674185e-28
2.720775743482917105e-28
2.720775743467832856e-28
2.720775743467832856e-28
2.720775743467832856e-28
2.720775743467832856e-28
1.642772751166962675e-28
1.642772751166962675e-28
9.625591394853834133e-29
9.625591394853834133e-29
9.330711049931255476e-29
9.330709714051579269e-29
7.809814304271888655e-29
7.809814303976854792e-29
7.809814303976854792e-29
7.809814303976854792e-29
7.809814303976854792e-29
7.803899537938915799e-29
7.803899537938915799e-29
7.803899537938915799e-29
7.803899537938913556e-29
7.803899537938913556e-29
7.657491741872675903e-29
7.657491741872675903e-29
7.657446760989470211e-29
7.657446759827130129e-29
7.657446759827130129e-29
7.653015057775757118e-29
7.653015057775708913e-29
7.653015057775708913e-29
7.653015057775708913e-29
7.653015057775708913e-29
7.653015057775708913e-29
7.653014979770945641e-29
7.653014979770945641e-29
7.653014979770945641e-29
7.652976882475652972e-29
3.801648177413065387e-29
3.297631546335068816e-29
3.297631546334992585e-29
2.378821401901158111e-29
2.378821401901158111e-29
2.362333424544799878e-29
2.231597958267596463e-29
2.231597958267596463e-29
2.231597950970590307e-29
2.231597950970590307e-29
2.231369547532054737e-29
2.231369547529877960e-29
2.231369547529877960e-29
2.224585550271440235e-29
2.224585550271440235e-29
2.224585550271440235e-29
2.224585550271440235e-29
2.224585550271440235e-29
2.224585550271440235e-29
2.224585550271440235e-29
2.224585550271440235e-29
2.224585550271440235e-29
2.224584614523150695e-29
2.224584614523150695e-29
2.224584614523150695e-29
2.224584614523150695e-29
2.224481738532531560e-29
2.224481738528105139e-29
2.224481738528105139e-29
2.224481738528105139e-29
1.333571395420373114e-29
1.333571395420373114e-29
8.082244887921896433e-30
7.773387931136562651e-30
7.773387930117179676e-30
7.773387434028030176e-30
6.786142415286360616e-30
6.786142415286360616e-30
6.777357785340779731e-30
6.777357785340779731e-30
6.777357785340779731e-30
6.777357785340779731e-30
6.777357785340779731e-30
6.777357785340779731e-30
6.693395887149836803e-30
6.693395887149835402e-30
6.693395887149835402e-30
6.693325623373213792e-30
6.693325623373213792e-30
6.693325622983117523e-30
6.691085058269226046e-30
6.691085058269099929e-30
6.691085058269099929e-30
6.691085058269099929e-30
6.691085058269099929e-30
6.691084908372774930e-30
6.691084908372774930e-30
6.691084908372774930e-30
6.691069333252323444e-30
6.691069333252323444e-30
3.339577753949798705e-30
2.860930772086799530e-30
2.199961239403112747e-30
2.199961239403101536e-30
2.178901985656382910e-30
2.178901985656382910e-30
2.178901985656382910e-30
2.093442753076190929e-30
2.093442753076190929e-30
2.093047240589740340e-30
2.093047240589740340e-30
2.093047240583063853e-30
2.093047240583063853e-30
2.093047240583063853e-30
2.093047237762874673e-30
2.093047237762874673e-30
2.093047237762874673e-30
2.093047237762874673e-30
2.089093179574408117e-30
2.089093179574408117e-30
2.089093179574408117e-30
2.089091492313747051e-30
2.089091492313747051e-30
2.089091492313747051e-30
2.089091492313747051e-30
2.089091492313747051e-30
2.089091492313747051e-30
2.089042956521240942e-30
2.089042956519951397e-30
2.089042956519950696e-30
1.220984484012302357e-30
1.220984484012302357e-30
7.961822527345131076e-31
7.961822527345131076e-31
7.591523398300928235e-31
7.591523395855864727e-31
7.591523395855864727e-31
6.855691669482072965e-31
6.855691499953705544e-31
6.842276762960816972e-31
6.842276762960816972e-31
6.842276762960816972e-31
6.842276762960816972e-31
6.785416553253955542e-31
6.785416553253955542e-31
6.785416553253955542e-31
6.785274459447912668e-31
6.785274459447463377e-31
6.785274459447463377e-31
6.785274459315001260e-31
6.784042397124877947e-31
6.784042397124877947e-31
6.784042397124877947e-31
6.784042082061158771e-31
6.784042082061158771e-31
6.784035048396303292e-31
6.784035048396303292e-31
3.547741410145238403e-31
2.952939780548066378e-31
2.952939780548066378e-31
2.392471010284359826e-31
2.361538366476311777e-31
2.361538366476311777e-31
2.361538366476309149e-31
2.361538366476309149e-31
2.361538366476309149e-31
2.361538366476309149e-31
2.361538366476309149e-31
2.294368934529413889e-31
2.294368934529413889e-31
2.294368934509237381e-31
2.294368934509237381e-31
2.294368934509237381e-31
2.293657745687647888e-31
2.293657744568586699e-31
2.293657744568586699e-31
2.291115319639467318e-31
2.291115319639467318e-31
2.291111326212801783e-31
2.291111326212801783e-31
2.291111326212801783e-31
2.291111326212801783e-31
2.291111326212801783e-31
2.291085679833597903e-31
2.291085679833597903e-31
2.291085679833595275e-31
2.291085679833314140e-31
2.291085679833314140e-31
1.348466189427324824e-31
1.348466187849864532e-31
1.233021521743180299e-31
8.763340322796965238e-32
8.763340322796965238e-32
8.763340322796965238e-32
8.099342990099962077e-32
8.076032361652654737e-32
8.076032283918453490e-32
8.076032283918453490e-32
8.076032283918453490e-32
8.076032283918453490e-32
8.033521201361855191e-32
8.033223010116057409e-32
8.033223010116057409e-32
8.033223010116057409e-32
8.033223010114471095e-32
8.033223010114471095e-32
8.033223010114471095e-32
8.032464256984889944e-32
8.032464256951205137e-32
8.032464256951205137e-32
8.032463387780272753e-32
5.701361515315538738e-32
3.610470532749830348e-32
3.610470532749830348e-32
3.610470532749830348e-32
3.610470532749830348e-32
3.610469874482692340e-32
3.610469874482692340e-32
3.610469874482692340e-32
3.610469874482692340e-32
3.531360214948037174e-32
2.979122209661225968e-32
2.979122209661225968e-32
2.979122209661225968e-32
2.979122209661225968e-32
2.979122209661225968e-32
2.979122209661225968e-32
2.979122209591671205e-32
2.979122209591671205e-32
2.977628299178725112e-32
2.919961353734752106e-32
2.919961353734752106e-32
2.919961353734752106e-32
2.919961353405654972e-32
2.919961353405654972e-32
2.918150250365076236e-32
2.918150250365076236e-32
2.918140551223945551e-32
2.918140551223945551e-32
2.918140551223945551e-32
2.918140551223945551e-32
2.918140551223945551e-32
2.918140551223935698e-32
2.918126803833375470e-32
2.918126803833375470e-32
2.918126803833353575e-32
2.918126789296371435e-32
2.918126789296371435e-32
1.744690811219331066e-32
1.573771661792814239e-32
1.171184856137981400e-32
1.171184856137981400e-32
1.165671010784578725e-32
1.101411454771878942e-32
1.101411452148327177e-32
1.101341605970280996e-32
1.097861012267022173e-32
1.097861012267022173e-32
1.097861012267022173e-32
1.097861012266416358e-32
1.097861012266416358e-32
1.097861012266416358e-32
1.097861012266416358e-32
1.097861012266416358e-32
1.097814183820809147e-32
1.097814183820508224e-32
1.097813940750177869e-32
1.097813940750177869e-32
1.097813940750177869e-32
1.097813940750177869e-32
1.097813940750177869e-32
1.097813940750177869e-32
7.719513651034944688e-33
5.082546047642939918e-33
5.082546047642939918e-33
5.082545810935781907e-33
4.942797889196076045e-33
4.942797889196076045e-33
4.942797889196076045e-33
4.340302441027617033e-33
4.340302441027617033e-33
4.340302441027617033e-33
4.340302440737091871e-33
4.340302440737091871e-33
4.340302440737091871e-33
4.336709974175909879e-33
4.336709974175909879e-33
4.282593164470708304e-33
4.282593164470708304e-33
4.282593164470708304e-33
4.282593164436858188e-33
4.282567132759212940e-33
4.281279453023995577e-33
4.281279453023995577e-33
4.281279453023953839e-33
4.281279453023953839e-33
4.281279453023953839e-33
4.281279453023953839e-33
4.281274083565296008e-33
4.281274083565296008e-33
4.281274036718623893e-33
2.590141233546710497e-33
2.590141233546710497e-33
2.308921890697712923e-33
2.308921890697712923e-33
1.818313257392210048e-33
1.806419806116604038e-33
1.737408793205696464e-33
1.737408792893546284e-33
1.737211835475097750e-33
1.737211835475097750e-33
1.737211835472112122e-33
1.734346046943327051e-33
1.734346046943327051e-33
1.734346046943327051e-33
1.734346046943327051e-33
1.734346046943327051e-33
1.734345290950968385e-33
1.734345290950968385e-33
1.734345290950968385e-33
1.734324084237499625e-33
1.734324084237499625e-33
1.734324084237499625e-33
1.734324084237497573e-33
1.734324084237497573e-33
1.734324084237497573e-33
1.734324084237497573e-33
1.203342216761402470e-33
8.399118333382047887e-34
8.399118333382047887e-34
8.112781859888480787e-34
8.112781859888480787e-34
8.112781831051008818e-34
7.374613317193805978e-34
7.374613315938100919e-34
7.374613315938100919e-34
7.374613315938100919e-34
7.365319147692679355e-34
7.365319147692679355e-34
7.365319147692679355e-34
7.365319147692679355e-34
7.313456947008198598e-34
7.313370911448219933e-34
7.313370911447913742e-34
7.313370911447913742e-34
7.312689359699800152e-34
7.312689359699558962e-34
7.312689359699558962e-34
7.312689359699558962e-34
7.312689189382308784e-34
7.312689189382308784e-34
7.312689189382308784e-34
7.312688440339068231e-34
7.312688440339068231e-34
4.580005865889351853e-34
4.008748483067264213e-34
4.008748483067264213e-34
3.324546935540207313e-34
3.294587338772758546e-34
3.217568286808705873e-34
3.217568286808705873e-34
3.216962724705265860e-34
3.216962724701946072e-34
3.216962724686618515e-34
3.216962724686618515e-34
3.215177550493050861e-34
3.215177550493050861e-34
3.215177550493050861e-34
3.215177550493050861e-34
3.215177550493050861e-34
3.215177550493050861e-34
3.215177550493050861e-34
3.215177550493050861e-34
3.215174606056980739e-34
3.215174606056980739e-34
3.215174606056980739e-34
3.215174606056980739e-34
3.215171121199567287e-34
3.215171121199567287e-34
3.215171121199567287e-34
3.215171121199567287e-34
2.236403836103310122e-34
2.236403836103309267e-34
1.652565286702005726e-34
1.579967331798908558e-34
1.579967331080655642e-34
1.484357044379756430e-34
1.484357044349806712e-34
1.484357044349806712e-34
1.481514508466982751e-34
1.481514508466982751e-34
1.481514508466982751e-34
1.481514508466982751e-34
1.477689786703526422e-34
1.477689786703526422e-34
1.477658297454250342e-34
1.477658297454250342e-34
1.477658297454250342e-34
1.477644992387926862e-34
1.477644992387779967e-34
1.477644992387779967e-34
1.477644992387779967e-34
1.477644913576005448e-34
1.477644913576005448e-34
1.477644913576005448e-34
1.477644912627164995e-34
9.659921710441422322e-35
8.321754640692288089e-35
7.292327705323908521e-35
7.197336168324571997e-35
7.197336168324571997e-35
7.197336168324571997e-35
7.129683425403100112e-35
7.127437628277832132e-35
7.127437628184076892e-35
7.127437628184076892e-35
7.127437628184076892e-35
7.127437628184076892e-35
7.127437628184076892e-35
7.127437628184076892e-35
7.127437628184076892e-35
7.127018410372576398e-35
7.127018410372576398e-35
7.127018410372576398e-35
7.127005439329128153e-35
7.127005439329128153e-35
7.127005439329128153e-35
7.127005439329128153e-35
7.127005439329128153e-35
7.127005439329128153e-35
7.127005386205099616e-35
7.127005386205099616e-35
7.127005386205088925e-35
4.997184338922685120e-35
3.963364302280220393e-35
3.742700276122776929e-35
3.742700271555074425e-35
3.742700271555074425e-35
3.742700271555074425e-35
3.641867584785328452e-35
3.630559115763206711e-35
3.630559115763203504e-35
3.630559115763203504e-35
3.630559115763203504e-35
3.629458350272189998e-35
3.629458350272189998e-35
3.629314849762627374e-35
3.629314849761525126e-35
3.629314849761525126e-35
3.629314600748166033e-35
3.629314600748166033e-35
3.629314600748166033e-35
3.629314174495179661e-35
2.868073202987543584e-35
2.140834965086736191e-35
2.140834965086693427e-35
2.140834965086693427e-35
2.008480311414552054e-35
1.970164168296549984e-35
1.970164168296549984e-35
1.970164168296549984e-35
1.970164168296549984e-35
1.970164168296549984e-35
1.970164168296549984e-35
1.970164168296549984e-35
1.967720299048050199e-35
1.967720298967064092e-35
1.966588711218040452e-35
1.966588711218040452e-35
1.966588711218040452e-35
1.966588711218040452e-35
1.966588711218040452e-35
1.966588711218040452e-35
1.966587721011593875e-35
1.966587721011593875e-35
1.966580260529299921e-35
1.966580260529299921e-35
1.966580260529299921e-35
1.966580260528435282e-35
1.966580260528425393e-35
1.966580260528425393e-35
1.966580260528425393e-35
1.416240389715871838e-35
1.416240383852208804e-35
1.296263318653494036e-35
1.154513697434415116e-35
1.154513697434415116e-35
1.148446601150094038e-35
1.143800144356337084e-35
1.143800144356337084e-35
1.143800144356337084e-35
1.143796753737683305e-35
1.143702457715144018e-35
1.143702457715144018e-35
1.143702457713903187e-35
1.143702457713903187e-35
1.143702457713903187e-35
1.143702457708618195e-35
1.143702457708618195e-35
1.143702137947095306e-35
8.960579868948057863e-36
7.513602832911902079e-36
7.513602832911902079e-36
7.513602832911902079e-36
7.513602832911902079e-36
7.513602832911902079e-36
7.513602832911902079e-36
7.280884965137104358e-36
7.203688686822688334e-36
7.203688686822688334e-36
7.203688686822688334e-36
7.203688686822688334e-36
7.203688685849584149e-36
7.203688685849584149e-36
7.195579133887646043e-36
7.195477873859334272e-36
7.195477873859334272e-36
7.195477873859334272e-36
7.195477873859334272e-36
7.195477873859334272e-36
7.195477873859334272e-36
7.195477873859334272e-36
7.195477873576029231e-36
7.195411788760742586e-36
7.195411788760584893e-36
7.195411788760584893e-36
7.195411788760584893e-36
7.195411674423183853e-36
7.195411674423183853e-36
7.195411674423183853e-36
5.719743988580442005e-36
5.090941316091108115e-36
4.976206588711522268e-36
4.976206588711522268e-36
4.926919811664448468e-36
4.926653439450298170e-36
4.926653439450298170e-36
4.925717564503078022e-36
4.925717563159213262e-36
4.925717563138578183e-36
4.925717563138578183e-36
4.925717563138578183e-36
4.925713638647352817e-36
4.925713638647352817e-36
4.925713638647352817e-36
4.925713638647352817e-36
4.925713638647352817e-36
4.925713638647352817e-36
4.925713638647352817e-36
4.925713638647352817e-36
4.050803635063521196e-36
3.888915222188615313e-36
3.888915222188615313e-36
3.687351658884945553e-36
3.687351658884945553e-36
3.687351658884945553e-36
3.687351658884944885e-36
3.686730913184674337e-36
3.686730911259302842e-36
3.686730911259302842e-36
3.677412422547044544e-36
3.677412416894629616e-36
3.677412416894629616e-36
3.677412416894629616e-36
3.677412416894629616e-36
3.677320069425671304e-36
3.677320069425671304e-36
3.677320069425671304e-36
3.677320069425671304e-36
3.677320069425303799e-36
3.677320069425303799e-36
3.677319871826489104e-36
3.677319871826489104e-36
3.459229768552428641e-36
3.459229768552428641e-36
3.046308717222810469e-36
3.045005367886455674e-36
2.984637226258224840e-36
2.984637205366167923e-36
2.984637205366167923e-36
2.983128705156174877e-36
2.983128705156174877e-36
2.983128705098999763e-36
2.983128705098999763e-36
2.983128705098999763e-36
2.983121004005452466e-36
2.983121004005452466e-36
2.983121004005452466e-36
2.983121004005452466e-36
2.983121004005452466e-36
2.983121004005452466e-36
2.983121004005452466e-36
2.983121004005452466e-36
2.983121004005452466e-36
2.807524347636309762e-36
2.805013588432058379e-36
2.805013588432053367e-36
2.805013588432053367e-36
2.617728754187874774e-36
2.617728747765061144e-36
2.617728747765061144e-36
2.617728680893156289e-36
2.617728680893156289e-36
2.602258037939143783e-36
2.602258037939143783e-36
2.602258037939143783e-36
2.602258037939143783e-36
2.602054894138643407e-36
2.602054894138643407e-36
2.602054894138643407e-36
2.602054894137254237e-36
2.602054894137254237e-36
2.602054364816213725e-36
2.602054364816213725e-36
2.602054364816213725e-36
2.598458050184606745e-36
2.477824326542345624e-36
2.477824142178164728e-36
2.405968220628192667e-36
2.405968220628192667e-36
2.405968220628192667e-36
2.402731921106634894e-36
2.402731920861209277e-36
2.402731920861209277e-36
2.402731920861209277e-36
2.402731920861209277e-36
2.402731920861209277e-36
2.402731920861209277e-36
2.402731920861209277e-36
2.402709972518122913e-36
2.402709972518122913e-36
2.402709972518122913e-36
2.402709972518122913e-36
2.402709972518122913e-36
2.402709972518122913e-36
2.402709972518122913e-36
2.402709972518096519e-36
2.398960701890511139e-36
2.398960309761064291e-36
2.330768226320126902e-36
2.330768199078123940e-36
2.330768199078123940e-36
2.330768199078123940e-36
2.330768199078123940e-36
2.308593692437260796e-36
2.308593692437260796e-36
2.308593692437260796e-36
2.308593692437260796e-36
2.308065485549199547e-36
2.308065485541967713e-36
2.308065485541967713e-36
2.308065485541967713e-36
2.308065485541967713e-36
2.308063655892980384e-36
2.308063050332182135e-36
2.304970647637271467e-36
2.304970647637271467e-36
2.274752313352993195e-36
2.274752313352993195e-36
2.274752313352993195e-36
2.274752313352993195e-36
2.274752312176086023e-36
2.269507942103518139e-36
2.269507942103518139e-36
2.269507942103518139e-36
2.269507942103518139e-36
2.269507942103518139e-36
2.269507942103518139e-36
2.269507942103518139e-36
2.269507942103518139e-36
2.269443240093558489e-36
2.269443240093558489e-36
2.269443240093558489e-36
2.269443240093558489e-36
2.269443240093401799e-36
2.269443240093401799e-36
2.269442524118966101e-36
2.269442524118966101e-36
2.269442410653223459e-36
2.267495357333025798e-36
2.267495357333025464e-36
2.267495357333025464e-36
2.257409034781157168e-36
2.257409034781157168e-36
2.257409034781157168e-36
2.257409034781157168e-36
2.257409034781157168e-36
2.256492758096068731e-36
2.256492758059086020e-36
2.256492758059086020e-36
2.256492758059086020e-36
2.256486979622981726e-36
2.256486347087029678e-36
2.256486347087028675e-36
2.256486347087028675e-36
2.255576304525204745e-36
2.255576304525204745e-36
2.255576304525204745e-36
2.255576304525204745e-36
2.255576304525204745e-36
2.255576304525202072e-36
2.255576299441564170e-36
2.255576299441564170e-36
2.253107784225230270e-36
2.253107784225230270e-36
2.253107784225230270e-36
2.253107784225230270e-36
2.253107784225230270e-36
2.253107784225230270e-36
2.253107784225230270e-36
2.252992071166043247e-36
2.252992071166043247e-36
2.252992071166043247e-36
2.252992071165217697e-36
2.252992071165217697e-36
2.252991701662761769e-36
2.252991701662760099e-36
2.252991701662760099e-36
2.252991291205374830e-36
2.252991291205374830e-36
2.252681024006553530e-36
2.252681024006553530e-36
2.252681024006553530e-36
2.252681024006553530e-36
2.252244642330611067e-36
2.252244642168749773e-36
2.252244642168749773e-36
2.252244642168749773e-36
2.252234196249741255e-36
2.252234196249741255e-36
2.252234196249741255e-36
2.252234196249740252e-36
2.252234196249740252e-36
2.252234196249740252e-36
2.252234196249740252e-36
2.252234002413388802e-36
2.252234002413388802e-36
2.252234002413388802e-36
2.252234002413388802e-36
2.252234002413388802e-36
2.252234002413375772e-36
2.252233985665556470e-36
2.252157547710888566e-36
2.252157547710888566e-36
2.252157547710888566e-36
2.252157547710888566e-36
2.252157547710888566e-36
2.252157547710888566e-36
2.252102264096512144e-36
2.252102264096512144e-36
2.252102264092889211e-36
2.252102264092889211e-36
2.252101594133985200e-36
2.252101594133985200e-36
2.252101594133985200e-36
2.252101594133984866e-36
2.252101594133984866e-36
2.252101594133984866e-36
2.252101594133984866e-36
2.252101527868207921e-36
2.252087993903882961e-36
2.252087993369129895e-36
2.252087993369129895e-36
2.252087993369129227e-36
2.252082999282165198e-36
2.252082999282165198e-36
2.252082999282165198e-36
2.252082999282165198e-36
2.252082999282165198e-36
2.252082999282165198e-36
2.252082999282165198e-36
2.252082999282165198e-36
2.252082999282165198e-36
2.252082999282165198e-36
2.252082999282165198e-36
2.252082999282164529e-36
2.252082999282108067e-36
2.252082999282108067e-36
2.252082968896074178e-36
2.252082952561709192e-36
2.252082952561709192e-36
2.252082952561709192e-36
2.252082952561709192e-36
2.252081237505124033e-36
2.252081237505124033e-36
2.252081237505124033e-36
2.252081237493154057e-36
2.252081237493154057e-36
2.252080917154806447e-36
2.252080917154806447e-36
2.252080917154806447e-36
2.252080917154806447e-36
2.252080917154806447e-36
2.252080917154806447e-36
2.252080917154806447e-36
2.252080914262419658e-36
2.252080913292077442e-36
2.252080913292077108e-36
2.252080913292077108e-36
2.252080913292077108e-36
2.252080758355210735e-36
2.252080758355210735e-36
2.252080758355210735e-36
2.252080758355210735e-36
2.252080758355210735e-36
2.252080758355210735e-36
2.252080758355210735e-36
2.252080758355023642e-36
2.252080758355023642e-36
2.252080758355023642e-36
2.252080758355023642e-36
2.252080758355023642e-36
2.252080743825814874e-36
2.252080743825814874e-36
2.252080743825814874e-36
2.252080743825814874e-36
2.252080743825814874e-36
2.252080743459280608e-36
2.252080743459280608e-36
2.252080743437559718e-36
2.252080743437559718e-36
2.252080743437559718e-36
2.252080733499325150e-36
2.252080733499325150e-36
2.252080733499325150e-36
2.252080733499325150e-36
2.252080733499325150e-36
2.252080733499325150e-36
2.252080733035350903e-36
2.252080733035348898e-36
2.252080733035348898e-36
2.252080733035348898e-36
2.252080733035348898e-36
2.252080733035348898e-36
2.252080733002236685e-36
2.252080733002236685e-36
2.252080733002236685e-36
2.252080733002236685e-36
2.252080733002236685e-36
2.252080733002236685e-36
2.252080733001896909e-36
2.252080732551140487e-36
2.252080732551140487e-36
2.252080732551140487e-36
2.252080732551140487e-36
2.252080732551140487e-36
2.252080732551140487e-36
2.252080732551140487e-36
2.252080732551140487e-36
2.252080732551140487e-36
2.252080732540754457e-36
2.252080732540754457e-36
2.252080732540754457e-36
2.252080732538630277e-36
2.252080732538630277e-36
2.252080732538630277e-36
2.252080732538630277e-36
2.252080732538626936e-36
2.252080732538626936e-36
2.252080732524232428e-36
2.252080732524232428e-36
2.252080732524232428e-36
2.252080732524232428e-36
2.252080732524232428e-36
2.252080732524232428e-36
2.252080732524232428e-36
2.252080732524232428e-36
2.252080732524232428e-36
2.252080732524232428e-36
2.252080732524232428e-36
2.252080732524232428e-36
2.252080732524070057e-36
2.252080732524070057e-36
2.252080732523973838e-36
2.252080732523973838e-36
2.252080732523973838e-36
2.252080732523973838e-36
2.252080732523973838e-36
2.252080732523973838e-36
2.252080732523973838e-36
2.252080732523651436e-36
2.252080732523651436e-36
2.252080732523651436e-36
2.252080732523651436e-36
2.252080732523651436e-36
2.252080732523651436e-36
2.252080732523651436e-36
2.252080732523651436e-36
2.252080732523649765e-36
2.252080732523649765e-36
2.252080732523649765e-36
2.252080732523646758e-36
2.252080732523646758e-36
2.252080732523646758e-36
2.252080732523646758e-36
2.252080732523646758e-36
2.252080732523646758e-36
2.252080732523646758e-36
2.252080732523646758e-36
2.252080732523646758e-36
2.252080732523641747e-36
2.252080732523641747e-36
2.252080732523641747e-36
2.252080732523641747e-36
2.252080732523641747e-36
2.252080732523641747e-36
2.252080732523641747e-36
2.252080732523641747e-36
2.252080732523641747e-36
2.252080732523641747e-36
2.252080732523641747e-36
2.252080732523641747e-36
2.252080732523641747e-36
2.252080732523641747e-36
2.252080732523641747e-36
2.252080732523641747e-36
2.252080732523641747e-36
2.252080732523641747e-36
2.252080732523641747e-36
2.252080732523641747e-36
2.252080732523641747e-36
2.252080732523641747e-36
2.252080732523641747e-36
2.252080732523641747e-36
2.252080732523641747e-36
2.252080732523641747e-36
2.252080732523641747e-36
2.252080732523641747e-36
2.252080732523641747e-36
2.252080732523641747e-36
2.252080732523641747e-36
2.252080732523641747e-36
2.252080732523641747e-36
2.252080732523641747e-36
2.252080732523641747e-36
2.252080732523641747e-36
2.252080732523641747e-36
2.252080732523641747e-36
2.252080732523641747e-36
2.252080732523641747e-36
2.252080732523641747e-36
2.252080732523641747e-36
2.252080732523641747e-36
2.252080732523641747e-36
2.252080732523641747e-36
2.252080732523641747e-36
2.252080732523641747e-36
2.252080732523641747e-36
2.252080732523641747e-36
2.252080732523641747e-36
2.252080732523641747e-36
2.252080732523641747e-36
2.252080732523641747e-36
2.252080732523641747e-36
2.252080732523641747e-36
2.252080732523641747e-36
2.252080732523641747e-36
2.252080732523641747e-36
2.252080732523641747e-36
2.252080732523641747e-36
2.252080732523641747e-36
2.252080732523641747e-36
2.252080732523641747e-36
2.252080732523641747e-36
2.252080732523641747e-36
2.252080732523641747e-36
2.252080732523641747e-36
2.252080732523641747e-36
2.252080732523641747e-36
2.252080732523641747e-36
2.252080732523641747e-36
2.252080732523641747e-36
2.252080732523641747e-36
2.252080732523641747e-36
2.252080732523641747e-36
2.252080732523641747e-36
2.252080732523641747e-36
2.252080732523641747e-36
2.252080732523641747e-36
2.252080732523641747e-36
2.252080732523641747e-36
2.252080732523641747e-36
2.252080732523641747e-36
2.252080732523641747e-36
2.252080732523641747e-36
2.252080732523641747e-36
2.252080732523641747e-36
2.252080732523641747e-36
2.252080732523641747e-36
2.252080732523641747e-36
2.252080732523641747e-36
2.252080732523641747e-36
2.252080732523641747e-36
2.252080732523641747e-36
2.252080732523641747e-36
2.252080732523641747e-36
2.252080732523641747e-36
2.252080732523641747e-36
2.252080732523641747e-36
2.252080732523641747e-36
2.252080732523641747e-36
2.252080732523641747e-36
2.252080732523641747e-36
2.252080732523641747e-36
2.252080732523641747e-36
2.252080732523641747e-36
2.252080732523641747e-36
2.252080732523641747e-36
2.252080732523641747e-36
2.252080732523641747e-36
2.252080732523641747e-36
2.252080732523641747e-36
2.252080732523641747e-36
2.252080732523641747e-36
2.252080732523641747e-36
2.252080732523641747e-36
2.252080732523641747e-36
2.252080732523641747e-36
2.252080732523641747e-36
2.252080732523641747e-36
2.252080732523641747e-36
2.252080732523641747e-36
2.252080732523641747e-36
2.252080732523641747e-36
2.252080732523641747e-36
2.252080732523641747e-36
2.252080732523641747e-36
2.252080732523641747e-36
2.252080732523641747e-36
2.252080732523641747e-36
2.252080732523641747e-36
2.252080732523641747e-36
2.252080732523641747e-36
2.252080732523641747e-36
2.252080732523641747e-36
2.252080732523641747e-36
2.252080732523641747e-36
2.252080732523641747e-36
2.252080732523641747e-36
2.252080732523641747e-36
2.252080732523641747e-36
2.252080732523641747e-36
2.252080732523641747e-36
2.252080732523641747e-36
2.252080732523641747e-36
2.252080732523641747e-36
2.252080732523641747e-36
2.252080732523641747e-36
2.252080732523641747e-36
2.252080732523641747e-36
2.252080732523641747e-36
2.252080732523641747e-36
2.252080732523641747e-36
2.252080732523641747e-36
2.252080732523641747e-36
2.252080732523641747e-36
2.252080732523641747e-36
2.252080732523641747e-36
2.252080732523641747e-36
2.252080732523641747e-36
2.252080732523641747e-36
2.252080732523641747e-36
2.252080732523641747e-36
2.252080732523641747e-36
2.252080732523641747e-36
2.252080732523641747e-36
2.252080732523641747e-36
2.252080732523641747e-36
2.252080732523641747e-36
2.252080732523641747e-36
2.252080732523641747e-36
2.252080732523641747e-36
2.252080732523641747e-36
2.252080732523641747e-36
2.252080732523641747e-36
2.252080732523641747e-36
2.252080732523641747e-36
2.252080732523641747e-36
2.252080732523641747e-36
2.252080732523641747e-36
2.252080732523641747e-36
2.252080732523641747e-36
2.252080732523641747e-36
2.252080732523641747e-36
2.252080732523641747e-36
2.252080732523641747e-36
2.252080732523641747e-36
2.252080732523641747e-36
2.252080732523641747e-36
2.252080732523641747e-36
2.252080732523641747e-36
2.252080732523641747e-36
2.252080732523641747e-36
2.252080732523641747e-36
2.252080732523641747e-36
2.252080732523641747e-36
2.252080732523641747e-36
2.252080732523641747e-36
2.252080732523641747e-36
2.252080732523641747e-36
2.252080732523641747e-36
2.252080732523641747e-36
2.252080732523641747e-36
2.252080732523641747e-36
2.252080732523641747e-36
2.252080732523641747e-36
2.252080732523641747e-36
2.252080732523641747e-36
2.252080732523641747e-36
2.252080732523641747e-36
2.252080732523641747e-36
2.252080732523641747e-36
2.252080732523641747e-36
2.252080732523641747e-36
2.252080732523641747e-36
2.252080732523641747e-36
2.252080732523641747e-36
2.252080732523641747e-36
2.252080732523641747e-36
2.252080732523641747e-36
2.252080732523641747e-36
2.252080732523641747e-36
2.252080732523641747e-36
2.252080732523641747e-36
2.252080732523641747e-36
2.252080732523641747e-36
2.252080732523641747e-36
2.252080732523641747e-36
2.252080732523641747e-36
2.252080732523641747e-36
2.252080732523641747e-36
2.252080732523641747e-36
2.252080732523641747e-36
2.252080732523641747e-36
2.252080732523641747e-36
2.252080732523641747e-36
2.252080732523641747e-36
2.252080732523641747e-36
2.252080732523641747e-36
2.252080732523641747e-36
2.252080732523641747e-36
2.252080732523641747e-36
2.252080732523641747e-36
2.252080732523641747e-36
2.252080732523641747e-36
2.252080732523641747e-36
2.252080732523641747e-36
2.252080732523641747e-36
2.252080732523641747e-36
2.252080732523641747e-36
2.252080732523641747e-36
