2.989054507068039102e-01
2.936810039657410387e-01
2.897202260200039681e-01
2.875344496290259677e-01
2.574752536659294933e-01
2.572547044732416688e-01
2.462214893265128879e-01
2.413906839306434460e-01
2.378446205124981616e-01
2.371897730152402461e-01
2.196975387517735301e-01
2.025842217365998732e-01
2.025800016527221359e-01
1.973540258578840578e-01
1.928905093981908847e-01
1.915912246210959569e-01
1.915084918649273549e-01
1.856674634305790772e-01
1.652179523266117944e-01
1.588701579701524425e-01
1.588698826428727173e-01
1.541736700289143558e-01
1.541736607584755780e-01
1.522063233827324613e-01
1.519871952658101988e-01
1.359724492526549200e-01
1.357681908369664237e-01
1.262061602742318434e-01
1.262059385823142144e-01
1.215021780806522372e-01
1.215021642399619628e-01
1.190979777756588920e-01
1.190979776965649939e-01
1.190979770688305461e-01
1.186506519196122156e-01
1.186066145996859944e-01
1.124399624720172630e-01
9.973005728899518585e-02
9.429975403967619241e-02
9.429943992678592457e-02
9.178168795411154046e-02
9.178168667645024426e-02
9.178168367629820079e-02
9.105500324968518466e-02
9.105500324497471654e-02
9.092800317510510433e-02
9.092800315600649275e-02
7.987778945277627940e-02
7.960659832419741955e-02
7.205752411380635103e-02
7.205747755081587380e-02
6.961359685443510581e-02
6.961356928791261056e-02
6.864791829183565508e-02
6.864791817526956497e-02
6.864791802567457579e-02
6.835880362655513687e-02
6.835880362636446994e-02
6.834259614979418251e-02
6.398424026491172922e-02
5.444909286799669290e-02
5.444909286798108039e-02
5.444413598338924271e-02
5.192394907575910434e-02
5.084192423787614601e-02
5.084192066322527209e-02
5.084191983517186153e-02
5.032571522450841883e-02
5.032571521759731520e-02
5.027478413604365148e-02
5.027478412909974770e-02
5.027478412909434924e-02
4.134471433013624936e-02
4.125183567011958541e-02
3.808160566578687456e-02
3.700480058954210699e-02
3.700474729027566217e-02
3.700474474167045336e-02
3.700474474167039785e-02
3.628698079307465796e-02
3.628698050548360976e-02
3.628698044916835869e-02
3.616656156809097689e-02
3.616656156780849452e-02
3.616248563689080514e-02
3.190006612889078469e-02
2.755637573739033036e-02
2.755382830125072471e-02
2.755382830124839325e-02
2.648478705118713708e-02
2.648478705118714055e-02
2.569472811553490457e-02
2.569472303212309849e-02
2.569472272911545868e-02
2.548364390358763554e-02
2.548364388677531664e-02
2.548364388677531664e-02
2.547076431276412006e-02
2.547076431120710166e-02
2.547076431119919132e-02
2.001697709677336193e-02
1.994238195523980600e-02
1.866612641056549990e-02
1.866596217660211610e-02
1.792438053523090491e-02
1.792437968594055853e-02
1.792437968594054812e-02
1.764284495215284396e-02
1.764284452304195130e-02
1.764284452304195130e-02
1.764284451054843467e-02
1.761250190782503652e-02
1.761250190714154507e-02
1.761250190714154507e-02
1.761099711931646272e-02
1.485627643761785500e-02
1.302612707146346381e-02
1.302229570368588184e-02
1.232557396039071600e-02
1.232557396039067263e-02
1.232557396039067263e-02
1.232556616445725645e-02
1.202285971008771465e-02
1.202285964083886147e-02
1.196807042590154399e-02
1.196807039945050992e-02
1.196807039945050992e-02
1.196807039945050992e-02
1.196315124018161070e-02
1.196315123995100697e-02
1.196315123993155032e-02
9.202931248782178150e-03
9.133033146809977840e-03
8.345614327870022262e-03
8.345460627843005741e-03
8.063766791065437103e-03
8.063766569619322186e-03
8.063766569619318716e-03
7.985540958724756874e-03
7.985540563933038460e-03
7.985540563933038460e-03
7.985540561911167942e-03
7.972983492873087288e-03
7.972983491742946169e-03
7.972983491742946169e-03
7.972622569475231250e-03
6.615086536123811201e-03
5.572844956219370587e-03
5.570933761558590630e-03
5.319324760322907339e-03
5.319324760322896063e-03
5.319324760322895196e-03
5.319314690034083158e-03
5.228360492628966738e-03
5.228360479801298123e-03
5.203225904299375523e-03
5.203225878783748586e-03
5.203225878783748586e-03
5.203225878783748586e-03
5.201929471048053963e-03
5.201929470992765724e-03
5.201929470958401719e-03
3.719164232879204699e-03
3.701943548705627883e-03
3.449537915092659984e-03
3.449420795249055760e-03
3.359842269495710507e-03
3.359842218885522157e-03
3.359842218885522157e-03
3.359841437934217665e-03
3.320588945533844549e-03
3.320588945533843681e-03
3.320588945533843681e-03
3.320588945003750351e-03
3.316993526493991484e-03
3.316993525348902686e-03
3.316993525348902686e-03
2.516044742603465965e-03
2.516037643495807469e-03
2.202480303485688986e-03
2.202480303485688986e-03
2.201696004618630947e-03
2.121061206834939407e-03
2.121061206834937238e-03
2.121061206834933769e-03
2.121050293875014359e-03
2.073327155065363570e-03
2.073327151534335670e-03
2.065842005796954088e-03
2.065841962509309352e-03
2.065841962509309352e-03
2.065841962509309352e-03
2.065841962509309352e-03
2.065595340395954844e-03
2.065595340386965507e-03
2.065595340351156477e-03
1.405048998394486329e-03
1.394571562517227291e-03
1.317304284147929406e-03
1.317229067258982511e-03
1.270784133019336277e-03
1.270784119183868783e-03
1.270784119183868783e-03
1.270783361826041940e-03
1.259237282696259270e-03
1.259237282696259270e-03
1.259237282696259053e-03
1.259237282696259053e-03
1.259237282608955625e-03
1.258547229316750969e-03
1.258547227386343529e-03
1.258547227386343529e-03
9.042906995379733142e-04
8.082190286711328454e-04
8.082189081950732698e-04
8.082189081950732698e-04
8.074131123441131682e-04
7.674663251706487221e-04
7.674663251706462285e-04
7.674663251706460116e-04
7.674607339097225733e-04
7.538996131182935890e-04
7.538996125329580980e-04
7.538995678204723225e-04
7.524632502050147831e-04
7.524632502050147831e-04
7.524632502050147831e-04
7.524632502050147831e-04
7.524632502050147831e-04
7.523974622194989220e-04
7.523974621596485769e-04
7.523974621586565319e-04
5.007892475642865271e-04
4.938453654502275060e-04
4.571653089492099019e-04
4.571109951472282322e-04
4.441897352453673007e-04
4.441897327924096504e-04
4.441897327924096504e-04
4.441892984110508598e-04
4.441892984110508598e-04
4.441892984110507514e-04
4.419065596200027839e-04
4.419065596200027839e-04
4.419065596099841053e-04
4.417163779448186542e-04
4.417163759465530604e-04
4.417163759465530604e-04
3.124457291030643892e-04
3.124457291030643892e-04
3.124457291030643892e-04
2.687707480366859688e-04
2.687707323745237549e-04
2.684567622499763333e-04
2.575446435589532116e-04
2.575446435589490916e-04
2.575446435589490916e-04
2.575446435589490916e-04
2.575395763318209601e-04
2.546797467919783599e-04
2.546797467180415722e-04
2.546797182949669686e-04
2.542527778187511980e-04
2.542527778187511980e-04
2.542527778187511980e-04
2.542527778187511980e-04
2.542527778187511980e-04
2.542412380132916326e-04
2.542412379482225887e-04
2.542412379480652710e-04
1.576623330997411858e-04
1.562567430400962920e-04
1.469017976373231159e-04
1.468722056495651795e-04
1.439468397422722669e-04
1.439468393767593085e-04
1.439468393767593085e-04
1.439468393767593085e-04
1.439468393767593085e-04
1.439463705952697976e-04
1.439463705952696349e-04
1.431986575698016495e-04
1.431986575698016495e-04
1.431986575698016495e-04
1.431986562100135535e-04
1.431986562082637054e-04
1.431621754837302039e-04
1.431621754837302039e-04
1.431621754837302039e-04
9.235840030273598559e-05
8.252671243648159697e-05
8.252671243648159697e-05
8.252671047636555397e-05
8.242477354218659944e-05
8.242477354217547282e-05
7.984187992139590222e-05
7.984187992139590222e-05
7.984187992139590222e-05
7.983833207724355533e-05
7.881863868759357930e-05
7.881863867340554704e-05
7.881860657249488585e-05
7.872991695598101879e-05
7.872991695598101879e-05
7.872991695598101879e-05
7.872991695598101879e-05
7.872991695598101879e-05
7.872991690903998429e-05
7.872832520977251862e-05
7.872832520975452087e-05
4.640824547458286052e-05
4.573360755383551934e-05
4.353370588323277724e-05
4.352023219156498968e-05
4.243039757145014563e-05
4.243039749649104339e-05
4.243039749649104339e-05
4.243007391460576467e-05
4.243007391460556138e-05
4.243007391460556138e-05
4.243007391460556138e-05
4.226836455193835570e-05
4.226836455193835570e-05
4.226836455193835570e-05
4.226836296769707262e-05
4.226836296748568707e-05
4.226308194931248054e-05
4.226308194931248054e-05
2.580214725426294311e-05
2.580214725426294311e-05
2.345216988211914653e-05
2.345216988211914653e-05
2.345216939067600072e-05
2.337977036225104535e-05
2.337977036224250048e-05
2.242323379737207911e-05
2.242323379737207911e-05
2.242323379737207572e-05
2.242178659800615292e-05
2.220269775595564338e-05
2.220269775420474835e-05
2.220267541729164035e-05
2.218968280681892248e-05
2.218968280681891909e-05
2.218968280681891909e-05
2.218968280681891909e-05
2.218968280681891909e-05
2.218968280681891909e-05
2.218968275197374582e-05
2.218937679577486267e-05
2.218937679577333462e-05
1.280090555979282121e-05
1.248201554508888260e-05
1.168706122785552905e-05
1.168706122785552905e-05
1.167953059313231000e-05
1.145184470916162962e-05
1.145184469965961910e-05
1.145184469965961910e-05
1.145184469965946325e-05
1.145170816791449792e-05
1.145170816791449792e-05
1.145170816791449792e-05
1.142793908452394853e-05
1.142793908452394853e-05
1.142793908452394853e-05
1.142793798291301959e-05
1.142691805513626619e-05
1.142691805511814646e-05
1.142691805511814646e-05
6.873760298392090624e-06
6.030788579651353196e-06
6.030788579651353196e-06
6.008427780254960640e-06
6.008427780247507597e-06
6.008427729789169629e-06
6.008427729789169629e-06
6.008427729789169629e-06
5.812636530814175905e-06
5.811725594572059021e-06
5.811725594572059021e-06
5.778543549892642419e-06
5.778533760536302606e-06
5.778533760379241522e-06
5.775942691738386577e-06
5.775942691738383189e-06
5.775942691738383189e-06
5.775942691738383189e-06
5.775942691738383189e-06
5.775942691738383189e-06
5.775942691738383189e-06
5.775942652974426036e-06
5.775905420127241937e-06
5.775905420127076765e-06
3.118705982804694629e-06
3.063979268683306544e-06
3.063979268683306544e-06
2.905825516795613820e-06
2.902906440868912068e-06
2.866276152650835426e-06
2.866276152650835426e-06
2.866276151698038556e-06
2.866276151697842892e-06
2.866181303328623606e-06
2.866181303328623606e-06
2.866181303328623606e-06
2.861088820280367601e-06
2.861088820280367601e-06
2.861088820280367601e-06
2.861088313398193868e-06
2.860956065611499750e-06
2.860956065609394449e-06
2.860956065609394449e-06
1.582798953766593430e-06
1.433624805201955957e-06
1.433624805196718328e-06
1.427956955542927528e-06
1.427956955542927528e-06
1.427956955542927528e-06
1.427956950608231738e-06
1.427956950608231738e-06
1.394378016278310488e-06
1.394378016278310488e-06
1.394378016278310488e-06
1.393962323380918478e-06
1.393962323380918478e-06
1.386168731422316155e-06
1.386161508146495920e-06
1.386161508126375711e-06
1.386161508126371900e-06
1.386161508126371900e-06
1.385795684643359159e-06
1.385795684643359159e-06
1.385795684643359159e-06
1.385795684643359159e-06
1.385795665600092118e-06
1.385795665600092118e-06
1.385792032295971347e-06
7.153866911032708554e-07
7.153866911032706436e-07
6.944894196295586447e-07
6.944894196295586447e-07
6.664609714536125886e-07
6.655186628196231298e-07
6.561895215292184143e-07
6.561895215292184143e-07
6.561895215290516547e-07
6.561446003266622349e-07
6.561446001912844529e-07
6.561446001912844529e-07
6.561446001912844529e-07
6.553682714231363672e-07
6.553682714231363672e-07
6.553682714231363672e-07
6.553678758199122682e-07
6.553539425626781714e-07
6.553539425624978592e-07
6.553539425624977533e-07
3.444412318972569697e-07
3.444412318855552624e-07
3.156538126363164105e-07
3.156538126363164105e-07
3.128132689979600333e-07
3.128132689979600333e-07
3.128132682040745919e-07
3.128132682040745919e-07
3.128132682040745919e-07
3.038751777811190864e-07
3.038751777811190864e-07
3.037442194037615976e-07
3.037442194037615976e-07
3.025062016305121191e-07
3.025026886666850467e-07
3.025026886666850467e-07
3.025026886648604848e-07
3.025026886648570437e-07
3.025026886648570437e-07
3.024622733509357654e-07
3.024622733509357654e-07
3.024622579855472968e-07
3.024622579855472968e-07
3.024622579855472968e-07
3.024617617318494949e-07
3.024617617318494949e-07
1.534215068835605982e-07
1.461222621433846394e-07
1.461222621433846659e-07
1.384671772716425118e-07
1.380591473143412948e-07
1.380591473143412948e-07
1.365792524907866218e-07
1.365792524906974716e-07
1.365650260930755742e-07
1.365650260803860412e-07
1.365650260803860412e-07
1.364780071399206696e-07
1.364780071399206696e-07
1.364780071399206696e-07
1.364780071399206696e-07
1.364780071399206696e-07
1.364778142147306870e-07
1.364778142147306870e-07
1.364758807191676846e-07
1.364758807191558526e-07
1.364758807191557996e-07
1.364758807191557996e-07
7.073604604156906868e-08
7.073604603002284494e-08
6.267500371686445237e-08
6.196213038425857868e-08
6.196213038425857868e-08
6.196213031339238771e-08
6.196213031339238771e-08
6.056990369910740245e-08
6.056990369910740245e-08
6.051176363728857763e-08
6.051176363728857763e-08
6.051176363728857763e-08
6.037209069531857498e-08
6.037097763965999955e-08
6.037097763965999955e-08
6.037097763965813343e-08
6.037097763965813343e-08
6.037097763953630627e-08
6.036532923062448012e-08
6.036532176563936559e-08
6.036532176563936559e-08
6.036532176563936559e-08
6.036532176563936559e-08
6.036532176563936559e-08
6.036527792232036948e-08
2.873709786268909628e-08
2.766960868197895544e-08
2.766960868197895875e-08
2.649794346431871754e-08
2.638483299910097782e-08
2.638483299910097782e-08
2.638483299902396730e-08
2.621267326324452523e-08
2.620613225945424411e-08
2.620613225945424411e-08
2.620613225855895345e-08
2.620613225855895345e-08
2.619357239505716787e-08
2.619357239505716787e-08
2.619357239505716787e-08
2.619351018352866898e-08
2.619351018352866898e-08
2.619351018352866898e-08
2.619351018352866898e-08
2.619333481144069456e-08
2.619333481144067140e-08
2.619333481143973172e-08
2.619333481143973172e-08
2.619333460439721188e-08
1.259175689672306093e-08
1.259175689672306093e-08
1.148513307521365969e-08
1.134668985566478614e-08
1.134668985050050071e-08
1.117482463314132325e-08
1.115723801518075610e-08
1.115723801518075610e-08
1.115723801518075610e-08
1.115723801518075610e-08
1.115723801518075610e-08
1.113563327298441536e-08
1.113509748926880701e-08
1.113509748926880701e-08
1.113509748926718573e-08
1.113509748926718573e-08
1.113509748925680131e-08
1.113455272441995967e-08
1.113455020418915761e-08
1.113455020418915761e-08
1.113455020418915761e-08
1.113455020418915761e-08
1.113455020418915761e-08
1.113454716884275466e-08
5.607330510175262521e-09
4.839263315188576167e-09
4.839263315188576167e-09
4.686595674157182153e-09
4.660795511523939172e-09
4.660795511523939172e-09
4.660795511481296357e-09
4.631676203026216183e-09
4.629594304641063567e-09
4.629594304641063567e-09
4.629594304641063567e-09
4.629594304556421483e-09
4.628279330942218461e-09
4.628279330942218461e-09
4.628247504997701646e-09
4.628247504997701646e-09
4.628247504997701646e-09
4.628247504997701646e-09
4.628247504997701646e-09
4.628247504997680139e-09
4.628234377324110343e-09
4.628234377324054921e-09
4.628234377324054921e-09
4.628234302808286015e-09
4.628234302808286015e-09
2.138268015320125771e-09
2.028362031456506612e-09
1.916359513848527983e-09
1.911617936837632256e-09
1.880751781895364239e-09
1.880751781427608078e-09
1.880751781427608078e-09
1.880751781427608078e-09
1.880751781427608078e-09
1.880751781427608078e-09
1.880751781427608078e-09
1.878313932732553756e-09
1.878135022133720697e-09
1.878135022132762822e-09
1.878135022132762822e-09
1.878135022132093219e-09
1.878091136961072625e-09
1.878089772587917765e-09
1.878089772587917765e-09
1.878089772587917765e-09
1.878089772587917765e-09
1.878089772587917765e-09
1.878089772587917765e-09
1.878089487470341973e-09
8.978523529239036372e-10
7.871140018998860265e-10
7.745555940359674041e-10
7.745555940359674041e-10
7.475976816297803000e-10
7.475976816297803000e-10
7.475976816297803000e-10
7.475976816132728769e-10
7.475976816132728769e-10
7.470893187543435687e-10
7.436750050607708300e-10
7.436750050607708300e-10
7.436750050549604032e-10
7.435640252602405391e-10
7.435640252602405391e-10
7.435531001670720143e-10
7.435531001670720143e-10
7.435531001670720143e-10
7.435531001670720143e-10
7.435531001670720143e-10
7.435531001670588828e-10
7.435518088937720548e-10
7.435518088937720548e-10
7.435518088937692631e-10
7.435518088937692631e-10
7.435517671729223909e-10
3.410436189026462648e-10
3.148121001941610229e-10
2.929668738539813890e-10
2.915025491732441577e-10
2.878652163122468143e-10
2.878652162784159027e-10
2.878652162784159027e-10
2.878652162784159027e-10
2.878652162784159027e-10
2.878652162784159027e-10
2.878228098889471265e-10
2.876137912870830872e-10
2.876137912870830872e-10
2.876137912867010332e-10
2.876137912867010332e-10
2.876137912866670154e-10
2.876094019985482526e-10
2.876089318452803448e-10
2.876089318452803448e-10
2.876089318452803448e-10
2.876089318452803448e-10
2.876089318452803448e-10
1.366507740798396880e-10
1.366507740798396880e-10
1.148796528548533723e-10
1.148796526646467577e-10
1.148796526646467577e-10
1.125472708393673895e-10
1.094272718020847269e-10
1.094272718020847269e-10
1.094272717930636761e-10
1.094272717930636761e-10
1.094272717930636761e-10
1.092680913248409910e-10
1.092680913248409910e-10
1.089727044960109151e-10
1.089727044957088133e-10
1.089727044957088133e-10
1.089701351996319822e-10
1.089589337152214474e-10
1.089589337152214474e-10
1.089589337152214474e-10
1.089589337152161871e-10
1.089589337152161871e-10
1.089589337152161871e-10
1.089589337152161871e-10
1.089589337152161871e-10
1.089588486431297064e-10
1.089588343141436319e-10
1.089588343141434639e-10
4.660869061092729634e-11
4.359393891732511426e-11
4.112794175129124867e-11
4.083671381194443085e-11
4.051262130106578530e-11
4.051262129917643370e-11
4.051262129917643370e-11
4.051262129917643370e-11
4.051262129917643370e-11
4.049898609879319059e-11
4.049898609879319059e-11
4.049898609857396834e-11
4.047718027999787732e-11
4.047718027999787732e-11
4.047718027999787732e-11
4.047718027999787732e-11
4.047718027999589984e-11
4.047706801833843198e-11
4.047677078478374996e-11
4.047677078478374996e-11
4.047677078478374996e-11
4.047677078478374996e-11
1.766084740495214770e-11
1.766084740495214770e-11
1.543386134102908066e-11
1.543386134102908066e-11
1.543386132984385394e-11
1.543386132984385394e-11
1.543386132984385394e-11
1.509671024863215421e-11
1.480313125061036848e-11
1.480313124728715745e-11
1.480313124728715745e-11
1.480313124728715745e-11
1.480313124728715745e-11
1.476900849110954420e-11
1.473601393481769458e-11
1.473601393481769458e-11
1.473601393479876637e-11
1.473515007126239240e-11
1.473434376246475774e-11
1.473434376246158472e-11
1.473434376246158472e-11
1.473434376246158472e-11
1.473434376246158472e-11
1.473434376246158472e-11
1.473434376246158472e-11
1.473434376246158472e-11
1.473433923858893962e-11
1.473433566158004139e-11
1.473433566158003170e-11
6.214838775777078329e-12
5.583830819853033953e-12
5.340176259454153604e-12
5.291740598501588342e-12
5.291740598501588342e-12
5.252229763618187025e-12
5.252229763485220164e-12
5.252229763485220164e-12
5.249137701127251964e-12
5.249137701127251964e-12
5.249137701041144401e-12
5.249137701041144401e-12
5.249137701041144401e-12
5.247435568833427477e-12
5.247435568833427477e-12
5.247435568833427477e-12
5.247435568833427477e-12
5.247435568833427477e-12
5.247435568833427477e-12
5.247395479125044146e-12
5.247395479125044146e-12
5.247395479124956096e-12
5.247378422586228914e-12
5.247378422586199834e-12
5.247378422586199834e-12
2.212922743944168526e-12
1.954355269704133914e-12
1.954355269704133914e-12
1.872496349891943334e-12
1.872496349150220819e-12
1.872496349150220819e-12
1.872496348042345270e-12
1.872496348042345270e-12
1.833810477232787574e-12
1.833810477232787574e-12
1.833810477232787574e-12
1.827911654600939092e-12
1.827911654600939092e-12
1.825137837167772277e-12
1.825137837167772277e-12
1.824931876607998975e-12
1.824931876607075667e-12
1.824882181501231516e-12
1.824882181499912389e-12
1.824882181499912389e-12
1.824882181499912389e-12
1.824882181499912389e-12
1.824882181499912389e-12
1.824882181499912389e-12
1.824880832173546821e-12
1.824880832173546821e-12
1.824880525609420970e-12
1.824880525609420566e-12
7.841398174577541783e-13
6.695898984828067878e-13
6.343418749930369942e-13
6.231099899789097942e-13
6.231099899789097942e-13
6.231099899789097942e-13
6.196416034366685581e-13
6.196416034296912412e-13
6.196416034296912412e-13
6.196416034043313699e-13
6.190962911382818641e-13
6.190962911382818641e-13
6.190962911382818641e-13
6.190962911382818641e-13
6.189864507575949941e-13
6.189864507575949941e-13
6.189864507575949941e-13
6.189864507575949941e-13
6.189864507575949941e-13
6.189766279333853340e-13
6.189766279333853340e-13
6.189754197473981004e-13
6.189754197473947683e-13
6.189754197473947683e-13
6.189754197473816416e-13
2.617535849919036870e-13
2.224011888257387057e-13
2.099287382321982490e-13
2.099287378076647886e-13
2.099287378076647886e-13
2.099287377670739191e-13
2.099287377670739191e-13
2.099287377670739191e-13
2.064702808456473822e-13
2.064702808456473822e-13
2.051309989674639517e-13
2.051309989674639517e-13
2.051309989674639517e-13
2.049488347451546997e-13
2.049488347451546997e-13
2.049126007360709834e-13
2.049126007360344560e-13
2.049090196955694709e-13
2.049090196951802911e-13
2.049090196951802911e-13
2.049090196951802911e-13
2.049090196951802911e-13
2.049090196951802911e-13
2.049086880189749358e-13
2.049086880189749358e-13
2.049086730735204103e-13
2.049086730735204103e-13
2.049086730735204103e-13
8.279916885715405432e-14
8.279916885715405432e-14
7.152797618439850603e-14
7.152797618439850603e-14
6.840545080192343924e-14
6.840545080192343924e-14
6.673332840652422394e-14
6.650258060609262192e-14
6.650258060609262192e-14
6.650258060609262192e-14
6.650258059608450139e-14
6.638050540785117995e-14
6.638050540756764441e-14
6.637250301504807978e-14
6.637250301504807978e-14
6.637250301504807978e-14
6.637250301504807978e-14
6.637250301504807978e-14
6.637250301504807978e-14
6.637250301504807978e-14
6.637078419661981594e-14
6.637072479748836249e-14
6.637072479748822365e-14
6.637072479748822365e-14
6.637072479748822365e-14
6.637072479748434877e-14
2.603637029959746541e-14
2.292112672727913272e-14
2.292112657039943104e-14
2.154422730492363266e-14
2.154422730492363266e-14
2.154422730317559263e-14
2.154422730317559263e-14
2.130589803355935117e-14
2.130589803355935117e-14
2.130589803355935117e-14
2.110482395767678780e-14
2.110482395767678780e-14
2.110482395767678780e-14
2.109107674883078679e-14
2.109107674883078679e-14
2.108286412887325462e-14
2.108286412887171792e-14
2.108286412871555185e-14
2.108286412871555185e-14
2.108268275796401621e-14
2.108268275796401621e-14
2.108262381905060699e-14
2.108262381905060699e-14
2.108262381905060699e-14
2.108262381905060699e-14
2.108262381905060699e-14
2.108262323874221613e-14
2.108262323874221613e-14
8.788023057197801001e-15
8.788023057197801001e-15
7.034818688086072409e-15
7.034818688086072409e-15
7.034818688086072409e-15
6.809973191232533550e-15
6.610184760414467905e-15
6.610184760414467905e-15
6.610184760414467905e-15
6.591469852212954248e-15
6.591469849542403704e-15
6.572444605057837626e-15
6.572444605044849031e-15
6.572444605044849031e-15
6.572012897890116117e-15
6.572012897890116117e-15
6.572012897890116117e-15
6.572012897890116117e-15
6.571605988005085391e-15
6.571605988005085391e-15
6.571605988005085391e-15
6.571605988005085391e-15
6.571603544472951660e-15
6.571603544472946927e-15
6.571603544471321874e-15
6.571603544471321874e-15
2.578604690417231763e-15
2.578604618637814798e-15
2.578604618637814798e-15
2.294231967108720898e-15
2.056412996040277654e-15
2.056412996040277654e-15
2.056412995949486469e-15
2.035227607811367124e-15
2.009991696470016894e-15
2.009991696470016894e-15
2.009991696470016894e-15
2.009991696470016894e-15
2.009991696470016894e-15
2.009185580108287155e-15
2.007833010707993964e-15
2.007833010707993964e-15
2.007833010707993964e-15
2.007833010663928194e-15
2.007833010663928194e-15
2.007833010663875735e-15
2.007824952574986603e-15
2.007824952574986603e-15
2.007824952574986603e-15
2.007810143434657935e-15
2.007810143434657935e-15
2.007810143434657935e-15
2.007810143434657935e-15
2.007810143434657935e-15
2.007810143434657935e-15
2.007810117006801952e-15
9.014089471036510183e-16
6.614127188125742583e-16
6.614127188125742583e-16
6.614127188125742583e-16
6.377141093960651622e-16
6.036331104668612364e-16
6.036331104668612364e-16
6.036331104668609406e-16
6.036331098839545586e-16
6.024467736695498416e-16
5.999630914938160268e-16
5.999630914938160268e-16
5.999630914938160268e-16
5.999630914933323565e-16
5.999630914933323565e-16
5.999424780546672224e-16
5.999424780546672224e-16
5.998720954916983242e-16
5.998720954916983242e-16
5.998720954916983242e-16
5.998720954916983242e-16
5.998720954916983242e-16
5.998720954912153441e-16
5.998719763789900607e-16
5.998719763789898635e-16
5.998719763789898635e-16
5.998719763789898635e-16
5.998715844977168135e-16
2.434555293434734029e-16
2.434555293434734029e-16
1.955483141960554088e-16
1.807454376635597445e-16
1.792884595864860226e-16
1.750750349198225527e-16
1.750750349165330767e-16
1.750750349165330767e-16
1.750750349165330767e-16
1.750750349165330767e-16
1.750346639479802042e-16
1.750346639479802042e-16
1.748549601022519195e-16
1.748549601022519195e-16
1.748549600925607386e-16
1.748549600925607386e-16
1.748549600925607386e-16
1.748549600925607386e-16
1.748549600925591116e-16
1.748545494572968940e-16
1.748545494572968940e-16
1.748519199561199531e-16
1.748519199561199531e-16
1.748519199561199531e-16
1.748519199561199531e-16
1.748519199561199531e-16
1.748519199561199531e-16
1.748519190047545642e-16
7.016452607636947265e-17
5.583910850853952427e-17
5.583910850853952427e-17
5.137714889266771143e-17
5.018365599360090098e-17
5.018365599360083319e-17
5.018365599360083319e-17
5.018365599360083319e-17
5.018365582678517538e-17
4.977830793090814023e-17
4.977830793090814023e-17
4.971880903986423637e-17
4.971880903986423637e-17
4.971880903986423637e-17
4.971880903984914325e-17
4.971773844463067790e-17
4.970841530111290377e-17
4.970841530111290377e-17
4.970841530111290377e-17
4.970841530111290377e-17
4.970841530111290377e-17
4.970841530100654929e-17
4.970841530100654929e-17
4.970841093953691976e-17
4.970841093953691976e-17
4.970841093953691976e-17
4.970834114412734870e-17
4.970834114412734870e-17
4.970834114412734870e-17
1.904562219218702211e-17
1.537692412813838467e-17
1.440005962616830685e-17
1.392128224168133987e-17
1.385336448097519888e-17
1.385336448086808328e-17
1.385336448086808328e-17
1.385336448086808328e-17
1.385336448086808328e-17
1.382460935206888685e-17
1.382249141376085275e-17
1.382249141376085275e-17
1.382249141376085275e-17
1.382249141376085275e-17
1.382249141104517905e-17
1.382249141104517905e-17
1.382249141104517905e-17
1.382249141104517905e-17
1.382249141104517905e-17
1.382249141104513283e-17
1.382247619924833771e-17
1.382247619924833771e-17
1.382212952191449129e-17
1.382212952191449129e-17
1.382212952191449129e-17
1.382212952191449129e-17
5.134988487019160006e-18
4.266607813207600747e-18
4.266607813207600747e-18
4.266607812299006318e-18
4.266607812299006318e-18
4.266607812298980125e-18
3.889405297379562613e-18
3.825735093749648467e-18
3.825735062030391944e-18
3.825735062030391944e-18
3.825735062030391944e-18
3.825735062030391944e-18
3.780718359791784341e-18
3.780718359791784341e-18
3.777465644024390065e-18
3.777465644023927841e-18
3.777465644023927841e-18
3.777465644023927841e-18
3.775954238311481256e-18
3.775913230888069012e-18
3.775913230888069012e-18
3.775913230888069012e-18
3.775913230857771053e-18
3.775913230857771053e-18
3.775913230857771053e-18
3.775913230857771053e-18
3.775913230857771053e-18
3.775913097888963835e-18
3.775903732273121577e-18
3.775903732273121577e-18
1.524664827277166849e-18
1.122056202014005175e-18
1.067450650808669133e-18
1.067450650808669133e-18
1.023885443244980539e-18
1.019890620640730961e-18
1.019890620637127739e-18
1.019890620637127739e-18
1.019890620637127739e-18
1.019890620637127739e-18
1.019890620637127739e-18
1.019890620637127739e-18
1.019890620637127739e-18
1.016564325215259546e-18
1.016564324682893027e-18
1.016564324682892835e-18
1.016477473359015669e-18
1.016477473359015669e-18
1.016477473359015669e-18
1.016477473359015669e-18
1.016477473359015669e-18
1.016477473359015669e-18
1.016418628306959031e-18
1.016418628306958068e-18
1.016418134576326356e-18
1.016418134576326356e-18
1.016418134576326356e-18
3.833265320182940569e-19
3.833265320182758087e-19
3.241469270750478858e-19
3.241469270750478858e-19
3.241469270348131870e-19
2.784008985912371938e-19
2.784008985912371938e-19
2.784008985912371938e-19
2.784008985912371938e-19
2.784008932084746589e-19
2.742971298157156169e-19
2.742971298157156169e-19
2.742971298157156169e-19
2.699677572938707224e-19
2.699677572938707224e-19
2.698221932358500632e-19
2.698221932358500632e-19
2.698221932358378817e-19
2.696367090058521339e-19
2.696367090058521339e-19
2.696352642179969925e-19
2.696352642116958793e-19
2.696352642116958793e-19
2.696352642116958793e-19
2.696352642116958793e-19
2.696352642116958793e-19
2.696352642116958793e-19
2.696335715225945131e-19
2.696335671218024123e-19
2.696335671218024123e-19
2.696335671218024123e-19
1.189841936974618547e-19
8.027893235639459108e-20
7.619821326145161495e-20
7.086268847288899826e-20
7.086268847288899826e-20
7.086268847288899826e-20
7.086268847288899826e-20
7.086268847288899826e-20
7.086268847288899826e-20
7.066877095988833124e-20
7.066877095978371713e-20
7.066877095978371713e-20
7.066877095978366898e-20
7.033361450421921153e-20
7.033361441590571800e-20
7.033361441590571800e-20
7.033361441590571800e-20
7.033030798034491361e-20
7.033030798034491361e-20
7.033030798034491361e-20
7.033030798034491361e-20
7.033030798034491361e-20
7.032268863648708020e-20
7.032268863648708020e-20
7.032267105174503586e-20
7.032267105174503586e-20
7.032267105174499975e-20
7.032267105169326446e-20
7.032267105169326446e-20
2.773817802170503924e-20
2.295777566831535885e-20
1.874605412871035458e-20
1.874605295729324259e-20
1.874605295653214216e-20
1.874605295653214216e-20
1.874605295653214216e-20
1.853065543519946284e-20
1.853065543519946284e-20
1.853065543519946284e-20
1.800162121966814712e-20
1.800162121966814712e-20
1.800162121966814712e-20
1.799576767188131958e-20
1.799576767188131958e-20
1.797658441859346300e-20
1.797658441859317411e-20
1.797653020822440931e-20
1.797653020715239758e-20
1.797653020715239758e-20
1.797653020715239758e-20
1.797653020715239758e-20
1.797653020715239758e-20
1.797653020715239758e-20
1.797630368414324730e-20
1.797630368414324730e-20
1.797630356137879115e-20
1.797630356137879115e-20
7.888273603288274739e-21
5.246259264897740759e-21
5.246259264897740759e-21
5.246259264897740759e-21
5.246259264897740759e-21
5.024145391888844121e-21
5.024145391888844121e-21
5.024145391888844121e-21
5.024145391888844121e-21
4.549603693178315768e-21
4.549603693178315768e-21
4.549603693178315768e-21
4.541502874209466456e-21
4.541502874209455923e-21
4.541502855162085510e-21
4.541502855159423814e-21
4.500969313566256737e-21
4.500969313566256737e-21
4.500841458004170382e-21
4.500841458004170382e-21
4.500841458004170382e-21
4.500841458004170382e-21
4.500841458004170382e-21
4.500841458004170382e-21
4.500841458004170382e-21
4.500047202972443807e-21
4.500046698367211953e-21
4.500046698367211953e-21
4.500046698367211953e-21
4.500046698367211953e-21
4.500046698358321830e-21
1.705031146323909608e-21
1.462365166812344235e-21
1.462364835932110073e-21
1.165336508414800861e-21
1.165336508414800861e-21
1.165336508394414968e-21
1.156006452688183253e-21
1.156006452688183253e-21
1.156006452688183253e-21
1.110009480555634618e-21
1.110009480555634618e-21
1.110009480555634618e-21
1.110009480555634618e-21
1.109776466531913576e-21
1.109776466531913576e-21
1.107458666947811586e-21
1.107458666947805003e-21
1.107458666722106514e-21
1.107458666722106514e-21
1.107457070469276128e-21
1.107457070469276128e-21
1.107457070469276128e-21
1.107433255114404628e-21
1.107433255114404628e-21
1.107433255114404628e-21
1.107433255114404628e-21
1.107433255114404628e-21
1.107433255114404628e-21
1.107433255114404628e-21
1.107433255114404628e-21
1.107433252164849313e-21
5.374268249639702740e-22
3.181982273868965558e-22
3.181982273868965558e-22
3.181982273868965558e-22
3.181982273868965558e-22
3.181982273868965558e-22
3.082275536510748675e-22
2.739447751056279177e-22
2.739447751056259899e-22
2.736039213379142223e-22
2.736039213379142223e-22
2.736039184775513748e-22
2.736039184775513748e-22
2.700281651594003684e-22
2.700281651593382552e-22
2.700242125609097610e-22
2.700242125609097610e-22
2.700242125609097610e-22
2.700242125609097610e-22
2.700242125609097610e-22
2.699255808019032240e-22
2.699255808019032240e-22
2.699255808019032240e-22
2.699255681077167368e-22
2.699255681077167368e-22
2.699255681077167368e-22
2.699255681057911360e-22
2.699255681057911360e-22
1.099016413913653088e-22
1.099015717048407246e-22
1.099015717048407246e-22
9.640600198412586759e-23
6.975380059310580338e-23
6.975380059310580338e-23
6.932454020668951286e-23
6.932454020615306425e-23
6.584027040651172191e-23
6.584027040651172191e-23
6.584027040651172191e-23
6.584027040651172191e-23
6.584027040651172191e-23
6.583244970060475284e-23
6.561662306113524549e-23
6.561662306113524549e-23
6.561662306113524549e-23
6.561662302577059198e-23
6.561662302577059198e-23
6.561662302577045092e-23
6.561657962203856307e-23
6.561657962203856307e-23
6.561657962203856307e-23
6.561343674693994099e-23
6.561343674693994099e-23
6.561343674693994099e-23
6.561343674693994099e-23
6.561343674693994099e-23
6.561343674693994099e-23
6.561343674693994099e-23
6.561343674693994099e-23
6.561343674693994099e-23
6.561343667535865918e-23
2.519250155696115421e-23
2.003342696013742763e-23
1.947334556666403059e-23
1.627421311174689899e-23
1.627421311174689899e-23
1.627421311174689899e-23
1.627421311174689899e-23
1.627421311174637884e-23
1.627421272771684718e-23
1.626150103855692369e-23
1.597159610253066368e-23
1.597159610253066368e-23
1.597159610253066368e-23
1.597159610252930011e-23
1.597159610252930011e-23
1.597147755935042193e-23
1.596156140065709773e-23
1.596156140065709773e-23
1.596156140065709773e-23
1.596156140065709773e-23
1.596156140065709773e-23
1.596156140065709773e-23
1.596156140033149755e-23
1.596156106155452816e-23
1.596156106155452816e-23
1.596156106155452816e-23
1.596148596166465365e-23
1.596148596166465365e-23
7.153868417156707474e-24
7.153868417156707474e-24
4.583790062010677108e-24
4.262656270754322261e-24
3.921768463286995828e-24
3.906433054236823266e-24
3.906433054225249790e-24
3.906433054225249790e-24
3.906433054225249790e-24
3.906174008192338597e-24
3.906174008192338597e-24
3.887384545247529959e-24
3.887384545247529959e-24
3.887384545247529959e-24
3.887384540229797875e-24
3.887384540229794936e-24
3.887384540229794936e-24
3.887384540229794936e-24
3.887384540229794936e-24
3.887384540229794936e-24
3.887384540229791998e-24
3.887383265630037757e-24
3.887383265630037757e-24
3.887383265630037757e-24
3.887041375671418389e-24
3.887041375671418389e-24
3.887041375671418389e-24
3.887041375671418389e-24
3.887041375671418389e-24
1.575066692363233019e-24
1.575066692363233019e-24
1.255042613734547322e-24
1.255042613589630358e-24
1.255042613589630358e-24
1.255042613589630358e-24
9.936803818372640590e-25
9.776131765894639712e-25
9.776131765893526666e-25
9.776131765893526666e-25
9.776131072175465733e-25
9.776131072175465733e-25
9.483834185672259659e-25
9.479463837341607981e-25
9.479463837341607981e-25
9.479463837341607981e-25
9.479463837341314108e-25
9.479463837341314108e-25
9.479425992872065964e-25
9.470230898035231227e-25
9.470230898035231227e-25
9.470230898035231227e-25
9.470230898035231227e-25
9.470230898035231227e-25
9.470230897543428267e-25
9.470230897543428267e-25
9.470230813546504966e-25
9.470230813546504966e-25
9.470230813546504966e-25
9.470143253359840423e-25
9.470143253359840423e-25
4.401911366564769359e-25
2.762596199697055399e-25
2.608249394703497683e-25
2.608249394703497683e-25
2.338123368489222312e-25
2.332201148989978190e-25
2.332201148987263073e-25
2.332201148987263073e-25
2.332201148987263073e-25
2.332201148987263073e-25
2.312448572322908851e-25
2.312360776885990675e-25
2.312360767649232032e-25
2.312360767649232032e-25
2.312360767649226522e-25
2.312360767649226522e-25
2.312360767649226522e-25
2.312360767649226522e-25
2.312360767649226522e-25
2.312360767649226522e-25
2.312360767649226522e-25
2.312360767649226522e-25
2.312360767649226063e-25
2.312360428153764961e-25
2.312024850137246605e-25
2.312024850137246605e-25
2.312024850137246605e-25
2.312024850137246605e-25
2.312024850137246605e-25
9.401661352189183186e-26
7.825796446056535806e-26
7.825796446056535806e-26
7.825796446052854350e-26
7.825796445670298668e-26
7.825796445670298668e-26
6.012281088946907886e-26
6.012281088946907886e-26
5.945097020569132514e-26
5.945096037505492477e-26
5.945096037505492477e-26
5.945096037505492477e-26
5.703694646905333375e-26
5.703694646905333375e-26
5.703694646905333375e-26
5.702080352904604718e-26
5.702080352904541581e-26
5.702080352904541581e-26
5.691842664993674251e-26
5.691842664993674251e-26
5.691831818371002219e-26
5.691831817411118098e-26
5.691831817411118098e-26
5.691831817411118098e-26
5.691831817411118098e-26
5.691831817411118098e-26
5.691831817411118098e-26
5.691831797340336103e-26
5.691740054797052823e-26
5.691740054797052823e-26
5.691740054797052823e-26
2.962955052013282282e-26
1.719987286761183528e-26
1.649027993598015997e-26
1.446934423355167412e-26
1.446934423355167412e-26
1.444519425084137664e-26
1.444519425084137664e-26
1.444519425083492520e-26
1.444519425083492520e-26
1.444519425083492520e-26
1.444519425083492520e-26
1.426947986363571938e-26
1.426947972561001070e-26
1.426947972560990165e-26
1.426947972560990165e-26
1.426947972560990165e-26
1.426947972560990165e-26
1.426947972560990165e-26
1.426920198487179322e-26
1.426920198487179322e-26
1.426920198487179322e-26
1.426920198487179322e-26
1.426920198487179322e-26
1.426513213945571752e-26
1.426513213945571752e-26
1.426513124570382687e-26
1.426513124570382687e-26
1.426513124570382687e-26
1.426513124570382687e-26
1.426513124562955778e-26
6.348183222136275586e-27
5.468966110107624038e-27
3.912599180171949173e-27
3.912599180171949173e-27
3.912599180112702363e-27
3.912597817538394039e-27
3.912597817538394039e-27
3.912597817538394039e-27
3.881368036081664588e-27
3.881368036081664588e-27
3.881368036081664588e-27
3.682033549369573842e-27
3.682033549369573842e-27
3.681455638582693717e-27
3.681455638582693717e-27
3.681455638582693717e-27
3.671291349109844031e-27
3.671291349109829682e-27
3.671288116736948943e-27
3.671288115134911716e-27
3.671288115134911716e-27
3.671288115134910998e-27
3.671288115134910998e-27
3.671288115134910998e-27
3.671288115134910998e-27
3.671288115134910998e-27
3.671163105825857071e-27
3.671163100629526322e-27
3.671163100629526322e-27
2.157902718537836319e-27
1.224456629867999758e-27
1.224456629867999758e-27
1.184187487985538604e-27
9.924002460650304168e-28
9.924002460650304168e-28
9.924002460650304168e-28
9.924002460650304168e-28
9.924002460650304168e-28
9.924002460650304168e-28
9.914017036988842293e-28
9.914017036988842293e-28
9.914017036988842293e-28
9.914017036988533783e-28
9.914017036986942804e-28
9.750019915217739613e-28
9.750019706823937584e-28
9.750019706823937584e-28
9.749924480046806391e-28
9.749924480046806391e-28
9.749924480046806391e-28
9.749924480046806391e-28
9.749924480046806391e-28
9.749924480046806391e-28
9.749924480046806391e-28
9.745311854595335035e-28
9.745311854595335035e-28
9.745311588173960004e-28
9.745311588173960004e-28
9.745311588173960004e-28
9.745311588032228417e-28
9.745311588032228417e-28
4.801465609375746890e-28
4.229902070062364562e-28
2.907388913158333381e-28
2.907386312568459200e-28
2.907386312568459200e-28
2.907386312551072337e-28
2.892013487207949342e-28
2.892013487207949342e-28
2.892013487207949342e-28
2.681512073340857766e-28
2.681512073340857766e-28
2.681512073340857766e-28
2.681512073340857766e-28
2.681283391777596103e-28
2.681283391777596103e-28
2.670456846239719267e-28
2.670456846239716128e-28
2.670456843474691486e-28
2.670455732064674047e-28
2.670455732064674047e-28
2.670455732064672254e-28
2.670293026283382081e-28
2.670293026283382081e-28
2.670293026283382081e-28
2.670293026283382081e-28
2.670293024844884860e-28
2.670293024844884860e-28
2.670293024844884860e-28
1.704292576000866468e-28
9.781588291580811814e-29
9.781588291580811814e-29
9.781588291580811814e-29
9.781588291580811814e-29
9.781588291580811814e-29
9.781588291580811814e-29
9.550239978017140504e-29
7.749617212687648581e-29
7.749617212687648581e-29
7.749617212687648581e-29
7.745034503776052043e-29
7.745034503775256105e-29
7.745034048172552718e-29
7.551012230862339418e-29
7.551012230862339418e-29
7.551012230861935844e-29
7.551012230861935844e-29
7.550974731381186200e-29
7.550974731381186200e-29
7.550974731381186200e-29
7.550974731381186200e-29
7.550974731381186200e-29
7.545376783575118020e-29
7.545376783575118020e-29
7.545376783575118020e-29
7.545376699064499285e-29
7.545376699064499285e-29
7.545376699064499285e-29
7.545376698785338210e-29
7.545376698785338210e-29
3.981995998895656423e-29
3.981983698442424009e-29
3.620397660080921468e-29
3.620397660080921468e-29
2.439833163419867047e-29
2.431648439818675676e-29
2.431648439818675676e-29
2.431648439813337009e-29
2.213274774838765690e-29
2.213274774838765690e-29
2.213274774838765690e-29
2.213274774838765690e-29
2.213171946204318540e-29
2.213171946204318540e-29
2.198747315263809869e-29
2.198747308760095869e-29
2.198747308760095869e-29
2.198747308760095869e-29
2.198747308760091946e-29
2.198747308760091105e-29
2.198746907560681552e-29
2.198522716317294955e-29
2.198522716317294955e-29
2.198522716317294955e-29
2.198522716317294955e-29
2.198522716317294955e-29
2.198522716317294955e-29
2.198522716317294955e-29
2.198522716317294955e-29
2.198522715891635973e-29
2.198522715891635973e-29
2.198522715891635973e-29
1.055418094438082698e-29
8.799056224540842568e-30
8.799056224540842568e-30
8.656696598312003085e-30
6.857402295079743658e-30
6.857402295079743658e-30
6.857402295079743658e-30
6.857402295077668335e-30
6.857402295077668335e-30
6.857402295077668335e-30
6.857401397622553468e-30
6.855027402774913487e-30
6.629481440623995117e-30
6.629481440623892822e-30
6.629481440623892822e-30
6.629481440623892822e-30
6.629466000618758030e-30
6.620998008278244274e-30
6.620998008278244274e-30
6.620998008278244274e-30
6.620998008278244274e-30
6.620998008278244274e-30
6.620998008278244274e-30
6.620998007531083143e-30
6.620997979020851732e-30
6.620997979020851732e-30
6.620997979020851732e-30
6.620928514974807956e-30
3.889201977573322595e-30
2.447628257628162727e-30
2.339342742811272926e-30
2.339342742811272926e-30
2.091865815116141143e-30
2.087879166373207260e-30
2.087879166371906504e-30
2.087879166371906504e-30
2.087879166371906504e-30
2.087830220899257986e-30
2.068672047177713375e-30
2.068672047177713375e-30
2.068672047177713375e-30
2.068672047177713375e-30
2.068672032711626580e-30
2.068672032711614319e-30
2.068672032711614319e-30
2.068672032711614319e-30
2.068672032711614319e-30
2.068671876839827566e-30
2.068671876839827566e-30
2.068281862323979489e-30
2.068281862323979489e-30
2.068281862323979489e-30
2.068281862323979489e-30
2.068281862323979489e-30
2.068281862323979489e-30
2.068281862323979489e-30
1.081356296308356257e-30
9.367553053639620712e-31
9.367553053384722769e-31
9.367553053384722769e-31
9.367553053384722769e-31
9.367553053384722769e-31
7.086703586691941436e-31
7.025151416032540301e-31
7.025151416024946139e-31
7.025151416024946139e-31
7.025149489810598203e-31
7.025149489810598203e-31
6.732602727434499035e-31
6.731378100012587631e-31
6.731378100012587631e-31
6.731378100012587631e-31
6.731378100012569239e-31
6.731371108179535632e-31
6.718313033425009056e-31
6.718313033425009056e-31
6.718313033425009056e-31
6.718313033425009056e-31
6.718313031491437880e-31
6.718313031491437880e-31
6.718313021796911785e-31
6.718313021796911785e-31
6.718313021796910909e-31
6.718172366288067072e-31
6.718172366288067072e-31
6.718172366288067072e-31
4.367685149334886443e-31
2.741853457596797402e-31
2.650882429545402520e-31
2.301205359473653269e-31
2.298621622851643208e-31
2.298621622851356818e-31
2.298621622851356818e-31
2.269781641332372337e-31
2.269781641332372337e-31
2.269781641332372337e-31
2.269756227518699003e-31
2.269756191910700468e-31
2.269756191910649671e-31
2.269756191910649671e-31
2.269756191910649671e-31
2.269756191910649671e-31
2.269756191910649671e-31
2.269756191910649671e-31
2.269756191910649671e-31
2.269756191910649671e-31
2.269053443890416658e-31
2.269053381933785582e-31
2.269053381933785582e-31
2.269053381933785582e-31
2.269053381933785582e-31
2.269053381933785582e-31
2.269053381933785582e-31
1.291975258623651132e-31
1.151459629666242357e-31
1.151459629666242357e-31
1.151459629661111634e-31
8.499681523166141880e-32
8.499681523128060499e-32
8.499681523128060499e-32
8.499681523128060499e-32
8.452155230586303865e-32
8.452149743355976949e-32
8.452149743355976949e-32
8.452149743355976949e-32
7.979361192412066314e-32
7.979361192412066314e-32
7.979361192412066314e-32
7.978605358070353091e-32
7.978605358070353091e-32
7.978605358070350902e-32
7.955765687454302809e-32
7.955762460343852893e-32
7.955762454799904536e-32
7.955762454799904536e-32
7.955762454799901252e-32
7.955762454799901252e-32
7.955762454799901252e-32
7.955762454799901252e-32
7.955467180336791025e-32
7.955467177870287870e-32
5.595984112182653496e-32
5.595984112182653496e-32
3.555476259663064975e-32
3.472790865892432092e-32
2.946843594066697344e-32
2.944981203675394532e-32
2.944981203675394532e-32
2.944981203675372637e-32
2.944981203675372637e-32
2.891632553726827437e-32
2.891632553726827437e-32
2.891632553726827437e-32
2.891632439998704693e-32
2.891632439998496688e-32
2.891618810852432659e-32
2.891618810852432659e-32
2.891618810852432659e-32
2.891618810852432659e-32
2.891618810852432659e-32
2.891618810852432659e-32
2.891618810852432659e-32
2.891618810852432659e-32
2.890197757537758220e-32
2.890197757537758220e-32
2.890197739297882657e-32
2.890197739297882657e-32
2.890197739297882657e-32
2.890197739297882657e-32
2.890197739231784613e-32
1.765138965815016439e-32
1.620582402745158029e-32
1.176788543868643396e-32
1.176788543868643396e-32
1.176786951329151856e-32
1.176786951328803037e-32
1.172775777688277384e-32
1.172775777688277384e-32
1.172775777688277384e-32
1.172775777688277384e-32
1.092265967838382383e-32
1.092265967838382383e-32
1.092219167728795291e-32
1.092219167728795291e-32
1.087376125536754268e-32
1.087376125536754268e-32
1.087376016145135185e-32
1.087376014107149237e-32
1.087376014107148006e-32
1.087376014107148006e-32
1.087307278919840203e-32
1.087307278919840203e-32
1.087307278919840203e-32
1.087307278897809848e-32
8.310769432822262478e-33
5.313917275322174864e-33
5.313917275322174864e-33
5.232121068368906569e-33
4.348766249848592238e-33
4.348766249848592238e-33
4.348766249848592238e-33
4.348766249848592238e-33
4.348766249848592238e-33
4.347425635391272005e-33
4.347425635391272005e-33
4.347425635391272005e-33
4.347425635390312718e-33
4.347425250520093874e-33
4.243802727655179009e-33
4.243802727655179009e-33
4.243802727655179009e-33
4.243802727655179009e-33
4.243797400817413560e-33
4.243797400817413560e-33
4.243797400817413560e-33
4.243797400817413560e-33
4.240329693220835257e-33
4.240329693220835257e-33
4.240329693220835257e-33
4.240329691343531852e-33
4.240329691343531852e-33
4.240329691063556798e-33
4.240329691063556798e-33
4.240329691063556798e-33
2.826316272579522056e-33
2.659443641828246435e-33
2.659433506287058433e-33
1.886801882911515857e-33
1.886801882911515857e-33
1.883389185640292254e-33
1.883389185640289517e-33
1.728801958327390424e-33
1.728801958327390424e-33
1.728801958327390424e-33
1.728780683379073031e-33
1.728780683379073031e-33
1.717922931247588325e-33
1.717922923631781941e-33
1.717922923631781941e-33
1.717922910576062732e-33
1.717922910576062732e-33
1.717922910576055890e-33
1.717728485792999581e-33
1.717728485792999581e-33
1.717728485792999581e-33
1.717728485792828867e-33
1.717728485792828867e-33
1.717728485792828867e-33
1.414954043700083333e-33
9.347600454149406972e-34
9.347600454149406972e-34
9.347600454149406972e-34
9.347600454149406972e-34
9.263425232513995849e-34
7.482802141179765702e-34
7.482802141179765702e-34
7.482802141179765702e-34
7.482802141179765702e-34
7.482802141174173851e-34
7.482081752820625519e-34
7.482080332237135759e-34
7.251871745905050585e-34
7.251871745905050585e-34
7.251871745905050585e-34
7.251871745905050585e-34
7.251871002151997400e-34
7.251871002151997400e-34
7.251871002151997400e-34
7.242796726859757480e-34
7.242796726859757480e-34
7.242796726859757480e-34
7.242796726859757480e-34
7.242796726842765539e-34
7.242796726842765539e-34
7.242796725619845253e-34
7.242796725619845253e-34
7.242711529257562247e-34
5.265810018017016664e-34
5.265810018017016664e-34
3.672631343712955637e-34
3.576280794844869714e-34
3.576280794844869714e-34
3.574053395253916196e-34
3.213274051954129877e-34
3.213274051954129877e-34
3.213274051954129877e-34
3.213270537585638470e-34
3.185006386250403900e-34
3.185006386250403900e-34
3.185006353629132714e-34
3.185006353629132714e-34
3.185006353629087384e-34
3.185006353629087384e-34
3.185006353489862429e-34
3.184407252995478323e-34
3.184407252995478323e-34
3.184407252995478323e-34
3.184407252995478323e-34
3.184407252995478323e-34
3.184407252995478323e-34
3.184407252995478323e-34
3.184407252995478323e-34
2.111799251950671585e-34
1.942910958402231399e-34
1.942910958402231399e-34
1.942910958402231399e-34
1.533441795799814128e-34
1.529305153232224039e-34
1.529305153228726780e-34
1.529305153228726780e-34
1.529305153228726780e-34
1.529305153228726780e-34
1.529304480629133053e-34
1.466350209158400347e-34
1.466336980363109064e-34
1.466336980363109064e-34
1.466336980363109064e-34
1.466336980363109064e-34
1.466336980363109064e-34
1.466336979419707367e-34
1.463536226378267583e-34
1.463536226378267583e-34
1.463536226378267583e-34
1.463536225756019307e-34
1.463536225756018879e-34
1.463536225756018665e-34
1.463536225756018665e-34
1.463505038396923533e-34
1.170186434805214672e-34
8.220436281175829061e-35
8.220436281175829061e-35
8.131458296540722269e-35
7.153768605861466334e-35
7.153342204881908816e-35
7.153342204881908816e-35
7.061042426954729323e-35
7.061042374305702393e-35
7.061042374305702393e-35
7.061042192601728956e-35
7.061042192601390049e-35
7.061042192601390049e-35
7.061042192601390049e-35
7.061042192601390049e-35
7.061042192601390049e-35
7.061042192601376151e-35
7.061042192601376151e-35
7.058818147790239552e-35
7.058818147790239552e-35
7.058818147790239552e-35
7.058818147790239552e-35
7.058818147790239552e-35
7.058818147790239552e-35
5.144845278053303249e-35
4.954458604383192227e-35
4.954458604383192227e-35
4.954458604383192227e-35
3.813628183054380274e-35
3.813628183027278974e-35
3.812401895290643173e-35
3.812398147867336525e-35
3.812398147867336525e-35
3.605920620394058700e-35
3.605920620394058700e-35
3.605920620394058700e-35
3.605920372205611551e-35
3.605920372205611551e-35
3.605920372205611551e-35
3.594726919497647835e-35
3.594726919497526491e-35
3.594726919497526491e-35
3.594726919497526491e-35
3.594726915243155402e-35
3.594726915243152195e-35
3.594726915243152195e-35
3.594584787945114035e-35
3.594584787945114035e-35
3.594584787945114035e-35
3.233367795575002881e-35
2.331759301026550460e-35
2.328303796768148615e-35
1.986745307328764308e-35
1.986744286955814845e-35
1.986744286955814845e-35
1.986744286955814845e-35
1.948889837069693503e-35
1.948889712970576631e-35
1.948889712970255632e-35
1.948889712969398209e-35
1.948889712969398209e-35
1.948889712969398209e-35
1.948889712969398209e-35
1.948889712969398209e-35
1.948889712969398209e-35
1.947768954793451277e-35
1.947768954793451277e-35
1.947768954793451277e-35
1.947768954793451277e-35
1.947768954793451277e-35
1.947768954793451277e-35
1.947768954793451277e-35
1.641927182589353305e-35
1.641927182532420209e-35
1.641927182532420209e-35
1.632355123406523020e-35
1.231346900572554618e-35
1.231343947476383384e-35
1.231343947476383384e-35
1.231339980010646636e-35
1.231339980010646636e-35
1.138811833156622580e-35
1.138811833156622580e-35
1.138811833151331976e-35
1.138811833151331976e-35
1.138811833151331976e-35
1.132851482328752296e-35
1.132851482328752296e-35
1.132851482328752296e-35
1.132851478540691918e-35
1.132851478540688577e-35
1.132851478540688577e-35
1.132758084860207633e-35
1.132758084860207633e-35
1.114005648304987805e-35
8.971359699768661873e-36
8.971200772881037780e-36
7.360201966547385028e-36
7.360201966547385028e-36
7.360201966248095518e-36
7.360201966248095518e-36
7.360201966248095518e-36
7.360201966248095518e-36
7.134655539661418674e-36
7.134655539656542215e-36
7.134654283273562991e-36
7.134654283273562991e-36
7.134654283273562991e-36
7.134654283273562991e-36
7.134654283273562991e-36
7.134654283273562991e-36
7.134654283273562991e-36
7.126622559812325582e-36
7.126622559812325582e-36
7.126622559812325582e-36
7.126622559812325582e-36
7.126622559812325582e-36
7.126622558850728986e-36
6.901709479613869880e-36
6.901709479613869880e-36
6.901181742744928912e-36
5.521668158099623555e-36
5.521628866493302434e-36
5.521628866493302434e-36
5.521628866493302434e-36
5.521628864788292370e-36
5.521628864788292370e-36
4.928318957016849109e-36
4.928318957016849109e-36
4.928318957016849109e-36
4.879509120941617677e-36
4.879509067852542354e-36
4.879509067852542354e-36
4.879509067852468853e-36
4.879509067852468853e-36
4.878582148525542474e-36
4.878582148525542474e-36
4.877485106714978058e-36
4.642536300545841661e-36
4.642536300545841661e-36
4.642536291450146721e-36
4.642536291450146721e-36
3.851019791082489115e-36
3.851019791082489115e-36
3.851019791082489115e-36
3.851019791082489115e-36
3.851019791082489115e-36
3.851019791069754060e-36
3.851019791069754060e-36
3.851017369082753579e-36
3.651451663872633020e-36
3.651451663872633020e-36
3.651451663872633020e-36
3.651451663872633020e-36
3.651451663872633020e-36
3.651451663872633020e-36
3.642222346111832309e-36
3.642222346111832309e-36
3.642222346111832309e-36
3.642222346111832309e-36
3.642222344214512815e-36
3.642222344214512815e-36
3.640341367980097222e-36
3.640249998651869499e-36
3.424463262814105170e-36
3.424463235045183684e-36
3.424463235045183684e-36
3.424463235045183684e-36
3.015867067965806707e-36
3.015867067965806707e-36
3.015867067965806707e-36
3.015867067965806707e-36
2.956076599654389660e-36
2.956076470731886663e-36
2.956076470731886663e-36
2.956076470731647451e-36
2.956076470731647451e-36
2.954582405734790613e-36
2.954582405734790613e-36
2.954582405734790613e-36
2.954582405734790613e-36
2.954582405734790613e-36
2.954582405734790613e-36
2.951775021820132577e-36
2.951774935970824849e-36
2.951774935970824849e-36
2.778178384597447326e-36
2.778178384597447326e-36
2.778178384597447326e-36
2.778178384547379427e-36
2.778171640748288926e-36
2.778171640748288926e-36
2.592678991410158657e-36
2.592678991410158657e-36
2.592678991410158657e-36
2.592678991410158657e-36
2.592678991410158657e-36
2.592678991410158657e-36
2.577356390805644420e-36
2.577356390805644420e-36
2.577356390805644420e-36
2.577356384519261063e-36
2.577155184652237335e-36
2.577155184652233326e-36
2.577155184652233326e-36
2.577154983283263839e-36
2.573593081787574456e-36
2.573593081787574456e-36
2.573593081787574456e-36
2.454113703002051600e-36
2.454113703002051600e-36
2.382945361437751792e-36
2.382945361437751792e-36
2.382945361437751792e-36
2.382944913218704444e-36
2.382944913217528428e-36
2.382944913217528428e-36
2.379739582649807360e-36
2.379739582649807360e-36
2.379739582649807360e-36
2.379739582649807360e-36
2.379739582649807360e-36
2.379739582649807360e-36
2.379739582649807360e-36
2.379739193050710296e-36
2.379739193050710296e-36
2.376025733549269599e-36
2.376025733549269599e-36
2.376025733306950402e-36
2.376025733306950402e-36
2.376025733306950402e-36
2.376004062789885696e-36
2.308464526330479625e-36
2.308464526330479625e-36
2.308464526330479625e-36
2.308464526330479625e-36
2.308464526330479625e-36
2.286502212539617263e-36
2.286502212539617263e-36
2.286502212539617263e-36
2.286502186069247821e-36
2.286502186069223432e-36
2.285979033724050695e-36
2.285979033724050695e-36
2.285979033724050695e-36
2.285978433957063308e-36
2.285978433957063308e-36
2.282915618378848649e-36
2.282915618378848649e-36
2.282915618378848649e-36
2.252986403762965569e-36
2.252984643552670011e-36
2.252984643545712470e-36
2.252984643545712470e-36
2.252984643545712470e-36
2.252984643545712470e-36
2.252984643545712470e-36
2.247790458147407723e-36
2.247790458147407723e-36
2.247790458147407723e-36
2.247790458147407723e-36
2.247790458147407723e-36
2.247790458147407723e-36
2.247790458147407389e-36
2.247790456987130828e-36
2.247790456987130828e-36
2.247789747823596870e-36
2.247725665003673910e-36
2.247725665003673910e-36
2.247725665003673910e-36
2.247725665003673910e-36
2.247725665003673910e-36
2.245797243327487435e-36
2.245797243327487435e-36
2.245797243327487435e-36
2.245797243327487435e-36
2.235807438305145283e-36
2.235807327113780412e-36
2.235807327113627396e-36
2.235807327113627396e-36
2.234899818507690104e-36
2.234899818507690104e-36
2.234899818507690104e-36
2.234899818507689101e-36
2.234899818507689101e-36
2.234899818507689101e-36
2.234899192021421704e-36
2.234899192021421704e-36
2.233997853267479874e-36
2.233997853267479874e-36
2.233997853230881372e-36
2.233992134708641491e-36
2.233992134708641491e-36
2.233992134708641491e-36
2.233992134708641491e-36
2.233992134708641491e-36
2.233992134708641491e-36
2.231547241316438819e-36
2.231547241316438819e-36
2.231547241316438819e-36
2.231547241316438819e-36
2.231547241316438819e-36
2.231547236292461703e-36
2.231547236292461703e-36
2.231547236292461703e-36
2.231547236292461703e-36
2.231547236292461703e-36
2.231547236292460701e-36
2.231432630520273130e-36
2.231432630520270791e-36
2.231432223990520614e-36
2.231432223990520614e-36
2.231432223990520614e-36
2.231124925714787232e-36
2.231124559849115472e-36
2.231124559849115472e-36
2.231124559848298274e-36
2.231124559848298274e-36
2.230692354016985597e-36
2.230692354016985597e-36
2.230692354016985597e-36
2.230692354016985597e-36
2.230692354016985597e-36
2.230692354016984595e-36
2.230692354016984595e-36
2.230692354016984595e-36
2.230692354016984595e-36
2.230692354016984595e-36
2.230692353856672168e-36
2.230692353856672168e-36
2.230682007897257018e-36
2.230681815915773540e-36
2.230681815915773540e-36
2.230681815915773540e-36
2.230681815915773540e-36
2.230606109413750958e-36
2.230606109413750958e-36
2.230606109413750958e-36
2.230606092827321542e-36
2.230606092827321542e-36
2.230606092827321542e-36
2.230606092827321542e-36
2.230606092827321542e-36
2.230551338235580473e-36
2.230551338235580473e-36
2.230551338235567777e-36
2.230551338235566775e-36
2.230551338235566775e-36
2.230551338235566775e-36
2.230551272603864837e-36
2.230550609056003266e-36
2.230550609056003266e-36
2.230550609052414745e-36
2.230537204597955879e-36
2.230537204597955879e-36
2.230537204597955879e-36
2.230537204597955879e-36
2.230537204597955879e-36
2.230537204597955879e-36
2.230537204597955879e-36
2.230537204597955879e-36
2.230537204597955879e-36
2.230537204597955879e-36
2.230537204068319822e-36
2.230537204068319822e-36
2.230532257771013234e-36
2.230532257771013234e-36
2.230532257771013234e-36
2.230532257771013234e-36
2.230532257771012900e-36
2.230532257771012900e-36
2.230532241592955537e-36
2.230532241592955537e-36
2.230532241592955537e-36
2.230532211497693057e-36
2.230530512852910228e-36
2.230530512852854434e-36
2.230530512852854434e-36
2.230530512852854434e-36
2.230530512852854434e-36
2.230530512852854434e-36
2.230530512852854434e-36
2.230530512852854434e-36
2.230530512852854434e-36
2.230530195579903678e-36
2.230530195579903678e-36
2.230530195568048296e-36
2.230530192703339656e-36
2.230530192703339656e-36
2.230530192703339656e-36
2.230530192703339656e-36
2.230530192703339656e-36
2.230530192703339656e-36
2.230530192703339656e-36
2.230530192703339656e-36
2.230530192703339656e-36
2.230530192703339656e-36
2.230530191742282958e-36
2.230530191742282958e-36
2.230530191742282958e-36
2.230530038288045943e-36
2.230530038288045943e-36
2.230530038288045943e-36
2.230530038288045275e-36
2.230530038288045275e-36
2.230530038288045275e-36
2.230530038288045275e-36
2.230530023897870053e-36
2.230530023897870053e-36
2.230530023897684964e-36
2.230530023534658034e-36
2.230530023534658034e-36
2.230530023534658034e-36
2.230530023534658034e-36
2.230530023534658034e-36
2.230530023534658034e-36
2.230530023534658034e-36
2.230530013691524443e-36
2.230530013670012028e-36
2.230530013670012028e-36
2.230530013670012028e-36
2.230530013670012028e-36
2.230530013670012028e-36
2.230530013670012028e-36
2.230530013670012028e-36
2.230530013670012028e-36
2.230530013670012028e-36
2.230530013670012028e-36
2.230530013670012028e-36
2.230530013210477578e-36
2.230530013177682421e-36
2.230530013177682421e-36
2.230530013177682421e-36
2.230530013177682421e-36
2.230530013177682421e-36
2.230530013177680416e-36
2.230530013177680416e-36
2.230530013177680416e-36
2.230530013177680416e-36
2.230530012731236499e-36
2.230530012730900733e-36
2.230530012730900733e-36
2.230530012730900733e-36
2.230530012730900733e-36
2.230530012730900733e-36
2.230530012730900733e-36
2.230530012730900733e-36
2.230530012720614264e-36
2.230530012718510464e-36
2.230530012718510464e-36
2.230530012718510464e-36
2.230530012718510464e-36
2.230530012718510464e-36
2.230530012718510464e-36
2.230530012718510464e-36
2.230530012718510464e-36
2.230530012718510464e-36
2.230530012718510464e-36
2.230530012718510464e-36
2.230530012718510464e-36
2.230530012704253937e-36
2.230530012704253937e-36
2.230530012704253937e-36
2.230530012704250262e-36
2.230530012704250262e-36
2.230530012704250262e-36
2.230530012704250262e-36
2.230530012704250262e-36
2.230530012704154711e-36
2.230530012704154711e-36
2.230530012703994345e-36
2.230530012703994345e-36
2.230530012703994345e-36
2.230530012703994345e-36
2.230530012703994345e-36
2.230530012703994345e-36
2.230530012703994345e-36
2.230530012703674950e-36
2.230530012703674950e-36
2.230530012703674950e-36
2.230530012703674950e-36
2.230530012703674950e-36
2.230530012703674950e-36
2.230530012703674950e-36
2.230530012703674950e-36
2.230530012703674950e-36
2.230530012703674950e-36
2.230530012703674950e-36
2.230530012703671943e-36
2.230530012703671943e-36
2.230530012703671943e-36
2.230530012703671943e-36
2.230530012703670272e-36
2.230530012703670272e-36
2.230530012703670272e-36
2.230530012703670272e-36
2.230530012703670272e-36
2.230530012703665261e-36
2.230530012703665261e-36
2.230530012703665261e-36
2.230530012703665261e-36
2.230530012703665261e-36
2.230530012703665261e-36
2.230530012703665261e-36
2.230530012703665261e-36
2.230530012703665261e-36
2.230530012703665261e-36
2.230530012703665261e-36
2.230530012703665261e-36
2.230530012703665261e-36
2.230530012703665261e-36
2.230530012703665261e-36
2.230530012703665261e-36
2.230530012703665261e-36
2.230530012703665261e-36
2.230530012703665261e-36
2.230530012703665261e-36
2.230530012703665261e-36
2.230530012703665261e-36
2.230530012703665261e-36
2.230530012703665261e-36
2.230530012703665261e-36
2.230530012703665261e-36
2.230530012703665261e-36
2.230530012703665261e-36
2.230530012703665261e-36
2.230530012703665261e-36
2.230530012703665261e-36
2.230530012703665261e-36
2.230530012703665261e-36
2.230530012703665261e-36
2.230530012703665261e-36
2.230530012703665261e-36
2.230530012703665261e-36
2.230530012703665261e-36
2.230530012703665261e-36
2.230530012703665261e-36
2.230530012703665261e-36
2.230530012703665261e-36
2.230530012703665261e-36
2.230530012703665261e-36
2.230530012703665261e-36
2.230530012703665261e-36
2.230530012703665261e-36
2.230530012703665261e-36
2.230530012703665261e-36
2.230530012703665261e-36
2.230530012703665261e-36
2.230530012703665261e-36
2.230530012703665261e-36
2.230530012703665261e-36
2.230530012703665261e-36
2.230530012703665261e-36
2.230530012703665261e-36
2.230530012703665261e-36
2.230530012703665261e-36
2.230530012703665261e-36
2.230530012703665261e-36
2.230530012703665261e-36
2.230530012703665261e-36
2.230530012703665261e-36
2.230530012703665261e-36
2.230530012703665261e-36
2.230530012703665261e-36
2.230530012703665261e-36
2.230530012703665261e-36
2.230530012703665261e-36
2.230530012703665261e-36
2.230530012703665261e-36
2.230530012703665261e-36
2.230530012703665261e-36
2.230530012703665261e-36
2.230530012703665261e-36
2.230530012703665261e-36
2.230530012703665261e-36
2.230530012703665261e-36
2.230530012703665261e-36
2.230530012703665261e-36
2.230530012703665261e-36
2.230530012703665261e-36
2.230530012703665261e-36
2.230530012703665261e-36
2.230530012703665261e-36
2.230530012703665261e-36
2.230530012703665261e-36
2.230530012703665261e-36
2.230530012703665261e-36
2.230530012703665261e-36
2.230530012703665261e-36
2.230530012703665261e-36
2.230530012703665261e-36
2.230530012703665261e-36
2.230530012703665261e-36
2.230530012703665261e-36
2.230530012703665261e-36
2.230530012703665261e-36
2.230530012703665261e-36
2.230530012703665261e-36
2.230530012703665261e-36
2.230530012703665261e-36
2.230530012703665261e-36
2.230530012703665261e-36
2.230530012703665261e-36
2.230530012703665261e-36
2.230530012703665261e-36
2.230530012703665261e-36
2.230530012703665261e-36
2.230530012703665261e-36
2.230530012703665261e-36
2.230530012703665261e-36
2.230530012703665261e-36
2.230530012703665261e-36
2.230530012703665261e-36
2.230530012703665261e-36
2.230530012703665261e-36
2.230530012703665261e-36
2.230530012703665261e-36
2.230530012703665261e-36
2.230530012703665261e-36
2.230530012703665261e-36
2.230530012703665261e-36
2.230530012703665261e-36
2.230530012703665261e-36
2.230530012703665261e-36
2.230530012703665261e-36
2.230530012703665261e-36
2.230530012703665261e-36
2.230530012703665261e-36
2.230530012703665261e-36
2.230530012703665261e-36
2.230530012703665261e-36
2.230530012703665261e-36
2.230530012703665261e-36
2.230530012703665261e-36
2.230530012703665261e-36
2.230530012703665261e-36
2.230530012703665261e-36
2.230530012703665261e-36
2.230530012703665261e-36
2.230530012703665261e-36
2.230530012703665261e-36
2.230530012703665261e-36
2.230530012703665261e-36
2.230530012703665261e-36
2.230530012703665261e-36
2.230530012703665261e-36
2.230530012703665261e-36
2.230530012703665261e-36
2.230530012703665261e-36
2.230530012703665261e-36
2.230530012703665261e-36
2.230530012703665261e-36
2.230530012703665261e-36
2.230530012703665261e-36
2.230530012703665261e-36
2.230530012703665261e-36
2.230530012703665261e-36
2.230530012703665261e-36
2.230530012703665261e-36
2.230530012703665261e-36
2.230530012703665261e-36
2.230530012703665261e-36
2.230530012703665261e-36
2.230530012703665261e-36
2.230530012703665261e-36
2.230530012703665261e-36
2.230530012703665261e-36
2.230530012703665261e-36
2.230530012703665261e-36
2.230530012703665261e-36
2.230530012703665261e-36
2.230530012703665261e-36
2.230530012703665261e-36
2.230530012703665261e-36
2.230530012703665261e-36
2.230530012703665261e-36
2.230530012703665261e-36
2.230530012703665261e-36
2.230530012703665261e-36
2.230530012703665261e-36
2.230530012703665261e-36
2.230530012703665261e-36
2.230530012703665261e-36
2.230530012703665261e-36
2.230530012703665261e-36
2.230530012703665261e-36
2.230530012703665261e-36
2.230530012703665261e-36
2.230530012703665261e-36
2.230530012703665261e-36
2.230530012703665261e-36
2.230530012703665261e-36
2.230530012703665261e-36
2.230530012703665261e-36
2.230530012703665261e-36
2.230530012703665261e-36
2.230530012703665261e-36
2.230530012703665261e-36
2.230530012703665261e-36
2.230530012703665261e-36
2.230530012703665261e-36
2.230530012703665261e-36
2.230530012703665261e-36
2.230530012703665261e-36
2.230530012703665261e-36
2.230530012703665261e-36
2.230530012703665261e-36
2.230530012703665261e-36
2.230530012703665261e-36
2.230530012703665261e-36
2.230530012703665261e-36
2.230530012703665261e-36
2.230530012703665261e-36
2.230530012703665261e-36
2.230530012703665261e-36
2.230530012703665261e-36
2.230530012703665261e-36
2.230530012703665261e-36
2.230530012703665261e-36
2.230530012703665261e-36
2.230530012703665261e-36
2.230530012703665261e-36
2.230530012703665261e-36
2.230530012703665261e-36
2.230530012703665261e-36
2.230530012703665261e-36
2.230530012703665261e-36
2.230530012703665261e-36
2.230530012703665261e-36
2.230530012703665261e-36
2.230530012703665261e-36
2.230530012703665261e-36
2.230530012703665261e-36
2.230530012703665261e-36
2.230530012703665261e-36
2.230530012703665261e-36
2.230530012703665261e-36
2.230530012703665261e-36
2.230530012703665261e-36
2.230530012703665261e-36
2.230530012703665261e-36
2.230530012703665261e-36
2.230530012703665261e-36
2.230530012703665261e-36
2.230530012703665261e-36
2.230530012703665261e-36
2.230530012703665261e-36
2.230530012703665261e-36
2.230530012703665261e-36
2.230530012703665261e-36
2.230530012703665261e-36
2.230530012703665261e-36
2.230530012703665261e-36
2.230530012703665261e-36
2.230530012703665261e-36
2.230530012703665261e-36
2.230530012703665261e-36
