1.000000000000039302e+00
1.000000000000039080e+00
1.000000000000024203e+00
1.000000000000023093e+00
1.000000000000023093e+00
1.000000000000022649e+00
1.000000000000022871e+00
1.000000000000022649e+00
1.000000000000022649e+00
1.000000000000017764e+00
1.000000000000017764e+00
1.000000000000017764e+00
1.000000000000017764e+00
1.000000000000017764e+00
1.000000000000017542e+00
1.000000000000015099e+00
1.000000000000012657e+00
1.000000000000012657e+00
1.000000000000012657e+00
1.000000000000012657e+00
1.000000000000012657e+00
1.000000000000012657e+00
1.000000000000012657e+00
1.000000000000004663e+00
1.000000000000004663e+00
1.000000000000004663e+00
1.000000000000004663e+00
1.000000000000004219e+00
1.000000000000004441e+00
1.000000000000004219e+00
1.000000000000002442e+00
1.000000000000002665e+00
1.000000000000002665e+00
1.000000000000002442e+00
1.000000000000002220e+00
9.999999999999847899e-01
9.999999999999776845e-01
9.999999999999776845e-01
9.999999999999759082e-01
9.999999999999749090e-01
9.999999999999750200e-01
9.999999999999749090e-01
9.999999999997196687e-01
9.999999999997032374e-01
9.999999999996879163e-01
9.999999999996879163e-01
9.999999999996871392e-01
9.999999999996864730e-01
9.999999999996863620e-01
9.999999999996864730e-01
9.999999999982531751e-01
9.999999999981075138e-01
9.999999999980646592e-01
9.999999999980516696e-01
9.999999999980516696e-01
9.999999999980505594e-01
9.999999999980505594e-01
9.999999999980504484e-01
9.999999999899928937e-01
9.999999999899927827e-01
9.999999999896121983e-01
9.999999999896121983e-01
9.999999999894395586e-01
9.999999999893313118e-01
9.999999999893292024e-01
9.999999999893282032e-01
9.999999999893280922e-01
9.999999999487885205e-01
9.999999999468123235e-01
9.999999999453333954e-01
9.999999999453333954e-01
9.999999999451526511e-01
9.999999999451089083e-01
9.999999999451089083e-01
9.999999999451086863e-01
9.999999999451081312e-01
9.999999997515744976e-01
9.999999997396039619e-01
9.999999997350526026e-01
9.999999997350526026e-01
9.999999997343675950e-01
9.999999997343675950e-01
9.999999997341622038e-01
9.999999997341622038e-01
9.999999997341570968e-01
9.999999988796823835e-01
9.999999988064341983e-01
9.999999988064343093e-01
9.999999988064343093e-01
9.999999987983991812e-01
9.999999987886232233e-01
9.999999987884813368e-01
9.999999987883181340e-01
9.999999987883179120e-01
9.999999987883180230e-01
9.999999987883181340e-01
9.999999951806922693e-01
9.999999949045355052e-01
9.999999948411389949e-01
9.999999948411389949e-01
9.999999948263731397e-01
9.999999948234740144e-01
9.999999948234741254e-01
9.999999948234687963e-01
9.999999948233782021e-01
9.999999804123784752e-01
9.999999798547460905e-01
9.999999792307614488e-01
9.999999792307613378e-01
9.999999791872716814e-01
9.999999791872716814e-01
9.999999791718099384e-01
9.999999791718099384e-01
9.999999791716251973e-01
9.999999791716251973e-01
9.999999307546459937e-01
9.999999224529475539e-01
9.999999224529472208e-01
9.999999224529472208e-01
9.999999219419174468e-01
9.999999207597737305e-01
9.999999207548454505e-01
9.999999207548454505e-01
9.999999207434836501e-01
9.999999207434836501e-01
9.999999207434835391e-01
9.999999207434814297e-01
9.999997440066094034e-01
9.999997212491725795e-01
9.999997176310474467e-01
9.999997176310471136e-01
9.999997160362960047e-01
9.999997159418207993e-01
9.999997159418206882e-01
9.999997159417213233e-01
9.999997159359770293e-01
9.999997159359770293e-01
9.999991196667060711e-01
9.999990847018037643e-01
9.999990466566649472e-01
9.999990466566649472e-01
9.999990466566649472e-01
9.999990454020010189e-01
9.999990454020010189e-01
9.999990439628474448e-01
9.999990439628474448e-01
9.999990439596726510e-01
9.999990439596726510e-01
9.999972511891221938e-01
9.999970457308225980e-01
9.999970457308003935e-01
9.999970457308005045e-01
9.999970329420357906e-01
9.999969758561598754e-01
9.999969758561598754e-01
9.999969757854900720e-01
9.999969757854900720e-01
9.999969749334070013e-01
9.999969749334070013e-01
9.999969749334068903e-01
9.999969749333622593e-01
9.999915730519409740e-01
9.999911196187252216e-01
9.999910466551396038e-01
9.999910466551262811e-01
9.999909865873253256e-01
9.999909854848787472e-01
9.999909854848787472e-01
9.999909854848788582e-01
9.999909854832516043e-01
9.999909851485292434e-01
9.999909851485292434e-01
9.999758266767800885e-01
9.999753266844464417e-01
9.999746380004886914e-01
9.999746380004885804e-01
9.999746380004885804e-01
9.999746255996534439e-01
9.999746255996534439e-01
9.999745819121378387e-01
9.999745819121349522e-01
9.999745818683951626e-01
9.999745818683951626e-01
9.999398031653573549e-01
9.999330432199321494e-01
9.999330432188024975e-01
9.999330432188023865e-01
9.999329330692494633e-01
9.999320249294810781e-01
9.999320249294810781e-01
9.999320240506951452e-01
9.999320240506951452e-01
9.999320017113479953e-01
9.999320017113479953e-01
9.999320017113479953e-01
9.999320017113475512e-01
9.999320017110340242e-01
9.998414209725542401e-01
9.998294048902258702e-01
9.998288154281065321e-01
9.998288154275329909e-01
9.998288020850469859e-01
9.998279262329766715e-01
9.998279262329766715e-01
9.998279262329767825e-01
9.998279262220096664e-01
9.998279181849963893e-01
9.998279181849963893e-01
9.998279181849963893e-01
9.996107516604708643e-01
9.996057707082052213e-01
9.995890051873376203e-01
9.995890051873377313e-01
9.995890051873377313e-01
9.995888637471019855e-01
9.995888637471018745e-01
9.995882655227751323e-01
9.995882655226616675e-01
9.995882652355008169e-01
9.995882652355008169e-01
9.992199957341225680e-01
9.990862626518737244e-01
9.990862626180007089e-01
9.990862626180000428e-01
9.990849213411346907e-01
9.990651750259302855e-01
9.990651750259302855e-01
9.990651750259302855e-01
9.990651694150314288e-01
9.990651694150314288e-01
9.990648820098232408e-01
9.990648820098232408e-01
9.990648820098232408e-01
9.990648820098098071e-01
9.990648820085722415e-01
9.981941255450894612e-01
9.980074511861392050e-01
9.980008691551995881e-01
9.980008691419185451e-01
9.980007847960560285e-01
9.979834373562483929e-01
9.979834373562483929e-01
9.979834373562483929e-01
9.979834373141828197e-01
9.979833407429307135e-01
9.979833407429307135e-01
9.979833407429307135e-01
9.979833407429307135e-01
9.961638057015027581e-01
9.960957326066440798e-01
9.958912970679741905e-01
9.958912970679741905e-01
9.958912970679741905e-01
9.958904784631212870e-01
9.958904784631212870e-01
9.958797793542142340e-01
9.958797793519351682e-01
9.958797783148645166e-01
9.958797783148645166e-01
9.929921140088887599e-01
9.922242388116548906e-01
9.922242388116548906e-01
9.922242383901936913e-01
9.922242383901905827e-01
9.922167659890308578e-01
9.920210716834665376e-01
9.920210716834665376e-01
9.920210716834665376e-01
9.920210536905377241e-01
9.920210536905378351e-01
9.920166449425176225e-01
9.920166449425176225e-01
9.920166449425176225e-01
9.920166449422898047e-01
9.920166449369636208e-01
9.863107631224456995e-01
9.854713129354182310e-01
9.854413923294500499e-01
9.854413922123039793e-01
9.854411602565466000e-01
9.853042219183933970e-01
9.853042219183933970e-01
9.853042219183936190e-01
9.853042217663607882e-01
9.853030249371119709e-01
9.853030249371119709e-01
9.853030249371119709e-01
9.853030249371119709e-01
9.753121658046135511e-01
9.751107190309674655e-01
9.743187598891472900e-01
9.743187598891472900e-01
9.743187598891469570e-01
9.743168997259984421e-01
9.743168997259984421e-01
9.743168997259984421e-01
9.742496044766879582e-01
9.742496044612339867e-01
9.742496013439665425e-01
9.742496013439665425e-01
9.626037258085179404e-01
9.576343819324844020e-01
9.576343819324844020e-01
9.576343779729118433e-01
9.576343779729070693e-01
9.576204799156667891e-01
9.569642790660803922e-01
9.569642790660803922e-01
9.569642790660803922e-01
9.569642319119944229e-01
9.569642319119944229e-01
9.569642319119944229e-01
9.569410314387784000e-01
9.569410314387784000e-01
9.569410314387784000e-01
9.569410314375033089e-01
9.569410314294464204e-01
9.364927817729741255e-01
9.317285556487414633e-01
9.316755003384008527e-01
9.316754993521961792e-01
9.316749405951290086e-01
9.312579434263699163e-01
9.312579434263699163e-01
9.312579434263700273e-01
9.312579432114869160e-01
9.312522892980403810e-01
9.312522892980403810e-01
9.312522892980403810e-01
9.312522892980403810e-01
8.999876780971772794e-01
8.994949848978760487e-01
8.994949848978760487e-01
8.954615036104166537e-01
8.954615036104166537e-01
8.954615036104148773e-01
8.954571303730407550e-01
8.954571303730407550e-01
8.954571303730407550e-01
8.952637982109977743e-01
8.952637980898977554e-01
8.952637938020563402e-01
8.952637938020563402e-01
8.701533547258726298e-01
8.701533547258726298e-01
8.504939381989522484e-01
8.504939141947156500e-01
8.504939141947099879e-01
8.504560522846091875e-01
8.474795253238288639e-01
8.474795253238288639e-01
8.474795253238288639e-01
8.474794616625609400e-01
8.474794616625609400e-01
8.474794616625608290e-01
8.474160955247880267e-01
8.474160955247880267e-01
8.474160955247880267e-01
8.474160955154237396e-01
8.474160955083507307e-01
8.048072235342101921e-01
7.887760235732576009e-01
7.886418260571029792e-01
7.886418213797204979e-01
7.886410419135249095e-01
7.869222653961844838e-01
7.869222653961844838e-01
7.869222653961845948e-01
7.869222653961845948e-01
7.869222652116081296e-01
7.869076799377917597e-01
7.869076799377917597e-01
7.869076799377917597e-01
7.869076799377917597e-01
7.279107767012434893e-01
7.263396890192006516e-01
7.263396890192006516e-01
7.152468271377251385e-01
7.152468271377251385e-01
7.152468271377107056e-01
7.152411341652705756e-01
7.152411341652704646e-01
7.152411341652704646e-01
7.145101022146228553e-01
7.145101017162270862e-01
7.145100981596862466e-01
7.145100981596862466e-01
6.687232104645968178e-01
6.687232104645968178e-01
6.395130626733561696e-01
6.395129903386647108e-01
6.395129903386574943e-01
6.394606706304969412e-01
6.326855406592750697e-01
6.326855406592750697e-01
6.326855406592750697e-01
6.326854912566987066e-01
6.326854912566987066e-01
6.326854912566979294e-01
6.324706491686603593e-01
6.324706491686603593e-01
6.324706491686603593e-01
6.324706491686603593e-01
6.324706491343216053e-01
6.324706491273623943e-01
6.324706491273623943e-01
5.659515402271328988e-01
5.474558886094601506e-01
5.473018313020171499e-01
5.473018211567843849e-01
5.473012656759378425e-01
5.441092429869761604e-01
5.441092429869761604e-01
5.441092429869761604e-01
5.441092429869761604e-01
5.441092428270910553e-01
5.440672690246107779e-01
5.440672690246107779e-01
5.440672690246107779e-01
5.440672690246107779e-01
4.663628658657628656e-01
4.652479604465681318e-01
4.652479604465681318e-01
4.547082794956815999e-01
4.547082794956815999e-01
4.547082794956397445e-01
4.547049290003634114e-01
4.547049290003633559e-01
4.547049290003633559e-01
4.536155261377042835e-01
4.536155235385952444e-01
4.536155227101074661e-01
4.536155227101074661e-01
4.118383815509689683e-01
4.118383815509689683e-01
3.713376116788701942e-01
3.713374656798171802e-01
3.713374656798145157e-01
3.713139404673033717e-01
3.658546559882503435e-01
3.658546559882503435e-01
3.658546559882503435e-01
3.658546251583596476e-01
3.658546251583596476e-01
3.658546251583578712e-01
3.655928116947764761e-01
3.655928116947764761e-01
3.655928116947764761e-01
3.655928116947764761e-01
3.655928116484825074e-01
3.655928116459127852e-01
3.655928116459127852e-01
3.104838315036131946e-01
2.865015879308865365e-01
2.864352775401965423e-01
2.864352589094916191e-01
2.864349549712636445e-01
2.841473814107398077e-01
2.841473814107398077e-01
2.841473814107398077e-01
2.841473814107398077e-01
2.841473813575371432e-01
2.841029685600533483e-01
2.841029685600533483e-01
2.841029685600533483e-01
2.841029685600532928e-01
2.265449957830825423e-01
2.258416023922421301e-01
2.258416023922421301e-01
2.133693966431041422e-01
2.133693966431041422e-01
2.133693966430533218e-01
2.133676020093243919e-01
2.133676020093243642e-01
2.133676020093243642e-01
2.126391146106712815e-01
2.126391146106712815e-01
2.126391131934925183e-01
2.126391123655378690e-01
2.126391123655378690e-01
1.932838803076540879e-01
1.932838803076540879e-01
1.590754438621028721e-01
1.590752347254439647e-01
1.590752347254431043e-01
1.590593670663106585e-01
1.533024203228746385e-01
1.533024203228746385e-01
1.533024203228746385e-01
1.533024203228746385e-01
1.533024106182269974e-01
1.533024106182269974e-01
1.533024106182249713e-01
1.531351723592599690e-01
1.531351723592599690e-01
1.531351723592599690e-01
1.531351723592599690e-01
1.531351722845805396e-01
1.531351722840350038e-01
1.531351722840350038e-01
1.268777108667407671e-01
1.081292485591170555e-01
1.080876590415546235e-01
1.080876590415546235e-01
1.080876384428827719e-01
1.080875339849248218e-01
1.059152501659161444e-01
1.059152501659161444e-01
1.059152501659161444e-01
1.059152501659161444e-01
1.059152501547816205e-01
1.058882470154336869e-01
1.058882470154336869e-01
1.058882470154336869e-01
1.058882470154336591e-01
7.978438952612661172e-02
7.925265588793602156e-02
7.925265588793602156e-02
7.085898334678922272e-02
7.085898334678922272e-02
7.085898334670191756e-02
7.085840606204150960e-02
7.085840606204150960e-02
7.085840606204150960e-02
7.022651898938886417e-02
7.022651898938886417e-02
7.022651767736688699e-02
7.022651750794148273e-02
7.022651750794148273e-02
6.167649687150422722e-02
4.807008759036786316e-02
4.807008759036786316e-02
4.806992213957497068e-02
4.806992213957468618e-02
4.806415089263257889e-02
4.480056962179040231e-02
4.480056962179040231e-02
4.480056962179040231e-02
4.480056962179040231e-02
4.480056769150722595e-02
4.480056769150722595e-02
4.480056769150427692e-02
4.466803966754666344e-02
4.466803966754666344e-02
4.466803966754666344e-02
4.466803966754666344e-02
4.466803960424108044e-02
4.466803960411282887e-02
4.466803960411282887e-02
3.428785119132384679e-02
2.826045497235491616e-02
2.824760233845578436e-02
2.824760233845578436e-02
2.824759044288620985e-02
2.824756990478882734e-02
2.722491067366599946e-02
2.722491067366599946e-02
2.722491067366599946e-02
2.722491067366599946e-02
2.722491067125623262e-02
2.720600870535675939e-02
2.720600870535675939e-02
2.720600870535675939e-02
2.720600870535670734e-02
1.835731322986694156e-02
1.825556395518485378e-02
1.825556395518485378e-02
1.609108156911289930e-02
1.609108156911289930e-02
1.609108156904864514e-02
1.609098701872545972e-02
1.609098701872546319e-02
1.609098701872546319e-02
1.609098701872546319e-02
1.584902470773133162e-02
1.584902413319030923e-02
1.584902410129367806e-02
1.584902410129367806e-02
1.584902410129367806e-02
1.396100171832581789e-02
9.567300769192448387e-03
9.567300769192448387e-03
9.567300769192448387e-03
9.567220014538423828e-03
9.567220014538397807e-03
9.566534326621209047e-03
8.872349067328418742e-03
8.872349067328418742e-03
8.872349067328418742e-03
8.872349067328418742e-03
8.872348756735709205e-03
8.872348756735709205e-03
8.872348756734038666e-03
8.831189198137624069e-03
8.831189198137624069e-03
8.831189198137624069e-03
8.831189198137624069e-03
8.831189175659059920e-03
8.831189175646523074e-03
8.831189175646523074e-03
6.741692987483951897e-03
4.901367990581675937e-03
4.899937596026450459e-03
4.899937596026450459e-03
4.899932400367726024e-03
4.899929649334814133e-03
4.711378649346604705e-03
4.711378649346604705e-03
4.711378649346604705e-03
4.711378649346604705e-03
4.711378649140516087e-03
4.706429938607870934e-03
4.706429938607870934e-03
4.706429938607870934e-03
4.706429938607845781e-03
3.083096773414637469e-03
3.066676705025463742e-03
3.066676705025463742e-03
2.442126392666865362e-03
2.442126392647520593e-03
2.442126392647520593e-03
2.442114057812417183e-03
2.442114057812417183e-03
2.442114057812417183e-03
2.442114057812417183e-03
2.401287686792243949e-03
2.401287454169774484e-03
2.401287451626108252e-03
2.401287451626108252e-03
2.401287451626108252e-03
2.199842750235607176e-03
2.199842750235607176e-03
1.363564890351640557e-03
1.363564890351640557e-03
1.363535452309789587e-03
1.363535452309787418e-03
1.363415770873066535e-03
1.180623278661135835e-03
1.180623278661135835e-03
1.180623278661135835e-03
1.180623278661135835e-03
1.180623254200201689e-03
1.180623254200201689e-03
1.180623254199736133e-03
1.174010012702264008e-03
1.174010012702264008e-03
1.174010012702264008e-03
1.174010012702264008e-03
1.174010004167497798e-03
1.174010004166813450e-03
1.174010004166813450e-03
9.389440666121285067e-04
5.951603763867755479e-04
5.949278200622583118e-04
5.949278200622583118e-04
5.949263357515101065e-04
5.949260830225088599e-04
5.501578351492757016e-04
5.501578351492757016e-04
5.501578351492757016e-04
5.501578351492757016e-04
5.501578351380628827e-04
5.493946707455845411e-04
5.493946707455845411e-04
5.493946707455845411e-04
5.493946707455845411e-04
5.493946707455782527e-04
3.652334518227921432e-04
3.652334518227921432e-04
3.623120035077268745e-04
3.623120035077268745e-04
2.546927457496756019e-04
2.546927457412518389e-04
2.546927457412518389e-04
2.546916890116100599e-04
2.546916890116100599e-04
2.546916890116100599e-04
2.546916890116100599e-04
2.459031460649319122e-04
2.459030932165762293e-04
2.459030930795007655e-04
2.459030930795007655e-04
2.459030930795007655e-04
2.459030930795007655e-04
2.237360975391251199e-04
1.341878398059595230e-04
1.341814936919848709e-04
1.341814936919848709e-04
1.341814936919846811e-04
1.341697267222661681e-04
1.066416793149077357e-04
1.066416793149077357e-04
1.066416793149077357e-04
1.066416793149077357e-04
1.066416793149077357e-04
1.066416779915214702e-04
1.066416779913511421e-04
1.053377212374348313e-04
1.053377212374348313e-04
1.053377212374348313e-04
1.053377212374348313e-04
1.053377194431511833e-04
1.053377194431107832e-04
1.053377194431107832e-04
8.097762167389089454e-05
4.898342900851971010e-05
4.896334172773789568e-05
4.896334172773789568e-05
4.896309694488711414e-05
4.324057014748818750e-05
4.324056155210233017e-05
4.324056155210233017e-05
4.324056155210233017e-05
4.324056155210233017e-05
4.324056155146969142e-05
4.310427106696498888e-05
4.310427106696498888e-05
4.310427106696498888e-05
4.310427106696498888e-05
4.310427106696294923e-05
2.609514372005440538e-05
2.609514372005440538e-05
2.593067498233479640e-05
2.593067498233479640e-05
1.772303868569341845e-05
1.772303868397088548e-05
1.772303868397088548e-05
1.772298755219467372e-05
1.772298755219467372e-05
1.772298755219467372e-05
1.772298755219467372e-05
1.679455824680268193e-05
1.679455175947690594e-05
1.679455175250427979e-05
1.679455175250427979e-05
1.679455175250427979e-05
1.679455175250427979e-05
1.551340260471863557e-05
8.039649575607943515e-06
8.038804251462049988e-06
8.038804251462049988e-06
8.038804251462043212e-06
8.038396892892981239e-06
6.340994774459244996e-06
6.340994774459244996e-06
6.340994774459244996e-06
6.340994774459244996e-06
6.340994774459244996e-06
6.340994715684988274e-06
6.340994715658682819e-06
6.229156494603154747e-06
6.229156494603154747e-06
6.229156494603154747e-06
6.229156494603154747e-06
6.229156494603154747e-06
6.229156314323372759e-06
6.229156314322258911e-06
4.959061333363996218e-06
4.959061333363996218e-06
2.517038380068548356e-06
2.516413055790209514e-06
2.516413055790209514e-06
2.516385201184998512e-06
2.220375397101337287e-06
2.220375070987011433e-06
2.220375070987011433e-06
2.220375070987011433e-06
2.220375070987011433e-06
2.220375070971967280e-06
2.220375070971967280e-06
2.220375070971967280e-06
2.210720189735118014e-06
2.210720189735118014e-06
2.210720189734865175e-06
1.401097301096782907e-06
1.401097301096782907e-06
1.394311055406665506e-06
1.394311055406665506e-06
7.983910056254400595e-07
7.983910054851633566e-07
7.983910054851633566e-07
7.983892793128356539e-07
7.983892793128356539e-07
7.983892793128356539e-07
7.983892793128356539e-07
7.555305864157389091e-07
7.555299098174165234e-07
7.555299096670129064e-07
7.555299096670129064e-07
7.555299096670129064e-07
7.555299096670129064e-07
7.555299096670129064e-07
7.202887905386861715e-07
3.716994818278926991e-07
3.716189931050419207e-07
3.716189931050419207e-07
3.716189931050418148e-07
3.716003314326907423e-07
2.543876271739714202e-07
2.543876271739714202e-07
2.543876271739713143e-07
2.543876271739713143e-07
2.543876271739713143e-07
2.543876259312642899e-07
2.543876259292812270e-07
2.494867593927028330e-07
2.494867593927028330e-07
2.494867593927028330e-07
2.494867593927028330e-07
2.494867593927028330e-07
2.494867419014665429e-07
2.494867419014496552e-07
2.134608577829286655e-07
2.134608577829286655e-07
9.919840173307764569e-08
9.917099921306635159e-08
9.917099921306635159e-08
9.916874165883525576e-08
8.003434815450935013e-08
8.003434100706232914e-08
8.003434100706232914e-08
8.003434100706232914e-08
8.003434100706232914e-08
8.003434100706232914e-08
8.003434100706232914e-08
8.003434100683100974e-08
8.003434100683100974e-08
7.961937744982418954e-08
7.961937744982418954e-08
7.961937744980588569e-08
5.516697691337647121e-08
5.516697691337647121e-08
5.487596414736956118e-08
5.487596414736956118e-08
2.709282769602574074e-08
2.709282767872005692e-08
2.709278444669418402e-08
2.709278444669418402e-08
2.709278444669418402e-08
2.709278444669418402e-08
2.709278444669418402e-08
2.452300425274841627e-08
2.452296150605623587e-08
2.452296150605623587e-08
2.452296150369037028e-08
2.452296150369037028e-08
2.452296150369037028e-08
2.346383721647098108e-08
2.346383721647098108e-08
1.274492025125651666e-08
1.273991573080575601e-08
1.273991573080575601e-08
1.273991573080575435e-08
1.273939029579945555e-08
7.578446634498037468e-09
7.578446634498037468e-09
7.578446634498030850e-09
7.578446634498030850e-09
7.578446634498030850e-09
7.578446613880941203e-09
7.578446613673578604e-09
7.303809248939594985e-09
7.303809248939594985e-09
7.303809248939594985e-09
7.303809248939594985e-09
7.303809248939594985e-09
7.303808198173046377e-09
7.303808198172765136e-09
6.227283137350959418e-09
6.227283137350959418e-09
2.889790916077914615e-09
2.889790916077914615e-09
2.889064062619478590e-09
2.888943450184033228e-09
2.127491597194928960e-09
2.127491481163894033e-09
2.127491481163894033e-09
2.127491481163894033e-09
2.127491481163894033e-09
2.127491481163894033e-09
2.127491481163894033e-09
2.127491481163894033e-09
2.127491481163894033e-09
2.127491481159983950e-09
2.127491481159983950e-09
2.105593856485726264e-09
2.105593856484012760e-09
2.105593856484012760e-09
1.403563594463386687e-09
1.398062147464894590e-09
1.398062147464894590e-09
6.725769559346631678e-10
6.725769547632845340e-10
6.725762375511862545e-10
6.725762375511862545e-10
6.725762375511862545e-10
6.725762375511862545e-10
6.725762375511862545e-10
5.831951213460849568e-10
5.831933685060164276e-10
5.831933685060164276e-10
5.831933684678268429e-10
5.831933684678268429e-10
5.831933684678268429e-10
5.636717974817969318e-10
5.625347301939893618e-10
2.766288224431103764e-10
2.766288224431103764e-10
2.766288224431103764e-10
2.766288224431103247e-10
2.766222452470430158e-10
1.621688404650456416e-10
1.621688404650456416e-10
1.621688404650450988e-10
1.621688404650450988e-10
1.621688404650450988e-10
1.621688404540538588e-10
1.621688401439560740e-10
1.621688401439560740e-10
1.540652453482203736e-10
1.540652453482203736e-10
1.540652453482203736e-10
1.540652083028160789e-10
1.540652083028160789e-10
1.540652083028133647e-10
1.357021549812242834e-10
1.357021549812242834e-10
1.357021549812242834e-10
5.408823514895250640e-11
5.408009475917038312e-11
5.407542996407037686e-11
3.979281927400642568e-11
3.979281776312482832e-11
3.979281776312482832e-11
3.979281776312482832e-11
3.979281776312482832e-11
3.979281776312482832e-11
3.979281776312482832e-11
3.979281776312482832e-11
3.979281776312482832e-11
3.979281776312482832e-11
3.979281776309159246e-11
3.924801136365093344e-11
3.924801136357713988e-11
3.924801136357713988e-11
2.817098226893073723e-11
2.809824383509350524e-11
2.809824383509350524e-11
1.128494514804064371e-11
1.128494511405338854e-11
1.128493697339998354e-11
1.128493697339998354e-11
1.128493697339998354e-11
1.128493697339998354e-11
1.128493697339998354e-11
9.795612807382469131e-12
9.795550387136735253e-12
9.795550387136735253e-12
9.795550386843326858e-12
9.795550386843326858e-12
9.795550386843326858e-12
9.768691358348878943e-12
9.578985301197389045e-12
5.193587102852554787e-12
5.193587102852554787e-12
5.193587102852554787e-12
5.193587102852554787e-12
5.193489069559853425e-12
2.560242414239357045e-12
2.560242414239357045e-12
2.560242414239336043e-12
2.560242414239336043e-12
2.560242414239336043e-12
2.560242413937485397e-12
2.560242411598446019e-12
2.560242411598446019e-12
2.560242411598446019e-12
2.429721638453511052e-12
2.429720388789758845e-12
2.429720388789758845e-12
2.429720388789758845e-12
2.429720388789758845e-12
2.429720388789743093e-12
2.247580198760077785e-12
2.247580198760077785e-12
9.545758333821161642e-13
9.545758333821161642e-13
9.544511408555882980e-13
9.543092595894706829e-13
6.176809859531197621e-13
6.176809735860970153e-13
6.176809735860970153e-13
6.176809735860970153e-13
6.176809735860970153e-13
6.176809735860970153e-13
6.176809735860970153e-13
6.176809735860969143e-13
6.176809735860969143e-13
6.176809735860969143e-13
6.084614095936589346e-13
6.084614095934614291e-13
6.084614095913639931e-13
6.084614095913639931e-13
4.839107701004749846e-13
4.828783724488080091e-13
4.828783609419435424e-13
1.901731540436008462e-13
1.901731540436008462e-13
1.901731540436008462e-13
1.901730690760708623e-13
1.901730690760708623e-13
1.901730690760708623e-13
1.535944457033062830e-13
1.535944457033062830e-13
1.535944457033062830e-13
1.535928063895258754e-13
1.535928063875063410e-13
1.535928063875063410e-13
1.535928063875063410e-13
1.530934234414124110e-13
1.507170186970701430e-13
9.317647022654220174e-14
9.317647022654220174e-14
9.317647022654220174e-14
9.317647022654220174e-14
9.317531648785288729e-14
9.317531648785288729e-14
4.238088089658704766e-14
4.238088089658620200e-14
4.238088089658620200e-14
4.238088089658620200e-14
4.238088088197481934e-14
4.238088088197481934e-14
4.238088088197481934e-14
4.238088086273412952e-14
4.238088086273412952e-14
3.898390433986617988e-14
3.898386850617138115e-14
3.898386850617138115e-14
3.898386850617138115e-14
3.898386850617138115e-14
3.898386850617138115e-14
3.898386850617126125e-14
3.640858766921138824e-14
1.736074920931681222e-14
1.736074920931681222e-14
1.735910355236691418e-14
1.735509810282718625e-14
1.034660293084918431e-14
1.034660282086078690e-14
1.034660282086078690e-14
1.034660282086078690e-14
1.034660282086078690e-14
1.034660282086078690e-14
1.034660282086078690e-14
1.034660282086078374e-14
1.034660282086078374e-14
1.008635068924682418e-14
1.008635068924682418e-14
1.008635068924506502e-14
1.008635068914057881e-14
1.008635068914057881e-14
8.106408281111854710e-15
8.094936816640993516e-15
8.094936439920668598e-15
3.441939021901040253e-15
3.441939021901040253e-15
3.441939021901040253e-15
3.441938122874757857e-15
3.441938122874757857e-15
3.441938122874757857e-15
3.441938122874757857e-15
2.641275330399337808e-15
2.641232040355193452e-15
2.641232040355193452e-15
2.641232040335123253e-15
2.641232040335123253e-15
2.641232040335123253e-15
2.625857689216364565e-15
1.602645092517915441e-15
1.592009345545181701e-15
1.592009345545181701e-15
1.592009345545181701e-15
1.592009345545181701e-15
1.592009345545181701e-15
1.591998549738003614e-15
7.578603256386063648e-16
7.578603256385537083e-16
7.578603256385537083e-16
7.578603250612083027e-16
7.578603250612083027e-16
7.578603250612083027e-16
7.578603250612083027e-16
7.578603250612083027e-16
7.578603248504762406e-16
6.820643356177681097e-16
6.820633486379955290e-16
6.820633486379955290e-16
6.820633486379955290e-16
6.820633486379955290e-16
6.820633486379955290e-16
6.487501865477675853e-16
6.487501865477667965e-16
2.968402091194749064e-16
2.968243837573193067e-16
2.968243837573193067e-16
2.966981159342753962e-16
1.820159209782032676e-16
1.820159209782032676e-16
1.820159197972794785e-16
1.820159197972794785e-16
1.820159197972794785e-16
1.820159197972794785e-16
1.820159197972794785e-16
1.820159197972792813e-16
1.820159197972792813e-16
1.762681997405095610e-16
1.762681997365521170e-16
1.762681997365521170e-16
1.762681997365387803e-16
1.762681997365387803e-16
1.494627985546658430e-16
1.493345640435136163e-16
1.493345523960112181e-16
5.905273727440012186e-17
5.905273727440012186e-17
5.905273727440012186e-17
5.905272808358002737e-17
5.905272808358002737e-17
5.905272808358002737e-17
5.905272808358002737e-17
4.597632381419673593e-17
4.597489359389972781e-17
4.597489359389972781e-17
4.597489359389972781e-17
4.597489359374755778e-17
4.597489359374755778e-17
4.597489359374755778e-17
4.563917706789411831e-17
3.105602359392284742e-17
3.092337959800827286e-17
3.092337959800827286e-17
3.092337959800827286e-17
1.334812541884697104e-17
1.334812541884492648e-17
1.334809911840586442e-17
1.334809911840586442e-17
1.334809911840586442e-17
1.334809911840586442e-17
1.334809911840586442e-17
1.334809911840586442e-17
1.334809910195296384e-17
1.334809910195296384e-17
1.334809910195296384e-17
1.334809910031239354e-17
1.205521904349563208e-17
1.205518541709263299e-17
1.205518541709263299e-17
1.205518541709263299e-17
1.205518541709263299e-17
1.205518541709263299e-17
1.170300636993137284e-17
1.170300636993136821e-17
6.132660347778910412e-18
6.132425051274402626e-18
6.132425051274402626e-18
6.128513083691160148e-18
3.399292395273654153e-18
3.399292395273654153e-18
3.399292384916545639e-18
3.399292384916545639e-18
3.399292384916545639e-18
3.399292384916537165e-18
3.399292384916537165e-18
3.399292384916537165e-18
3.399292384916537165e-18
3.289426248490779177e-18
3.289426248364145816e-18
3.289426248364145816e-18
3.289426248364145816e-18
3.289426248364051445e-18
2.960269581455234669e-18
2.960269081658787605e-18
2.958517267390647568e-18
1.292893191878726939e-18
1.292893191878726939e-18
1.292893191878726939e-18
1.292893191878726939e-18
1.292893081100245917e-18
1.292893081100245917e-18
9.339483965342966517e-19
9.339483965342966517e-19
9.339054969991254567e-19
9.339054969991254567e-19
9.339054969991254567e-19
9.339054969991254567e-19
9.339054969978418244e-19
9.339054969978418244e-19
9.263097954305358264e-19
7.033845362564901748e-19
7.010109856748604563e-19
7.010109856748604563e-19
7.010109856748604563e-19
7.010109856743410330e-19
7.010109856743410330e-19
3.087954134437126556e-19
3.087950593773266537e-19
3.087950593773266537e-19
3.087950593773266537e-19
3.087950593773266537e-19
3.087950593773266537e-19
3.087950584144002483e-19
3.087950584144002483e-19
3.087950584144002483e-19
3.087950584144002483e-19
3.087950583964483183e-19
2.677857609162031422e-19
2.677845549997121181e-19
2.677845549997121181e-19
2.677845549997121181e-19
2.677845549997121181e-19
2.677845549997121181e-19
2.616871806313789187e-19
2.616871806313788706e-19
1.561709362958258017e-19
1.561670992177782992e-19
1.560278407910083711e-19
1.560278407910083711e-19
1.560278407910083711e-19
8.344154289439399335e-20
8.344154289439399335e-20
8.344154276678183913e-20
8.344154276678183913e-20
8.344154276678136968e-20
8.344154276678136968e-20
8.344154276678136968e-20
8.344154276678136968e-20
8.344154276678136968e-20
7.942227337873266276e-20
7.942227337066033203e-20
7.942227337066033203e-20
7.942227337065924869e-20
7.942227337065924869e-20
7.262511308168350454e-20
7.262509121723761854e-20
7.262509121723761854e-20
7.259857196956968132e-20
3.538373925566873230e-20
3.538373925566873230e-20
3.538373925566873230e-20
3.538373755906492381e-20
3.538373755906492381e-20
3.538373755906492381e-20
2.444247746635024751e-20
2.444086403777108371e-20
2.444086403777108371e-20
2.444086403777108371e-20
2.444086403777108371e-20
2.444086403775378645e-20
2.444086403775378645e-20
2.412134166843214286e-20
1.873172225246408678e-20
1.868934417727438934e-20
1.868934417727438934e-20
1.868934417727438934e-20
1.868934417723400800e-20
1.868934417723400800e-20
8.788316740896093370e-21
8.788310876766983302e-21
8.788310876766983302e-21
8.788310876766983302e-21
8.788310876766983302e-21
8.788310876766983302e-21
8.788310820073913160e-21
8.788310820073913160e-21
8.788310820073913160e-21
7.413277199975049469e-21
7.413277199975049469e-21
7.413277199771448581e-21
7.413226452676619174e-21
7.413226452676619174e-21
7.413226452676619174e-21
7.413226452676619174e-21
7.294897116217605289e-21
7.294897116217605289e-21
4.403415779866208024e-21
4.403415779866208024e-21
4.403353402913263966e-21
4.396523644145816238e-21
4.396523644145816238e-21
4.396523644145816238e-21
2.421642118235852882e-21
2.421642118235852882e-21
2.421642116120726275e-21
2.421642116120726275e-21
2.421642116120726275e-21
2.421642116120682641e-21
2.421642116120682641e-21
2.421642116120682641e-21
2.421642116120682641e-21
2.421642116120682641e-21
2.421642115575178783e-21
2.279185057861079710e-21
2.279185057861066168e-21
2.279185057861066168e-21
2.279183875438250455e-21
2.134983825842716551e-21
2.134983825842716551e-21
2.134515142109775294e-21
1.027146882824694501e-21
1.027146882824694501e-21
1.027146882824694501e-21
1.027146882824694501e-21
1.027146854691065343e-21
1.026970996610586481e-21
7.170370389817813923e-22
7.170370389817813923e-22
7.170370389817813923e-22
7.170370389817813923e-22
7.170370389817813923e-22
7.170370389815584246e-22
7.053712414326976813e-22
7.053712414326976813e-22
5.821875607214374969e-22
5.821875607214374029e-22
5.813498189724357065e-22
5.813498189724357065e-22
5.813498189695956181e-22
5.813498189695956181e-22
2.616591185265948146e-22
2.616591185265948146e-22
2.616591185265948146e-22
2.616590162322223528e-22
2.616590162322223528e-22
2.616590162322223528e-22
2.616590162322223528e-22
2.616590134726603088e-22
2.616590134726603088e-22
2.210458748227333993e-22
2.210458748200232735e-22
2.210458748200232735e-22
2.210458748200232735e-22
2.210430897498168347e-22
2.210430897498168347e-22
2.210430897498168347e-22
2.210430897498168347e-22
2.188784471575337853e-22
1.463619967907990142e-22
1.463619967907990142e-22
1.463619967907990142e-22
1.463619967907990142e-22
1.460410834559208308e-22
1.460397332981363848e-22
1.460397332981363848e-22
7.510679190414260393e-23
7.510679190414260393e-23
7.510679190414260393e-23
7.510679187368178372e-23
7.510679187368178372e-23
7.510679187367873919e-23
7.510679187367873919e-23
7.510679184486592680e-23
7.055628217462127881e-23
7.055628217462127881e-23
7.055628217462127881e-23
7.055628217462127881e-23
7.055628217462112599e-23
7.055628217462112599e-23
7.055628217462112599e-23
7.055621222781826527e-23
6.766339624700796816e-23
6.766339624700796816e-23
6.765413175347578210e-23
3.638674794761782118e-23
3.638674794761782118e-23
3.638674741903392297e-23
3.638674741903392297e-23
3.637735628670401744e-23
2.371718266216165383e-23
2.371718266216165383e-23
2.371718266216165383e-23
2.371718266216165383e-23
2.371718266216165383e-23
2.371718266215861518e-23
2.329324796756481647e-23
2.329324796756480178e-23
2.329324796756480178e-23
2.038135201190937703e-23
2.038135201190937703e-23
2.036113894207428306e-23
2.036113894207428306e-23
2.036113894188298899e-23
2.036113894188298899e-23
9.807401234486325032e-24
9.807401234486325032e-24
9.807399082920001967e-24
9.807399082920001967e-24
9.807398843610727035e-24
9.807398843610727035e-24
9.807398843610727035e-24
9.807398843610727035e-24
7.908603665834917792e-24
7.908603665834917792e-24
7.908603665791687518e-24
7.908451946759816569e-24
7.908451946759816569e-24
7.908451946759816569e-24
7.908451946759816569e-24
7.908451946759816569e-24
7.853767565049703064e-24
7.853767565049703064e-24
5.759937835018407038e-24
5.759937835018407038e-24
5.743413538012571628e-24
5.743413538012571628e-24
5.743382274120866003e-24
5.743382274120866003e-24
2.969650416818048421e-24
2.969650416818048421e-24
2.969650416818048421e-24
2.969650416818048421e-24
2.969650416224623608e-24
2.969650416224362427e-24
2.969650416224362427e-24
2.969650413443875641e-24
2.727189459833497379e-24
2.727189459833497379e-24
2.727189459833497379e-24
2.727189459833497379e-24
2.727189459833497379e-24
2.727189459833494441e-24
2.727185012509053437e-24
2.727185012509053437e-24
2.727185012509053437e-24
2.641293443453266616e-24
1.566622804362145309e-24
1.566622804362145309e-24
1.566548442780678897e-24
1.565969385663272396e-24
1.565969373463107647e-24
1.565969373463107647e-24
9.924642830478380729e-25
9.924642830478380729e-25
9.924642830478380729e-25
9.924642830478380729e-25
9.924642830478380729e-25
9.924642830477776451e-25
9.667939989784365438e-25
9.667939989784352581e-25
9.667939989784352581e-25
9.667939989784352581e-25
8.657674459532269992e-25
8.657674459318774503e-25
8.657674459318774503e-25
8.657674459318774503e-25
8.652211947374051110e-25
4.471396849484850600e-25
4.471396849484850600e-25
4.471396849484850600e-25
4.471396292164325249e-25
4.471396080469553120e-25
4.471396080469553120e-25
4.471396080469553120e-25
4.471396080469553120e-25
3.506230591958875133e-25
3.506230591958875133e-25
3.506230591958875133e-25
3.506131379057994420e-25
3.506131379048365009e-25
3.506131379048365009e-25
3.506131379048365009e-25
3.506131379048365009e-25
3.490002119238128636e-25
2.648200730855308340e-25
2.648200730855308340e-25
2.636044058700687024e-25
2.636044058700687024e-25
2.636044058700687024e-25
2.636035851767149313e-25
2.636035851767149313e-25
2.636035851767149313e-25
1.404714953297438228e-25
1.404714953297438228e-25
1.404714953297438228e-25
1.404714953297077773e-25
1.404714953146597966e-25
1.404714953146597966e-25
1.404714950498960637e-25
1.270366655433291548e-25
1.270366655433291548e-25
1.270366655433291548e-25
1.270366655433291548e-25
1.270366655433291548e-25
1.270366655433291548e-25
1.270363444903582351e-25
1.270363444903581891e-25
1.270363444903581891e-25
1.242192402462076855e-25
1.242192402462076855e-25
7.598207152245264026e-26
7.597989169631202273e-26
7.597989169631202273e-26
7.593241328148343110e-26
4.827429706299121946e-26
4.827429693159659610e-26
4.827429693159659610e-26
4.827429693159659610e-26
4.827429693159659610e-26
4.827429693159659610e-26
4.827429693159659610e-26
4.827429693159532188e-26
4.675575573697335000e-26
4.675575573697335000e-26
4.675575573697317207e-26
4.675575573697317207e-26
4.675575573697317207e-26
4.675575573432327604e-26
4.311315165365479945e-26
4.309626727285363226e-26
4.309626727285363226e-26
4.309626727285363226e-26
2.248732824985487677e-26
2.248732646850089678e-26
2.248732487100114963e-26
2.248732487100114963e-26
2.248732487100114963e-26
2.248732487100114963e-26
2.248732487100114963e-26
1.752616548979684060e-26
1.752616548979684060e-26
1.752530126262117591e-26
1.752530126262117591e-26
1.752530126259960318e-26
1.752530126259960318e-26
1.752530126259960318e-26
1.747499583477807775e-26
1.747499583477807775e-26
1.411213041488929930e-26
1.411213041488929930e-26
1.402545134093253322e-26
1.402545134093253322e-26
1.402545134093253322e-26
1.402545134093253322e-26
1.402542501060053163e-26
1.402542501060053163e-26
7.313391551102469181e-27
7.313391551102469181e-27
7.313391551102469181e-27
7.313391551098309320e-27
7.313391551098309320e-27
7.313391550732626114e-27
7.313391526856136102e-27
6.573342849474277024e-27
6.573342849474277024e-27
6.573342849474277024e-27
6.573342849474277024e-27
6.573342849474277024e-27
6.573342849474277024e-27
6.573312880889230994e-27
6.573312880889230994e-27
6.573312880889230994e-27
6.478575450954497289e-27
6.478575450954497289e-27
4.331436789470676567e-27
4.331356508153617531e-27
4.331356508153617531e-27
4.327477481331046070e-27
2.634621509844233720e-27
2.634621506335507204e-27
2.634621506335507204e-27
2.634621506335507204e-27
2.634621506335507204e-27
2.634621506335507204e-27
2.634621506335507204e-27
2.634621506335507204e-27
2.634621506335478864e-27
2.542472563741327637e-27
2.542472563741304678e-27
2.542472563741304678e-27
2.542472563741304678e-27
2.542472563480615991e-27
2.404792003599395132e-27
2.404196574954539493e-27
2.404196574954539493e-27
2.404196574954539493e-27
1.361806489756365942e-27
1.361806261994348898e-27
1.361806261994348898e-27
1.361806209469700525e-27
1.361806209469700525e-27
1.361806209469700525e-27
1.361806209469700525e-27
1.361806209469700525e-27
1.018298543268495275e-27
1.018225178395587629e-27
1.018225178395037513e-27
1.018225178395037513e-27
1.018225178395037513e-27
1.018225178395037513e-27
1.018225178395037513e-27
1.018225178395037513e-27
1.016298789200344297e-27
8.666313461358799815e-28
8.599577998313255510e-28
8.599577998313255510e-28
8.599577998313255510e-28
8.599577998313255510e-28
8.599569123798245444e-28
4.667372673490339211e-28
4.667372673490339211e-28
4.667372673490339211e-28
4.667372673484703524e-28
4.667372673484703524e-28
4.667372673484703524e-28
4.667372673372191589e-28
4.667372639467965821e-28
4.089204672126992542e-28
4.089204672126992542e-28
4.089204672126992542e-28
4.089204672126992542e-28
4.089204672126992542e-28
4.089175506995064894e-28
4.089175506995064894e-28
4.089175506995064894e-28
4.089175506995064894e-28
4.047448106213959459e-28
2.920397233078373727e-28
2.920397233078373727e-28
2.920364513710476188e-28
2.920364513710476188e-28
2.916760037966123199e-28
1.769462913545722806e-28
1.769462912350144598e-28
1.769462912350144598e-28
1.769462912350144598e-28
1.769462912350144598e-28
1.769462912350144598e-28
1.769462912350144598e-28
1.769462912350144598e-28
1.769462912350108276e-28
1.769462912350108276e-28
1.688578276482882188e-28
1.688578276482882188e-28
1.688578276482874565e-28
1.688578276081981908e-28
1.688578276081981908e-28
1.618818557320967890e-28
1.618576632176697801e-28
1.618576632176697801e-28
9.856329313057381024e-29
9.856326312689211515e-29
9.856326312689211515e-29
9.856326104841802887e-29
9.856326104841802887e-29
9.856326104841802887e-29
9.856326104841802887e-29
7.217927715927856346e-29
7.217927715927856346e-29
7.217174032041083923e-29
7.217174032041083923e-29
7.217174032039256630e-29
7.217174032039256630e-29
7.217174032039256630e-29
7.217174032039256630e-29
7.217174032039256630e-29
7.126542622624940435e-29
7.118076439353141517e-29
6.259949502565923220e-29
6.259949502565923220e-29
6.259949502565923220e-29
6.259949502565923220e-29
6.259945950228821040e-29
3.548244512291959009e-29
3.548244512291958449e-29
3.548244512280604008e-29
3.548244512280604008e-29
3.548244512280604008e-29
3.548244512280604008e-29
3.548244463005261291e-29
3.548244462962235823e-29
3.056394713003344869e-29
3.056394713003344869e-29
3.056394713003344869e-29
3.056394713003344869e-29
3.056394713003344869e-29
3.056361397697791247e-29
3.056361397697791247e-29
3.056361397697791247e-29
3.056361397697791247e-29
3.035391752301926301e-29
3.035391752301926301e-29
3.035391752301926301e-29
2.285676514622740115e-29
2.285661374320974392e-29
2.285661374320974392e-29
2.281319374054545009e-29
2.281319374054545009e-29
1.397899095350659934e-29
1.397899094856927834e-29
1.397899094856927834e-29
1.397899094856927834e-29
1.397899094856927834e-29
1.397899094856927834e-29
1.397899094856927834e-29
1.397899094856847960e-29
1.397899094856847960e-29
1.322946241196288884e-29
1.322946241196288884e-29
1.322946241196286362e-29
1.322946240577467075e-29
1.322946240577467075e-29
1.322946240577467075e-29
1.284078746493199669e-29
1.283963752289167690e-29
1.283962711195621564e-29
8.140160903876155630e-30
8.140160903876155630e-30
8.140160903876155630e-30
8.140160810071383911e-30
8.140160810071383911e-30
8.140160810071383911e-30
5.914959701899621466e-30
5.913963774917786896e-30
5.913963774917786896e-30
5.913963774917786896e-30
5.913963774917129687e-30
5.913963774917129687e-30
5.913963774917129687e-30
5.913963774917129687e-30
5.913963774917129687e-30
5.823112033914715569e-30
5.291138895845989019e-30
5.287611641270131628e-30
5.287611641270131628e-30
5.287611641270128125e-30
3.053628122608400444e-30
3.053627563302433737e-30
3.053627563302433737e-30
3.053627563302433737e-30
3.053627563281286041e-30
3.053627563281286041e-30
3.053627563281286041e-30
3.053627488657888824e-30
3.053627488657888824e-30
3.053627488657888824e-30
3.053627488657888824e-30
3.053627488657888824e-30
3.053627488640840276e-30
3.053627488640840276e-30
2.604189451053060610e-30
2.604141856813435873e-30
2.604141856813435873e-30
2.604141856813435873e-30
2.604141856813435873e-30
2.604141856813435873e-30
2.592613801288064489e-30
2.592613801288064489e-30
2.072147462384305978e-30
2.072139228742928902e-30
2.072139228742928902e-30
2.072139228742928902e-30
2.066800030588872093e-30
1.253472763474520663e-30
1.253472763262130584e-30
1.253472763262130584e-30
1.253472763262130584e-30
1.253472763262130584e-30
1.253472763262130584e-30
1.253472763262130584e-30
1.253472763261968909e-30
1.253472763261968909e-30
1.178842891587283409e-30
1.178842890582594449e-30
1.178842890582594449e-30
1.178842890582594449e-30
1.178842890582593574e-30
1.178842890582593574e-30
1.155303954082784047e-30
1.155302295397467827e-30
1.155240700586363717e-30
7.881854949518797587e-31
7.881854949518797587e-31
7.881854949518797587e-31
7.881854902466518860e-31
7.881854902466518860e-31
7.881854902466518860e-31
5.578815203831724979e-31
5.578815203831724979e-31
5.577488895439055720e-31
5.577488895439055720e-31
5.577488895439055720e-31
5.577488895438799107e-31
5.577488895438799107e-31
5.577488895438799107e-31
5.477060298077463217e-31
5.111889267548396050e-31
5.109710302374273009e-31
5.109710302374265127e-31
5.109710302374265127e-31
3.127456772910817826e-31
3.127456772865459546e-31
3.127456458984719161e-31
3.127456458984719161e-31
3.127456458984719161e-31
3.127456458984719161e-31
3.127456458984719161e-31
3.127456304952015693e-31
3.127456304952015693e-31
3.127456304952015693e-31
3.127456304952015693e-31
3.127456304952015693e-31
3.127456304944159226e-31
2.605524136259095535e-31
2.605524136259095535e-31
2.605452807893861335e-31
2.605452807893861335e-31
2.605452807893861335e-31
2.605452807893861335e-31
2.605452807893861335e-31
2.597805862717110743e-31
2.182814028833854469e-31
2.182814028833854469e-31
2.182814028833854469e-31
2.182809140625625071e-31
2.175431939501322873e-31
2.175431939501322873e-31
1.349271781089655112e-31
1.349271781089655112e-31
1.349271780981539243e-31
1.349271780981539243e-31
1.349271780981156294e-31
1.349271780981156294e-31
1.349271780981156294e-31
1.349271780981156294e-31
1.349271780981156294e-31
1.349271780981156294e-31
1.252537882353341462e-31
1.252537880121368376e-31
1.252537880121368376e-31
1.252537880121367938e-31
1.252537880121367938e-31
1.234849662006838302e-31
1.234846824962912294e-31
1.234809175933078343e-31
8.973765933886567563e-32
8.973765933886567563e-32
8.973765933886567563e-32
8.973765933886567563e-32
8.973765907091255810e-32
6.313421466783001361e-32
6.311304960859435541e-32
6.311304960859435541e-32
6.311304960859435541e-32
6.311304960859435541e-32
6.311304960859435541e-32
6.311304960859435541e-32
6.311304960859435541e-32
6.311304960859327160e-32
6.166306969161650983e-32
6.166306969161650983e-32
5.854744644270470367e-32
5.853215178144083335e-32
5.853215178144060345e-32
5.853215177831416426e-32
5.853215177831416426e-32
3.780013940163755531e-32
3.780013940163755531e-32
3.780013940163755531e-32
3.780013738719729140e-32
3.780013738719729140e-32
3.780013738719729140e-32
3.780013738719729140e-32
3.780013738719729140e-32
3.780013401832993318e-32
3.780013401832993318e-32
3.105845286059220152e-32
3.105845286056659498e-32
3.105845286056659498e-32
3.105718987715526263e-32
3.105718987715526263e-32
3.105718987715526263e-32
3.105718987715526263e-32
3.099899661430466503e-32
3.099899661430466503e-32
2.695308234078929492e-32
2.695308234078929492e-32
2.682577962463584653e-32
2.682574719015798268e-32
2.682574719015798268e-32
1.708248846853070115e-32
1.708248846853070115e-32
1.708248846853070115e-32
1.708248846795808735e-32
1.708248846795808735e-32
1.708248846794600663e-32
1.708248846794600663e-32
1.708248840579098081e-32
1.708248840579098081e-32
1.570570887806192385e-32
1.570570887806192385e-32
1.570570887806192385e-32
1.570570887806192385e-32
1.570570887806192385e-32
1.570570887806192385e-32
1.570565168753467091e-32
1.555616501548590164e-32
1.555616501548590164e-32
1.555590251860962538e-32
1.184364884646331055e-32
1.184364884646331055e-32
1.184364884646331055e-32
1.184364883104090840e-32
1.183521075222371456e-32
1.183521075222371456e-32
8.335750780650552047e-33
8.335750780650552047e-33
8.335750780650552047e-33
8.335750780650552047e-33
8.335750780650552047e-33
8.335750780650552047e-33
8.335750780650517835e-33
8.109938629577518319e-33
8.109938629577430737e-33
7.817222457196842864e-33
7.817222457196842864e-33
7.816024444755680217e-33
7.816024444755680217e-33
7.816024444755680217e-33
7.816024443921037293e-33
5.264732070192886684e-33
5.264732070192886684e-33
5.264732070192886684e-33
5.264732070192886684e-33
5.264731941073391242e-33
5.264731126704140740e-33
5.264731126704140740e-33
5.264731126704140740e-33
5.264731126704140740e-33
4.285922985938490999e-33
4.285922985937606977e-33
4.285650425199208154e-33
4.285650425199208154e-33
4.285650425199208154e-33
4.285650425199208154e-33
4.285650425199208154e-33
4.280778641899879620e-33
3.853418165288151288e-33
3.853418165288151288e-33
3.853418165288151288e-33
3.830121012218322120e-33
3.830121012218322120e-33
3.830118827481424506e-33
2.488968621711506861e-33
2.488968621711506861e-33
2.488968621711506861e-33
2.488968621711506861e-33
2.488968621689448385e-33
2.488968621689448385e-33
2.488968621685609525e-33
2.488968621685609525e-33
2.488968605242477416e-33
2.269953502491478059e-33
2.269953502491478059e-33
2.269953502491478059e-33
2.269939963433509820e-33
2.269939963433509820e-33
2.269939963433509820e-33
2.256173689569473635e-33
2.256173689569473635e-33
2.256173689569473635e-33
1.814786420115273451e-33
1.814774615651306167e-33
1.814774615651306167e-33
1.814774615651306167e-33
1.812998915474995372e-33
1.812998914819227718e-33
1.271813776701212042e-33
1.271813776701212042e-33
1.271813776701212042e-33
1.271813776701212042e-33
1.271813776701212042e-33
1.271813776701211871e-33
1.232268391158445581e-33
1.232268391158445581e-33
1.232268391158415646e-33
1.232268391158415646e-33
1.202217958327855482e-33
1.202217958081780834e-33
1.202124325453709056e-33
1.202124325453709056e-33
1.202124325453709056e-33
8.594210464601426702e-34
8.594210464601426702e-34
8.594208005212165213e-34
8.594207942777611485e-34
8.594207942777611485e-34
8.594207942777611485e-34
8.594207942777611485e-34
6.893696652303003483e-34
6.893696652303003483e-34
6.893064482075209675e-34
6.893064482075209675e-34
6.893064482075100199e-34
6.893064482075100199e-34
6.893064482075100199e-34
6.888897878284823357e-34
6.888897878284823357e-34
6.388025197859190848e-34
6.339734457096345946e-34
6.339734457096345946e-34
6.339734457096345946e-34
6.339733370944698420e-34
6.339733370944698420e-34
4.291783276794945109e-34
4.291783276794945109e-34
4.291783276794945109e-34
4.291783276794944253e-34
4.291783276780720869e-34
4.291783276777585395e-34
4.291783276777585395e-34
4.291783221370182535e-34
3.866182555982184240e-34
3.866182555982184240e-34
3.866182555982184240e-34
3.866182555982184240e-34
3.866182555982184240e-34
3.866147344426596124e-34
3.866147344426596124e-34
3.866147344426596124e-34
3.852917058371127402e-34
3.852917058371127402e-34
3.258357138449432585e-34
3.258357138449432585e-34
3.258350233372741442e-34
3.258350233372741442e-34
3.254027580580261456e-34
3.254027580580261456e-34
2.310095420480773166e-34
2.310095420429865337e-34
2.310095420429865337e-34
2.310095420429865337e-34
2.310095420429865337e-34
2.310095420429865337e-34
2.310095420429865337e-34
2.224305585584176575e-34
2.224305585584054697e-34
2.224305585584054697e-34
2.224305585584054697e-34
2.224305584629423539e-34
2.224305584629423539e-34
2.191632060602969961e-34
2.191575593862173512e-34
2.191575593862173512e-34
1.661067365827107280e-34
1.661066542149914247e-34
1.661066541034705524e-34
1.661066541034705524e-34
1.661066541034705524e-34
1.661066541034705524e-34
1.661066541034705524e-34
1.323476516602769256e-34
1.323476516602769256e-34
1.323300511114382650e-34
1.323300511114382436e-34
1.323300511114382436e-34
1.323021758090306360e-34
1.260313020868427228e-34
1.247904205279635564e-34
1.247904205279635564e-34
1.247904205279635564e-34
1.247904205279635564e-34
1.247904205279635564e-34
1.247904205279635564e-34
1.247904185157239145e-34
8.833808424966879297e-35
8.833808424966873951e-35
8.833808424898580537e-35
8.833808424898580537e-35
8.833808424898580537e-35
8.833808424898538842e-35
8.833808214445352402e-35
7.878705971504635887e-35
7.878705971504635887e-35
7.878705971504635887e-35
7.878705971504635887e-35
7.878595510214116171e-35
7.878595510214116171e-35
7.878595510214116171e-35
7.878595510214116171e-35
7.868604217508336019e-35
7.868604217508336019e-35
7.005937728048833096e-35
7.005936201631394378e-35
7.005936201631394378e-35
6.992720561889181994e-35
5.046113302129656506e-35
5.046113302128903856e-35
5.046113302128903856e-35
5.046113302128903856e-35
5.046113302128903856e-35
5.046113302128903856e-35
5.046113302128191831e-35
4.828471184191267977e-35
4.828471184191267977e-35
4.828471184191267977e-35
4.828471184191267977e-35
4.828471180158218912e-35
4.800281881598338422e-35
4.800281881598338422e-35
4.800268928616984529e-35
3.899026132339887562e-35
3.899022704057113517e-35
3.899022704057113517e-35
3.899022704038050290e-35
3.899022704038050290e-35
3.899022704038050290e-35
3.899022704038050290e-35
3.087005788604018124e-35
3.086372237403606083e-35
3.086372237403606083e-35
3.086372237403606083e-35
3.086372237403606083e-35
3.086372237403606083e-35
3.046679542955821971e-35
2.984625053550253771e-35
2.984557237479565376e-35
2.984557237479565376e-35
2.984557237122475992e-35
2.984557237122475992e-35
2.250631522441068278e-35
2.250631522441064803e-35
2.250631522401322396e-35
2.250631522401322396e-35
2.250631522401322396e-35
2.250631419208307551e-35
2.250631419208307551e-35
1.981736375539136452e-35
1.981736375539136452e-35
1.981736375539136452e-35
1.981736375539136452e-35
1.981690133974180612e-35
1.981690133974180612e-35
1.981690133974180612e-35
1.981690133974180612e-35
1.981387547742407684e-35
1.981387547742407684e-35
1.875846894932189223e-35
1.875846894932189223e-35
1.875846891537217830e-35
1.870782103487062547e-35
1.395052159143219977e-35
1.395052159143219977e-35
1.395052159143219977e-35
1.395052159143219977e-35
1.395052159143219977e-35
1.395052159143219977e-35
1.395052159142732197e-35
1.395052159142732197e-35
1.395052159142732197e-35
1.322642776416398539e-35
1.322642774130372458e-35
1.322642774130372458e-35
1.322642774130372458e-35
1.321626226092271974e-35
1.321626195630498882e-35
1.321626195630498882e-35
1.321623589323165212e-35
1.184803969889769519e-35
1.184803969889769118e-35
1.184803969889769118e-35
1.184803969889769118e-35
9.372610058984827532e-36
9.372610058984827532e-36
9.369485871259210529e-36
9.369485871259210529e-36
9.369485871259210529e-36
9.369485871259210529e-36
9.369485871259210529e-36
9.369485871259210529e-36
9.209466968092048081e-36
9.181874452020568353e-36
9.181872460769594520e-36
9.181872460769594520e-36
9.181872460769594520e-36
7.767801581628242607e-36
7.767801581628207861e-36
7.767801581628155742e-36
7.767801581628155742e-36
7.767801581270533142e-36
7.767801581270533142e-36
7.767800767911663094e-36
7.767800767911663094e-36
7.767800767911663094e-36
7.767800767911663094e-36
6.726883543830212428e-36
6.726883543830212428e-36
6.726883543830212428e-36
6.726598491134978108e-36
6.726598491134978108e-36
6.726598491134978108e-36
6.726587673439214738e-36
6.665709313314372992e-36
6.665709313314372992e-36
6.665709313313456234e-36
6.637655796480577320e-36
6.637655796480577320e-36
5.442704230898505870e-36
5.442704230898505870e-36
5.442704230898505870e-36
5.442704230898505870e-36
5.442704230892899078e-36
5.442704230892899078e-36
5.442704230892899078e-36
5.083909505514762095e-36
5.083909483166891000e-36
5.083909483166891000e-36
5.083909483166891000e-36
5.083909483166891000e-36
5.083862852804084646e-36
5.083842219920032415e-36
5.083842219910399102e-36
4.978107113670715676e-36
4.978107113670715676e-36
4.978107113670715676e-36
4.143712656846038071e-36
4.141030745408152331e-36
4.141030745408152331e-36
4.141030745408152331e-36
4.141030745408152331e-36
4.141030745408152331e-36
4.141030745408152331e-36
4.141030745408152331e-36
4.141030745408152331e-36
4.038553602332541762e-36
4.038388497467202648e-36
4.038388497384880827e-36
4.038388497384811335e-36
4.038388496745238785e-36
3.889483048588722634e-36
3.889483048588722634e-36
3.889483048588722634e-36
3.889483048588722634e-36
3.889481957564250934e-36
3.889481957564250934e-36
3.889481957564250934e-36
3.889481957564250934e-36
3.889481957564250934e-36
3.410046379832844628e-36
3.410046379832844628e-36
3.409724583673156165e-36
3.409724583673156165e-36
3.409724583079110154e-36
3.409234918758133033e-36
3.409234918758133033e-36
3.409234918758133033e-36
3.409234918758133033e-36
3.385056895886522902e-36
3.213039756151586760e-36
3.213039756151586760e-36
3.213039756151586760e-36
3.213039756151586760e-36
3.213039756138657929e-36
3.213039756138657929e-36
2.987206037484435630e-36
2.987205996204811816e-36
2.987205996204811816e-36
2.987205996204811816e-36
2.987205996204811816e-36
2.987174700453923987e-36
2.987174697013317074e-36
2.987174697013317074e-36
2.986018540869237807e-36
2.986018540869237807e-36
2.986018540869237807e-36
2.986018540869237807e-36
2.986018540869237807e-36
2.822981287477074766e-36
2.818871670764760591e-36
2.818871670764760591e-36
2.818871670764760591e-36
2.818871670764760591e-36
2.818871670764760591e-36
2.733204554510686164e-36
2.733204538348247770e-36
2.733204538348247770e-36
2.733204538348038626e-36
2.733204536780627501e-36
2.733204536780627501e-36
2.731009173657563752e-36
2.731009173657563752e-36
2.731009173657563752e-36
2.731009173657563752e-36
2.731006810556351410e-36
2.731006810556351410e-36
2.731006810556351410e-36
2.607905776538223184e-36
2.607905776538223184e-36
2.607283973026512759e-36
2.607283973026512759e-36
2.607283973026512759e-36
2.607283973026512759e-36
2.607283911828743722e-36
2.581694222391878675e-36
2.581694222391878675e-36
2.581694222391878675e-36
2.578427968648930576e-36
2.578427968648930576e-36
2.578427968648930576e-36
2.578427968604385277e-36
2.578427968604382605e-36
2.578427968604382605e-36
2.578427833490211681e-36
2.578427833490211681e-36
2.505739092442326402e-36
2.505666332836704775e-36
2.505666332836704775e-36
2.505666332836704775e-36
2.505666332836704775e-36
2.505666158917911541e-36
2.505666158917911541e-36
2.505666158917911541e-36
2.505666158917911541e-36
2.499796405393029297e-36
2.499796405393029297e-36
2.496052325221988082e-36
2.496052325221988082e-36
2.496052325221988082e-36
2.463362133827204554e-36
2.463362133826294478e-36
2.463362133826294478e-36
2.463362133826294478e-36
2.463362128232833390e-36
2.463362128232833390e-36
2.463362128232833390e-36
2.463361746812164476e-36
2.463361746812164476e-36
2.463361746812164476e-36
2.463355394039478511e-36
2.463355394039478511e-36
2.463355394039478511e-36
2.460105805724075219e-36
2.459101936220885644e-36
2.459101936220885644e-36
2.459101936220885644e-36
2.459101936220885644e-36
2.459101936220885644e-36
2.459101936220885644e-36
2.448158423499659460e-36
2.448158423499659460e-36
2.448157794999001131e-36
2.448157794999001131e-36
2.448157794999001131e-36
2.448157794998987099e-36
2.448157794822564248e-36
2.448157794822564248e-36
2.448157794822564248e-36
2.448157392345324739e-36
2.446067208423221534e-36
2.446067208423221534e-36
2.446067208423221534e-36
2.445941397112367038e-36
2.445941397112367038e-36
2.445941397112367038e-36
2.445941397112367038e-36
2.445941397112367038e-36
2.445941397112367038e-36
2.443263602884488324e-36
2.443263602884488324e-36
2.443262837351293227e-36
2.443262837351293227e-36
2.442278596529602302e-36
2.442278596525672336e-36
2.442278596525672336e-36
2.442278596525671668e-36
2.442278578358548822e-36
2.442278578358548822e-36
2.442278578358548822e-36
2.442278578358548822e-36
2.442278578358548822e-36
2.442278578358548153e-36
2.442278578358548153e-36
2.442267247301155782e-36
2.442266563750928837e-36
2.442266563750928837e-36
2.442266563750928837e-36
2.441793393174214050e-36
2.441793393174214050e-36
2.441793393174214050e-36
2.441793393174214050e-36
2.441457192028210016e-36
2.441457192028210016e-36
2.441457192028209013e-36
2.441457192028209013e-36
2.441457192028209013e-36
2.441457192028147540e-36
2.441457191448391131e-36
2.441457191448391131e-36
2.441456465117213687e-36
2.441456020474305810e-36
2.441456020474305810e-36
2.441456020474305810e-36
2.441396088137175029e-36
2.441396088137175029e-36
2.441396088137175029e-36
2.441396088137175029e-36
2.441396088137175029e-36
2.441396088137175029e-36
2.441396088137175029e-36
2.441396088137175029e-36
2.441313232312973852e-36
2.441313232312972850e-36
2.441313232312972850e-36
2.441313022216069488e-36
2.441313022203093549e-36
2.441313022203093215e-36
2.441313022203093215e-36
2.441313022203093215e-36
2.441312989263617523e-36
2.441312989263617523e-36
2.441312989263617523e-36
2.441312989263617523e-36
2.441312989263617523e-36
2.441307575530728455e-36
2.441307575530728455e-36
2.441307575530728455e-36
2.441307575530727453e-36
2.441292904568306386e-36
2.441292904568306386e-36
2.441292904568306386e-36
2.441292832736361624e-36
2.441292832736361624e-36
2.441292832736361624e-36
2.441292832736361624e-36
2.441292832736361624e-36
2.441292832736361624e-36
2.441292832736158828e-36
2.441292831684291274e-36
2.441292831684291274e-36
2.441292831684291274e-36
2.441292484432025577e-36
2.441292484432024575e-36
2.441292484432024575e-36
2.441292484432024575e-36
2.441290625284616155e-36
2.441290625284616155e-36
2.441290625284616155e-36
2.441290625284616155e-36
2.441290625284616155e-36
2.441290625284616155e-36
2.441290607577943515e-36
2.441290607577943515e-36
2.441290607577943515e-36
2.441290607577943515e-36
2.441290607554397794e-36
2.441290607554395455e-36
2.441290607554395455e-36
2.441290607554395455e-36
2.441290591804505311e-36
2.441290591804505311e-36
2.441290423850543799e-36
2.441290423850543799e-36
2.441290423850543799e-36
2.441290423850543799e-36
2.441290423850543799e-36
2.441290423850543799e-36
2.441290420715152249e-36
2.441290420715152249e-36
2.441290420715152249e-36
2.441290420715152249e-36
2.441290420715152249e-36
2.441290420715152249e-36
2.441290420714784076e-36
2.441290420714784076e-36
2.441290420714784076e-36
2.441290420714784076e-36
2.441290420211829227e-36
2.441290420211829227e-36
2.441290409438628308e-36
2.441290409438628308e-36
2.441290409438628308e-36
2.441290409438628308e-36
2.441290409438628308e-36
2.441290409438628308e-36
2.441290409041299450e-36
2.441290409041299450e-36
2.441290409041299450e-36
2.441290409041299450e-36
2.441290409041299450e-36
2.441290409041299450e-36
2.441290409041299450e-36
2.441290409041299450e-36
2.441290409030041097e-36
2.441290409030037422e-36
2.441290409030037422e-36
2.441290408541409593e-36
2.441290408541409593e-36
2.441290408541409593e-36
2.441290408505515366e-36
2.441290408505515366e-36
2.441290408505515366e-36
2.441290408505515366e-36
2.441290408505515366e-36
2.441290408505515366e-36
2.441290408505515366e-36
2.441290408505515366e-36
2.441290408505515366e-36
2.441290408505515366e-36
2.441290408505515366e-36
2.441290408505339297e-36
2.441290408489735697e-36
2.441290408489735697e-36
2.441290408487433444e-36
2.441290408487433444e-36
2.441290408487433444e-36
2.441290408487433444e-36
2.441290408487433444e-36
2.441290408487433444e-36
2.441290408487433444e-36
2.441290408487433444e-36
2.441290408487433444e-36
2.441290408487433444e-36
2.441290408487433444e-36
2.441290408487433444e-36
2.441290408487433444e-36
2.441290408487083980e-36
2.441290408487082310e-36
2.441290408486977738e-36
2.441290408486977738e-36
2.441290408486977738e-36
2.441290408486977738e-36
2.441290408486977738e-36
2.441290408486977738e-36
2.441290408486977738e-36
2.441290408486977738e-36
2.441290408486977738e-36
2.441290408486977738e-36
2.441290408486977738e-36
2.441290408486977738e-36
2.441290408486977738e-36
2.441290408486977738e-36
2.441290408486977738e-36
2.441290408486977738e-36
2.441290408486972058e-36
2.441290408486969051e-36
2.441290408486969051e-36
2.441290408486969051e-36
2.441290408486969051e-36
2.441290408486969051e-36
2.441290408486969051e-36
2.441290408486969051e-36
2.441290408486969051e-36
2.441290408486969051e-36
2.441290408486969051e-36
2.441290408486969051e-36
2.441290408486969051e-36
2.441290408486969051e-36
2.441290408486969051e-36
2.441290408486969051e-36
2.441290408486969051e-36
2.441290408486969051e-36
2.441290408486969051e-36
2.441290408486969051e-36
2.441290408486969051e-36
2.441290408486969051e-36
2.441290408486969051e-36
2.441290408486969051e-36
2.441290408486969051e-36
2.441290408486969051e-36
2.441290408486969051e-36
2.441290408486969051e-36
2.441290408486969051e-36
2.441290408486969051e-36
2.441290408486969051e-36
2.441290408486969051e-36
2.441290408486969051e-36
2.441290408486969051e-36
2.441290408486969051e-36
2.441290408486969051e-36
2.441290408486969051e-36
2.441290408486969051e-36
2.441290408486969051e-36
2.441290408486969051e-36
2.441290408486969051e-36
2.441290408486969051e-36
2.441290408486969051e-36
2.441290408486969051e-36
2.441290408486969051e-36
2.441290408486969051e-36
2.441290408486969051e-36
2.441290408486969051e-36
2.441290408486969051e-36
2.441290408486969051e-36
2.441290408486969051e-36
2.441290408486969051e-36
2.441290408486969051e-36
2.441290408486969051e-36
2.441290408486969051e-36
2.441290408486969051e-36
2.441290408486969051e-36
2.441290408486969051e-36
2.441290408486969051e-36
2.441290408486969051e-36
2.441290408486969051e-36
2.441290408486969051e-36
2.441290408486969051e-36
2.441290408486969051e-36
2.441290408486969051e-36
2.441290408486969051e-36
2.441290408486969051e-36
2.441290408486969051e-36
2.441290408486969051e-36
2.441290408486969051e-36
2.441290408486969051e-36
2.441290408486969051e-36
2.441290408486969051e-36
2.441290408486969051e-36
2.441290408486969051e-36
2.441290408486969051e-36
2.441290408486969051e-36
2.441290408486969051e-36
2.441290408486969051e-36
2.441290408486969051e-36
2.441290408486969051e-36
2.441290408486969051e-36
2.441290408486969051e-36
2.441290408486969051e-36
2.441290408486969051e-36
2.441290408486969051e-36
2.441290408486969051e-36
2.441290408486969051e-36
2.441290408486969051e-36
2.441290408486969051e-36
2.441290408486969051e-36
2.441290408486969051e-36
2.441290408486969051e-36
2.441290408486969051e-36
2.441290408486969051e-36
2.441290408486969051e-36
2.441290408486969051e-36
2.441290408486969051e-36
2.441290408486969051e-36
2.441290408486969051e-36
2.441290408486969051e-36
2.441290408486969051e-36
2.441290408486969051e-36
2.441290408486969051e-36
2.441290408486969051e-36
2.441290408486969051e-36
2.441290408486969051e-36
2.441290408486969051e-36
2.441290408486969051e-36
2.441290408486969051e-36
2.441290408486969051e-36
2.441290408486969051e-36
2.441290408486969051e-36
2.441290408486969051e-36
2.441290408486969051e-36
2.441290408486969051e-36
2.441290408486969051e-36
2.441290408486969051e-36
2.441290408486969051e-36
2.441290408486969051e-36
2.441290408486969051e-36
2.441290408486969051e-36
2.441290408486969051e-36
2.441290408486969051e-36
2.441290408486969051e-36
2.441290408486969051e-36
2.441290408486969051e-36
2.441290408486969051e-36
2.441290408486969051e-36
2.441290408486969051e-36
2.441290408486969051e-36
2.441290408486969051e-36
2.441290408486969051e-36
2.441290408486969051e-36
2.441290408486969051e-36
2.441290408486969051e-36
2.441290408486969051e-36
2.441290408486969051e-36
2.441290408486969051e-36
2.441290408486969051e-36
2.441290408486969051e-36
2.441290408486969051e-36
2.441290408486969051e-36
2.441290408486969051e-36
2.441290408486969051e-36
2.441290408486969051e-36
2.441290408486969051e-36
2.441290408486969051e-36
2.441290408486969051e-36
2.441290408486969051e-36
2.441290408486969051e-36
2.441290408486969051e-36
2.441290408486969051e-36
2.441290408486969051e-36
2.441290408486969051e-36
2.441290408486969051e-36
2.441290408486969051e-36
2.441290408486969051e-36
2.441290408486969051e-36
2.441290408486969051e-36
2.441290408486969051e-36
2.441290408486969051e-36
2.441290408486969051e-36
2.441290408486969051e-36
2.441290408486969051e-36
2.441290408486969051e-36
2.441290408486969051e-36
2.441290408486969051e-36
2.441290408486969051e-36
2.441290408486969051e-36
2.441290408486969051e-36
2.441290408486969051e-36
2.441290408486969051e-36
2.441290408486969051e-36
2.441290408486969051e-36
2.441290408486969051e-36
2.441290408486969051e-36
2.441290408486969051e-36
2.441290408486969051e-36
2.441290408486969051e-36
2.441290408486969051e-36
2.441290408486969051e-36
2.441290408486969051e-36
2.441290408486969051e-36
2.441290408486969051e-36
2.441290408486969051e-36
2.441290408486969051e-36
2.441290408486969051e-36
2.441290408486969051e-36
2.441290408486969051e-36
2.441290408486969051e-36
2.441290408486969051e-36
2.441290408486969051e-36
2.441290408486969051e-36
2.441290408486969051e-36
2.441290408486969051e-36
2.441290408486969051e-36
2.441290408486969051e-36
2.441290408486969051e-36
2.441290408486969051e-36
2.441290408486969051e-36
2.441290408486969051e-36
2.441290408486969051e-36
2.441290408486969051e-36
2.441290408486969051e-36
2.441290408486969051e-36
2.441290408486969051e-36
2.441290408486969051e-36
2.441290408486969051e-36
2.441290408486969051e-36
2.441290408486969051e-36
2.441290408486969051e-36
2.441290408486969051e-36
2.441290408486969051e-36
2.441290408486969051e-36
2.441290408486969051e-36
2.441290408486969051e-36
2.441290408486969051e-36
2.441290408486969051e-36
2.441290408486969051e-36
2.441290408486969051e-36
2.441290408486969051e-36
2.441290408486969051e-36
