9.999999999998084865e-01
9.999999999997966071e-01
9.999999999990726307e-01
9.999999999990558663e-01
9.999999999990069055e-01
9.999999999959936492e-01
9.999999999954602981e-01
9.999999999954547469e-01
9.999999999953004259e-01
9.999999999952918772e-01
9.999999999812174689e-01
9.999999999791039373e-01
9.999999999790548655e-01
9.999999999787190230e-01
9.999999999787181348e-01
9.999999999787106963e-01
9.999999999175175347e-01
9.999999999166575559e-01
9.999999999096608194e-01
9.999999999096422787e-01
9.999999999091132574e-01
9.999999999091088165e-01
9.999999997267418061e-01
9.999999996508190936e-01
9.999999996504576050e-01
9.999999996315055428e-01
9.999999996315044326e-01
9.999999996309064665e-01
9.999999988283697627e-01
9.999999986110098549e-01
9.999999986081549164e-01
9.999999986081549164e-01
9.999999985692499260e-01
9.999999985692188398e-01
9.999999985687290094e-01
9.999999954454322770e-01
9.999999953663166741e-01
9.999999947905978681e-01
9.999999947899772534e-01
9.999999947312097071e-01
9.999999947312095960e-01
9.999999947312090409e-01
9.999999859303747574e-01
9.999999859303488892e-01
9.999999831107275750e-01
9.999999830969682479e-01
9.999999817521839640e-01
9.999999817521633139e-01
9.999999816904404648e-01
9.999999816904403538e-01
9.999999816904403538e-01
9.999999485264663424e-01
9.999999421906088370e-01
9.999999421000344002e-01
9.999999421000315136e-01
9.999999397907254339e-01
9.999999397902343823e-01
9.999999397902340492e-01
9.999999397469619966e-01
9.999998295868038900e-01
9.999998281588838855e-01
9.999998140271495473e-01
9.999998140271495473e-01
9.999998140185517581e-01
9.999998112288220886e-01
9.999998112288210894e-01
9.999998112288092100e-01
9.999995756575246197e-01
9.999994635994936543e-01
9.999994635993529890e-01
9.999994635993531000e-01
9.999994634613692535e-01
9.999994358905255343e-01
9.999994358901762581e-01
9.999994335262186729e-01
9.999994335262185619e-01
9.999994335262185619e-01
9.999986367328438375e-01
9.999984121412027749e-01
9.999984113360895766e-01
9.999984113359303706e-01
9.999983697341207067e-01
9.999983697267662563e-01
9.999983697267638139e-01
9.999983682947183317e-01
9.999960310552912235e-01
9.999960109476188075e-01
9.999955580382688947e-01
9.999955580382690057e-01
9.999955579205312972e-01
9.999955579205312972e-01
9.999955107796046905e-01
9.999955107795499565e-01
9.999955107794523679e-01
9.999923598509745659e-01
9.999890792337683409e-01
9.999890792261971750e-01
9.999890792261971750e-01
9.999890768460536483e-01
9.999882655795166997e-01
9.999882655766838546e-01
9.999882655766837436e-01
9.999882267155412174e-01
9.999882267155292270e-01
9.999882267155288940e-01
9.999772334579511979e-01
9.999716317308826596e-01
9.999716192147796168e-01
9.999716192090887246e-01
9.999716191345795480e-01
9.999704668726115964e-01
9.999704668726115964e-01
9.999704668725992729e-01
9.999704438142970053e-01
9.999704438142971163e-01
9.999399785808225083e-01
9.999394569370042563e-01
9.999302083187077139e-01
9.999302083187076029e-01
9.999302073454624518e-01
9.999302073454625628e-01
9.999289536086368724e-01
9.999289536069323470e-01
9.999289536064549511e-01
9.998885427061765530e-01
9.998526992135846614e-01
9.998526990045013552e-01
9.998526990045013552e-01
9.998526732875289147e-01
9.998382859279812962e-01
9.998382859279812962e-01
9.998382859141882184e-01
9.998382859141878853e-01
9.998372911836974630e-01
9.998372911836974630e-01
9.998372911833363075e-01
9.998372911833345311e-01
9.997119068591551194e-01
9.996636936204588153e-01
9.996635748357405316e-01
9.996635747354847279e-01
9.996635743520112527e-01
9.996457523978361515e-01
9.996457523978361515e-01
9.996457523977543280e-01
9.996457523977543280e-01
9.996452109327478297e-01
9.996452109327478297e-01
9.993444351582101426e-01
9.993418530781335019e-01
9.992764384593333382e-01
9.992764384593323390e-01
9.992764342354325535e-01
9.992764342354324425e-01
9.992602562046557502e-01
9.992602561822429008e-01
9.992602561794672322e-01
9.992602561794672322e-01
9.989744372431068609e-01
9.986138049783972459e-01
9.986138017571052350e-01
9.986138017571051240e-01
9.986137281380287334e-01
9.985289146645364156e-01
9.985289146645364156e-01
9.985289146645364156e-01
9.985289145955558165e-01
9.985289145955557055e-01
9.985185271891809933e-01
9.985185271891809933e-01
9.985185271853573852e-01
9.985185271853527222e-01
9.976993069374215928e-01
9.972378324832474883e-01
9.972375317426774854e-01
9.972375303098359733e-01
9.972375288028813012e-01
9.971472559486835863e-01
9.971472559486835863e-01
9.971472559484825249e-01
9.971472559484825249e-01
9.971425378986393806e-01
9.971425378986392696e-01
9.953591655068283472e-01
9.953475399753398678e-01
9.947713184024878919e-01
9.947713184024878919e-01
9.947713184024810085e-01
9.947713028803362167e-01
9.947713028803362167e-01
9.946964449804233110e-01
9.946964446752685207e-01
9.946964446689864348e-01
9.946964446689864348e-01
9.937757408740912624e-01
9.912854353124360696e-01
9.912853929506757478e-01
9.912853929506757478e-01
9.912850044677472550e-01
9.906010489152726750e-01
9.906010489152726750e-01
9.906010489152726750e-01
9.906010487644864027e-01
9.906010487644852924e-01
9.905545268776309031e-01
9.905545268776309031e-01
9.905545268281992222e-01
9.905545268281925608e-01
9.876392627205700103e-01
9.845602410830480711e-01
9.845587372449615682e-01
9.845587235064366949e-01
9.845587195504105216e-01
9.838763908382988088e-01
9.838763908382988088e-01
9.838763908380150358e-01
9.838763908380150358e-01
9.838554950849278669e-01
9.838554950849278669e-01
9.838554950849277558e-01
9.774037377979896135e-01
9.773185243859711102e-01
9.739753764999732333e-01
9.739753764999732333e-01
9.739753764998688723e-01
9.739753388500899112e-01
9.739753388500899112e-01
9.734368466903299266e-01
9.734368442948488909e-01
9.734368442859573367e-01
9.734368442859573367e-01
9.700936277997572743e-01
9.617141103706182692e-01
9.617137809919082958e-01
9.617137809919081848e-01
9.617124690653890973e-01
9.582755301144570970e-01
9.582755301144570970e-01
9.582755301144570970e-01
9.582755301144570970e-01
9.582755298947962519e-01
9.582755298947811529e-01
9.579525304803097052e-01
9.579525304803097052e-01
9.579525300999623960e-01
9.579525300999492954e-01
9.479851012355479112e-01
9.392848640283516515e-01
9.392801671222379412e-01
9.392800921817306969e-01
9.392800854323415383e-01
9.362432455298087541e-01
9.362432455298087541e-01
9.362432455298087541e-01
9.362432455292596378e-01
9.362432455292596378e-01
9.361046997328575925e-01
9.361046997328575925e-01
9.361046997328565933e-01
9.164734553782045712e-01
9.163368499275529322e-01
9.163368499275529322e-01
9.086497145032825795e-01
9.086497145032825795e-01
9.086497145023946231e-01
9.086496585557332084e-01
9.086496585557332084e-01
9.065691453718959236e-01
9.065691453559218127e-01
9.065691356773412091e-01
9.065691356773412091e-01
8.997459261299947109e-01
8.755812761451801096e-01
8.755812761451802206e-01
8.755798154446395865e-01
8.755786024486921226e-01
8.690302398404121664e-01
8.690302398404121664e-01
8.690302398404121664e-01
8.690302398404121664e-01
8.690302394820937915e-01
8.690302394819985343e-01
8.679914429541963905e-01
8.679914429541963905e-01
8.679914429541963905e-01
8.679914416612966033e-01
8.679914416612846129e-01
8.488730020462340597e-01
8.487946240782945351e-01
8.248522017565067532e-01
8.248518916812288548e-01
8.248518836281114597e-01
8.199442976370969749e-01
8.199442976370969749e-01
8.199442976370969749e-01
8.199442976366593250e-01
8.199442976366593250e-01
8.195772532623963880e-01
8.195772532623963880e-01
8.195772532623917250e-01
7.845355836779983605e-01
7.843405271405459178e-01
7.843405271405459178e-01
7.640726271587408025e-01
7.640726271587408025e-01
7.640726271565192462e-01
7.640725652023885317e-01
7.640725652023885317e-01
7.610943221976196327e-01
7.610943221863425423e-01
7.610942833707668997e-01
7.610942833707668997e-01
7.549924441528078622e-01
7.107048719894073496e-01
7.107048719894073496e-01
7.106992516789285563e-01
7.106971532276827874e-01
6.947317716927631226e-01
6.947317716927631226e-01
6.947317716927631226e-01
6.947317716927631226e-01
6.947317714582789128e-01
6.947317714580503178e-01
6.933297152797344154e-01
6.933297152797344154e-01
6.933297152797344154e-01
6.933297152797344154e-01
6.933297105154690998e-01
6.933297105154636597e-01
6.748839014480934040e-01
6.747544361771642407e-01
6.303338698347387137e-01
6.303329616577073580e-01
6.303329546986236043e-01
6.191937092779423724e-01
6.191937092779423724e-01
6.191937092779423724e-01
6.191937092777491936e-01
6.191937092777491936e-01
6.187050582287582090e-01
6.187050582287582090e-01
6.187050582287468847e-01
5.820742489668578878e-01
5.816891801830301745e-01
5.816891801830301745e-01
5.459910911811733936e-01
5.459910911811733936e-01
5.459910911708697467e-01
5.459910410662732749e-01
5.459910410662732749e-01
5.459910410662732749e-01
5.396122246737624639e-01
5.396122246687253821e-01
5.396121388731577317e-01
5.396121388731577317e-01
5.396121388731577317e-01
5.330546410760828024e-01
4.865379248542830992e-01
4.865379248542831547e-01
4.865245411138638953e-01
4.865222659297339658e-01
4.615177306871851015e-01
4.615177306871851015e-01
4.615177306871850460e-01
4.615177306871850460e-01
4.615177305744855296e-01
4.615177305735836955e-01
4.586504993504686434e-01
4.586504993504686434e-01
4.586504993504686434e-01
4.586504993504686434e-01
4.586504889644955063e-01
4.586504889644923977e-01
4.390806386152203422e-01
4.389978055891962105e-01
3.963521138467290261e-01
3.963504667235105972e-01
3.963504625675932647e-01
3.808816949331514934e-01
3.808816949331514934e-01
3.808816949331514934e-01
3.808816949330360302e-01
3.808816949330360302e-01
3.799191457788382853e-01
3.799191457788382853e-01
3.799191457787976511e-01
3.436341439874632808e-01
3.434151897295755207e-01
3.434151897295755207e-01
3.144898405155648335e-01
3.144898405155648335e-01
3.144898404880749898e-01
3.144898136057047155e-01
3.144898136057047155e-01
3.144898136057047155e-01
3.144898136057047155e-01
3.066409893612004334e-01
3.066409893583093016e-01
3.066408777419143417e-01
3.066408777419143417e-01
3.066408777419143417e-01
3.025036761377323802e-01
2.599140755179560336e-01
2.599140755179560336e-01
2.598945001111601649e-01
2.598937460287118473e-01
2.431899702960862719e-01
2.431899702960862719e-01
2.431899702960862442e-01
2.431899702960862442e-01
2.431899702329717583e-01
2.431899702311466627e-01
2.401561300094860740e-01
2.401561300094860740e-01
2.401561300094860740e-01
2.401561300094860740e-01
2.401561180531361916e-01
2.401561180531351647e-01
2.284432061464969077e-01
2.284075590656111376e-01
1.920513757716985626e-01
1.920513757716985626e-01
1.920492171781142954e-01
1.920492155462523165e-01
1.833705412750256947e-01
1.833705412750256947e-01
1.833705412750256947e-01
1.833705412749933594e-01
1.833705412749933594e-01
1.825212180074356760e-01
1.825212180074356760e-01
1.825212180073703949e-01
1.620812037919179271e-01
1.619837807109938965e-01
1.619837807109938965e-01
1.382463957582616976e-01
1.382463957582616976e-01
1.382463957360041407e-01
1.382463860214554197e-01
1.382463860214554197e-01
1.382463860214554197e-01
1.382463860214554197e-01
1.344308921310646832e-01
1.344308921303629112e-01
1.344307472935754311e-01
1.344307472935754311e-01
1.344307472935754311e-01
1.332257132524976850e-01
1.099058054634018955e-01
1.099058054634018955e-01
1.098826907347110610e-01
1.098822655036586771e-01
9.683611420965029803e-02
9.683611420965029803e-02
9.683611420965024252e-02
9.683611420965024252e-02
9.683611419616997007e-02
9.683611419476931270e-02
9.549041442701898530e-02
9.549041442701898530e-02
9.549041442701898530e-02
9.549041442701898530e-02
9.549040077045535535e-02
9.549040077045520269e-02
9.213673787016365968e-02
7.242413110536123633e-02
7.242299159642830164e-02
7.242299159642830164e-02
7.242089891378736266e-02
7.242089842156280988e-02
6.608732572600370392e-02
6.608732572600370392e-02
6.608732572600370392e-02
6.608732572600370392e-02
6.608732572599895772e-02
6.608732572599895772e-02
6.572334186792272437e-02
6.572334186792272437e-02
6.572334186787406884e-02
5.939156547482707382e-02
5.934184338510119922e-02
5.934184338510119922e-02
4.648381453493304755e-02
4.648381453493304755e-02
4.648381450056771752e-02
4.648381170443151300e-02
4.648381170443151300e-02
4.648381170443151300e-02
4.648381170443151300e-02
4.387395698052509035e-02
4.387385934953125233e-02
4.387385934942614196e-02
4.387385934942614196e-02
4.387385934942614196e-02
4.387385934942614196e-02
4.347323436562599425e-02
3.576487643806145617e-02
3.574801943423492473e-02
3.574801943423492473e-02
3.574787588209249467e-02
2.907009795377653305e-02
2.907009795377653305e-02
2.907009795377648101e-02
2.907009795377648101e-02
2.907009795146906633e-02
2.907009794970709382e-02
2.820116772933059165e-02
2.820116772933059165e-02
2.820116772933059165e-02
2.820116772933059165e-02
2.820115861876840505e-02
2.820115861876838076e-02
2.707638181749159878e-02
2.068664341122164463e-02
2.068624948089842902e-02
2.068624948089842902e-02
2.068494034935914813e-02
2.068494024467717671e-02
1.776086893676898787e-02
1.776086893676898787e-02
1.776086893676898787e-02
1.776086893676898787e-02
1.776086893676806847e-02
1.776086893676806847e-02
1.776086893676806500e-02
1.753653953487143563e-02
1.753653953487143563e-02
1.753653953481768696e-02
1.545973803188791310e-02
1.545973803188791310e-02
1.544964985543465646e-02
1.168100387540925260e-02
1.168100387540925260e-02
1.168100384459352589e-02
1.168100329114565156e-02
1.168100329114565156e-02
1.168100329114565156e-02
1.168100329114565156e-02
1.060551585411509054e-02
1.060547314761919706e-02
1.060547314759930672e-02
1.060547314759930672e-02
1.060547314759930672e-02
1.060547314759930672e-02
1.052309497448308991e-02
8.133718188993810036e-03
8.124907790693707346e-03
8.124907790693707346e-03
8.124889563017842140e-03
6.468863766594388706e-03
6.468863766594388706e-03
6.468863766594334062e-03
6.468863766594334062e-03
6.468863766138407100e-03
6.468863764927023675e-03
6.154492675167331020e-03
6.154492675167331020e-03
6.154492675167331020e-03
6.154492675167331020e-03
6.154489035147547166e-03
6.154489035147543696e-03
6.154489035147543696e-03
5.933186817506480061e-03
4.126845389547382711e-03
4.126801982562443988e-03
4.126801982562443988e-03
4.126214824262158971e-03
4.126214809817069749e-03
3.522260873618622470e-03
3.522260873618622470e-03
3.522260873618622470e-03
3.522260873618622470e-03
3.522260873618622470e-03
3.522260873618527494e-03
3.522260873618527060e-03
3.522260873618527060e-03
3.453128129858579805e-03
3.453128129829275989e-03
3.068776289971244988e-03
3.068776289971244988e-03
3.067343082401309019e-03
2.068605722895020590e-03
2.068605722895020590e-03
2.068605714139571967e-03
2.068605645188831450e-03
2.068605645188831450e-03
2.068605645188831450e-03
2.068605645188831450e-03
1.879528362307347853e-03
1.879509326445551708e-03
1.879509326443794650e-03
1.879509326443794650e-03
1.879509326443794650e-03
1.879509326443794650e-03
1.870842911502885921e-03
1.449047282508957165e-03
1.445850606635871137e-03
1.445850606635871137e-03
1.445847370167765468e-03
1.023461340631921139e-03
1.023461340631921139e-03
1.023461340631898805e-03
1.023461340631898805e-03
1.023461340598150844e-03
1.023461340279696163e-03
1.023461340279696163e-03
1.023461340279696163e-03
9.744157975031510427e-04
9.744157975031510427e-04
9.744157975031510427e-04
9.744144172453212457e-04
9.744144172453211373e-04
9.744144172453211373e-04
9.532848038328130182e-04
9.532848038328130182e-04
6.466940191068709914e-04
6.466860195593721831e-04
6.464928267755600455e-04
6.464928252477965612e-04
4.994215432681171256e-04
4.994215432681171256e-04
4.994215432681171256e-04
4.994215432681171256e-04
4.994215432681171256e-04
4.994215432681122467e-04
4.994215432681119215e-04
4.994215432681119215e-04
4.892951206647366087e-04
4.892951206573681539e-04
4.892951206573681539e-04
4.521332867537485836e-04
4.519376048174403998e-04
2.831146073549111017e-04
2.831146027006538161e-04
2.831146027006538161e-04
2.831145955665706157e-04
2.831145955665706157e-04
2.831145955665706157e-04
2.831145955665706157e-04
2.397138474228450989e-04
2.397096698154371969e-04
2.397096698153449042e-04
2.397096698153449042e-04
2.397096698153449042e-04
2.397096698153449042e-04
2.387792547738675018e-04
1.944839508887915495e-04
1.937897626418250282e-04
1.937897626418250282e-04
1.937894370104908481e-04
1.226644868094221765e-04
1.226644868094221765e-04
1.226644868094221765e-04
1.226644868094150479e-04
1.226644868094150479e-04
1.226644868072580006e-04
1.226644866707136874e-04
1.226644866707136874e-04
1.226644866707136874e-04
1.120833952086687057e-04
1.120833952086687057e-04
1.120833952086687057e-04
1.120830954385924037e-04
1.120830954385923766e-04
1.120830954385923766e-04
1.097763948062945776e-04
1.097763948062945776e-04
7.626144942162429898e-05
7.626055920372360158e-05
7.621899841205887350e-05
7.621899829843192440e-05
5.279241844094377891e-05
5.279241844094377891e-05
5.279241844094377891e-05
5.279241844094377891e-05
5.279241844094377891e-05
5.279241844094345365e-05
5.279241844094336556e-05
5.279241844094336556e-05
5.072930930394517631e-05
5.072930930132499170e-05
5.072930930132499170e-05
4.665735499110770085e-05
4.664346456181448018e-05
2.883939766124586090e-05
2.883939620998064951e-05
2.883939620998064951e-05
2.883939569017172894e-05
2.883939569017172894e-05
2.883939569017172894e-05
2.883939569017172894e-05
2.883939569017172894e-05
2.255619032123212437e-05
2.255553989500023787e-05
2.255553989499424087e-05
2.255553989499424087e-05
2.255553989499424087e-05
2.248981931167875765e-05
2.248981931167875765e-05
1.768445151874414506e-05
1.755225139593923972e-05
1.755225139593923972e-05
1.755223535945875675e-05
1.082386355714126951e-05
1.082386355714126951e-05
1.082386355714126951e-05
1.082386355713825576e-05
1.082386355713825576e-05
1.082386355698444136e-05
1.082386352338831946e-05
1.082386352338831946e-05
1.082386352338831946e-05
9.460622015546223197e-06
9.460622015546223197e-06
9.460622015546223197e-06
9.460579155201741629e-06
9.460579155201741629e-06
9.460579155201741629e-06
9.303811672599018059e-06
9.303811672599018059e-06
5.960270460302757020e-06
5.960230964206579694e-06
5.953381577100308202e-06
4.074166414171089036e-06
4.074166412966574304e-06
4.074166412966574304e-06
4.074166412966574304e-06
4.074166412966574304e-06
4.074166412966574304e-06
4.074166412966561598e-06
4.074166412966529411e-06
4.074166412966529411e-06
3.843717747690395635e-06
3.843717747187842517e-06
3.843717747187842517e-06
3.582880231429842542e-06
3.582205374373400917e-06
1.957821961490099680e-06
1.957821803285474793e-06
1.957821803285474793e-06
1.957821779559089641e-06
1.957821779559089641e-06
1.957821779559089641e-06
1.957821779559089641e-06
1.957821779559089641e-06
1.534829430222696327e-06
1.534724911823473091e-06
1.534724911823272768e-06
1.534724911823272768e-06
1.534724911823272768e-06
1.532081071869315167e-06
1.241505499488460854e-06
1.226287663151447212e-06
1.226287663151447212e-06
1.226287663151447212e-06
1.226286760610173158e-06
6.500826998302166485e-07
6.500826998302166485e-07
6.500826998302166485e-07
6.500826998297849793e-07
6.500826998297849793e-07
6.500826998256286945e-07
6.500826998256286945e-07
6.500826965921346285e-07
6.500826965921346285e-07
5.707559177848740389e-07
5.707559177848740389e-07
5.707559177848740389e-07
5.707502009324400036e-07
5.707502009324400036e-07
5.707502009324400036e-07
5.707502009324400036e-07
5.652557046468724453e-07
3.756038680917996876e-07
3.756015686939149323e-07
3.748433972793309000e-07
2.196827500619307500e-07
2.196827500301368389e-07
2.196827500301368389e-07
2.196827500301368389e-07
2.196827500301368389e-07
2.196827500301368389e-07
2.196827500301368389e-07
2.196827500301325773e-07
2.196827500301325773e-07
2.196827500301323126e-07
2.074397541636597531e-07
2.074397541181311764e-07
2.074397541181311764e-07
1.988214422170118190e-07
1.987936709758176040e-07
1.987934805411831072e-07
1.088833479944348626e-07
1.088833479944348626e-07
1.088833479944348626e-07
1.088833471240701016e-07
1.088833471240701016e-07
1.088833471240701016e-07
1.088833471240701016e-07
7.516412100670499315e-08
7.515614856563374831e-08
7.515614856562989696e-08
7.515614856562989696e-08
7.515614856562989696e-08
7.515614856562989696e-08
7.505972169932814149e-08
7.357133208405240692e-08
6.397427767641598736e-08
6.397427767641598736e-08
6.397427767641598736e-08
6.397425027396774570e-08
6.397425027396773247e-08
3.164009649390344405e-08
3.164009649385051773e-08
3.164009649385051773e-08
3.164009649385051773e-08
3.164009649385051773e-08
3.164009649385051773e-08
3.164009599343658150e-08
3.164009599333422286e-08
3.164009599333422286e-08
2.558946410822170123e-08
2.558946410822170123e-08
2.558946410822170123e-08
2.558903114734668009e-08
2.558903114734668009e-08
2.558903114734668009e-08
2.558903114734668009e-08
2.538333566768986125e-08
1.823289200914464764e-08
1.823280989655609887e-08
1.817740429106702783e-08
9.416376096610598182e-09
9.416376096610598182e-09
9.416376095847194849e-09
9.416376095847194849e-09
9.416376095847194849e-09
9.416376095847194849e-09
9.416376095847194849e-09
9.416376095846751480e-09
9.416376095846751480e-09
9.416376095846746517e-09
8.527256107805793844e-09
8.527256102185238894e-09
8.527256102185238894e-09
8.196119160344213018e-09
8.195405901069553081e-09
8.195391332369827887e-09
4.703558744354051695e-09
4.703558744354051695e-09
4.703558744354051695e-09
4.703558720749439619e-09
4.703558720749439619e-09
4.703558720749439619e-09
4.703558720749439619e-09
2.878475503791663975e-09
2.877991794879164359e-09
2.877991794879071714e-09
2.877991794879071714e-09
2.877991794879071714e-09
2.877991794879071714e-09
2.774064969317522068e-09
2.771732214051384254e-09
2.399233040277111806e-09
2.399233040277111806e-09
2.399233040277111806e-09
2.399232507428439415e-09
2.399232507428437761e-09
1.189335003323309789e-09
1.189335003314790449e-09
1.189335003314790449e-09
1.189335003314790449e-09
1.189335003314790449e-09
1.189335003314790449e-09
1.189334955477901443e-09
1.189334955475120048e-09
1.189334955475120048e-09
8.873908867085807286e-10
8.873908867085807286e-10
8.873666764122845258e-10
8.873666764122845258e-10
8.873666764122845258e-10
8.873666764122845258e-10
8.820593768417612257e-10
8.820593768417612257e-10
6.083651009400709433e-10
6.083635400080526111e-10
6.047158758675014122e-10
6.047158758675014122e-10
3.082078545559393299e-10
3.082078545368492421e-10
3.082078545368492421e-10
3.082078545368492421e-10
3.082078545368492421e-10
3.082078545368492421e-10
3.082078545367913912e-10
3.082078545367913912e-10
3.082078545367913395e-10
2.684965801012477020e-10
2.684965796812300473e-10
2.684965796812300473e-10
2.602718470975023215e-10
2.602583275700995587e-10
2.602575548142853949e-10
1.358997775923200074e-10
1.358997775923200074e-10
1.358997775923200074e-10
1.358997771469271916e-10
1.358997771469271916e-10
1.358997771469271916e-10
1.358997771469271916e-10
1.358997771469271916e-10
8.266846689026987534e-11
8.263691502596356565e-11
8.263691502596227318e-11
8.263691502596227318e-11
8.263691502596227318e-11
7.860582868970032158e-11
7.860582868970032158e-11
7.856661302342288194e-11
6.989574623540210797e-11
6.989574623540210797e-11
6.989574623540210797e-11
6.989574623540191410e-11
6.989573536393281793e-11
3.008125526972814158e-11
3.008125526922049179e-11
3.008125526922049179e-11
3.008125526922049179e-11
3.008125526922049179e-11
3.008125526922049179e-11
3.008125330083572785e-11
3.008125330083572785e-11
3.008125330080419159e-11
2.253669997200047455e-11
2.253539718333430054e-11
2.253539718333430054e-11
2.253539718333430054e-11
2.253539718333430054e-11
2.253539718333430054e-11
2.245611739185274631e-11
2.245611739185274631e-11
1.645762166776513107e-11
1.645758949435049058e-11
1.630819759115683154e-11
1.630819759115683154e-11
7.026819259789422150e-12
7.026819259583475988e-12
7.026819259583475988e-12
7.026819259583475988e-12
7.026819259583475988e-12
7.026819259583475988e-12
7.026819259580421720e-12
7.026819259580421720e-12
6.139185909356632771e-12
6.139185909356631155e-12
6.139185893363165098e-12
6.139185893363165098e-12
6.027742752532938404e-12
6.027534100296052919e-12
6.027534100296052919e-12
6.027496603868477318e-12
3.404761586827603774e-12
3.404761586827603774e-12
3.404761586827603774e-12
3.404761580539330713e-12
3.404761580539330713e-12
3.404761580539330713e-12
3.404761580539330713e-12
3.404761580539330713e-12
1.759009871106060517e-12
1.758037024576342110e-12
1.758037024576342110e-12
1.758037024576332013e-12
1.758037024576332013e-12
1.671306135073817534e-12
1.670738127542444763e-12
1.552681696171242039e-12
1.552681696171242039e-12
1.552681696171242039e-12
1.552681696171230528e-12
1.552681696171230528e-12
1.552681576297636056e-12
1.552681576297636056e-12
1.552681576137755130e-12
6.966458472291772822e-13
6.966458472291772822e-13
6.966458472291772822e-13
6.966458472291772822e-13
6.966457226931088075e-13
6.966457226931088075e-13
6.966457226927701400e-13
4.616711541400164973e-13
4.616302384923131650e-13
4.616302384923131650e-13
4.616302384923131650e-13
4.616302384923131650e-13
4.616302384923131650e-13
4.604258814643706749e-13
4.604258814643706749e-13
3.694186405833034408e-13
3.694182159205232843e-13
3.694182159205232843e-13
3.652197298441591710e-13
1.514573631482139579e-13
1.514573631459635460e-13
1.514573631459635460e-13
1.514573631459635460e-13
1.514573631459635460e-13
1.514573631459635460e-13
1.514573631458153916e-13
1.514573631458153916e-13
1.233652200843857619e-13
1.233652200843857619e-13
1.233652192403556105e-13
1.233652192403556105e-13
1.215259765134182993e-13
1.215247217294867383e-13
1.215223459711953086e-13
1.215223459711953086e-13
1.215223459711953086e-13
7.659008749239729163e-14
7.659008749239729163e-14
7.659008749239729163e-14
7.659008741726221578e-14
7.659008741726221578e-14
7.659008741726221578e-14
7.659008741726221578e-14
3.603726451386007208e-14
3.600827500034882557e-14
3.600827500034882557e-14
3.600827500034871198e-14
3.600827500034871198e-14
3.319258079253409193e-14
3.107051430204099704e-14
3.106445345208347661e-14
3.106445345208347661e-14
3.106445345208294650e-14
3.106445345208294650e-14
3.106445345208294650e-14
3.106445345208294650e-14
3.106445344301062957e-14
3.106445344301062957e-14
3.106445228170274258e-14
1.520759805645382963e-14
1.520759805645382963e-14
1.520759805645382963e-14
1.520759211509232304e-14
1.520759211509232304e-14
1.520759211508787386e-14
9.217527083912279385e-15
9.216310745607869325e-15
9.216310745607869325e-15
9.216310745607869325e-15
9.216310745607869325e-15
9.216310745607869325e-15
9.200042913531092647e-15
7.399343663682762604e-15
7.399343663682762604e-15
7.399343663682762604e-15
7.399339092768418417e-15
7.253050758238887408e-15
3.157514170278826382e-15
3.157514170278826382e-15
3.157514170278826382e-15
3.157514170248717139e-15
3.157514170248717139e-15
3.157514170248716745e-15
3.157514170248716745e-15
3.157514170237915661e-15
3.157514170237915661e-15
3.157514109370370230e-15
2.436243321889641077e-15
2.436243321889641077e-15
2.436243321889641077e-15
2.410102307696832860e-15
2.410063715612539528e-15
2.410063715612539528e-15
2.410037272518710310e-15
2.410037272518710310e-15
1.487495937834647767e-15
1.487495937834647767e-15
1.487495937834647767e-15
1.487495936974841248e-15
1.487495936974841248e-15
1.487495936974841248e-15
7.172240948424252307e-16
7.160621087044772617e-16
7.160621087044772617e-16
7.160621087044772617e-16
7.160621087044760784e-16
7.160621087044760784e-16
6.452211940042698304e-16
6.140882428458807047e-16
6.140174038211083562e-16
6.140174038210721672e-16
6.140174038210721672e-16
6.140174038210721672e-16
6.140174038210721672e-16
6.140174034237953072e-16
6.140174034237953072e-16
6.140174034237953072e-16
6.140174034237953072e-16
2.839946623379878933e-16
2.839946593897223189e-16
2.839946593897223189e-16
2.839944834253667643e-16
2.839944834253667643e-16
2.839944834253309205e-16
1.752761702355365949e-16
1.752310571867095087e-16
1.752310571867095087e-16
1.752310571867095087e-16
1.752310571867095087e-16
1.750494325638027084e-16
1.750494325638027084e-16
1.750494325638027084e-16
1.479185615268179311e-16
1.479185615268179311e-16
1.479185020747859702e-16
1.439877681461839537e-16
1.439877681461839537e-16
5.742973655278287446e-17
5.742973655278287446e-17
5.742973655254161860e-17
5.742973655254159395e-17
5.742973655211380947e-17
5.742973655211380947e-17
5.742973655211380947e-17
5.742973655211380947e-17
5.742973479415296080e-17
4.479145954188945218e-17
4.479145954188945218e-17
4.479145954188945218e-17
4.479145954188945218e-17
4.451022873281510591e-17
4.450885912523482617e-17
4.450885912523482617e-17
4.450856008231238622e-17
3.033808384654605790e-17
3.033808384654605790e-17
3.033808384654605790e-17
3.033808383789931654e-17
3.033808383789931654e-17
3.033808383789931654e-17
3.018853241325064523e-17
1.309199291686717048e-17
1.309199291686717048e-17
1.309199291686717048e-17
1.309199291686716277e-17
1.309199291686716277e-17
1.182784014486977553e-17
1.182784014486977553e-17
1.148336462524224868e-17
1.148336462524070794e-17
1.148252631629483225e-17
1.148252631629483225e-17
1.148252631629483225e-17
1.148252631629483225e-17
1.148252630391584666e-17
6.029762117890301993e-18
6.029762117890301993e-18
6.029762084881727046e-18
6.029762084881727046e-18
6.029762084881727046e-18
6.029753557583673349e-18
6.029753557583673349e-18
6.029753557583673349e-18
6.029753557583349793e-18
3.349274543747999903e-18
3.349274543747999903e-18
3.348093201927024576e-18
3.348093201927024576e-18
3.348093201927024576e-18
3.348093201927024576e-18
3.345822042739625256e-18
3.345822042739625256e-18
3.001730953284689362e-18
3.001730347958330405e-18
3.001730347958330405e-18
2.914594067666314576e-18
2.914594067666314576e-18
2.914594067666314576e-18
1.275531747381288187e-18
1.275531747378866137e-18
1.275531747378864982e-18
1.275531747359596053e-18
1.275531747359596053e-18
1.275531747359596053e-18
1.275531747359596053e-18
1.275531747359596053e-18
1.275531653418262325e-18
9.217891423170956723e-19
9.217891423170956723e-19
9.217891423170956723e-19
9.217891423170956723e-19
9.217891423170956723e-19
9.217468385480669534e-19
9.176252419524027661e-19
9.176252419524027661e-19
9.176220764212396195e-19
6.963310412905776160e-19
6.963310412905776160e-19
6.963310411981660084e-19
6.963310411981660084e-19
6.963310411981660084e-19
6.920474103469708482e-19
3.050530914756179525e-19
3.050530914756179525e-19
3.050530914756179525e-19
3.050530914756179044e-19
3.050530914756179044e-19
2.645582995551074407e-19
2.645582995551074407e-19
2.645582995550325701e-19
2.585368633176175561e-19
2.585368633176175561e-19
2.585262237427989104e-19
2.585262237427989104e-19
2.585262230598837485e-19
2.585262230598837485e-19
1.543185156139461083e-19
1.543185151724430390e-19
1.543185151724430390e-19
1.543185151724430390e-19
1.543185151724430390e-19
1.543181100558835115e-19
1.543181100558835115e-19
1.543181100558835115e-19
8.251036939930311758e-20
8.251036939930193795e-20
8.251036939930193795e-20
8.247103597883240701e-20
8.247103597883240701e-20
8.247103597883240701e-20
8.247103597883240701e-20
8.243644435030892825e-20
8.243644435030892825e-20
7.506027923332134410e-20
7.506027923332134410e-20
7.175585914041002363e-20
7.175585208223806987e-20
7.175585208223806987e-20
7.175585208223806987e-20
3.497732328775940937e-20
3.497732328772357504e-20
3.497732328772349078e-20
3.497732328613992497e-20
3.497732328613992497e-20
3.497732328613992497e-20
3.497731815625796821e-20
3.497731815625796821e-20
3.497731815625796821e-20
2.416278707993260471e-20
2.416278707993260471e-20
2.416278707993260471e-20
2.416278707993260471e-20
2.416278707993260471e-20
2.416119224775213427e-20
2.416119224775213427e-20
2.408992532629991684e-20
2.408988075732135195e-20
1.866486216226648569e-20
1.866486216226648569e-20
1.866486216226648569e-20
1.866486216096098504e-20
1.847581008223422755e-20
8.688345286739928973e-21
8.688345286739928973e-21
8.688345286739928973e-21
8.688345286739928973e-21
8.688345286739928973e-21
8.688345286739927468e-21
8.688345286739927468e-21
8.688345286739927468e-21
7.328996043703545886e-21
7.328996043697264044e-21
7.328996043697264044e-21
7.328996043697264044e-21
7.212013868652313359e-21
7.211844627099644165e-21
7.211844588483829450e-21
7.211844588483829450e-21
4.353372899158799699e-21
4.353372899158799699e-21
4.353372892245043723e-21
4.353372892245043723e-21
4.353372892245043723e-21
4.353372892245043723e-21
4.353355191534555673e-21
2.396224491158982370e-21
2.396224491158982370e-21
2.396224491158982370e-21
2.396224491158966947e-21
2.394177389192658152e-21
2.394177389192658152e-21
2.394177389192658152e-21
2.394177389192658152e-21
2.393581260995433726e-21
2.393581260995433726e-21
2.233350586147031665e-21
2.233350586147031665e-21
2.233350586147031665e-21
2.110310436895294130e-21
2.110310316778791163e-21
2.110310316778791163e-21
1.015506485118481567e-21
1.015506485118473856e-21
1.015506485118021902e-21
1.015506485020995658e-21
1.015506485020995658e-21
1.015506247596068745e-21
1.015506247596068745e-21
1.015506247596068745e-21
7.089973175446477875e-22
7.089973175446477875e-22
7.089973175446477875e-22
7.089973175446477875e-22
7.089973175446477875e-22
7.089973175446477875e-22
7.089973175446477875e-22
7.089125644121924326e-22
7.076566149677662825e-22
7.076558581830396856e-22
5.825743274276912429e-22
5.825743274276912429e-22
5.825743274276912429e-22
5.825743274086507735e-22
5.747626798322338595e-22
2.586950956995688224e-22
2.586950956995688224e-22
2.586950956995688224e-22
2.586950956995688224e-22
2.586950956995688224e-22
2.586950956995688224e-22
2.586950956995688224e-22
2.185420577906005658e-22
2.185420577906005658e-22
2.185420577901946441e-22
2.185420577901946441e-22
2.185420577901945971e-22
2.185420558431063656e-22
2.164018815628876393e-22
2.163988830815281951e-22
2.163988830815281951e-22
2.163988830815281951e-22
1.447040670926834533e-22
1.447040670926834533e-22
1.447028598868390452e-22
1.447028597724764223e-22
1.447028597724764223e-22
1.447028597724764223e-22
1.447028597724764223e-22
7.433995122693125845e-23
7.433995122693125845e-23
7.433995122693109388e-23
7.425612393168328718e-23
7.425612393168328718e-23
7.425612393168328718e-23
7.425612393168328718e-23
7.425612393168328718e-23
7.425612393168328718e-23
7.424483848166856971e-23
7.101347675482673067e-23
6.688793951908821439e-23
6.688793951908821439e-23
6.688793771245551237e-23
3.597465403388295881e-23
3.597465403388295881e-23
3.597465403388225351e-23
3.597465402719624736e-23
3.597465402718917088e-23
3.597465402718917088e-23
3.597463563486144426e-23
2.345251319176593634e-23
2.345251319176593634e-23
2.345251319176593634e-23
2.345251319176593634e-23
2.345251319176593634e-23
2.345251319176593634e-23
2.345251319176593634e-23
2.345251319176593634e-23
2.344856683801469126e-23
2.344856683801469126e-23
2.344856683801469126e-23
2.342151011716891454e-23
2.045005643432299236e-23
2.045004697233243983e-23
2.045004697233243983e-23
2.013052409032196536e-23
2.013052409032196536e-23
2.013052409032196536e-23
2.013052409003865653e-23
9.696323267389591822e-24
9.696323267389591822e-24
9.696323267389591822e-24
9.696323267389591822e-24
9.696323267389591822e-24
9.696323267389591822e-24
9.696323267389591822e-24
9.696323267345713556e-24
7.819033288344135052e-24
7.819033288344133582e-24
7.819033134491581733e-24
7.819033134491581733e-24
7.764966026462671941e-24
7.764966026462671941e-24
7.764908226459825864e-24
7.764908226459825864e-24
5.694750989841317618e-24
5.694671421753010560e-24
5.694671421753010560e-24
5.694671419545823021e-24
5.694671419545823021e-24
5.694671419545823021e-24
5.694671419545823021e-24
2.940378660885957999e-24
2.936017082422172339e-24
2.936017082422169033e-24
2.936017082422169033e-24
2.936017082422169033e-24
2.936017082422169033e-24
2.936017082422169033e-24
2.936017082422169033e-24
2.935752923568665658e-24
2.835362090347442124e-24
2.835362090347442124e-24
2.611174132178575577e-24
2.611174132178575577e-24
2.611174097868824294e-24
1.548807649317102986e-24
1.548807649317102986e-24
1.548807649317031170e-24
1.548807648552047732e-24
1.548807648552047732e-24
1.548807648551899326e-24
1.548806197742999523e-24
1.548806197742999523e-24
1.548806197742999523e-24
9.814538686969778055e-25
9.814538686969778055e-25
9.814538686969778055e-25
9.814538686969778055e-25
9.814538686969778055e-25
9.814538686969778055e-25
9.812239474618356377e-25
9.812239474618356377e-25
9.812239474618356377e-25
9.805143160636535596e-25
8.756922901092975323e-25
8.756920739029946148e-25
8.756920739029946148e-25
8.756920739029946148e-25
8.554217678695597364e-25
4.420754680636997737e-25
4.420754680621514272e-25
4.420754680621514272e-25
4.420754680621514272e-25
4.420754680621514272e-25
4.420754680621514272e-25
4.420754680621514272e-25
4.420754680621514272e-25
4.420754680621514272e-25
4.420754680565210848e-25
4.420754680565209011e-25
3.466520269091986958e-25
3.466520140398061869e-25
3.466520140398061869e-25
3.466520140398061869e-25
3.450572655038943036e-25
3.450572655038943036e-25
3.450558431611942962e-25
2.618255821460413190e-25
2.618199863599009592e-25
2.618199863599009592e-25
2.618199863070255703e-25
2.618199863070255703e-25
2.618199863070255703e-25
2.618199863070255703e-25
1.392211284173479670e-25
1.392211284173479670e-25
1.388805599038961410e-25
1.388805599038960722e-25
1.388805599038960722e-25
1.388805599038960722e-25
1.388805599038960722e-25
1.388805599038960722e-25
1.388731941248587887e-25
1.354760516364002932e-25
1.228069163691679688e-25
1.228069163691679688e-25
1.228069163691679688e-25
1.228069155090894713e-25
7.511948094840003225e-26
7.511948094838960892e-26
7.511948087180630120e-26
7.511948087180630120e-26
7.511948087180630120e-26
7.511948087180630120e-26
7.511948087180317879e-26
7.511936732605790070e-26
7.511936732605790070e-26
7.511936732605790070e-26
7.511936732605790070e-26
4.774652590919805676e-26
4.774652590919805676e-26
4.774652590919805676e-26
4.774652590919805676e-26
4.772755762393389906e-26
4.772755762393389906e-26
4.770662949498368841e-26
4.770662949498368841e-26
4.770662949498368841e-26
4.388046352579941488e-26
4.388046352579941488e-26
4.388045737326179327e-26
4.260816688082066058e-26
2.223264235553897393e-26
2.223264235550386120e-26
2.223264235550386120e-26
2.223264235550386120e-26
2.223264235550386120e-26
2.223264235550386120e-26
2.223264235550386120e-26
2.223264235550386120e-26
2.223264235489783876e-26
2.223264235489779858e-26
2.223264235489779858e-26
2.223264235489779858e-26
1.732767079291722388e-26
1.732766972311957131e-26
1.732766972311957131e-26
1.727792914022372944e-26
1.727788872429464617e-26
1.727788872429464617e-26
1.727703918737805702e-26
1.395227456693560166e-26
1.395227456693560166e-26
1.395227456558941095e-26
1.395227456558941095e-26
1.395227456558941095e-26
1.395227456558941095e-26
1.395227456558941095e-26
7.253794531712071300e-27
7.230562408024056392e-27
7.230562408024056392e-27
7.230562408024054957e-27
7.230562408024054957e-27
7.230562408024054957e-27
7.230562408024054957e-27
6.498895281652105434e-27
6.498712483338207448e-27
6.405052402019905047e-27
6.405052402019905047e-27
6.405052402019905047e-27
6.405052402019905047e-27
6.405052381044752341e-27
6.405052381041526619e-27
4.282313807837152133e-27
4.282313799557033493e-27
4.282313799557033493e-27
4.282313799557033493e-27
4.282313799557033493e-27
4.282313799557033493e-27
4.282313799557033493e-27
4.282300934904283014e-27
4.282300934904205528e-27
4.282300934904205528e-27
2.606203611177049244e-27
2.604782622525714311e-27
2.604782622525714311e-27
2.604782622525714311e-27
2.604782622525714311e-27
2.604782622525714311e-27
2.604782622525714311e-27
2.604782622525714311e-27
2.604076054261157923e-27
2.604076054261157923e-27
2.458272134921820648e-27
2.458271961805047122e-27
2.376967248881566732e-27
1.346383051459089721e-27
1.346383051459089721e-27
1.346383051458117018e-27
1.346383051458117018e-27
1.346383051458117018e-27
1.346383051458117018e-27
1.346383051458117018e-27
1.346383051458117018e-27
1.346383051384174557e-27
1.346383051384167920e-27
1.346383051384167920e-27
1.006765744297564293e-27
1.006765744297564293e-27
1.006765618389331945e-27
1.006765618389331945e-27
1.004860772659397730e-27
1.004859547059265327e-27
1.004787287475321461e-27
1.004787287475321461e-27
8.568152645407752796e-28
8.568152645407752796e-28
8.568152645024246330e-28
8.568152645024246330e-28
8.568152645024246330e-28
8.568152645024246330e-28
4.633878493601561522e-28
4.633878493601561522e-28
4.633878493601561522e-28
4.614511497469832372e-28
4.614511497469832372e-28
4.614511497469832372e-28
4.614511497469832372e-28
4.614511497469832372e-28
4.042891668535363180e-28
4.001636272997965635e-28
4.001574137305954710e-28
4.001574137305954710e-28
4.001574137301764716e-28
4.001574137301764716e-28
4.001574137301764716e-28
4.001574137301764716e-28
4.001574131117280351e-28
2.887304112363743694e-28
2.887304099240515417e-28
2.887304099240515417e-28
2.887304099240515417e-28
2.887304099240515417e-28
2.887289392415144325e-28
2.887289392415144325e-28
2.887289392415144325e-28
2.887289392415121008e-28
1.750733427879768214e-28
1.749422539142758377e-28
1.749422539142758377e-28
1.749422539142758377e-28
1.749422539142758377e-28
1.749422539142758377e-28
1.749422539142758377e-28
1.749422539142758377e-28
1.749136770348570733e-28
1.673575179680284076e-28
1.673575179680284076e-28
1.673575119069254580e-28
1.600245093855622282e-28
1.600245093855622282e-28
9.744699463268899457e-29
9.744699463265528494e-29
9.744699463265528494e-29
9.744699463265528494e-29
9.744699463265528494e-29
9.744699463265528494e-29
9.744699463265528494e-29
9.744699461915107253e-29
9.744699461914994028e-29
7.136181357020242747e-29
7.136179766194251993e-29
7.136179766194251993e-29
7.136179766194251993e-29
7.136179766194251993e-29
7.127593554612780205e-29
7.126850198653045628e-29
7.126845541564640042e-29
7.126845541564640042e-29
6.258078815231812352e-29
6.258078815231812352e-29
6.258078815231812352e-29
6.258078815096441315e-29
6.258078815096441315e-29
6.258078815096441315e-29
6.258078815096441315e-29
3.530129982319593240e-29
3.508058225347866271e-29
3.508058225347866271e-29
3.508058225347866271e-29
3.508058225347866271e-29
3.508058225347866271e-29
3.508058225347866271e-29
3.021778996384330786e-29
3.001046395591103078e-29
3.001019996059481651e-29
3.001019996059481651e-29
3.001019996051266118e-29
3.001019996051266118e-29
3.001019996051265557e-29
3.001019960399002912e-29
2.259793122664143370e-29
2.259793122664143370e-29
2.259793121359104301e-29
2.259793121359104301e-29
2.259793121359104301e-29
2.259793121359104301e-29
2.259774700485338687e-29
2.259774700485338687e-29
2.259774700485338687e-29
2.259774700485331401e-29
1.383677590342360233e-29
1.383677590342360233e-29
1.382066935068969508e-29
1.382066935068969508e-29
1.382066935068969508e-29
1.382066935068969508e-29
1.382066935068969508e-29
1.381932195830298888e-29
1.381932195830298888e-29
1.339106800169347986e-29
1.339106774492830177e-29
1.339106774492830177e-29
1.339106774492830177e-29
1.269421965394797514e-29
8.047972081624880698e-30
8.047972081624880698e-30
8.047972081623650358e-30
8.047972081623650358e-30
8.047972081623382710e-30
8.047972081623382710e-30
8.047972079307060171e-30
8.047972079307060171e-30
8.047972079307060171e-30
8.047972079307060171e-30
8.047967942130787141e-30
5.847968752778014424e-30
5.847968752778014424e-30
5.847968752778014424e-30
5.847968752778014424e-30
5.843611014107889035e-30
5.842627833469719249e-30
5.842627833469719249e-30
5.842625762468865574e-30
5.301680000941159425e-30
5.301680000941159425e-30
5.301680000941159425e-30
5.301680000941159425e-30
5.301680000941159425e-30
5.301680000889179660e-30
5.301680000889179660e-30
5.227724178346022830e-30
3.019043150366950221e-30
3.019043150366950221e-30
3.019043150366950221e-30
3.019043150366950221e-30
3.019043150366950221e-30
3.019043150366950221e-30
3.019043150366950221e-30
2.574695284680133799e-30
2.563297376073676558e-30
2.563297376058604542e-30
2.563284632376492843e-30
2.563284632376491792e-30
2.563284632376491792e-30
2.563284579192210334e-30
2.563284579192210334e-30
2.563284579192210334e-30
2.048700633032407485e-30
2.048700632458544585e-30
2.048700632458544585e-30
2.048700632458544585e-30
2.048700632458544585e-30
2.048670839432693634e-30
2.048670839432693634e-30
1.241215969072199994e-30
1.241215969072199994e-30
1.241215969072198943e-30
1.239276330092647212e-30
1.239276330092647212e-30
1.239276330092647212e-30
1.239276330092647212e-30
1.239204644159285133e-30
1.239204644159285133e-30
1.212928618862369691e-30
1.212928618862369691e-30
1.142158453141521496e-30
1.142158443147891572e-30
1.142158443147891572e-30
1.142158443147891572e-30
7.792595162161840754e-31
7.792595162161840754e-31
7.792595162161333659e-31
7.792595162160701323e-31
7.792595157720214200e-31
7.792595157720214200e-31
7.792595157720214200e-31
7.792595157720214200e-31
7.792595157720214200e-31
7.792587524941811808e-31
7.792587524941811808e-31
5.515631320202460218e-31
5.515631320202460218e-31
5.515631320202460218e-31
5.515631320202460218e-31
5.514320033156094980e-31
5.511755541827875987e-31
5.511755541827875987e-31
5.511754555755836114e-31
5.511754555755836114e-31
5.138151131562128628e-31
5.138151131562128628e-31
5.138151131562128628e-31
5.138151131540679127e-31
5.051838523008461749e-31
3.092035883552017221e-31
3.092035883552017221e-31
3.092035883552017221e-31
3.092035883552017221e-31
3.092035883552017221e-31
3.092035883552017221e-31
3.092035883552017221e-31
2.576014905723555690e-31
2.576014905723555690e-31
2.576014905692430224e-31
2.576014905692430224e-31
2.568454153410483785e-31
2.568454153410481596e-31
2.568447307890805469e-31
2.568447307890805469e-31
2.568447202811192175e-31
2.158136836705686525e-31
2.158136836705686525e-31
2.158136836705686525e-31
2.158136836425920789e-31
2.158136836425920789e-31
2.158087339446121114e-31
2.158087339446121114e-31
2.158087339446121114e-31
1.336792524309511405e-31
1.336792524309510748e-31
1.336792524309510748e-31
1.336792524309510748e-31
1.333990358658230239e-31
1.333990358658230239e-31
1.333990358658230239e-31
1.333990358658230239e-31
1.333945918201678513e-31
1.313675983106349996e-31
1.313675983106349996e-31
1.220826927494033814e-31
1.220826927494033814e-31
1.220826922477955903e-31
1.220826922477955903e-31
1.220826922477955903e-31
8.872146717708600117e-32
8.872146717706924033e-32
8.872146717706924033e-32
8.872146717706708364e-32
8.872146706379799398e-32
8.872146706379799398e-32
8.872131893403292073e-32
6.241917666659860490e-32
6.241917666659860490e-32
6.241917666659860490e-32
6.241917666659860490e-32
6.241917666659860490e-32
6.241917666659860490e-32
6.239825131608081569e-32
6.239825131608081569e-32
6.239825131608081569e-32
6.239825131608081569e-32
6.238067990316470031e-32
5.915937196614360766e-32
5.915936697544396718e-32
5.915936697544396718e-32
5.786923050287767468e-32
5.786923050278776168e-32
3.737202507524803809e-32
3.737202507524803809e-32
3.737202507524803809e-32
3.737202507524803809e-32
3.737202507524803809e-32
3.737202507524803809e-32
3.737202507524803809e-32
3.070669696792254525e-32
3.070669696705223490e-32
3.070669696705223490e-32
3.070669696705216921e-32
3.070669696705216921e-32
3.070669471846298938e-32
3.064915585884297226e-32
3.064911303497353185e-32
3.064911303497353185e-32
2.664872840448740873e-32
2.664872840448740873e-32
2.664778794504297172e-32
2.664778794363358295e-32
2.664778794363358295e-32
2.664778794363358295e-32
2.664778794363358295e-32
2.664778794363358295e-32
1.693996722275553046e-32
1.688901764592546862e-32
1.688901764592546862e-32
1.688901764592546862e-32
1.688901764592546862e-32
1.688901764592546862e-32
1.688901764592546862e-32
1.688901764592546862e-32
1.688870469671261157e-32
1.671401477866324397e-32
1.671401477866324397e-32
1.671401477866324397e-32
1.537977684335222333e-32
1.537977684335222333e-32
1.537977681704785868e-32
1.170954362130502345e-32
1.170954362130502345e-32
1.170954362130502345e-32
1.170954362129928278e-32
1.170954359175995220e-32
1.170954359175988104e-32
1.170954359175988104e-32
1.170951143768007596e-32
8.245480268095455111e-33
8.245480268095455111e-33
8.245480268095455111e-33
8.245480268095455111e-33
8.245480268095455111e-33
8.245480268095455111e-33
8.245480268095455111e-33
8.241342723017899461e-33
8.241342723017899461e-33
8.241342723017899461e-33
8.239995949189767000e-33
7.934659454246341040e-33
7.934659157597540296e-33
7.934659157597540296e-33
7.727502360661205964e-33
5.205105264788192282e-33
5.205105264786872407e-33
5.205105264786872407e-33
5.205105264786872407e-33
5.205105264786872407e-33
5.205105264786872407e-33
5.205105264786872407e-33
5.205105264786872407e-33
5.205105264786872407e-33
5.205105264412473237e-33
4.237382521256517592e-33
4.237382521256493644e-33
4.237381987662489313e-33
4.232564768299965966e-33
4.232562069764719572e-33
4.232562069764719572e-33
4.232562069764719572e-33
3.809991249740422820e-33
3.809773392468858977e-33
3.809773392468858977e-33
3.809773392416585344e-33
3.809773392416585344e-33
3.809773392416585344e-33
3.809773392416585344e-33
2.470485482494180158e-33
2.460779356047331564e-33
2.460779356047331564e-33
2.460779356047331564e-33
2.460779356047331564e-33
2.460779356047331564e-33
2.460779356047331564e-33
2.460779356047331564e-33
2.460757403431567415e-33
2.444403630213376357e-33
2.230616183975990371e-33
2.230616183975990371e-33
2.230616183975990371e-33
2.230616183975990371e-33
2.230616182971949415e-33
1.794229620268384402e-33
1.794229620266366272e-33
1.794229611623685226e-33
1.794229611623685226e-33
1.794229611623684542e-33
1.794221055878702732e-33
1.258273289187506361e-33
1.258273289187506361e-33
1.258273289187506361e-33
1.258273289187506361e-33
1.258273289187506361e-33
1.258273289187506361e-33
1.258273289187506361e-33
1.257409619056830374e-33
1.257409619056830374e-33
1.257306019204402724e-33
1.257306019204402724e-33
1.225688338615961059e-33
1.225688338615961059e-33
1.225688325771374012e-33
1.188509436497713283e-33
1.188509436497713283e-33
8.496875114447678329e-34
8.496875114447508983e-34
8.496875114447508983e-34
8.496875114447508983e-34
8.496875114447508983e-34
8.496875114447508983e-34
8.496875114447508983e-34
8.496875113204239763e-34
8.496875113204096075e-34
8.496875113204096075e-34
6.815622404791252319e-34
6.815620840300078244e-34
6.815620840300078244e-34
6.815620840300078244e-34
6.811500670738984982e-34
6.811499402559635122e-34
6.316212144994770347e-34
6.315675369374278942e-34
6.315675369367409296e-34
6.315675369367409296e-34
6.315675369367409296e-34
6.315675369367409296e-34
6.315675369367409296e-34
6.315675369367409296e-34
4.265002363445848827e-34
4.243175906729524560e-34
4.243175906729524560e-34
4.243175906729524560e-34
4.243175906729524560e-34
4.243175906729524560e-34
4.243175906729524560e-34
3.822395448555869077e-34
3.822385837105149525e-34
3.809305220563156842e-34
3.809305220563156842e-34
3.809305220563156842e-34
3.809305220563156842e-34
3.809305220423145452e-34
3.221471955491924830e-34
3.221471955483819297e-34
3.221471923908505287e-34
3.221471923908504431e-34
3.221447196615904712e-34
3.221447196615904712e-34
3.221447196615904712e-34
3.221447196615904712e-34
3.221447196615904712e-34
3.221447196615904712e-34
2.286085063443845483e-34
2.283932015677526902e-34
2.283932015677526902e-34
2.283932015677526902e-34
2.283932015677526902e-34
2.283932015677526902e-34
2.283869990228316713e-34
2.249048225758015951e-34
2.249048225758015951e-34
2.249048223690130824e-34
2.166754505903034774e-34
1.642254645469461435e-34
1.642254645469461221e-34
1.642254645469461221e-34
1.642254645469461221e-34
1.642254645469461221e-34
1.642254645469461221e-34
1.642254644943111315e-34
1.642254644943043961e-34
1.308487760199593575e-34
1.308487760199593575e-34
1.308487243225633103e-34
1.308487243225633103e-34
1.308487243225633103e-34
1.308487243225633103e-34
1.308211573961106884e-34
1.308211551593479060e-34
1.308037612801519633e-34
1.246039096828437534e-34
1.246039096828437534e-34
1.246039096828437534e-34
1.246039096828429195e-34
1.246039096828429195e-34
1.246039096828429195e-34
1.246039096828429195e-34
8.795059090796435484e-35
8.733759525132207643e-35
8.733759525132207643e-35
8.733759525132207643e-35
8.733759525132207643e-35
8.733759525132207643e-35
7.789474423332376710e-35
7.779596011587296149e-35
7.779594107873755785e-35
7.779594107873755785e-35
7.779594107820185028e-35
6.926675688105049905e-35
6.926675688103614096e-35
6.926675688103614096e-35
6.926675557228820586e-35
6.926675557228817378e-35
6.926675557228817378e-35
6.926675557228817378e-35
6.926675557228817378e-35
6.926589200250146886e-35
6.926589200250146886e-35
6.926589200250146886e-35
4.995763033789615460e-35
4.988962630523661890e-35
4.988962630523661890e-35
4.988962630523661890e-35
4.988962630523661890e-35
4.988948478991996300e-35
4.988948478991996300e-35
4.958517529463686134e-35
4.958517529432501385e-35
4.745902615974922660e-35
3.854867007147731287e-35
3.854867007147731287e-35
3.854867007147731287e-35
3.854867007147731287e-35
3.854867004547693039e-35
3.854867004547272881e-35
3.854867004547272881e-35
3.854867004547272881e-35
3.854867004547272881e-35
3.052045469217917837e-35
3.052043344539679975e-35
3.052043344539679975e-35
3.052043344539679975e-35
3.051971617837275897e-35
3.051345271473723580e-35
3.051345271473723580e-35
3.051345271096197702e-35
3.051345271096197702e-35
2.988404205973799516e-35
2.988404205973799516e-35
2.988404205973799516e-35
2.988404205973799516e-35
2.988404205973799516e-35
2.246483985370361272e-35
2.225141586852588090e-35
2.225141586852588090e-35
2.225141586852588090e-35
2.225141586852588090e-35
2.225141586852588090e-35
1.959291939848749188e-35
1.958992766627567673e-35
1.958992762882550700e-35
1.958992762852095883e-35
1.958992762852095883e-35
1.958992762852095883e-35
1.958992683774416022e-35
1.958992683774413616e-35
1.854642611855709196e-35
1.854642611855709196e-35
1.854642611855709196e-35
1.854642611855709196e-35
1.854642611855709196e-35
1.854601647274721873e-35
1.854601647274721873e-35
1.382034838594224588e-35
1.382034838594224588e-35
1.379252242842144864e-35
1.379252242842144864e-35
1.379252242842144864e-35
1.379252242842144864e-35
1.379252209286002217e-35
1.378134165970379513e-35
1.378134165970379513e-35
1.378134165970378978e-35
1.306657880656290224e-35
1.306657880656290224e-35
1.171387330296780260e-35
1.171387330296780260e-35
1.171387330296780260e-35
1.171387330296780260e-35
1.171387330296780260e-35
1.171387330296432533e-35
1.171387328482822827e-35
1.171387328482822827e-35
1.171387328482822827e-35
1.171385257596648188e-35
9.266458863501555003e-36
9.266458863501555003e-36
9.266458863501555003e-36
9.263370059330774495e-36
9.263368009358096221e-36
9.263368009358096221e-36
9.263368009358021384e-36
9.235133237071792797e-36
9.235133237071792797e-36
9.235133237071792797e-36
9.235133237071792797e-36
9.235133237071792797e-36
9.077881498556036934e-36
7.679825935679253493e-36
7.679825935679253493e-36
7.679825935679253493e-36
7.679825935679253493e-36
6.650697607282867286e-36
6.650697607282867286e-36
6.650697607017706308e-36
6.650686910931301973e-36
6.650686910930381205e-36
6.650686910930354478e-36
6.650686307863139126e-36
6.650686307863139126e-36
6.650686307863139126e-36
6.590492358394884631e-36
6.590492358394884631e-36
6.590492358394884631e-36
6.590492358394884631e-36
6.590215613276942270e-36
5.399696075871692166e-36
5.399696075871692166e-36
5.399696075871692166e-36
5.381061896784978818e-36
5.381061896784978818e-36
5.381061896784978818e-36
5.381061896774063915e-36
5.381061896774063915e-36
5.381009057649169152e-36
5.381009057649169152e-36
5.026284663904298182e-36
5.026284663904298182e-36
5.026284663904298182e-36
5.026284663904298182e-36
4.921746239168041021e-36
4.921746239168041021e-36
4.921746239168041021e-36
4.921746239163404443e-36
4.921746217978537466e-36
4.921746217978537466e-36
4.921726658489678206e-36
4.921726658489678206e-36
4.096782287451045871e-36
4.096782287451045871e-36
4.096782287451045871e-36
4.094130750487668169e-36
4.094130750487668169e-36
4.094130750402088248e-36
4.093959126456936992e-36
4.093959126456936992e-36
4.093959126456936992e-36
4.093959126456936992e-36
3.992650995864441406e-36
3.992650995864441406e-36
3.992650995864441406e-36
3.845432003327786348e-36
3.845432003327786348e-36
3.845432003327786348e-36
3.371426110535631021e-36
3.371426110084765014e-36
3.371426110084765014e-36
3.371426110084716236e-36
3.371426109497287322e-36
3.371425280363183306e-36
3.371425280363183306e-36
3.371425280363183306e-36
3.370941070448212294e-36
3.370941070448212294e-36
3.370623010225506803e-36
3.370623010225506803e-36
3.370623010225506803e-36
3.198178536051889560e-36
3.198178536051889560e-36
3.176649891524302817e-36
3.176649891524302817e-36
3.176649891524302817e-36
3.176649891524302817e-36
3.176649891524302817e-36
3.176649891524302817e-36
3.176649887588809129e-36
2.953373890215148485e-36
2.953373890215148485e-36
2.953373890215148485e-36
2.953373890215148485e-36
2.952230804349082511e-36
2.952230804338042990e-36
2.952230763557524910e-36
2.952230763557524910e-36
2.952230763557524910e-36
2.952230763557524242e-36
2.952199846198948649e-36
2.791009100796232610e-36
2.791009100796232610e-36
2.791009100796232610e-36
2.786946028293508679e-36
2.786946028293508679e-36
2.786946028293508679e-36
2.786946028293508679e-36
2.786946011296735376e-36
2.786946011296735376e-36
2.786946011296735376e-36
2.702249134525825477e-36
2.700078635383577190e-36
2.700078635383577190e-36
2.700078635383577190e-36
2.700078635383577190e-36
2.578371598445785394e-36
2.578371597034950171e-36
2.578371597034950171e-36
2.578371597034761741e-36
2.578369466572795219e-36
2.578369466572795219e-36
2.578369466572795219e-36
2.578369466572795219e-36
2.578369406039269686e-36
2.577754644904893631e-36
2.577754644904893631e-36
2.577754644904893631e-36
2.577754644904893631e-36
2.577754644904893631e-36
2.574461091032534550e-36
2.549225514944243216e-36
2.549225514944243216e-36
2.549225514944243216e-36
2.549225514944243216e-36
2.549225514944243216e-36
2.549225514944243216e-36
2.549225514944243216e-36
2.477360015991324850e-36
2.477360015991324850e-36
2.477359844032277539e-36
2.477359844032277539e-36
2.477359843990684977e-36
2.477359717832384978e-36
2.477359717832382305e-36
2.477287782288859332e-36
2.473568715291241146e-36
2.473568715291241146e-36
2.473568715291241146e-36
2.473568715291241146e-36
2.473568715291241146e-36
2.467782831810478768e-36
2.467782831810478768e-36
2.467782831810478768e-36
2.467782831810478768e-36
2.467782831810478768e-36
2.435462879108577438e-36
2.435462502007755467e-36
2.435462502007755467e-36
2.435462502007755467e-36
2.435462502007755467e-36
2.435462496477646252e-36
2.435462496476746533e-36
2.432249695403250450e-36
2.432243431140101991e-36
2.432243431140101991e-36
2.432243431140101991e-36
2.432243431140101991e-36
2.432243431140101991e-36
2.431250931143080215e-36
2.431250931143080215e-36
2.431250931143080215e-36
2.431250931143080215e-36
2.431250304192921761e-36
2.420430739777951619e-36
2.420430739777951619e-36
2.420430739777951619e-36
2.420430739777951619e-36
2.420430739777951619e-36
2.418364227933556635e-36
2.418364227933556635e-36
2.418364227933556635e-36
2.418364227933556635e-36
2.418364227933555967e-36
2.418364227759429355e-36
2.418363830519697476e-36
2.418363830519683444e-36
2.418239444107653315e-36
2.418239444107653315e-36
2.418239444107653315e-36
2.418239444107653315e-36
2.418239444107653315e-36
2.418238685584704437e-36
2.415591220861064224e-36
2.415591220861064224e-36
2.415591220861064224e-36
2.415591220861064224e-36
2.415591220861064224e-36
2.414618127237347749e-36
2.414618127237347081e-36
2.414618127237347081e-36
2.414618127237347081e-36
2.414618109275979342e-36
2.414618109275979342e-36
2.414618109272093810e-36
2.414617433457267225e-36
2.414606230738091774e-36
2.414606230738091774e-36
2.414606230738091774e-36
2.414606230738091774e-36
2.414606230738091774e-36
2.414138419140580510e-36
2.414138419140580510e-36
2.414138419140580510e-36
2.414138419140580510e-36
2.414138419140580510e-36
2.414138419140579508e-36
2.413806025701643739e-36
2.413806025701643739e-36
2.413806025701643739e-36
2.413806025701643739e-36
2.413805586094358213e-36
2.413805586094358213e-36
2.413805586094358213e-36
2.413805585521167450e-36
2.413805585521167450e-36
2.413804867416447405e-36
2.413804867416386600e-36
2.413804867416386600e-36
2.413745613853812172e-36
2.413745613853812172e-36
2.413745613853812172e-36
2.413745613853812172e-36
2.413745613853810502e-36
2.413663696428277789e-36
2.413663696428277789e-36
2.413663696428277789e-36
2.413663696428277789e-36
2.413663696428277789e-36
2.413663488710865018e-36
2.413663488710865018e-36
2.413663488710865018e-36
2.413663488710865018e-36
2.413663488710865018e-36
2.413663456144451152e-36
2.413663456131622549e-36
2.413663456131622549e-36
2.413663456131621547e-36
2.413658103712946524e-36
2.413658103712946524e-36
2.413658103712945856e-36
2.413643598909171202e-36
2.413643598909171202e-36
2.413643598909171202e-36
2.413643598909171202e-36
2.413643598909171202e-36
2.413643598909171202e-36
2.413643598909171202e-36
2.413643527890772251e-36
2.413643527890772251e-36
2.413643527890772251e-36
2.413643527890772251e-36
2.413643527890771582e-36
2.413643526850816875e-36
2.413643183531419543e-36
2.413643183531219086e-36
2.413643183531219086e-36
2.413643183531219086e-36
2.413643183531219086e-36
2.413643183531219086e-36
2.413643183531219086e-36
2.413641345439921880e-36
2.413641345439921880e-36
2.413641345439921880e-36
2.413641327933789115e-36
2.413641327933789115e-36
2.413641327933789115e-36
2.413641327933788781e-36
2.413641327933788781e-36
2.413641327933788781e-36
2.413641327933788781e-36
2.413641327933788781e-36
2.413641327933788781e-36
2.413641327933788781e-36
2.413641327933788781e-36
2.413641327910510337e-36
2.413641312338998170e-36
2.413641312338996165e-36
2.413641146287227600e-36
2.413641146287227600e-36
2.413641146287227600e-36
2.413641143187346402e-36
2.413641143187346402e-36
2.413641143187346402e-36
2.413641143187346402e-36
2.413641143187346402e-36
2.413641143187346402e-36
2.413641143187346402e-36
2.413641143187346402e-36
2.413641143187346402e-36
2.413641143187346402e-36
2.413641143187346402e-36
2.413641142690087215e-36
2.413641142689724053e-36
2.413641132038536848e-36
2.413641132038536848e-36
2.413641132038536848e-36
2.413641132038536848e-36
2.413641131645708257e-36
2.413641131645708257e-36
2.413641131645708257e-36
2.413641131645708257e-36
2.413641131645708257e-36
2.413641131645708257e-36
2.413641131645708257e-36
2.413641131645708257e-36
2.413641131645708257e-36
2.413641131645708257e-36
2.413641131645708257e-36
2.413641131645708257e-36
2.413641131634577194e-36
2.413641131151483994e-36
2.413641131151479650e-36
2.413641131115992351e-36
2.413641131115992351e-36
2.413641131115992351e-36
2.413641131115992351e-36
2.413641131115992351e-36
2.413641131115992351e-36
2.413641131115992351e-36
2.413641131115992351e-36
2.413641131115992351e-36
2.413641131115992351e-36
2.413641131115992351e-36
2.413641131115992351e-36
2.413641131115992351e-36
2.413641131115992351e-36
2.413641131100565153e-36
2.413641131100565153e-36
2.413641131100391089e-36
2.413641131100391089e-36
2.413641131098114896e-36
2.413641131098114896e-36
2.413641131098114896e-36
2.413641131098114896e-36
2.413641131098114896e-36
2.413641131098114896e-36
2.413641131098114896e-36
2.413641131098114896e-36
2.413641131098114896e-36
2.413641131098114896e-36
2.413641131098114896e-36
2.413641131098114896e-36
2.413641131098114896e-36
2.413641131097769441e-36
2.413641131097666540e-36
2.413641131097666540e-36
2.413641131097664201e-36
2.413641131097664201e-36
2.413641131097664201e-36
2.413641131097664201e-36
2.413641131097664201e-36
2.413641131097664201e-36
2.413641131097664201e-36
2.413641131097664201e-36
2.413641131097664201e-36
2.413641131097664201e-36
2.413641131097664201e-36
2.413641131097664201e-36
2.413641131097661194e-36
2.413641131097661194e-36
2.413641131097655849e-36
2.413641131097655849e-36
2.413641131097655849e-36
2.413641131097655849e-36
2.413641131097655849e-36
2.413641131097655849e-36
2.413641131097655849e-36
2.413641131097655849e-36
2.413641131097655849e-36
2.413641131097655849e-36
2.413641131097655849e-36
2.413641131097655849e-36
2.413641131097655849e-36
2.413641131097655849e-36
2.413641131097655849e-36
2.413641131097655849e-36
2.413641131097655849e-36
2.413641131097655849e-36
2.413641131097655849e-36
2.413641131097655849e-36
2.413641131097655849e-36
2.413641131097655849e-36
2.413641131097655849e-36
2.413641131097655849e-36
2.413641131097655849e-36
2.413641131097655849e-36
2.413641131097655849e-36
2.413641131097655849e-36
2.413641131097655849e-36
2.413641131097655849e-36
2.413641131097655849e-36
2.413641131097655849e-36
2.413641131097655849e-36
2.413641131097655849e-36
2.413641131097655849e-36
2.413641131097655849e-36
2.413641131097655849e-36
2.413641131097655849e-36
2.413641131097655849e-36
2.413641131097655849e-36
2.413641131097655849e-36
2.413641131097655849e-36
2.413641131097655849e-36
2.413641131097655849e-36
2.413641131097655849e-36
2.413641131097655849e-36
2.413641131097655849e-36
2.413641131097655849e-36
2.413641131097655849e-36
2.413641131097655849e-36
2.413641131097655849e-36
2.413641131097655849e-36
2.413641131097655849e-36
2.413641131097655849e-36
2.413641131097655849e-36
2.413641131097655849e-36
2.413641131097655849e-36
2.413641131097655849e-36
2.413641131097655849e-36
2.413641131097655849e-36
2.413641131097655849e-36
2.413641131097655849e-36
2.413641131097655849e-36
2.413641131097655849e-36
2.413641131097655849e-36
2.413641131097655849e-36
2.413641131097655849e-36
2.413641131097655849e-36
2.413641131097655849e-36
2.413641131097655849e-36
2.413641131097655849e-36
2.413641131097655849e-36
2.413641131097655849e-36
2.413641131097655849e-36
2.413641131097655849e-36
2.413641131097655849e-36
2.413641131097655849e-36
2.413641131097655849e-36
2.413641131097655849e-36
2.413641131097655849e-36
2.413641131097655849e-36
2.413641131097655849e-36
2.413641131097655849e-36
2.413641131097655849e-36
2.413641131097655849e-36
2.413641131097655849e-36
2.413641131097655849e-36
2.413641131097655849e-36
2.413641131097655849e-36
2.413641131097655849e-36
2.413641131097655849e-36
2.413641131097655849e-36
2.413641131097655849e-36
2.413641131097655849e-36
2.413641131097655849e-36
2.413641131097655849e-36
2.413641131097655849e-36
2.413641131097655849e-36
2.413641131097655849e-36
2.413641131097655849e-36
2.413641131097655849e-36
2.413641131097655849e-36
2.413641131097655849e-36
2.413641131097655849e-36
2.413641131097655849e-36
2.413641131097655849e-36
2.413641131097655849e-36
2.413641131097655849e-36
2.413641131097655849e-36
2.413641131097655849e-36
2.413641131097655849e-36
2.413641131097655849e-36
2.413641131097655849e-36
2.413641131097655849e-36
2.413641131097655849e-36
2.413641131097655849e-36
2.413641131097655849e-36
2.413641131097655849e-36
2.413641131097655849e-36
2.413641131097655849e-36
2.413641131097655849e-36
2.413641131097655849e-36
2.413641131097655849e-36
2.413641131097655849e-36
2.413641131097655849e-36
2.413641131097655849e-36
2.413641131097655849e-36
2.413641131097655849e-36
2.413641131097655849e-36
2.413641131097655849e-36
2.413641131097655849e-36
2.413641131097655849e-36
2.413641131097655849e-36
2.413641131097655849e-36
2.413641131097655849e-36
2.413641131097655849e-36
2.413641131097655849e-36
2.413641131097655849e-36
2.413641131097655849e-36
2.413641131097655849e-36
2.413641131097655849e-36
2.413641131097655849e-36
2.413641131097655849e-36
2.413641131097655849e-36
2.413641131097655849e-36
2.413641131097655849e-36
2.413641131097655849e-36
2.413641131097655849e-36
2.413641131097655849e-36
2.413641131097655849e-36
2.413641131097655849e-36
2.413641131097655849e-36
2.413641131097655849e-36
2.413641131097655849e-36
2.413641131097655849e-36
2.413641131097655849e-36
2.413641131097655849e-36
2.413641131097655849e-36
2.413641131097655849e-36
2.413641131097655849e-36
2.413641131097655849e-36
2.413641131097655849e-36
2.413641131097655849e-36
2.413641131097655849e-36
2.413641131097655849e-36
2.413641131097655849e-36
2.413641131097655849e-36
2.413641131097655849e-36
2.413641131097655849e-36
2.413641131097655849e-36
2.413641131097655849e-36
2.413641131097655849e-36
2.413641131097655849e-36
2.413641131097655849e-36
2.413641131097655849e-36
2.413641131097655849e-36
2.413641131097655849e-36
2.413641131097655849e-36
2.413641131097655849e-36
2.413641131097655849e-36
2.413641131097655849e-36
2.413641131097655849e-36
2.413641131097655849e-36
2.413641131097655849e-36
2.413641131097655849e-36
2.413641131097655849e-36
2.413641131097655849e-36
2.413641131097655849e-36
2.413641131097655849e-36
2.413641131097655849e-36
2.413641131097655849e-36
2.413641131097655849e-36
2.413641131097655849e-36
2.413641131097655849e-36
2.413641131097655849e-36
2.413641131097655849e-36
2.413641131097655849e-36
2.413641131097655849e-36
2.413641131097655849e-36
2.413641131097655849e-36
2.413641131097655849e-36
2.413641131097655849e-36
2.413641131097655849e-36
2.413641131097655849e-36
2.413641131097655849e-36
2.413641131097655849e-36
2.413641131097655849e-36
2.413641131097655849e-36
2.413641131097655849e-36
2.413641131097655849e-36
2.413641131097655849e-36
2.413641131097655849e-36
2.413641131097655849e-36
2.413641131097655849e-36
2.413641131097655849e-36
2.413641131097655849e-36
2.413641131097655849e-36
2.413641131097655849e-36
2.413641131097655849e-36
2.413641131097655849e-36
2.413641131097655849e-36
2.413641131097655849e-36
2.413641131097655849e-36
2.413641131097655849e-36
2.413641131097655849e-36
2.413641131097655849e-36
