1.000000000000029976e+00
1.000000000000029976e+00
1.000000000000029976e+00
1.000000000000028866e+00
1.000000000000028644e+00
1.000000000000028644e+00
1.000000000000028644e+00
1.000000000000028644e+00
1.000000000000028644e+00
1.000000000000028644e+00
1.000000000000028644e+00
1.000000000000028422e+00
1.000000000000028422e+00
1.000000000000026201e+00
1.000000000000017319e+00
1.000000000000017319e+00
1.000000000000017319e+00
1.000000000000017319e+00
1.000000000000017319e+00
1.000000000000017319e+00
1.000000000000013545e+00
1.000000000000013545e+00
1.000000000000013545e+00
1.000000000000013767e+00
1.000000000000013545e+00
1.000000000000013767e+00
1.000000000000013767e+00
1.000000000000013545e+00
1.000000000000013545e+00
1.000000000000013545e+00
1.000000000000013545e+00
1.000000000000013545e+00
1.000000000000013545e+00
1.000000000000013545e+00
1.000000000000013545e+00
1.000000000000013545e+00
1.000000000000007994e+00
1.000000000000007994e+00
1.000000000000007772e+00
1.000000000000007550e+00
1.000000000000007550e+00
1.000000000000007550e+00
1.000000000000007550e+00
1.000000000000007550e+00
1.000000000000007550e+00
1.000000000000007550e+00
1.000000000000000666e+00
1.000000000000000666e+00
1.000000000000000666e+00
1.000000000000000666e+00
1.000000000000000666e+00
9.999999999999922284e-01
9.999999999999922284e-01
9.999999999999884537e-01
9.999999999999884537e-01
9.999999999999884537e-01
9.999999999999880096e-01
9.999999999999881206e-01
9.999999999999881206e-01
9.999999999999881206e-01
9.999999999998860911e-01
9.999999999998594458e-01
9.999999999998582245e-01
9.999999999998540057e-01
9.999999999998540057e-01
9.999999999998537836e-01
9.999999999998536726e-01
9.999999999990027977e-01
9.999999999989723776e-01
9.999999999989723776e-01
9.999999999989723776e-01
9.999999999989275246e-01
9.999999999989244159e-01
9.999999999989230837e-01
9.999999999989231947e-01
9.999999999989231947e-01
9.999999999989231947e-01
9.999999999940796247e-01
9.999999999936302064e-01
9.999999999935486050e-01
9.999999999935231809e-01
9.999999999935232919e-01
9.999999999935187400e-01
9.999999999935187400e-01
9.999999999935185180e-01
9.999999999935184070e-01
9.999999999669857420e-01
9.999999999641703274e-01
9.999999999639191950e-01
9.999999999635611481e-01
9.999999999635611481e-01
9.999999999635564851e-01
9.999999999635499348e-01
9.999999999635500458e-01
9.999999999635500458e-01
9.999999998217602437e-01
9.999999998139948998e-01
9.999999998139948998e-01
9.999999998139948998e-01
9.999999998102506726e-01
9.999999998097744980e-01
9.999999998096125164e-01
9.999999998096126275e-01
9.999999998096094078e-01
9.999999998096090748e-01
9.999999998096090748e-01
9.999999991337423788e-01
9.999999990958929885e-01
9.999999990735209954e-01
9.999999990705384922e-01
9.999999990705386033e-01
9.999999990699017793e-01
9.999999990699017793e-01
9.999999990698892338e-01
9.999999990698875685e-01
9.999999960298995294e-01
9.999999958221501561e-01
9.999999957644278847e-01
9.999999957644278847e-01
9.999999957246012983e-01
9.999999957246012983e-01
9.999999957246012983e-01
9.999999957240142123e-01
9.999999957236085368e-01
9.999999957236084258e-01
9.999999957236084258e-01
9.999999832822161761e-01
9.999999820493552516e-01
9.999999820493551406e-01
9.999999820493551406e-01
9.999999816614744130e-01
9.999999815681204218e-01
9.999999815587674590e-01
9.999999815587673480e-01
9.999999815587673480e-01
9.999999815583993090e-01
9.999999815583894280e-01
9.999999815583893170e-01
9.999999323571019394e-01
9.999999283903848735e-01
9.999999259925204109e-01
9.999999258428806659e-01
9.999999258428805549e-01
9.999999257384187823e-01
9.999999257384187823e-01
9.999999257384186713e-01
9.999999257380444151e-01
9.999999257378920925e-01
9.999997448022381885e-01
9.999997272935289283e-01
9.999997272935289283e-01
9.999997272935289283e-01
9.999997225663487255e-01
9.999997209515134600e-01
9.999997209515133489e-01
9.999997209515133489e-01
9.999997208755799782e-01
9.999997208657925851e-01
9.999997208657925851e-01
9.999997208657926961e-01
9.999990796419323535e-01
9.999990387321037177e-01
9.999990387321037177e-01
9.999990260188452718e-01
9.999990260188443836e-01
9.999990200514446981e-01
9.999990198713064604e-01
9.999990198713065714e-01
9.999990198713065714e-01
9.999990198713065714e-01
9.999990198349851811e-01
9.999990198347175063e-01
9.999969458997269856e-01
9.999969458997269856e-01
9.999968505788672246e-01
9.999967758647052563e-01
9.999967734607465575e-01
9.999967681521113594e-01
9.999967681521111373e-01
9.999967681521111373e-01
9.999967681521111373e-01
9.999967681437785805e-01
9.999967681319409385e-01
9.999904702617992136e-01
9.999900990039489734e-01
9.999900990039489734e-01
9.999900990039489734e-01
9.999899751888688959e-01
9.999899521259013602e-01
9.999899521259013602e-01
9.999899521259013602e-01
9.999899488526170499e-01
9.999899486580602348e-01
9.999899486580602348e-01
9.999899486580602348e-01
9.999899486580602348e-01
9.999727330752627985e-01
9.999709017009861256e-01
9.999709017009853484e-01
9.999707349322972672e-01
9.999707349322356498e-01
9.999705927421383977e-01
9.999705893726398287e-01
9.999705893726398287e-01
9.999705893726399397e-01
9.999705893726399397e-01
9.999705879672271536e-01
9.999705879672271536e-01
9.999705879644104067e-01
9.999237058508896325e-01
9.999237058508897436e-01
9.999222743546641867e-01
9.999192780406254144e-01
9.999192350142307451e-01
9.999192350142307451e-01
9.999191191806527934e-01
9.999191191806343637e-01
9.999191191806343637e-01
9.999191190962042342e-01
9.999191186771035911e-01
9.997997071872456454e-01
9.997948040825217486e-01
9.997948040825217486e-01
9.997948040825217486e-01
9.997948040825217486e-01
9.997905304495826595e-01
9.997901348984612468e-01
9.997901348984609138e-01
9.997901348984610248e-01
9.997901330023677424e-01
9.997900673294672913e-01
9.997900673294644047e-01
9.997900673294644047e-01
9.997900673294644047e-01
9.995380263777087215e-01
9.995380263776851848e-01
9.994922556954395354e-01
9.994894307172716985e-01
9.994894307149765345e-01
9.994850883078608694e-01
9.994850570708122550e-01
9.994850570708122550e-01
9.994850570708122550e-01
9.994850570708122550e-01
9.994850570708122550e-01
9.994850312711777152e-01
9.994850312711777152e-01
9.994850312551232241e-01
9.988958543231493126e-01
9.988958543231492015e-01
9.988681403362166256e-01
9.988126102562255859e-01
9.988122409141858560e-01
9.988122409141858560e-01
9.988091267508555360e-01
9.988091267502879900e-01
9.988091267502878789e-01
9.988091263030650646e-01
9.988091194656303351e-01
9.975478039235825545e-01
9.974697443259064045e-01
9.974697443259064045e-01
9.974697443259064045e-01
9.974697443259064045e-01
9.974076573419735636e-01
9.974047381619733921e-01
9.974047381619716157e-01
9.974047381619716157e-01
9.974047381619717267e-01
9.974047293956124216e-01
9.974032472346187062e-01
9.974032472345477629e-01
9.974032472345477629e-01
9.974032472345477629e-01
9.950163453873575037e-01
9.950163453872572505e-01
9.947221680619954265e-01
9.947044322712438325e-01
9.947044322410908412e-01
9.946548989507845162e-01
9.946547799070676321e-01
9.946547799070676321e-01
9.946547799070676321e-01
9.946547799070677431e-01
9.946547799070677431e-01
9.946543177992012152e-01
9.946543177992012152e-01
9.946543177175640738e-01
9.900529442144115899e-01
9.900529442144113679e-01
9.899349833830580758e-01
9.896256543189712040e-01
9.896244902710396030e-01
9.896244902710396030e-01
9.895965422400210265e-01
9.895965422344602525e-01
9.895965422344600304e-01
9.895965422344600304e-01
9.895965403684221506e-01
9.895964443273453925e-01
9.814044524206232412e-01
9.811087676141828640e-01
9.811087676141828640e-01
9.811087676141828640e-01
9.811087676141828640e-01
9.811087676141828640e-01
9.808141326282618921e-01
9.808061860526795517e-01
9.808061860526757769e-01
9.808061860526757769e-01
9.808061860526756659e-01
9.808061544855682934e-01
9.807951725852873670e-01
9.807951725847244839e-01
9.807951725847244839e-01
9.807951725847244839e-01
9.689927511517260061e-01
9.689927511513937164e-01
9.665917024000140190e-01
9.665481050967312804e-01
9.665481047308142060e-01
9.663368262241796014e-01
9.663364313731618305e-01
9.663364313731618305e-01
9.663364313731618305e-01
9.663364313731619415e-01
9.663364313731619415e-01
9.663334054189921529e-01
9.663334054189921529e-01
9.663334054189921529e-01
9.663334052631675775e-01
9.467028807595841977e-01
9.467028807595828654e-01
9.463293032839968921e-01
9.441143384388156479e-01
9.441106354377297727e-01
9.441106354377297727e-01
9.440003772490612732e-01
9.440003772490609402e-01
9.440003771886578132e-01
9.440003771886578132e-01
9.440003737570153985e-01
9.439997934719883688e-01
9.141710970186873730e-01
9.133455736703803840e-01
9.133455736703803840e-01
9.133455736703803840e-01
9.133455736703803840e-01
9.133455736703803840e-01
9.115195732899082914e-01
9.114950069853725578e-01
9.114950069853677839e-01
9.114950069853677839e-01
9.114950069853676728e-01
9.114949506866500961e-01
9.114545333337914501e-01
9.114545333281929285e-01
9.114545333281929285e-01
9.114545333281929285e-01
8.789461174576193025e-01
8.789461174569257462e-01
8.678601655179357666e-01
8.677188487820283180e-01
8.677188463813810815e-01
8.665551277442411493e-01
8.665544486346591357e-01
8.665544486346591357e-01
8.665544486346591357e-01
8.665544486346592468e-01
8.665544486346592468e-01
8.665441151715693735e-01
8.665441151715693735e-01
8.665441151715693735e-01
8.665441151715693735e-01
8.665441149985804170e-01
8.182443702069636116e-01
8.182443702069446267e-01
8.167647766825141264e-01
8.086647839396191584e-01
8.086586098171363313e-01
8.086586098171363313e-01
8.081131384060854517e-01
8.081131384060852296e-01
8.081131380780475215e-01
8.081131380780475215e-01
8.081131344441304654e-01
8.081113187058025504e-01
7.447788353820798957e-01
7.420281442973603037e-01
7.420281442973603037e-01
7.420281442973603037e-01
7.420281442973603037e-01
7.420281442973603037e-01
7.366741550935883565e-01
7.366371493729528819e-01
7.366371493729463316e-01
7.366371493729463316e-01
7.366371493729458875e-01
7.366371493729458875e-01
7.366370944914203411e-01
7.364614029978522325e-01
7.364614029713867360e-01
7.364614029713867360e-01
7.364614029713867360e-01
6.724294005534720009e-01
6.724294005528158591e-01
6.563477188135752316e-01
6.561529590933119493e-01
6.561529590933119493e-01
6.561529523583409240e-01
6.534271111241928276e-01
6.534265397482349469e-01
6.534265397482349469e-01
6.534265397482349469e-01
6.534265397482349469e-01
6.534265397482349469e-01
6.533891015605297614e-01
6.533891015605297614e-01
6.533891015605297614e-01
6.533891015605297614e-01
6.533891013762861411e-01
5.743477479200123081e-01
5.743477479199573521e-01
5.730375178531853519e-01
5.634635019496950781e-01
5.634591208739770929e-01
5.634591208739770929e-01
5.624496332877667593e-01
5.624496332877666482e-01
5.624496326040366867e-01
5.624496326040366867e-01
5.624496293843821437e-01
5.624443681859889743e-01
4.760149687689174680e-01
4.738818599058512993e-01
4.738818599058512993e-01
4.738818599058512993e-01
4.738818599058512993e-01
4.685693350213522290e-01
4.685693350213522290e-01
4.685472323560602170e-01
4.685472323560568864e-01
4.685472323560568864e-01
4.685472323560555541e-01
4.685472323560555541e-01
4.685471913228789198e-01
4.682845652792214652e-01
4.682845652352157773e-01
4.682845652352157773e-01
4.682845652352157773e-01
4.042473076863829506e-01
4.042473076859253167e-01
3.784288771350265979e-01
3.783282375040289414e-01
3.783282375040289414e-01
3.783282221155579994e-01
3.759428292026439911e-01
3.759424481874406587e-01
3.759424481874406587e-01
3.759424481874406587e-01
3.759424481874406587e-01
3.759424481874406587e-01
3.758944654172238775e-01
3.758944654172238220e-01
3.758944654172238220e-01
3.758944654172238220e-01
3.758944653446969486e-01
3.059432443093294540e-01
3.059432443092077736e-01
3.049937552044326705e-01
2.911179222114472220e-01
2.911179222114472220e-01
2.911151554731762903e-01
2.911151554731762903e-01
2.903028930864320900e-01
2.903028930864320900e-01
2.903028916677306004e-01
2.903028916677306004e-01
2.903028904657651843e-01
2.902967429143414879e-01
2.236804703743315581e-01
2.223028186749188839e-01
2.223028186749188839e-01
2.223028186749188839e-01
2.223028186749188839e-01
2.223028186749188839e-01
2.155875669261636540e-01
2.155737873507492519e-01
2.155737873507483360e-01
2.155737873507483360e-01
2.155737873507463931e-01
2.155737873507463931e-01
2.155737873507463931e-01
2.155737723996101751e-01
2.153752936775618909e-01
2.153752935932602697e-01
2.153752935932602697e-01
2.153752935932602697e-01
2.153752935932602697e-01
1.798959485136336078e-01
1.798959485134403180e-01
1.559103494933462286e-01
1.558404025840731122e-01
1.558403818653770201e-01
1.558403818653770201e-01
1.531784615666156590e-01
1.531783260244061196e-01
1.531783260244061196e-01
1.531783260244061196e-01
1.531783260244061196e-01
1.531783260244061196e-01
1.531443762969956768e-01
1.531443762969956768e-01
1.531443762969956768e-01
1.531443762969956768e-01
1.531443762797448649e-01
1.167265266377555677e-01
1.167265266374033772e-01
1.159283934686545919e-01
1.050028792282948070e-01
1.050028792282948070e-01
1.050018866715687477e-01
1.050018866715687477e-01
1.041889499324622353e-01
1.041889499324622353e-01
1.041889484038033137e-01
1.041889484038033137e-01
1.041889481277737256e-01
1.041849126424751887e-01
7.330904793412022780e-02
7.230104663208082594e-02
7.230104663208082594e-02
7.230104663208082594e-02
7.230104663208082594e-02
7.230104663208082594e-02
6.794862419206569581e-02
6.794402543023141117e-02
6.794402543023114749e-02
6.794402543023114749e-02
6.794402543022785845e-02
6.794402543022785845e-02
6.794402543022785845e-02
6.794402214574460364e-02
6.776585360994671903e-02
6.776585352866583423e-02
6.776585352866583423e-02
6.776585352866583423e-02
6.776585352866583423e-02
5.213490728823082232e-02
5.213490728818644115e-02
4.352070063963967006e-02
4.349772948005226764e-02
4.349771571794747854e-02
4.349771571794747854e-02
4.209620994216151102e-02
4.209618313699161479e-02
4.209618313699161479e-02
4.209618313699161479e-02
4.209618313699161479e-02
4.209618313699161479e-02
4.206974975362998137e-02
4.206974975362991198e-02
4.206974975362991198e-02
4.206974974957941593e-02
4.206974974957941593e-02
2.850845407485504482e-02
2.850845407462267861e-02
2.834115630696526500e-02
2.834115630696526500e-02
2.524255768022037882e-02
2.524238499776907188e-02
2.524238499776907188e-02
2.490066274532781038e-02
2.490066200399279617e-02
2.490066200399279964e-02
2.490066200399279964e-02
2.490066200399279964e-02
2.490066194835862876e-02
2.490066194835862876e-02
2.489806640804650625e-02
1.529988974939361195e-02
1.512064918980206805e-02
1.512064918980206805e-02
1.512064918980206805e-02
1.512064918980206805e-02
1.512064918980206805e-02
1.411566959508807166e-02
1.411500725938616245e-02
1.411500725938612949e-02
1.411500725938612949e-02
1.411500725938407905e-02
1.411500725938407905e-02
1.411500725938407905e-02
1.411500670116545494e-02
1.405512777127112915e-02
1.405512773989907142e-02
1.405512773989907142e-02
1.405512773989907142e-02
1.405512773989907142e-02
1.069732210469576117e-02
1.069732210468934616e-02
7.855355937104638309e-03
7.852654580079656763e-03
7.852648024773827354e-03
7.852648024773827354e-03
7.574668578700365085e-03
7.574664638445755514e-03
7.574664638445755514e-03
7.574664638445755514e-03
7.574664638445755514e-03
7.574664638445755514e-03
7.567264162324818279e-03
7.567264162324783584e-03
7.567264162324783584e-03
7.567264161962757203e-03
7.567264161962757203e-03
4.938242068916993445e-03
4.938242068802363785e-03
4.910319589614701476e-03
4.910319589614701476e-03
3.949269189402622102e-03
3.949245813481142356e-03
3.949245813481142356e-03
3.887868334258779562e-03
3.887868012008663648e-03
3.887868012008663648e-03
3.887868012008663648e-03
3.887868012008663648e-03
3.887868007414431969e-03
3.887868007414431969e-03
3.887221493214339761e-03
2.225582402293646567e-03
2.197987476888416114e-03
2.197987476888416114e-03
2.197987476888416114e-03
2.197987476888416114e-03
2.197987476888416114e-03
1.916960414719198107e-03
1.916870657600992312e-03
1.916870657600990360e-03
1.916870657600990360e-03
1.916870657600376485e-03
1.916870657600376485e-03
1.916870657600376485e-03
1.916870612631462259e-03
1.906765858490223507e-03
1.906765845936764583e-03
1.906765845936764583e-03
1.906765845936764583e-03
1.906765845936764583e-03
1.516778760682106373e-03
1.516778760681568175e-03
9.625652602271628135e-04
9.621320398437467744e-04
9.621300101238752138e-04
9.621300101238752138e-04
8.931657519473460956e-04
8.931657519473460956e-04
8.931654367560068128e-04
8.931654367560068128e-04
8.931654367560068128e-04
8.931654367560068128e-04
8.931654367560068128e-04
8.919847898289271588e-04
8.919847898289180515e-04
8.919847898289180515e-04
8.919847898090657676e-04
8.919847898090657676e-04
5.876607123103239462e-04
5.876607122421098487e-04
5.826777101522939359e-04
5.826777101522939359e-04
4.113556031554325217e-04
4.113556031554325217e-04
4.113536324984557813e-04
4.113536324984557813e-04
3.977713113564638287e-04
3.977712352537082752e-04
3.977712352537082752e-04
3.977712352537082752e-04
3.977712352537082752e-04
3.977712350074490448e-04
3.977712350074490448e-04
3.976746404857911272e-04
2.188361916723629078e-04
2.142863426315518482e-04
2.142863426315518482e-04
2.142863426315518482e-04
2.142863426315518211e-04
2.142863426315518211e-04
1.711085775810830881e-04
1.711014567510355943e-04
1.711014567510354587e-04
1.711014567510354587e-04
1.711014567508021384e-04
1.711014567508021384e-04
1.711014567508021384e-04
1.690857582106245730e-04
1.690857559302683306e-04
1.690857532489831508e-04
1.690857532489831508e-04
1.690857532489831508e-04
1.690857532489831508e-04
1.289265956221677357e-04
7.745246170613041662e-05
7.745246170612649994e-05
7.741663629836143174e-05
7.741629042480137389e-05
7.741629042480137389e-05
6.857720734064177103e-05
6.857720734064177103e-05
6.857719181258128483e-05
6.857719181258128483e-05
6.857719181258128483e-05
6.857719181258128483e-05
6.857719181258128483e-05
6.857719181257828972e-05
6.836739028499540715e-05
6.836739028499540715e-05
6.836739028391495903e-05
6.836739028391495903e-05
4.077778937735655025e-05
4.077778936578165529e-05
4.077778936578165529e-05
4.050403638428777807e-05
2.762977716975297313e-05
2.762977716975297313e-05
2.762968672217065748e-05
2.621695899456002007e-05
2.621694969431935825e-05
2.621694969431935825e-05
2.621694969431935825e-05
2.621694969431935825e-05
2.621694969431935825e-05
2.621694968235355419e-05
2.621694968235355419e-05
2.620227890642402234e-05
1.249869439075105867e-05
1.229039170975644064e-05
1.229039170975644064e-05
1.229039170975644064e-05
1.229039170975643725e-05
1.229039170975643725e-05
9.703071346926676422e-06
9.702801814312163510e-06
9.702801814312158427e-06
9.702801814312158427e-06
9.702801814312158427e-06
9.702801814276520363e-06
9.702801814276520363e-06
9.535351308464057359e-06
9.535351308464057359e-06
9.535351214125398634e-06
9.535350952064817676e-06
9.535350952064817676e-06
9.535350952064817676e-06
9.535350952064817676e-06
7.536666072995678700e-06
3.763672308629329796e-06
3.763672308629235775e-06
3.762620517033361638e-06
3.762582192056748637e-06
3.762582192056748637e-06
3.323396391709992709e-06
3.323396391709992709e-06
3.323395842562405497e-06
3.323395842562405497e-06
3.323395842562405497e-06
3.323395842562405497e-06
3.323395842562405497e-06
3.323395842562405497e-06
3.323395842562045508e-06
3.309189972550674389e-06
3.309189972526705897e-06
3.309189972526705897e-06
3.309189967837631028e-06
2.067973087045673111e-06
2.067973087045673111e-06
2.057395717276191624e-06
1.165748580990031753e-06
1.165748580990031753e-06
1.165748580990031753e-06
1.165745749361785723e-06
1.165744638408611497e-06
1.103682370776886458e-06
1.103682370776886458e-06
1.103682370776886458e-06
1.103682370776886458e-06
1.103682370776886458e-06
1.103682370537862230e-06
1.102820040120025956e-06
1.102820040120025956e-06
5.390180001872225672e-07
5.312431976322949422e-07
5.312431976322949422e-07
5.312431976322949422e-07
5.312431976322946246e-07
5.312431976322946246e-07
3.617928524974394559e-07
3.617928524974394559e-07
3.617843706168479034e-07
3.617843706168479034e-07
3.617843706168479034e-07
3.617843706142521710e-07
3.617843706142521710e-07
3.548596960268351667e-07
3.548596941937832887e-07
3.548596941937832887e-07
3.548596700961891772e-07
3.548596700961891772e-07
3.548596700961891772e-07
3.548596700961891772e-07
3.022094448581170606e-07
1.373495849420940475e-07
1.373495849420921152e-07
1.373465740148664693e-07
1.373049712103774920e-07
1.373049712103774920e-07
1.105818599409701537e-07
1.105818599409701537e-07
1.105818490364627818e-07
1.105818490364627818e-07
1.105818490364627818e-07
1.105818490364627818e-07
1.105818490364627818e-07
1.105818490364627818e-07
1.105818490364381120e-07
1.105818490364381120e-07
1.100108419277805688e-07
1.100108419274451702e-07
1.100108419274451702e-07
1.100108415128582900e-07
7.542328085313074709e-08
7.542328085313074709e-08
7.500798327956249327e-08
3.633961917385539919e-08
3.633961917385539919e-08
3.633961917385539919e-08
3.633955571113384325e-08
3.633948255655408235e-08
3.286785461695539951e-08
3.286785461695539951e-08
3.286785461695539951e-08
3.286785461695539951e-08
3.286785461695539951e-08
3.286785461356398547e-08
3.283419478268392410e-08
3.283419478268392410e-08
1.706949254165438573e-08
1.706949254165438573e-08
1.675640851626939607e-08
1.675640851626939607e-08
1.675640851626936629e-08
9.846039305618399558e-09
9.846039305618399558e-09
9.846039305618399558e-09
9.845857232145727624e-09
9.845857232145727624e-09
9.845857232145727624e-09
9.845857232145727624e-09
9.845857231887094716e-09
9.486818713655038948e-09
9.486818687452236852e-09
9.486818687452236852e-09
9.486817340004043116e-09
9.486817340004043116e-09
9.486817340004043116e-09
9.486817340004043116e-09
8.055449688970070384e-09
3.656369070233720764e-09
3.656369070233680232e-09
3.656369070233680232e-09
3.656217541729435948e-09
3.655234122387475842e-09
3.655234122387475842e-09
2.675294108332653362e-09
2.675294108332653362e-09
2.675293951203181133e-09
2.675293951203181133e-09
2.675293951203181133e-09
2.675293951203181133e-09
2.675293951201011025e-09
2.675293951201011025e-09
2.675293951201011025e-09
2.647610838890825389e-09
2.647610838890825389e-09
2.647610838885805644e-09
2.647610838885805644e-09
2.647610817076277654e-09
2.647610817076277654e-09
1.747091071213563317e-09
1.740003043596322485e-09
1.740003043596322485e-09
8.199639308939827481e-10
8.199639308939827481e-10
8.199629983010070604e-10
8.199600089232077865e-10
7.093315511429060927e-10
7.093315511429060927e-10
7.093315511429060927e-10
7.093315511429060927e-10
7.093315511429060927e-10
7.093315510941820527e-10
7.078359883192602247e-10
7.078359883192602247e-10
7.078359883192602247e-10
3.349656962889438343e-10
3.302210886119512990e-10
3.302210886119512990e-10
3.302210886119490760e-10
3.302210886119490760e-10
1.908679742663384725e-10
1.908679742663384725e-10
1.908656650859946602e-10
1.908656650859946602e-10
1.908656650859946602e-10
1.908656650732162190e-10
1.908656650732162190e-10
1.812098553376501765e-10
1.812098549963923170e-10
1.812098549963923170e-10
1.812098114419094948e-10
1.812098114419094948e-10
1.812098114419094948e-10
1.592237130377721283e-10
1.592237130377721283e-10
1.592237130377721283e-10
6.200399981589764340e-11
6.200399981589733320e-11
6.199861410236916528e-11
6.198878955000912948e-11
6.198878955000912948e-11
4.529424142360324201e-11
4.529424142360324201e-11
4.529423961175617283e-11
4.529423961175617283e-11
4.529423961175617283e-11
4.529423961175617283e-11
4.529423961166995864e-11
4.466839294383245467e-11
4.466839294383245467e-11
4.466839294383245467e-11
4.466839294383245467e-11
4.466839294379463701e-11
4.466839294379463701e-11
4.466839234786052664e-11
4.466839234786052664e-11
3.187042444968364862e-11
3.187042444968364862e-11
3.178627412066572342e-11
1.248992987042619629e-11
1.248992044292175372e-11
1.248992044292175372e-11
1.248982554175921129e-11
1.081362114095187435e-11
1.081362114095187435e-11
1.081362114095187435e-11
1.081362114095187435e-11
1.081362114095187435e-11
1.081362114061771600e-11
1.078378416123737372e-11
1.078378416123737372e-11
1.078378416123737372e-11
5.729023739695897040e-12
5.729023739695897040e-12
5.671499722240378114e-12
5.671499722240269870e-12
5.671499722240269870e-12
2.754697015436279389e-12
2.754697015436279389e-12
2.754673338304196384e-12
2.754673338304196384e-12
2.754673337978624880e-12
2.754673337978624880e-12
2.754673337978624880e-12
2.612502857272079651e-12
2.612502854951784314e-12
2.612501504718936635e-12
2.612501504718936635e-12
2.612501504718936635e-12
2.612501504718936635e-12
2.612501504718936635e-12
2.414421825971612859e-12
2.414421825971612859e-12
1.011785524286590361e-12
1.011785524286587938e-12
1.011633675659003347e-12
1.011633675659003347e-12
1.011497949569549537e-12
1.011497949569549537e-12
6.500398289122744255e-13
6.500398289122744255e-13
6.500398155195175279e-13
6.500398155195175279e-13
6.500398155195173260e-13
6.500398155195173260e-13
6.500398155172353091e-13
6.402620306716015312e-13
6.402620306716015312e-13
6.402620306716015312e-13
6.402620306716015312e-13
6.402620306716015312e-13
6.402620306713904951e-13
6.402620111893825952e-13
6.402620111893825952e-13
6.402620111893825952e-13
5.080807064707787623e-13
1.974269469219941757e-13
1.972687011276217172e-13
1.972660386486522217e-13
1.972659487152275671e-13
1.972659487152275671e-13
1.589438610984428057e-13
1.589438610984428057e-13
1.589438610984428057e-13
1.589438610984428057e-13
1.589438610984428057e-13
1.589438610963238874e-13
1.584248981945067799e-13
1.584248981945067799e-13
1.584248981945067799e-13
1.584248981945067799e-13
9.698047242458842588e-14
9.698047242458842588e-14
9.698047242458394515e-14
9.605650968731413552e-14
9.605650968731413552e-14
4.336158589880474888e-14
4.336158589880474888e-14
4.336158589880474888e-14
4.336134692123604544e-14
4.336134690621841204e-14
4.336134690621841204e-14
4.336134690621841204e-14
3.986430678652682460e-14
3.986430678652682460e-14
3.986430676973635568e-14
3.986426999334407251e-14
3.986426999334407251e-14
3.986426999334407251e-14
3.986426999334407251e-14
3.721929730260004299e-14
1.767141807180340926e-14
1.767141807180340926e-14
1.766732202061908042e-14
1.766732202061905518e-14
1.766732202061905518e-14
1.766563340377206390e-14
1.766563340377206390e-14
1.049787014983189641e-14
1.049787014983189641e-14
1.049787014983189641e-14
1.049787014983189167e-14
1.049787003722027774e-14
1.049787003722027774e-14
1.049787003710847564e-14
1.023299489903386288e-14
1.023299489903386288e-14
1.023299489903386288e-14
1.023299489903386288e-14
1.023299489903386288e-14
1.023299430344177949e-14
1.023299430343998720e-14
1.023299430343998720e-14
1.023299430343998720e-14
8.218841516225488885e-15
3.479900350184311770e-15
3.477821255157306309e-15
3.477746523457544999e-15
3.477746523457544999e-15
3.477745610422114896e-15
2.666333184641807351e-15
2.666333184641807351e-15
2.666333184641807351e-15
2.666333184641807351e-15
2.666333184641807351e-15
2.666333184621477616e-15
2.650792459347435503e-15
2.650792459347435503e-15
2.650792459347435503e-15
2.650792459347435503e-15
2.650792459347435503e-15
2.650792459346792187e-15
1.616307755006089453e-15
1.616307755006089453e-15
1.605553588193389382e-15
7.629280147866045626e-16
7.629280147866045626e-16
7.629280142044816181e-16
7.629280142044816181e-16
7.629255579947804281e-16
7.629255579947804281e-16
7.629255579947804281e-16
6.865068750615240089e-16
6.865068750615240089e-16
6.865058806191466905e-16
6.865058804470449498e-16
6.865058804470449498e-16
6.865058804470449498e-16
6.865058804470449498e-16
6.529458508242137536e-16
2.984763902257261185e-16
2.983492748488243614e-16
2.983492748488243614e-16
2.983492748488243614e-16
2.983492748488241642e-16
2.983333491354628265e-16
2.983333491354628265e-16
1.829022292512910467e-16
1.829022292512910467e-16
1.829022292512910467e-16
1.829022292512908249e-16
1.829022280627106724e-16
1.829022280627106724e-16
1.829022280584681291e-16
1.771229380080218578e-16
1.771229380080218578e-16
1.771229380080218578e-16
1.771229380080218578e-16
1.771229380080218578e-16
1.771229380080218578e-16
1.771229216927253291e-16
1.771229216927118938e-16
1.771229216927118938e-16
1.501751471670727110e-16
1.501751471670727110e-16
5.931702968352267460e-17
5.929692175754006243e-17
5.929692175754006243e-17
5.929455040762816189e-17
4.615819346228803678e-17
4.615818786667605858e-17
4.615818786667605858e-17
4.615818786667605858e-17
4.615818786667605858e-17
4.615818786667605858e-17
4.615818786652320445e-17
4.582106224213417459e-17
4.582106224213417459e-17
4.582106224213417459e-17
4.582106224213417459e-17
4.582106224213417459e-17
4.582106224211012666e-17
3.117664988785187410e-17
3.104344802714254715e-17
3.104344802714254715e-17
3.104344802714254715e-17
1.339626333429061506e-17
1.339626331777410487e-17
1.339623690864210645e-17
1.339623690864210645e-17
1.339623690864210645e-17
1.339623690864210645e-17
1.209842700508574870e-17
1.209842700508574870e-17
1.209839325314843565e-17
1.209839325180519812e-17
1.209839325180519812e-17
1.209839325180519812e-17
1.174491609361663319e-17
1.174491609361663319e-17
6.154114212221693756e-18
6.150187802304500218e-18
6.150187802304500218e-18
6.150187802304500218e-18
6.150187802304497137e-18
6.149951947163860673e-18
6.149951947163860673e-18
3.410913073312627121e-18
3.410913073312627121e-18
3.410913073312627121e-18
3.410913073312618261e-18
3.410913073312618261e-18
3.410913062918514174e-18
3.410913062782811224e-18
3.300664341486747004e-18
3.300664341486747004e-18
3.300664341486747004e-18
3.300664341486747004e-18
3.300664341486747004e-18
3.300664341486747004e-18
3.300663722229778151e-18
3.300663722229778151e-18
3.300663722229683010e-18
2.970368975555710533e-18
2.970368975555710533e-18
1.297581458742725758e-18
1.297245902361912885e-18
1.297245902361912885e-18
1.297163409476595872e-18
9.370357173221792338e-19
9.370356593256112015e-19
9.370356593256112015e-19
9.370356593256112015e-19
9.370356593256112015e-19
9.370356593256112015e-19
9.370356593256112015e-19
9.370356593243231396e-19
9.294143791465562063e-19
9.294143791465562063e-19
9.294143791465562063e-19
9.294143791465562063e-19
9.294143791456458193e-19
7.057386800257520937e-19
7.033571397127053803e-19
7.033571397127053803e-19
7.033571397127053803e-19
3.098238765245131100e-19
3.098238755583613496e-19
3.098235203023827806e-19
3.098235203023827806e-19
3.098235203023827806e-19
3.098235203023827806e-19
3.098235203023827806e-19
2.686771539513227279e-19
2.686759440095861680e-19
2.686759440095861680e-19
2.686759439960408138e-19
2.686759439960408138e-19
2.686759439960408138e-19
2.686759439960408138e-19
2.686759439960408138e-19
2.625582412166844657e-19
1.566902763521701865e-19
1.566902763521701865e-19
1.565505471890625465e-19
1.565505471890625465e-19
1.565505471890625224e-19
1.565467041885053459e-19
8.371870451249795410e-20
8.371870451249795410e-20
8.371870451249795410e-20
8.371870451249747262e-20
8.371870451249747262e-20
8.371870451249747262e-20
8.371870438446063880e-20
8.371870437552097756e-20
7.968607335756942749e-20
7.968607335756942749e-20
7.968607335756942749e-20
7.968607335756942749e-20
7.968607335756942749e-20
7.968604712201033410e-20
7.968604712201033410e-20
7.968604712201033410e-20
7.968604712200923873e-20
7.286630338412749566e-20
3.550752927813624679e-20
3.550752927813624679e-20
3.550120995709974405e-20
3.550120995709974405e-20
3.549781765525867326e-20
2.452199193724413794e-20
2.452199112507644705e-20
2.452199112507644705e-20
2.452199112507644705e-20
2.452199112507644705e-20
2.452199112507644705e-20
2.452199112507644705e-20
2.452199112507644705e-20
2.452199112505908359e-20
2.420140799309913926e-20
2.420140799309913926e-20
2.420140799309913926e-20
2.420140799303164746e-20
1.879389632629446723e-20
1.879389632629446723e-20
1.875137756678408365e-20
8.817483083622210025e-21
8.817483083622210025e-21
8.817483026740884744e-21
8.817477143145798875e-21
8.817477143145798875e-21
8.817477143145798875e-21
8.817477143145798875e-21
8.817477143145798875e-21
7.437879686733319345e-21
7.437828771211012703e-21
7.437828771006739245e-21
7.437828771006739245e-21
7.437828771006739245e-21
7.437828771006739245e-21
7.437828771006739245e-21
7.437828771006739245e-21
7.319106719953420000e-21
7.300319024267396445e-21
4.411176476407890104e-21
4.411176476407890104e-21
4.411176476407890104e-21
4.411176476407890104e-21
4.411114086430508512e-21
2.429678459659605883e-21
2.429678459659605883e-21
2.429678459659605883e-21
2.429678459659561873e-21
2.429678459659561873e-21
2.429678459659561873e-21
2.429678459112248318e-21
2.429678456990101847e-21
2.286748640193924516e-21
2.286748640193924516e-21
2.286748640193924516e-21
2.286748640193924516e-21
2.286747453847148417e-21
2.286747453847148417e-21
2.286747453847148417e-21
2.286747453847148417e-21
2.286747453847134875e-21
2.142068865244411021e-21
1.030664365221113877e-21
1.030664365221113877e-21
1.030555488292297921e-21
1.030555488292297921e-21
1.030379046609877398e-21
7.194165458523693928e-22
7.194165320966697062e-22
7.194165320966697062e-22
7.194165320966697062e-22
7.194165320966697062e-22
7.194165320966697062e-22
7.194165320966697062e-22
7.194165320966694241e-22
7.194165320966694241e-22
7.194165320966694241e-22
7.077120214068316970e-22
7.077120214066154061e-22
7.077120214024203959e-22
7.077120214024203959e-22
5.841195538484954686e-22
5.841195538484954686e-22
5.832790320416448041e-22
2.625274342815412188e-22
2.625274315128193466e-22
2.625274315128193466e-22
2.625273288789841467e-22
2.625273288789841467e-22
2.625273288789841467e-22
2.625273288789841467e-22
2.217794153558663513e-22
2.217794153558663513e-22
2.217766210433967988e-22
2.217766210433967988e-22
2.217766210406777393e-22
2.217766210406777393e-22
2.217766210406777393e-22
2.217766210406777393e-22
2.217766210406777393e-22
2.210430566982494856e-22
1.474894212612917092e-22
1.465257205576072786e-22
1.465257205576072786e-22
1.465257205576072786e-22
1.465257205576072786e-22
1.465243659193243402e-22
7.535603359642433604e-23
7.535603359642433604e-23
7.535603359642127975e-23
7.535603359642127975e-23
7.535603359642127975e-23
7.535603356751285265e-23
7.535603356751285265e-23
7.535603353695095167e-23
7.535603353695095167e-23
7.079042300943807534e-23
7.079042300943807534e-23
7.079042300943807534e-23
7.079035283051690441e-23
7.079035283051690441e-23
7.079035283051690441e-23
7.079035283051690441e-23
6.788793704670673287e-23
6.788793704670659181e-23
6.788793704670659181e-23
3.651018589492800665e-23
3.650749726609592682e-23
3.650749726609592682e-23
3.649807496904478124e-23
2.379588828753513840e-23
2.379588806221891443e-23
2.379588806221891443e-23
2.379588806221891443e-23
2.379588806221891443e-23
2.379588806221891443e-23
2.379588806221891443e-23
2.379588806221889679e-23
2.379588806221889679e-23
2.337054654157357004e-23
2.337054654157357004e-23
2.337054654157062543e-23
2.337054654131943992e-23
2.337054654131943992e-23
2.337054654131943992e-23
2.044898746751696473e-23
2.042870732066926051e-23
2.042870628577785492e-23
9.839946825702750315e-24
9.839946825702750315e-24
9.839946825702750315e-24
9.839944666996565663e-24
9.839944666996565663e-24
9.839944666996565663e-24
7.934848343116858601e-24
7.934696120605835762e-24
7.934696120605835762e-24
7.934696120605835762e-24
7.934696120562462960e-24
7.934696120562462960e-24
7.934696120562462960e-24
7.934696120562462960e-24
7.934696120562462960e-24
7.903475273091445256e-24
5.791760007387544696e-24
5.762473038404788170e-24
5.762473038404788170e-24
5.762473038404788170e-24
2.979513578717411316e-24
2.979505192696839060e-24
2.979505192696839060e-24
2.979505192696839060e-24
2.979505192696576410e-24
2.979505192696576410e-24
2.979505192696576410e-24
2.979505189906863462e-24
2.979505189906863462e-24
2.979505189906863462e-24
2.979505189311469329e-24
2.979505189311469329e-24
2.979505189311469329e-24
2.736239629763029080e-24
2.736235167680155483e-24
2.736235167680155483e-24
2.736235167680155483e-24
2.736235167680155483e-24
2.736235167680155483e-24
2.650058567713527608e-24
2.650058567713525771e-24
1.571821637373423823e-24
1.571747029023275243e-24
1.571747029023275243e-24
1.571166050306585316e-24
9.957577776686951499e-25
9.957577727520623763e-25
9.957577727520623763e-25
9.957577727520623763e-25
9.957577727520623763e-25
9.957577727520623763e-25
9.957577727520623763e-25
9.957577727520610906e-25
9.957577727520610906e-25
9.700023019231152519e-25
9.700023018964041632e-25
9.700023018963466741e-25
9.700023018963466741e-25
9.700023018963466741e-25
9.700023018963466741e-25
8.686404925675205558e-25
8.686404129396487601e-25
8.680923491126988883e-25
4.486234953929950670e-25
4.486234953929950670e-25
4.486234953929950670e-25
4.486234394760010874e-25
4.486234394760010874e-25
4.486234394760010874e-25
3.517866007511795853e-25
3.517866007511795853e-25
3.517766465373205749e-25
3.517766465373205749e-25
3.517766465373205749e-25
3.517766465363544196e-25
3.517766465363544196e-25
3.517766465363544196e-25
3.517766465363544196e-25
3.496418194914191957e-25
2.654013577057100211e-25
2.644791762890215251e-25
2.644791762890215251e-25
2.644791762890215251e-25
1.409378833857050244e-25
1.409378833856688642e-25
1.409376495596208834e-25
1.409376495596208834e-25
1.409376495596208834e-25
1.409376495596208834e-25
1.409376492939785144e-25
1.409376492939785144e-25
1.409376492939785144e-25
1.409376492939785144e-25
1.409376492939785144e-25
1.409376492788806211e-25
1.409376492788806211e-25
1.274582363314671436e-25
1.274579142130829241e-25
1.274579142130829241e-25
1.274579142130829241e-25
1.274579142130829241e-25
1.246314614170683362e-25
1.246314614170683362e-25
1.246314614170683362e-25
1.246314614170682903e-25
7.623421779564918339e-26
7.623203073576215156e-26
7.618439476395838479e-26
7.618439476395838479e-26
4.843449517093588847e-26
4.843449517093588847e-26
4.843449503910523018e-26
4.843449503910523018e-26
4.843449503910504077e-26
4.843449503910504077e-26
4.843449503910504077e-26
4.843449503910504077e-26
4.843449503910504077e-26
4.691091457014832259e-26
4.691091457014832259e-26
4.691091456748963332e-26
4.691091456748963332e-26
4.691091456748842798e-26
4.691091456748842798e-26
4.325622251625969218e-26
4.325621594675178203e-26
4.323927554032890376e-26
2.256195059297622718e-26
2.256195059297622718e-26
2.256195059297622718e-26
2.256194899017518131e-26
2.256194899017518131e-26
1.758432601665706282e-26
1.758432601665706282e-26
1.758345892154614276e-26
1.758345892154614276e-26
1.758345892154614276e-26
1.758345892154614276e-26
1.758345892154614276e-26
1.758345892152450115e-26
1.758345892152450115e-26
1.744953621533615588e-26
1.744953621533615588e-26
1.410448900544040482e-26
1.407199475853953542e-26
1.407199475853953542e-26
1.407199475852418741e-26
1.407199475852418741e-26
1.407199475852418741e-26
7.337668201620841614e-27
7.337661018712009556e-27
7.337661018712009556e-27
7.337661018712009556e-27
7.337661018712009556e-27
7.337660994756285600e-27
7.337660994756285600e-27
7.337660994756285600e-27
7.337660994756285600e-27
6.595156468019395975e-27
6.595156467722995476e-27
6.595156467722995476e-27
6.595126399687291800e-27
6.595126399687291800e-27
6.595126399687291800e-27
6.595126399687291800e-27
6.595126399687291800e-27
6.500074583879527182e-27
4.345810649279545762e-27
4.345810649279544327e-27
4.345810649279544327e-27
4.345730101549179587e-27
4.341838202187897675e-27
4.341838202187897675e-27
4.341838202187897675e-27
2.643364493309671222e-27
2.643364493309671222e-27
2.643364489789300970e-27
2.643364489789276576e-27
2.643364489789276576e-27
2.643364489789276576e-27
2.643364489789276576e-27
2.643364489789276576e-27
2.643364489789276576e-27
2.550909751209460380e-27
2.550909750947906429e-27
2.550909750947906429e-27
2.550909750947879524e-27
2.550909750947879524e-27
2.412772298547541262e-27
2.412771585950027479e-27
2.412771585950027479e-27
2.412174181729861158e-27
1.366325411931923914e-27
1.366325411931923914e-27
1.366325359232972487e-27
1.366325359232972487e-27
1.021677763886489034e-27
1.021604155552473713e-27
1.021604155552473713e-27
1.021604155552473713e-27
1.021604155552473713e-27
1.021604155552473713e-27
1.021604155552473713e-27
1.021604155551921803e-27
1.021604155551921803e-27
1.012373558974748085e-27
1.012373558974748085e-27
8.641950306498252883e-28
8.628115671739232889e-28
8.628115671739231095e-28
8.628115671720037118e-28
8.628115671720037118e-28
4.682863958360926519e-28
4.682863958360926519e-28
4.682861335502695582e-28
4.682861335502695582e-28
4.682861335502695582e-28
4.682861335502695582e-28
4.682861335502695582e-28
4.682861301485957879e-28
4.682861301485957879e-28
4.682861301485957879e-28
4.102774685478018115e-28
4.102774685391368096e-28
4.102774685391368096e-28
4.102745423475038815e-28
4.102745423475038815e-28
4.102745423475038815e-28
4.102745423475038815e-28
4.060879550441383566e-28
4.060879550441383566e-28
2.930088562411983180e-28
2.930088562411983180e-28
2.926472044239251713e-28
2.926472044239251713e-28
2.926439297278817937e-28
2.926439297278817937e-28
1.775334870841307401e-28
1.775334870841307401e-28
1.775334870841307401e-28
1.775334869641762060e-28
1.775334869641762060e-28
1.775334869641762060e-28
1.775334869641725290e-28
1.775334869200045430e-28
1.775334869200045430e-28
1.694181817954216237e-28
1.694181817954216237e-28
1.694181817954216237e-28
1.694181817954216237e-28
1.694181817954208389e-28
1.694180934416155979e-28
1.694180934416155979e-28
1.624189789735344444e-28
1.624189789735344444e-28
1.623947062005913382e-28
9.889034501573196014e-29
9.889034501573196014e-29
9.889034501573196014e-29
9.889034293036046981e-29
9.887624301374137324e-29
7.241124202110502358e-29
7.241124202110502358e-29
7.241124202110502358e-29
7.241124202110502358e-29
7.241124202110502358e-29
7.241124202110502358e-29
7.241124202108667218e-29
7.150192032637927351e-29
7.150192032637927351e-29
7.150192032637926230e-29
6.287291843391593306e-29
6.287291843391593306e-29
6.287291843391593306e-29
6.280723125946321481e-29
6.280723125946321481e-29
6.280723125910864145e-29
6.280723125910864145e-29
3.560020495988049392e-29
3.560020495988049392e-29
3.560020495988049392e-29
3.560019350900225076e-29
3.560019301461362600e-29
3.560019301461362600e-29
3.560019301461362600e-29
3.560019301461362600e-29
3.066537349592388241e-29
3.066537349592388241e-29
3.066537349560357921e-29
3.066503923698064354e-29
3.066503923698064354e-29
3.066503923698064354e-29
3.066503923698064354e-29
3.066503923698064354e-29
3.045464690597747282e-29
2.293261525183086838e-29
2.293261525183086838e-29
2.293261525183086838e-29
2.288905058342593878e-29
2.288905058342593878e-29
2.288889925457171410e-29
2.288889925457171410e-29
1.402538019245926675e-29
1.402538019245926675e-29
1.402538019245926675e-29
1.402538019245926675e-29
1.402538018750556457e-29
1.402538018750556457e-29
1.402538018750476023e-29
1.402538018750476023e-29
1.402538018057258156e-29
1.327336433652191696e-29
1.327336433652191696e-29
1.327336433652191696e-29
1.327336433652191696e-29
1.327335324713775128e-29
1.327335324713775128e-29
1.327335324713772325e-29
1.288338913171520907e-29
1.288338913171520907e-29
1.288338913171520907e-29
8.167637728580809953e-30
8.167174003071869611e-30
8.167174003071869611e-30
8.165281654190386131e-30
8.165281560117932775e-30
5.933589245713535224e-30
5.933589245713535224e-30
5.933589245713535224e-30
5.933589245713535224e-30
5.933589245713535224e-30
5.933589245713535224e-30
5.933589245712875913e-30
5.842436013484332590e-30
5.842436013484332590e-30
5.842436013484329086e-30
5.842436013484329086e-30
5.308697524175276457e-30
5.308697524175276457e-30
5.308697524111572729e-30
5.305158564352220295e-30
5.305158564352220295e-30
5.305158564352220295e-30
5.305158564352220295e-30
3.063761578222385201e-30
3.063761578222385201e-30
3.063761503351323194e-30
3.063760942189329313e-30
3.063760942189329313e-30
3.063760942189329313e-30
3.063760942189329313e-30
2.612831445836419558e-30
2.612831445836419558e-30
2.612783693655454890e-30
2.612783693655454890e-30
2.612783693655454890e-30
2.612783693643014512e-30
2.612783693643014512e-30
2.612783693643014512e-30
2.601217382300452784e-30
2.601217382300452784e-30
2.079023877434392131e-30
2.073666918650871673e-30
2.073666918650871673e-30
2.073666918650871673e-30
2.073658700202813255e-30
2.073658700202813255e-30
2.073658700202813255e-30
1.257632409026826946e-30
1.257632409026826946e-30
1.257632409026826946e-30
1.257632409026826946e-30
1.257632409026664745e-30
1.257632408813569813e-30
1.257632408813569813e-30
1.257632407673875731e-30
1.182754877128745960e-30
1.182754877128745960e-30
1.182754877128745960e-30
1.182754877128745960e-30
1.182754877128745960e-30
1.182753144433658668e-30
1.182753144433658668e-30
1.182753144433657792e-30
1.159136162550112130e-30
1.159136162550112130e-30
1.159136162550112130e-30
7.908298526507805355e-31
7.908010861190791187e-31
7.905354949440211854e-31
7.905354949440211854e-31
5.595997799010466930e-31
5.595997775370870998e-31
5.595997775370870998e-31
5.595997775370870998e-31
5.595997775370870998e-31
5.595997775370870998e-31
5.595997775370870998e-31
5.595997775370613510e-31
5.495235906014456118e-31
5.495235906014445609e-31
5.495235906014445609e-31
5.495235906014445609e-31
5.495235905874870151e-31
5.495235905874870151e-31
5.128853056409899072e-31
5.126666860346579123e-31
5.126666860346579123e-31
3.137835228651941281e-31
3.137835228651941281e-31
3.137835074108049827e-31
3.137834759185728672e-31
3.137834759185728672e-31
3.137834759185728672e-31
3.137834759185728672e-31
3.137834759185728672e-31
2.614170560184281130e-31
2.614170560184281130e-31
2.614098995116083263e-31
2.614098995110612506e-31
2.614098995110612506e-31
2.614098995110612506e-31
2.614098995110612506e-31
2.606426673569556356e-31
2.190057690548036464e-31
2.182655975109401734e-31
2.182655975109401734e-31
2.182655975109401734e-31
2.182655975109401734e-31
2.182655975109401734e-31
2.182655975109401734e-31
2.182651103774512803e-31
1.353749335390479672e-31
1.353749335390479672e-31
1.353749335390479672e-31
1.353749335390095409e-31
1.353749335390095409e-31
1.353749335390095409e-31
1.353749335281620895e-31
1.353749332682988213e-31
1.256694423266111352e-31
1.256694423266111352e-31
1.256694423266111352e-31
1.256694423266111352e-31
1.256691494677102163e-31
1.256691494677102163e-31
1.256691494677102163e-31
1.256691494677102163e-31
1.256691494677101944e-31
1.238944660394931269e-31
1.238944660394931269e-31
9.003744846940613968e-32
9.003545348838400904e-32
9.003545348838400904e-32
9.003545348838400904e-32
8.999255748098114796e-32
6.332249020469955670e-32
6.332249007171951820e-32
6.332249007171951820e-32
6.332249007171951820e-32
6.332249007171951820e-32
6.332249007171951820e-32
6.332249007171951820e-32
6.186769840079931847e-32
6.186769840079827845e-32
6.186769840079827845e-32
6.186769840079802665e-32
6.186769840079802665e-32
6.186769840079802665e-32
6.186769839731665388e-32
5.874173596247455462e-32
5.872639054592543436e-32
5.872639054592543436e-32
3.792557904924723613e-32
3.792557566919994106e-32
3.792557566919994106e-32
3.792557364807512221e-32
3.792557364807512221e-32
3.792557364807512221e-32
3.792557364807512221e-32
3.792557364807512221e-32
3.116152024192481559e-32
3.116152024192481559e-32
3.116025306730686975e-32
3.116025306728118658e-32
3.116025306728118658e-32
3.116025306728118658e-32
3.116025306728118658e-32
3.099079131135195897e-32
3.093303767530258850e-32
2.691480089271147757e-32
2.691480089271147757e-32
2.691480089271147757e-32
2.691476835059989509e-32
2.691476835059989509e-32
2.691476835059989509e-32
1.713917665454559353e-32
1.713917665454559353e-32
1.713917665453347722e-32
1.713917665453347722e-32
1.713917665453347722e-32
1.713917659217218958e-32
1.713917659159767363e-32
1.575782822519425249e-32
1.575782822519425249e-32
1.575782822519425249e-32
1.575777084488040956e-32
1.575777084488040956e-32
1.575777084488040956e-32
1.575777084488040956e-32
1.575777084488040956e-32
1.575777084488040956e-32
1.560778810176520751e-32
1.560778810176520751e-32
1.188310462495473620e-32
1.188295195912984155e-32
1.188295195912984155e-32
1.188295195912984155e-32
1.187448587855172274e-32
8.363412951922272974e-33
8.363412944257323641e-33
8.363412944257323641e-33
8.363412944257323641e-33
8.363412944257323641e-33
8.363412944257323641e-33
8.363412944257323641e-33
8.363412944257230586e-33
8.363412944257230586e-33
8.136851436247859717e-33
8.136851436247859717e-33
8.136851436247826874e-33
8.136851436247826874e-33
8.136851435346250054e-33
8.136851435346250054e-33
7.843163885302018435e-33
7.841961897260472192e-33
7.841960096402578658e-33
5.282202250479809665e-33
5.282202250479809665e-33
5.282202250479809665e-33
5.282202120931872007e-33
5.282202120931872007e-33
5.282202120931872007e-33
5.282202120931872007e-33
4.300145808328797789e-33
4.299872343098418092e-33
4.299872343098418092e-33
4.299872343098418092e-33
4.299872343097530649e-33
4.299872343097530649e-33
4.299872343097530649e-33
4.299872343097530649e-33
4.270979621047393586e-33
3.846743755798055439e-33
3.842831257145468338e-33
3.842831257145468338e-33
2.497229182172323886e-33
2.497228256510777608e-33
2.497228256510777608e-33
2.497228256510777608e-33
2.497228256510777608e-33
2.497228256506925406e-33
2.497228256506925406e-33
2.497228240009227159e-33
2.497228239987095470e-33
2.497228239987095470e-33
2.277486336283899164e-33
2.277486336283899164e-33
2.277486336283899164e-33
2.277486336283899164e-33
2.277486336283899164e-33
2.277472752296608697e-33
2.277472752296608697e-33
2.277472752296608697e-33
2.263660795094633915e-33
2.263660795094633915e-33
2.263660795094633915e-33
1.820808783329527369e-33
1.820796939692482520e-33
1.819015346860538284e-33
1.819015346860538284e-33
1.276034287173887737e-33
1.276034287173887737e-33
1.276034286850114579e-33
1.276034286850114579e-33
1.276034286850114579e-33
1.276034286850114579e-33
1.276034286850114579e-33
1.276034286850082591e-33
1.276034286850082591e-33
1.236357670065698592e-33
1.236357669806310582e-33
1.236357669806310411e-33
1.236357669806310411e-33
1.236357669806310411e-33
1.206207514718317359e-33
1.206207514718317359e-33
1.206113571370654236e-33
1.206113088586683300e-33
8.622727858332374341e-34
8.622727858332374341e-34
8.622727795690631313e-34
8.622727795690631313e-34
6.916573363671836715e-34
6.916573363671836715e-34
6.915939095589065065e-34
6.915939095589065065e-34
6.915939095589065065e-34
6.915939095588955588e-34
6.915939095588955588e-34
6.915939095588955588e-34
6.915939095588955588e-34
6.859557852929834617e-34
6.364313168297558979e-34
6.360772846605635860e-34
6.360772846605635860e-34
6.360772846605634150e-34
6.360772846605634150e-34
4.306026045959077099e-34
4.306026045944805819e-34
4.306025546528359674e-34
4.306025546528359674e-34
4.306025546528359674e-34
4.306025546528359674e-34
4.306025490937089419e-34
4.306025490937089419e-34
4.306025490937089419e-34
4.306025490937089419e-34
4.306025490937089419e-34
3.879012471035158822e-34
3.879012471032605798e-34
3.879012471032605798e-34
3.878977142627577942e-34
3.878977142627577942e-34
3.878977142627577942e-34
3.865702951908081826e-34
3.865702951908081826e-34
3.269169986700883173e-34
3.269169986700883173e-34
3.269163058709715906e-34
3.264826061207094480e-34
3.264826061207094480e-34
3.264826061207094480e-34
2.317761465105923342e-34
2.317761465054846594e-34
2.317761465054846594e-34
2.317761465054846594e-34
2.317761465054714453e-34
2.317761465054714453e-34
2.317761465054714453e-34
2.317761465054714453e-34
2.231686936903088057e-34
2.231686935945288497e-34
2.231686935945288497e-34
2.231686935945288497e-34
2.231686935945288497e-34
2.231686935945288497e-34
2.198904984928752118e-34
2.198903546273985135e-34
2.198846892222613379e-34
1.666578786416782998e-34
1.666578786416782998e-34
1.666578785297873458e-34
1.666578785297873458e-34
1.327868469396867975e-34
1.327691879834803476e-34
1.327691879834803476e-34
1.327691879834803476e-34
1.327691879834803476e-34
1.327691879834803476e-34
1.327691879834803476e-34
1.327691879834803262e-34
1.327691879834803262e-34
1.313973096024026618e-34
1.252294189553929712e-34
1.252045371588512653e-34
1.252045371588511798e-34
1.252045371574838147e-34
8.863123492452667458e-35
8.863123492452667458e-35
8.863123492452667458e-35
8.863123391282612094e-35
8.863123391282612094e-35
8.863123391282612094e-35
8.863123180131037582e-35
8.863123180131037582e-35
8.863123180131037582e-35
8.863123180131037582e-35
8.863123180131037582e-35
7.904851433302700326e-35
7.904851433302669322e-35
7.904740605446692585e-35
7.904740605446692585e-35
7.904740605446692585e-35
7.894716156666462999e-35
7.894716156666462999e-35
7.029186911086072505e-35
7.029186911086072505e-35
7.029186911086072505e-35
7.015927409511205800e-35
7.015925883800728315e-35
5.062858813771612581e-35
5.062858813771612581e-35
5.062858813771612581e-35
5.062858813770856723e-35
5.062858813770142561e-35
5.062858813770142561e-35
5.062858813770142561e-35
4.844494451126949772e-35
4.844494447080517639e-35
4.844494447080517639e-35
4.844494447080517639e-35
4.844494447080517639e-35
4.844494447080517639e-35
4.844489172081786271e-35
4.816206388832945206e-35
4.816206388832945206e-35
4.816193392895296960e-35
3.911961599039016029e-35
3.911961599039016029e-35
3.911961599019889725e-35
3.910947608877911698e-35
3.096614354284144521e-35
3.096614354284144521e-35
3.096614354284144521e-35
3.096614354284144521e-35
3.096614354284144521e-35
3.096614354284144521e-35
3.096614354284144521e-35
3.056789939750587439e-35
2.994529522710707182e-35
2.994529522710701836e-35
2.994461481592589803e-35
2.994461481522469286e-35
2.994461481522469286e-35
2.258100236465330308e-35
2.258100236465330308e-35
2.258100236261595878e-35
2.258100236261595878e-35
2.258100236261595878e-35
2.258100236261595878e-35
2.258100132726135193e-35
2.258100132726135193e-35
2.258100132726135193e-35
1.988312761672573890e-35
1.988312761672573890e-35
1.988266366655124948e-35
1.988266366655124948e-35
1.988266366655124948e-35
1.988266366655124948e-35
1.987962776291862509e-35
1.882071887146366483e-35
1.876990291594106067e-35
1.876990291594106067e-35
1.876990291594106067e-35
1.876990288206237279e-35
1.876990288206237279e-35
1.399681635489343449e-35
1.399681635489343449e-35
1.399681635489343449e-35
1.399681635489343449e-35
1.399681635488854066e-35
1.399681635488854066e-35
1.399681632937235623e-35
1.399681632937235623e-35
1.327031960152612885e-35
1.327031960152612885e-35
1.327031960152612885e-35
1.327029341171928880e-35
1.327029341171928880e-35
1.327029341171928880e-35
1.326009423746463106e-35
1.326009423746463106e-35
1.188735762821806531e-35
1.188735738259467286e-35
1.188735738259467286e-35
1.188735738259467286e-35
1.188234886029338174e-35
9.400578481619369186e-36
9.400578481619367849e-36
9.400578481619367849e-36
9.400578481619367849e-36
9.400578481619367849e-36
9.400578481619367849e-36
9.400578481619367849e-36
9.240028556208850000e-36
9.240028556208803227e-36
9.212344474456680136e-36
9.212344474456680136e-36
9.212344473955342978e-36
9.212342476096410096e-36
9.212342476096410096e-36
7.793579007187019657e-36
7.793579007187019657e-36
7.793579007187019657e-36
7.793579007187019657e-36
7.793578191129020748e-36
7.793578191128967293e-36
7.793578191128967293e-36
7.793578191128967293e-36
6.749206686406053483e-36
6.748920687764317280e-36
6.748920687764317280e-36
6.748920687764317280e-36
6.748920687764317280e-36
6.748909834170064417e-36
6.687829449392349684e-36
6.687829449392349684e-36
6.687829449392349684e-36
6.659682837049195604e-36
6.659682837049195604e-36
6.659682837048284191e-36
6.659682837048284191e-36
5.460765828331081890e-36
5.460765828331081890e-36
5.460765828331081890e-36
5.460765828325456388e-36
5.460765828325456388e-36
5.460765828325456388e-36
5.460765802626894529e-36
5.100780421320636081e-36
5.100780421320636081e-36
5.100780421320636081e-36
5.100780421320636081e-36
5.100759719586664724e-36
5.100759719586664724e-36
5.100712934860897057e-36
5.100712934860897057e-36
4.994626946992424019e-36
4.994626946983157544e-36
4.994626946983157544e-36
4.990743871214800356e-36
4.990743871214800356e-36
4.154772743339047502e-36
4.154772743339047502e-36
4.154772743339047502e-36
4.154772743339047502e-36
4.154772743339047502e-36
4.051955530175894194e-36
4.051955530175825370e-36
4.051955530175825370e-36
4.051955530175825370e-36
4.051955529534076522e-36
4.051789876768797561e-36
4.051789876768797561e-36
4.051789876768797561e-36
4.051789876686201781e-36
3.902390286252974796e-36
3.902390286252974796e-36
3.902389191607941942e-36
3.902389191607941942e-36
3.902389191607941942e-36
3.421362608370361235e-36
3.421362608370361235e-36
3.421362608370361235e-36
3.421039744331095281e-36
3.421039744331095281e-36
3.421039744331095281e-36
3.421039743735078105e-36
3.420548454464541747e-36
3.396290196897585468e-36
3.396290196897585468e-36
3.396290196897585468e-36
3.396290196897585468e-36
3.223702218807745138e-36
3.223702218807745138e-36
3.223702218807745138e-36
3.223702218794773543e-36
3.223702218794773543e-36
3.223702218794773543e-36
3.223702170879233227e-36
2.997119030215612848e-36
2.997119030215612848e-36
2.997119030215612848e-36
2.997087630609871090e-36
2.997087630609871090e-36
2.997087627157846460e-36
2.997087627157846460e-36
2.997087627157846460e-36
2.995927634313120327e-36
2.995927634313120327e-36
2.995927634313120327e-36
2.995927634313120327e-36
2.991314749322701736e-36
2.828226087828691347e-36
2.828226087828691347e-36
2.828226087828691347e-36
2.742274685509942388e-36
2.742274685509732242e-36
2.742274685509732242e-36
2.742274685509732242e-36
2.742274685509732242e-36
2.742274683937120585e-36
2.742274683937120585e-36
2.742274667721046819e-36
2.742274667721046819e-36
2.742274667721046819e-36
2.740072019292137419e-36
2.740069648348980965e-36
2.740069648348980965e-36
2.740069648348980965e-36
2.740069648348980965e-36
2.616560103923958611e-36
2.615936236959186091e-36
2.615936236959186091e-36
2.615936236959186091e-36
2.615936236959186091e-36
2.590261627016426588e-36
2.590261566814919572e-36
2.590261566814919572e-36
2.590261566814919572e-36
2.586984474018861940e-36
2.586984474018861940e-36
2.586984474018859267e-36
2.586984473974166298e-36
2.586984473974166298e-36
2.586984473974166298e-36
2.586984338411619383e-36
2.586984338411619383e-36
2.514054379997698574e-36
2.514054379997698574e-36
2.514054379997698574e-36
2.513981378939546856e-36
2.513981378939546856e-36
2.513981378939546856e-36
2.513981378939546856e-36
2.513981204443604828e-36
2.513981204443604828e-36
2.513981204443604828e-36
2.508091972159506955e-36
2.504335467269808363e-36
2.504335467269808363e-36
2.504335467269808363e-36
2.504335467269808363e-36
2.504335467268870557e-36
2.471536793573417259e-36
2.471536793573417259e-36
2.471536793573417259e-36
2.471536787961394488e-36
2.471536787961394488e-36
2.471536787961394488e-36
2.471536787961394488e-36
2.471530414105078189e-36
2.471530031420639589e-36
2.471530031420639589e-36
2.471530031420639589e-36
2.471530031420639589e-36
2.468269659356297268e-36
2.467262458515215337e-36
2.467262458515215337e-36
2.467262458515215337e-36
2.467262458515215337e-36
2.467262458515215337e-36
2.456282629780315877e-36
2.456282629780315877e-36
2.456282629780315877e-36
2.456281999193979973e-36
2.456281999193965941e-36
2.456281999193965941e-36
2.456281999016957755e-36
2.456281999016957755e-36
2.456281999016957755e-36
2.456281595204098297e-36
2.454184475013008442e-36
2.454184475013008442e-36
2.454184475013008442e-36
2.454184475013008442e-36
2.454058246197701782e-36
2.454058246197701782e-36
2.454058246197701782e-36
2.454058246197701782e-36
2.454058246197701782e-36
2.454058246197701782e-36
2.451371565717824125e-36
2.451370797644209602e-36
2.451370797644209602e-36
2.451370797644209602e-36
2.451370797644209602e-36
2.451370797640263265e-36
2.451370797640262597e-36
2.450383290618402553e-36
2.450383272390991824e-36
2.450383272390991824e-36
2.450383272390991824e-36
2.450383272390991824e-36
2.450371903731520136e-36
2.450371903731520136e-36
2.450371903731519468e-36
2.450371903731519468e-36
2.450371217912933149e-36
2.449896477121099093e-36
2.449896477121099093e-36
2.449896477121099093e-36
2.449896477121099093e-36
2.449896477121099093e-36
2.449559160292614572e-36
2.449559160292614572e-36
2.449559160292614572e-36
2.449559160292614572e-36
2.449559160292553433e-36
2.449559159710872633e-36
2.449559159710871631e-36
2.449559159710871631e-36
2.449558430969366574e-36
2.449558430969366574e-36
2.449558430969366574e-36
2.449558430969366574e-36
2.449557984850912499e-36
2.449557984850912499e-36
2.449497853628503227e-36
2.449497853628503227e-36
2.449497853628503227e-36
2.449497853628503227e-36
2.449497853628503227e-36
2.449414722847501660e-36
2.449414722847501660e-36
2.449414722847500324e-36
2.449414722847500324e-36
2.449414722847500324e-36
2.449414722834481287e-36
2.449414722834480618e-36
2.449414512040371882e-36
2.449414478991586461e-36
2.449414478991586461e-36
2.449414478991586461e-36
2.449409047293241326e-36
2.449409047293241326e-36
2.449409047293241326e-36
2.449409047293241326e-36
2.449409047293241326e-36
2.449409047293241326e-36
2.449394327645276476e-36
2.449394327645275474e-36
2.449394327645275474e-36
2.449394327645275474e-36
2.449394327645275474e-36
2.449394327645275474e-36
2.449394255574956182e-36
2.449394255574956182e-36
2.449394255574956182e-36
2.449394255574753052e-36
2.449394254519394867e-36
2.449394254519394867e-36
2.449394254519394867e-36
2.449393906114773681e-36
2.449393906114773681e-36
2.449393906114773681e-36
2.449393906114773681e-36
2.449393906114773681e-36
2.449393906114772345e-36
2.449392040797789072e-36
2.449392040797789072e-36
2.449392040797789072e-36
2.449392040797789072e-36
2.449392040797789072e-36
2.449392023032356702e-36
2.449392023032356702e-36
2.449392023032356702e-36
2.449392023032356702e-36
2.449392023008732803e-36
2.449392023008730798e-36
2.449392023008730798e-36
2.449392007206575074e-36
2.449392007206575074e-36
2.449392007206574406e-36
2.449391838695258262e-36
2.449391838695258262e-36
2.449391838695258262e-36
2.449391838695258262e-36
2.449391838695258262e-36
2.449391838695258262e-36
2.449391835549461974e-36
2.449391835549461974e-36
2.449391835549461974e-36
2.449391835549461974e-36
2.449391835549461974e-36
2.449391835549461974e-36
2.449391835549092464e-36
2.449391835549092464e-36
2.449391835044468473e-36
2.449391835044468473e-36
2.449391835044468473e-36
2.449391835044468473e-36
2.449391835044468473e-36
2.449391835044468473e-36
2.449391824235516988e-36
2.449391824235516988e-36
2.449391824235516988e-36
2.449391823836869454e-36
2.449391823836869454e-36
2.449391823836869454e-36
2.449391823836869454e-36
2.449391823836869454e-36
2.449391823836869454e-36
2.449391823836869454e-36
2.449391823836869454e-36
2.449391823836865779e-36
2.449391823825570007e-36
2.449391823825570007e-36
2.449391823825570007e-36
2.449391823335320813e-36
2.449391823335320813e-36
2.449391823299307647e-36
2.449391823299307647e-36
2.449391823299307647e-36
2.449391823299307647e-36
2.449391823299307647e-36
2.449391823299307647e-36
2.449391823299307647e-36
2.449391823299307647e-36
2.449391823299307647e-36
2.449391823299307647e-36
2.449391823299307647e-36
2.449391823299130911e-36
2.449391823299130911e-36
2.449391823283475191e-36
2.449391823283475191e-36
2.449391823283475191e-36
2.449391823283475191e-36
2.449391823283475191e-36
2.449391823281165589e-36
2.449391823281165589e-36
2.449391823281165589e-36
2.449391823281165589e-36
2.449391823281165589e-36
2.449391823281165589e-36
2.449391823281165589e-36
2.449391823281165589e-36
2.449391823281165589e-36
2.449391823281165589e-36
2.449391823281163250e-36
2.449391823280813118e-36
2.449391823280813118e-36
2.449391823280813118e-36
2.449391823280708212e-36
2.449391823280708212e-36
2.449391823280708212e-36
2.449391823280708212e-36
2.449391823280708212e-36
2.449391823280708212e-36
2.449391823280708212e-36
2.449391823280708212e-36
2.449391823280708212e-36
2.449391823280708212e-36
2.449391823280708212e-36
2.449391823280708212e-36
2.449391823280702532e-36
2.449391823280702532e-36
2.449391823280702532e-36
2.449391823280702532e-36
2.449391823280702532e-36
2.449391823280699525e-36
2.449391823280699525e-36
2.449391823280699525e-36
2.449391823280699525e-36
2.449391823280699525e-36
2.449391823280699525e-36
2.449391823280699525e-36
2.449391823280699525e-36
2.449391823280699525e-36
2.449391823280699525e-36
2.449391823280699525e-36
2.449391823280699525e-36
2.449391823280699525e-36
2.449391823280699525e-36
2.449391823280699525e-36
2.449391823280699525e-36
2.449391823280699525e-36
2.449391823280699525e-36
2.449391823280699525e-36
2.449391823280699525e-36
2.449391823280699525e-36
2.449391823280699525e-36
2.449391823280699525e-36
2.449391823280699525e-36
2.449391823280699525e-36
2.449391823280699525e-36
2.449391823280699525e-36
2.449391823280699525e-36
2.449391823280699525e-36
2.449391823280699525e-36
2.449391823280699525e-36
2.449391823280699525e-36
2.449391823280699525e-36
2.449391823280699525e-36
2.449391823280699525e-36
2.449391823280699525e-36
2.449391823280699525e-36
2.449391823280699525e-36
2.449391823280699525e-36
2.449391823280699525e-36
2.449391823280699525e-36
2.449391823280699525e-36
2.449391823280699525e-36
2.449391823280699525e-36
2.449391823280699525e-36
2.449391823280699525e-36
2.449391823280699525e-36
2.449391823280699525e-36
2.449391823280699525e-36
2.449391823280699525e-36
2.449391823280699525e-36
2.449391823280699525e-36
2.449391823280699525e-36
2.449391823280699525e-36
2.449391823280699525e-36
2.449391823280699525e-36
2.449391823280699525e-36
2.449391823280699525e-36
2.449391823280699525e-36
2.449391823280699525e-36
2.449391823280699525e-36
2.449391823280699525e-36
2.449391823280699525e-36
2.449391823280699525e-36
2.449391823280699525e-36
2.449391823280699525e-36
2.449391823280699525e-36
2.449391823280699525e-36
2.449391823280699525e-36
2.449391823280699525e-36
2.449391823280699525e-36
2.449391823280699525e-36
2.449391823280699525e-36
2.449391823280699525e-36
2.449391823280699525e-36
2.449391823280699525e-36
2.449391823280699525e-36
2.449391823280699525e-36
2.449391823280699525e-36
2.449391823280699525e-36
2.449391823280699525e-36
2.449391823280699525e-36
2.449391823280699525e-36
2.449391823280699525e-36
2.449391823280699525e-36
2.449391823280699525e-36
2.449391823280699525e-36
2.449391823280699525e-36
2.449391823280699525e-36
2.449391823280699525e-36
2.449391823280699525e-36
2.449391823280699525e-36
2.449391823280699525e-36
2.449391823280699525e-36
2.449391823280699525e-36
2.449391823280699525e-36
2.449391823280699525e-36
2.449391823280699525e-36
2.449391823280699525e-36
2.449391823280699525e-36
2.449391823280699525e-36
2.449391823280699525e-36
2.449391823280699525e-36
2.449391823280699525e-36
2.449391823280699525e-36
2.449391823280699525e-36
2.449391823280699525e-36
2.449391823280699525e-36
2.449391823280699525e-36
2.449391823280699525e-36
2.449391823280699525e-36
2.449391823280699525e-36
2.449391823280699525e-36
2.449391823280699525e-36
2.449391823280699525e-36
2.449391823280699525e-36
2.449391823280699525e-36
2.449391823280699525e-36
2.449391823280699525e-36
2.449391823280699525e-36
2.449391823280699525e-36
2.449391823280699525e-36
2.449391823280699525e-36
2.449391823280699525e-36
2.449391823280699525e-36
2.449391823280699525e-36
2.449391823280699525e-36
2.449391823280699525e-36
2.449391823280699525e-36
2.449391823280699525e-36
2.449391823280699525e-36
2.449391823280699525e-36
2.449391823280699525e-36
2.449391823280699525e-36
2.449391823280699525e-36
2.449391823280699525e-36
2.449391823280699525e-36
2.449391823280699525e-36
2.449391823280699525e-36
2.449391823280699525e-36
2.449391823280699525e-36
2.449391823280699525e-36
2.449391823280699525e-36
2.449391823280699525e-36
2.449391823280699525e-36
2.449391823280699525e-36
2.449391823280699525e-36
2.449391823280699525e-36
2.449391823280699525e-36
2.449391823280699525e-36
2.449391823280699525e-36
2.449391823280699525e-36
2.449391823280699525e-36
2.449391823280699525e-36
2.449391823280699525e-36
2.449391823280699525e-36
2.449391823280699525e-36
2.449391823280699525e-36
2.449391823280699525e-36
2.449391823280699525e-36
2.449391823280699525e-36
2.449391823280699525e-36
2.449391823280699525e-36
2.449391823280699525e-36
2.449391823280699525e-36
2.449391823280699525e-36
2.449391823280699525e-36
2.449391823280699525e-36
2.449391823280699525e-36
2.449391823280699525e-36
2.449391823280699525e-36
2.449391823280699525e-36
2.449391823280699525e-36
2.449391823280699525e-36
2.449391823280699525e-36
2.449391823280699525e-36
2.449391823280699525e-36
2.449391823280699525e-36
2.449391823280699525e-36
2.449391823280699525e-36
2.449391823280699525e-36
2.449391823280699525e-36
2.449391823280699525e-36
2.449391823280699525e-36
2.449391823280699525e-36
2.449391823280699525e-36
2.449391823280699525e-36
2.449391823280699525e-36
2.449391823280699525e-36
2.449391823280699525e-36
2.449391823280699525e-36
2.449391823280699525e-36
2.449391823280699525e-36
2.449391823280699525e-36
2.449391823280699525e-36
2.449391823280699525e-36
2.449391823280699525e-36
2.449391823280699525e-36
2.449391823280699525e-36
2.449391823280699525e-36
2.449391823280699525e-36
2.449391823280699525e-36
2.449391823280699525e-36
2.449391823280699525e-36
2.449391823280699525e-36
2.449391823280699525e-36
2.449391823280699525e-36
2.449391823280699525e-36
2.449391823280699525e-36
2.449391823280699525e-36
2.449391823280699525e-36
2.449391823280699525e-36
2.449391823280699525e-36
2.449391823280699525e-36
2.449391823280699525e-36
2.449391823280699525e-36
2.449391823280699525e-36
2.449391823280699525e-36
2.449391823280699525e-36
