5.635540005108848755e-02
5.622727256174595012e-02
5.610067377299379765e-02
5.593951093580954576e-02
4.286908261239583129e-02
4.247405482808799815e-02
4.225283591208226636e-02
4.216941889141330446e-02
4.211222845561200107e-02
4.210601399003329609e-02
3.172600946425591789e-02
3.136819317080385972e-02
3.121507571538627290e-02
3.112863935920828426e-02
3.109642598795185620e-02
3.108901936859110801e-02
3.108782648491415293e-02
3.108755452391800955e-02
2.297422629400169489e-02
2.281671744243454064e-02
2.270599060287148765e-02
2.263024090118100420e-02
2.261474829370204581e-02
2.260584998700683815e-02
2.260477941838445401e-02
2.260461775770693932e-02
2.260460528966838634e-02
1.644485007729767564e-02
1.630693912106100443e-02
1.623536107481854396e-02
1.621049954991429440e-02
1.618041856408504800e-02
1.617724630117125043e-02
1.617550648572232616e-02
1.617543869258606173e-02
1.617542284007339112e-02
1.617542257537567599e-02
1.160035809942130437e-02
1.146697602775711110e-02
1.143526756232816216e-02
1.139580588225689098e-02
1.138864775481129507e-02
1.138864775458900587e-02
1.138002815735259660e-02
1.137974299120326355e-02
1.137949458719588608e-02
1.137949258335584947e-02
8.026646521505210671e-03
8.026646518899952648e-03
7.970882656164987243e-03
7.898302721465792764e-03
7.898302721458015999e-03
7.885942038500683496e-03
7.869401036128200952e-03
7.868478074793862007e-03
7.866663528846833814e-03
7.866663528832407853e-03
7.866651595782904460e-03
7.866625142115139455e-03
7.866625073967346490e-03
5.542088714661123384e-03
5.411375622238192781e-03
5.391325940134591467e-03
5.352108064306098159e-03
5.349854845155305356e-03
5.349854844919380362e-03
5.349854844919090663e-03
5.344724618688265899e-03
5.344669730262463156e-03
5.344387698639107426e-03
5.344387132392981049e-03
5.344387132392421601e-03
3.695045795583099934e-03
3.695045787476425314e-03
3.645127708088623936e-03
3.594229461376695963e-03
3.594229461375022389e-03
3.589835888094387081e-03
3.572775936727076804e-03
3.572586516539430577e-03
3.571432384936081093e-03
3.571432384936078491e-03
3.571432384919353154e-03
3.571428778150535516e-03
3.571396737428781352e-03
3.571396725180019018e-03
2.436591188658105735e-03
2.391076602620860990e-03
2.382856390559156233e-03
2.356296777614670050e-03
2.356296777614670050e-03
2.355804644889816866e-03
2.355804644428645834e-03
2.355804644428609405e-03
2.350364940601653175e-03
2.350347755591781010e-03
2.350162304749081697e-03
2.350162304749081697e-03
2.350162199587311346e-03
2.350162199586637839e-03
2.350159579769314257e-03
1.570100610427371899e-03
1.555494024239103060e-03
1.536377172292032866e-03
1.536377172291772441e-03
1.535336013006156691e-03
1.523954046745281798e-03
1.523892996208994419e-03
1.522657544111615099e-03
1.522657544078316648e-03
1.522657544078316215e-03
1.522657544078316215e-03
1.522656864035193272e-03
1.522635623265854339e-03
1.522635621786928633e-03
1.017590529079153176e-03
9.857851831694239460e-04
9.840009009823200668e-04
9.738289084116363197e-04
9.738289084116363197e-04
9.738289078244229905e-04
9.736616063563001454e-04
9.736616063562932065e-04
9.700450685561079478e-04
9.700417313284508602e-04
9.698399800839059689e-04
9.698399800839059689e-04
9.698399670621974744e-04
9.698399670608251998e-04
9.698399670608251998e-04
9.698382012339822706e-04
6.317377530608681664e-04
6.266816418420744156e-04
6.123907830916702679e-04
6.123907830916159494e-04
6.120289119372224890e-04
6.075477821203190869e-04
6.075351648090136347e-04
6.066823205636350880e-04
6.066823205194294549e-04
6.066823205194294549e-04
6.066823205194293465e-04
6.066822312509873158e-04
6.066579460359133738e-04
6.066579457663372373e-04
6.066579457663372373e-04
4.084241975972594148e-04
3.826857767037487477e-04
3.817925100632178379e-04
3.743729792825114047e-04
3.743729792825114047e-04
3.743729788589009308e-04
3.743358002618443130e-04
3.728061057419655255e-04
3.728061057419655255e-04
3.728061057419647124e-04
3.728056289143317245e-04
3.726552682217631617e-04
3.726552656328578346e-04
3.726552656328578346e-04
3.726552656308678899e-04
3.726552656308678899e-04
3.726530751660568348e-04
2.414408124692130205e-04
2.375432450351234570e-04
2.288166094914740949e-04
2.288166094914647979e-04
2.287149447820220453e-04
2.253588492345778892e-04
2.253588492345778892e-04
2.253568830793158779e-04
2.249631002490914251e-04
2.249631002490913979e-04
2.249631002128485251e-04
2.249631002128484980e-04
2.249630807917292713e-04
2.249433216359300928e-04
2.249433216004849759e-04
1.477517387821149946e-04
1.391802559141401183e-04
1.391802559141401183e-04
1.391802559141397931e-04
1.388648241025293721e-04
1.348788751017788610e-04
1.348788744994881014e-04
1.348722241756045311e-04
1.348722241756045311e-04
1.336802307126103736e-04
1.336802307126102652e-04
1.336801194107624542e-04
1.336055445330786137e-04
1.336055445313066208e-04
1.336055441662884922e-04
1.336055441662884922e-04
1.336055441662884922e-04
1.336036375578949478e-04
8.388101929266576415e-05
8.044932442303024420e-05
8.021574849614840678e-05
8.021574849614720060e-05
8.019499054594185863e-05
7.848599447025055150e-05
7.848599447025055150e-05
7.848550402174861809e-05
7.817067688449352944e-05
7.817067688449352944e-05
7.817067683180473265e-05
7.817067683180473265e-05
7.817067398747572584e-05
7.817067398747572584e-05
7.816051694456116982e-05
7.816051694106822278e-05
4.741104480013346914e-05
4.690687962347206424e-05
4.690687962347206424e-05
4.690687962347181352e-05
4.567514270391141717e-05
4.565041497388241693e-05
4.565041442538746521e-05
4.565041442538746521e-05
4.564864463669179216e-05
4.506014150785253342e-05
4.506014150785252664e-05
4.506012478911871418e-05
4.500010373070281570e-05
4.500010373070281570e-05
4.500010372806348137e-05
4.500010369156906683e-05
4.500010369156906683e-05
4.500010369156906683e-05
4.499911527075354818e-05
2.795565125207980707e-05
2.616247694521655110e-05
2.612141050196076849e-05
2.612141050196059230e-05
2.561053461513253243e-05
2.560704937003271066e-05
2.560704937003271066e-05
2.560704937003271066e-05
2.560697268121780532e-05
2.545260418336792705e-05
2.545260418336792028e-05
2.545260413594347391e-05
2.545260413594347391e-05
2.545260384450753792e-05
2.545260384450753792e-05
2.544431920669848376e-05
2.544431920669848376e-05
2.544431920622910892e-05
1.516501217717347074e-05
1.501165564219255136e-05
1.501165564219204483e-05
1.501165564219204483e-05
1.433615139887328773e-05
1.432957056669015837e-05
1.432957029533299440e-05
1.432957029533299440e-05
1.414792270487408367e-05
1.414768537736210815e-05
1.414768537736210646e-05
1.414768356413805469e-05
1.411715324807442110e-05
1.411715324807442110e-05
1.411715324555742712e-05
1.411715324555742712e-05
1.411715324555742712e-05
1.411715324038071581e-05
1.411715324038071581e-05
1.411630820277408113e-05
9.028769135759326299e-06
8.042061221602530413e-06
8.024686296975658140e-06
8.024686296975658140e-06
7.744409522011383640e-06
7.744409522011371782e-06
7.743808912442639526e-06
7.743808912442639526e-06
7.743808912442624279e-06
7.692445821754576249e-06
7.692437424223399486e-06
7.692437397021893532e-06
7.692437397021893532e-06
7.692437397021893532e-06
7.692437352121032752e-06
7.687891331559004171e-06
7.687891331559004171e-06
7.687891331471868197e-06
7.687891331427202456e-06
4.628867533343690098e-06
4.535650879085902533e-06
4.231023991683702247e-06
4.231023991683702247e-06
4.229497556998119845e-06
4.229497272148902640e-06
4.229497272148902640e-06
4.126589560610595393e-06
4.126589560610595393e-06
4.126559441810132967e-06
4.126559441810132967e-06
4.115460223894571873e-06
4.115459924513584580e-06
4.115459924513584580e-06
4.115459922903939918e-06
4.115459922903939918e-06
4.115459922903939918e-06
4.115459922365389594e-06
4.115459922365389594e-06
4.114954212097223200e-06
2.582814020764595150e-06
2.319423383268715686e-06
2.314251110346348295e-06
2.314251110346348295e-06
2.200289140118485002e-06
2.200198797100828154e-06
2.200198797100827307e-06
2.200198797100827307e-06
2.200198797100810366e-06
2.200198765182076708e-06
2.169960692327800591e-06
2.169960692327800591e-06
2.169959174247640992e-06
2.169959174247640992e-06
2.169959174247640992e-06
2.169959169229075389e-06
2.168184323247233500e-06
2.168184323247233500e-06
2.168184323247233500e-06
2.168184323187085691e-06
1.265923614111999702e-06
1.265923614111946551e-06
1.248774596646351546e-06
1.172115929529011720e-06
1.172115727666425354e-06
1.171845578293737792e-06
1.171845578293737792e-06
1.171845578293737792e-06
1.171845578293737792e-06
1.132232358691776042e-06
1.132226443357926301e-06
1.132226443357926301e-06
1.125541741095213036e-06
1.125541706194770726e-06
1.125541706194770726e-06
1.125541704436419478e-06
1.125541704436419478e-06
1.125541704436419055e-06
1.125541704392562865e-06
1.125337081802146332e-06
1.125337081802146332e-06
7.229947374961881637e-07
6.148358689671652064e-07
6.148358689671652064e-07
6.141174125325477506e-07
5.868139533190868845e-07
5.867947356322266618e-07
5.867947356322265559e-07
5.867947356322265559e-07
5.867947356322144857e-07
5.867947139027377769e-07
5.755448514520490946e-07
5.755448514520490946e-07
5.755446687435308909e-07
5.755446687435308909e-07
5.755446687435308909e-07
5.744706530540739693e-07
5.744706526401954601e-07
5.744706526401954601e-07
5.744706525733316321e-07
5.744706525733316321e-07
3.363723505095290051e-07
3.321845366964444560e-07
3.321845366964360916e-07
3.321840935389109733e-07
2.997598720751252490e-07
2.997598720751252490e-07
2.997071306472817135e-07
2.997071306472817135e-07
2.997071306472817135e-07
2.903105244555893284e-07
2.903097821371428533e-07
2.903097821371428533e-07
2.878415054693560127e-07
2.878415025064883910e-07
2.878415025064883910e-07
2.878415013350573891e-07
2.878415013350573891e-07
2.878415013350570715e-07
2.878415013350570715e-07
2.877161724527496673e-07
2.877161724481489549e-07
2.877161724481489549e-07
2.010132989247070039e-07
2.010132989247070039e-07
1.560583247372676062e-07
1.558241611188839672e-07
1.444821986899161573e-07
1.444797461988006039e-07
1.444797461988006039e-07
1.444797461987876072e-07
1.444797461987876072e-07
1.444797372337076989e-07
1.417106890825426205e-07
1.417106890825426205e-07
1.417106727228720178e-07
1.417106727228720178e-07
1.417106727228720178e-07
1.412995349827390653e-07
1.412995349827390653e-07
1.412995349370309440e-07
1.412995349370309440e-07
1.412995348901046835e-07
8.715224920834117531e-08
8.715224920834117531e-08
8.524618310514502861e-08
8.524618310514502861e-08
8.524560351110745949e-08
8.524560351110608307e-08
7.273994196423408962e-08
7.273994196423408962e-08
7.273003705884186211e-08
7.273003705884186211e-08
6.880480368457501882e-08
6.880473210462300193e-08
6.815049948340818317e-08
6.815049948340818317e-08
6.815049948340818317e-08
6.815049912932630895e-08
6.815049859569351401e-08
6.815049859569314343e-08
6.815049859569314343e-08
6.815049859569314343e-08
6.809885639203057843e-08
6.809885639168101852e-08
6.809885639168101852e-08
6.809885639168101852e-08
4.824497184597421587e-08
3.749982904729086857e-08
3.749982904729086857e-08
3.744178082021687813e-08
3.358007632485687974e-08
3.358007632484570950e-08
3.357977034681666722e-08
3.357977034681666722e-08
3.357976301053482751e-08
3.238957613346257232e-08
3.238957613346257232e-08
3.238957613346257232e-08
3.238957399562148558e-08
3.238957399562148558e-08
3.238957399562148558e-08
3.227091333127600873e-08
3.227091333127600873e-08
3.227091333127600873e-08
3.227091332748871928e-08
3.227091330395427280e-08
3.227091330395426619e-08
3.227091330395426619e-08
1.966343123199862232e-08
1.966311256003090902e-08
1.966311256003090902e-08
1.936553737503002221e-08
1.936553737503002221e-08
1.657899307907215700e-08
1.657899307907214046e-08
1.657748212770687780e-08
1.535988528116427827e-08
1.535988528116427827e-08
1.535987441410845165e-08
1.535987441410845165e-08
1.506921367890437753e-08
1.506921367890437753e-08
1.506921326450529376e-08
1.506921326450497281e-08
1.506921323294057789e-08
1.506921323294057789e-08
1.506921323294057789e-08
1.506921323294057789e-08
1.505326545794686835e-08
1.505326545794686835e-08
1.505326545792432933e-08
1.505326545792432933e-08
1.505326545792432933e-08
1.134627011425983397e-08
8.111237588849809101e-09
8.104657091965932527e-09
7.320351441973466061e-09
7.320351441967030596e-09
7.320299117145282506e-09
7.320295190014328752e-09
7.320295190014328752e-09
7.320295190014328752e-09
6.971125574439365036e-09
6.971125574439365036e-09
6.971125574439365036e-09
6.971125369816895248e-09
6.971125369816895248e-09
6.971125369816895248e-09
6.917421734615221075e-09
6.917421734615221075e-09
6.917421734360825814e-09
6.917421715167276777e-09
6.917421715167270987e-09
6.917421715167270987e-09
6.915875387209826990e-09
4.392124370864867948e-09
4.337157125609988892e-09
4.337157125609988892e-09
3.446587512740427923e-09
3.446587512740427923e-09
3.446587512740426269e-09
3.446367731331252051e-09
3.212020354804370408e-09
3.212020354804370408e-09
3.212019254249811217e-09
3.212019254249811217e-09
3.129654788485417698e-09
3.129654585717354495e-09
3.129654585717178305e-09
3.129654585717178305e-09
3.129654583540061680e-09
3.129654583540061680e-09
3.129654583540061680e-09
3.122412808670469377e-09
3.122412808670469377e-09
3.122412808670469377e-09
3.122412808670469377e-09
3.122412808668664882e-09
3.122412808668664882e-09
2.590177768802731374e-09
1.716743500212540840e-09
1.715149925318746598e-09
1.464372420675326596e-09
1.464372420670698313e-09
1.464372420670698313e-09
1.464371218119310823e-09
1.464366168817266430e-09
1.397707507329329516e-09
1.397707507329329516e-09
1.397707507329329516e-09
1.397707507329329516e-09
1.397707492696916416e-09
1.397707492696916416e-09
1.397707492696916416e-09
1.382583857480197364e-09
1.382583857459352619e-09
1.382583857459352619e-09
1.382583847868264141e-09
1.382583847868260625e-09
1.382583847868260625e-09
1.381873069958158446e-09
9.707482599406862764e-10
9.547786909362462803e-10
6.921463401725758958e-10
6.921463401725758958e-10
6.921463401725756890e-10
6.921463401725756890e-10
6.921135883909963638e-10
6.179202208314406135e-10
6.179202208314406135e-10
6.179202208314406135e-10
6.179201393201900668e-10
6.179201393201900668e-10
6.016054696467161619e-10
6.016054022727986076e-10
6.016054022726506457e-10
6.016054022726506457e-10
6.016054022726506457e-10
6.016054020843839247e-10
5.994907180951227494e-10
5.994907180951227494e-10
5.994907180951227494e-10
5.994907180951227494e-10
5.994907180951227494e-10
5.994907180950210062e-10
3.607806592394141606e-10
3.513734203804112460e-10
3.513734203804112460e-10
3.513734203553750221e-10
3.510660763856098289e-10
2.799121603258102865e-10
2.799121603258102865e-10
2.799113956091158249e-10
2.799108755933379851e-10
2.586860510606611243e-10
2.586860510606611243e-10
2.586860510606611243e-10
2.586860510606611243e-10
2.586860510606611243e-10
2.586860510606611243e-10
2.586860496894495098e-10
2.554716936523551233e-10
2.554716936523551233e-10
2.554716901814784931e-10
2.554716901802069097e-10
2.554716901802069097e-10
2.554716901802069097e-10
2.554716901802037044e-10
2.552488900438102670e-10
1.835210486442161329e-10
1.320471979596563823e-10
1.318089160781829945e-10
1.318089160781829945e-10
1.318089160781829945e-10
1.318089160781829945e-10
1.126895746632302231e-10
1.126885415652300434e-10
1.126885415652300434e-10
1.126885415652300434e-10
1.126885415652300434e-10
1.126885415652300434e-10
1.126885320201945094e-10
1.073721810481437457e-10
1.073721810480584427e-10
1.073721448911616856e-10
1.073721448911616856e-10
1.073721448911616856e-10
1.073721448786166385e-10
1.073721448786166385e-10
1.068856771745176457e-10
1.068856771745176457e-10
1.068856771745176457e-10
1.068856771745176457e-10
1.068856771745126050e-10
6.402471225929870584e-11
6.284310572505701240e-11
6.284310572505701240e-11
6.284310571434312354e-11
6.284310571434312354e-11
5.022252702854900829e-11
5.021746205035002901e-11
5.021712099152739675e-11
5.021712099152739675e-11
4.517936339608543904e-11
4.517933219493571753e-11
4.517933219493571753e-11
4.517933219493571753e-11
4.517933209089494987e-11
4.517933209089494987e-11
4.517933209089494987e-11
4.410423743477029633e-11
4.410423743477029633e-11
4.410423541038195403e-11
4.410423541038195403e-11
4.410423541037990546e-11
4.410423541031250317e-11
4.410423541031250317e-11
4.404972627102021135e-11
3.391381931801667893e-11
2.237114116991068707e-11
2.234850659184505547e-11
2.234850659184505547e-11
1.922923794397773961e-11
1.922923794397773961e-11
1.922909802931810231e-11
1.922909802931810231e-11
1.922909802931810231e-11
1.922909802931810231e-11
1.922909802931810231e-11
1.922909802931810231e-11
1.922909802926390906e-11
1.803474613786668159e-11
1.803474561006402939e-11
1.803473231923719298e-11
1.803473231923719298e-11
1.803473231923719298e-11
1.803473231923719298e-11
1.803473231923719298e-11
1.803473231853088091e-11
1.786981521707992452e-11
1.786981521707992452e-11
1.786981521707992452e-11
1.786981521707992452e-11
1.786981514490375025e-11
1.786981514490344329e-11
1.133834961573610002e-11
1.116832001293145650e-11
8.148146207628235373e-12
8.147562188245319742e-12
8.147562188245319742e-12
8.147480175816731837e-12
8.147480175816731837e-12
7.365146548350286014e-12
7.365146548350286014e-12
7.365143990367434253e-12
7.365143990367434253e-12
7.131611302873253949e-12
7.131611297678606554e-12
7.131611297678606554e-12
7.131611297678606554e-12
7.131610545891676278e-12
7.131610545891676278e-12
7.131610545891676278e-12
7.131610545890793360e-12
7.131610545886589602e-12
7.131610545886589602e-12
7.113088487464448068e-12
7.113088487464448068e-12
7.113088487464448068e-12
5.999363093838045019e-12
3.755126653892882871e-12
3.750939084640583285e-12
3.750939084640583285e-12
3.750939084640583285e-12
2.996429754889664372e-12
2.996418699991670766e-12
2.996418699991670766e-12
2.996418699991670766e-12
2.996418699991670766e-12
2.996418699991670766e-12
2.996418699959409510e-12
2.996413644562478402e-12
2.812053609184768333e-12
2.812053609184768333e-12
2.812053577929181412e-12
2.812053577929181412e-12
2.812053577929181412e-12
2.812053577929181412e-12
2.776349599999865250e-12
2.776349599956639005e-12
2.776349599956639005e-12
2.776349599956639005e-12
2.776349572661647787e-12
2.776349572661647787e-12
2.776349572661647787e-12
1.968167417828125391e-12
1.934217698215154362e-12
1.934217698215151131e-12
1.291680056818645309e-12
1.291637551169830222e-12
1.291637551169829818e-12
1.291566708264831062e-12
1.291566708264831062e-12
1.291566708264831062e-12
1.102940408431641989e-12
1.102940249654459119e-12
1.102940249654459119e-12
1.065558950742407883e-12
1.065558950392137889e-12
1.065558950392137889e-12
1.065558749862873650e-12
1.065558749862873650e-12
1.065558749862873650e-12
1.065558749862308598e-12
1.065558749862308598e-12
1.065558749862308598e-12
1.065558749862308598e-12
1.061396153641443028e-12
1.061396153641254004e-12
1.061396153641254004e-12
1.061396153641254004e-12
9.255237594068429474e-13
6.088256472858734472e-13
6.088256472858734472e-13
6.082215577377951984e-13
4.498348383236031254e-13
4.498348383236031254e-13
4.498338802433610103e-13
4.498338802433610103e-13
4.498338802268316354e-13
4.498338802268316354e-13
4.498314835626591726e-13
4.498314835626591726e-13
4.051452510862931014e-13
4.051452487878321726e-13
4.051452487878321726e-13
4.051452487878321726e-13
4.051452487878321726e-13
3.990410656127470270e-13
3.990410656127470270e-13
3.990410656106257106e-13
3.990410656106257106e-13
3.990410577592997646e-13
3.990410577592997646e-13
2.916891366733650005e-13
2.883647858790683344e-13
2.883647858790683344e-13
2.883647858790683344e-13
2.883647858790655576e-13
2.882467003394336169e-13
2.882467003394333644e-13
1.941786570134917376e-13
1.941786570134917376e-13
1.941712745537354017e-13
1.941712745537354017e-13
1.572891863130086596e-13
1.572891717087551053e-13
1.480696126152967016e-13
1.480696126152967016e-13
1.480696126152967016e-13
1.480696125964995725e-13
1.480695305545556762e-13
1.480695305545556762e-13
1.480695305543027358e-13
1.480695305543027358e-13
1.480695305543027358e-13
1.480695305543027358e-13
1.480695305543027358e-13
1.480695305543027358e-13
1.473049794123010242e-13
1.473049794123010242e-13
1.473049794122933249e-13
1.473049794122933249e-13
1.473049794122933249e-13
1.343990724774374044e-13
8.554784338199228944e-14
8.550050111768515378e-14
8.550050111768515378e-14
6.327355873159728521e-14
6.327355872510947856e-14
6.327345689766951304e-14
6.327266066873141741e-14
6.327266066873141741e-14
5.513580333835552841e-14
5.513580333835552841e-14
5.513580333835552841e-14
5.513580333835552841e-14
5.513580319824009284e-14
5.513580319824008653e-14
5.513580319824008653e-14
5.360198776448646844e-14
5.360198776448646844e-14
5.360198776448646844e-14
5.360198776439364160e-14
5.360198434332952881e-14
5.360198434332535100e-14
4.205372880168744183e-14
4.202180373755465180e-14
4.170511535899345331e-14
4.170511535899345331e-14
4.170511535899345331e-14
2.574954541035264817e-14
2.574954541035264817e-14
2.574954541035264817e-14
2.574954541035264501e-14
2.574889451778730607e-14
2.090936727038224856e-14
2.090936727038224856e-14
2.090936629834514009e-14
1.931704168653366719e-14
1.931704168653366719e-14
1.931704168653366719e-14
1.931704168653366719e-14
1.931704168653366719e-14
1.931704168653366719e-14
1.931701850674212313e-14
1.931701850665714703e-14
1.931701850578505183e-14
1.931701850578505183e-14
1.931701850578505183e-14
1.931701850578505183e-14
1.931701850578505183e-14
1.912330535852816814e-14
1.912330535852816814e-14
1.912330535852816814e-14
1.912330535852780527e-14
1.912330535852780527e-14
1.912330535852780527e-14
1.813321336749167284e-14
1.198289799783570990e-14
1.197701340718738223e-14
7.993293504294293244e-15
7.993293501433238314e-15
7.993133232682975882e-15
7.993127021878482449e-15
7.993127021878482449e-15
6.971244640726798069e-15
6.971244640726798069e-15
6.971244640726796491e-15
6.971244640726796491e-15
6.971244640726796491e-15
6.971244633919267667e-15
6.971244633919267667e-15
6.971244633919267667e-15
6.714505017957453370e-15
6.714505017953020760e-15
6.714505017953020760e-15
6.714504049439533070e-15
6.714504049438113120e-15
6.714504049438113120e-15
6.696539928918360233e-15
5.721474466184862222e-15
5.686126760205454636e-15
3.415425883898974524e-15
3.415425883898974524e-15
3.415425883898974524e-15
3.415425883898974524e-15
3.415367493329387231e-15
3.415367493329387231e-15
2.531868527366894049e-15
2.531868527366894049e-15
2.531868527366894049e-15
2.531868527366894049e-15
2.531868480112360356e-15
2.531868480112360356e-15
2.531868480112360356e-15
2.332607430212942275e-15
2.332602678361785564e-15
2.332602678361785564e-15
2.332602678322938897e-15
2.332602678322938897e-15
2.332602678279627278e-15
2.332602678279627278e-15
2.300152959383042509e-15
2.300152959383042509e-15
2.300152959383042509e-15
2.300152959383042509e-15
2.300152959383042509e-15
2.300152959383042509e-15
2.300152959383029888e-15
2.215537074214752314e-15
1.616655566434886054e-15
1.616655566434886054e-15
1.616103668058512438e-15
9.985523685642640729e-16
9.985523673732907876e-16
9.985523673732907876e-16
9.984925254040558562e-16
9.984920972067291226e-16
8.113457239420151941e-16
8.113457239420149969e-16
8.113457239420149969e-16
8.113457239420149969e-16
8.113457239420149969e-16
8.113457235826124337e-16
8.113457235826124337e-16
7.780418523056573899e-16
7.780418523056573899e-16
7.780418523056573899e-16
7.780416451512850000e-16
7.780416451511223960e-16
7.780416451511223960e-16
7.780416451504376648e-16
7.780416451504376648e-16
7.749111747450393558e-16
6.847606597149332667e-16
4.367880301887996123e-16
4.362800626531495547e-16
4.362800626531495547e-16
4.362800626531495547e-16
4.362754172337766989e-16
2.982809079785530724e-16
2.982809079785530724e-16
2.982809079785530724e-16
2.982809079785530724e-16
2.982809079785530724e-16
2.982809079785530724e-16
2.982809079785530724e-16
2.982809079785530724e-16
2.982809079785530724e-16
2.982809047044769494e-16
2.982809047044769494e-16
2.615532753722063990e-16
2.615532753598161552e-16
2.615519000446445802e-16
2.615519000446445802e-16
2.615519000446445802e-16
2.615519000429114528e-16
2.570756698274485779e-16
2.570756698274485779e-16
2.570756698274485779e-16
2.570756698274485779e-16
2.570756698274485779e-16
2.570756698274485779e-16
2.570756698274481835e-16
1.909615144480560133e-16
1.886701975834961503e-16
1.886701951013852974e-16
1.886701951013852974e-16
1.886701951013852974e-16
1.183695020390662109e-16
1.183636841313725533e-16
1.183470698346590439e-16
1.183470698346584276e-16
9.046728890556338418e-17
9.046727829955485494e-17
9.046727829955485494e-17
9.046727829955485494e-17
9.046727828228511200e-17
8.424536588669827914e-17
8.424536588669827914e-17
8.424536588669827914e-17
8.424536588669827914e-17
8.424536588669827914e-17
8.424530161085126561e-17
8.424530161085126561e-17
8.424530161061454571e-17
8.424530161060896205e-17
8.424530161060896205e-17
8.378478930132491817e-17
7.713278320602254758e-17
7.713278320602254758e-17
4.832116842248819975e-17
4.832116842248819975e-17
4.828813489959488817e-17
4.828813489959488817e-17
4.828813489959488817e-17
3.290244224070281323e-17
3.290237480473716723e-17
3.290237480473716723e-17
3.290237480473716723e-17
3.290237480473716723e-17
3.290237480473716723e-17
3.290237480473716723e-17
3.290237480473716723e-17
2.774275101804031912e-17
2.774275101472472749e-17
2.774275101472472749e-17
2.774275092571285844e-17
2.774244729651930943e-17
2.774244729651930943e-17
2.774244729651930943e-17
2.774244729651930327e-17
2.774244729645345804e-17
2.774244729645345804e-17
2.689551312633908277e-17
2.689551312633908277e-17
2.689551312633908277e-17
2.689551312633908277e-17
2.689551312633908277e-17
2.689551107157081611e-17
2.144379008397500615e-17
2.144379008397500307e-17
2.127418707631901600e-17
1.232955695117906918e-17
1.232915525024582544e-17
1.232634447545083302e-17
1.232634447545083302e-17
1.232634447545058958e-17
9.372966589481365610e-18
9.372966028010112439e-18
9.372966028010112439e-18
9.372966028010112439e-18
8.540162656551607562e-18
8.540162656045836788e-18
8.540162656045836788e-18
8.540162656045836788e-18
8.540148636787027973e-18
8.540148636787027973e-18
8.540148636787027973e-18
8.540148636787027973e-18
8.540148636723765026e-18
8.540148636723566270e-18
8.452641093841018981e-18
8.452641093841018981e-18
8.452641093841018981e-18
8.452641093841018981e-18
8.452641093841018981e-18
8.452641093841018981e-18
8.044979025989485701e-18
8.044979025989485701e-18
5.323428634174992174e-18
5.320462316360615481e-18
5.320462316360615481e-18
5.320462316360615481e-18
3.250597110720014779e-18
3.250593740536666106e-18
3.250593740536666106e-18
3.250593740536666106e-18
3.250593740536666106e-18
3.250593738221347794e-18
3.250593738221347794e-18
3.250493157260096020e-18
2.723601845683999311e-18
2.723601845683999311e-18
2.723601842095921336e-18
2.723601842095921336e-18
2.723601842095921336e-18
2.723601842095920565e-18
2.613281478223197319e-18
2.613281478223197319e-18
2.613281478221039508e-18
2.613281478221039508e-18
2.613281030482659107e-18
2.613281030482659107e-18
2.249824175867594409e-18
2.249824175867594409e-18
2.249824175867594409e-18
2.236372344884596789e-18
2.236372344884596404e-18
1.294487624700390398e-18
1.293687719819404260e-18
1.293687719819309889e-18
1.293660070370682541e-18
1.293660070370682541e-18
1.293660070370682541e-18
8.864114765036197497e-19
8.864114533280548160e-19
8.864114533280548160e-19
8.013788785896874148e-19
8.013788785704612413e-19
8.013788785704612413e-19
8.013765551022036108e-19
8.013765550801721278e-19
8.013765550801721278e-19
8.013765550801721278e-19
8.013765550801721278e-19
8.013765550801721278e-19
8.013765550801721278e-19
8.013765550801721278e-19
8.013765550801721278e-19
7.899061718877710122e-19
7.899061718877710122e-19
7.899061718877710122e-19
7.899061718877656196e-19
7.899061718877656196e-19
7.899061718877656196e-19
7.634921531419600128e-19
5.581486292118183995e-19
5.581486292118183995e-19
5.579454785519469124e-19
3.216474194240110170e-19
3.216474194240110170e-19
3.216472303851437792e-19
3.216472296650867694e-19
3.216472296650867694e-19
3.216197346951931788e-19
2.481995978317898398e-19
2.481995978317898398e-19
2.481995978317898398e-19
2.481995976846563995e-19
2.481995976846563995e-19
2.481995976846563995e-19
2.481995976846563995e-19
2.481995976846562069e-19
2.365134071467278182e-19
2.365134071467278182e-19
2.365134071466637810e-19
2.365134071466637810e-19
2.365133298179048157e-19
2.108845196468740708e-19
2.101583912803370161e-19
2.101583912801293768e-19
2.101583912801293768e-19
2.094875505512722401e-19
1.304267504746489103e-19
1.304267504746489103e-19
1.304267504746489103e-19
1.304267504746489103e-19
1.304267504746489103e-19
1.304250470792141497e-19
8.269574972783241254e-20
8.269574972783241254e-20
8.269574851331796271e-20
7.071402748584196452e-20
7.071402748584196452e-20
7.071402748584196452e-20
7.071350601421811816e-20
7.071350601421811816e-20
7.071350601359089093e-20
7.071350600798378664e-20
7.071350600798378664e-20
7.071350600798378664e-20
7.071350600798378664e-20
7.071350600798378664e-20
7.071350600798378664e-20
7.071350600798378664e-20
6.942441195212853841e-20
6.942441195212853841e-20
6.942441195212853841e-20
6.942441195212853841e-20
6.942441195212853841e-20
6.942441195212840600e-20
6.942441195212840600e-20
6.942441195212840600e-20
6.803282231155796707e-20
5.165885033449659507e-20
5.164861673173582905e-20
5.164861673173582905e-20
3.035067782352272773e-20
3.035067763631892463e-20
3.035066639428723753e-20
3.034499399961425921e-20
2.192734642607483582e-20
2.192734642607483582e-20
2.192734642607483582e-20
2.192734642607483582e-20
2.192734642607483582e-20
2.192734642607473351e-20
2.192734642040201519e-20
2.192734642040201519e-20
2.192734642040201519e-20
2.025609420070883636e-20
2.025609420070883636e-20
2.025609420070701877e-20
2.025609420070701877e-20
2.025607583459315311e-20
2.025607583451677194e-20
2.014728380439819216e-20
1.866514069528989630e-20
1.866514069528989630e-20
1.862899544083935562e-20
1.160291163270780532e-20
1.160291163270780532e-20
1.160291163270780532e-20
1.160291163270780532e-20
1.160282238433252118e-20
1.160282238433252118e-20
7.270908218199168104e-21
7.270908218199168104e-21
7.270908166057854334e-21
7.270908166057854334e-21
5.950306936457284468e-21
5.950306936457284468e-21
5.950306936457284468e-21
5.950306936457284468e-21
5.950215974789570268e-21
5.950215974789570268e-21
5.950215973567615866e-21
5.950215973567615866e-21
5.950215973567615866e-21
5.950215973547990189e-21
5.950215973547990189e-21
5.950215973547990189e-21
5.763457432108262796e-21
5.763457432108262796e-21
5.763457432108262796e-21
5.763457432108262796e-21
5.763457432108261291e-21
5.763457432108261291e-21
5.763457432108257529e-21
5.763457432108257529e-21
5.763457432108257529e-21
5.696755514060862954e-21
4.619662170582050399e-21
4.619662170582050399e-21
4.619080134089153520e-21
2.553158560157708174e-21
2.553158507142831702e-21
2.552347848927217832e-21
2.552347848927217832e-21
2.552347393354318811e-21
1.809601874109463640e-21
1.809601874109463640e-21
1.809601874109430915e-21
1.809601873918833816e-21
1.809601873918833816e-21
1.809601873918833816e-21
1.809601873918833816e-21
1.631728200892317488e-21
1.631728200892317488e-21
1.631728200892317488e-21
1.631725029185815579e-21
1.631725029185764798e-21
1.631725029185764798e-21
1.631725029169218539e-21
1.631725029169218539e-21
1.615846137854840673e-21
1.540911282740867586e-21
1.026634840465122402e-21
1.025975359274315770e-21
1.025975359274315770e-21
1.025970989421310552e-21
1.025970989421310552e-21
5.802817038284356213e-22
5.802817038284356213e-22
5.802817038284356213e-22
5.802817038284356213e-22
5.802817038284356213e-22
5.802817038284356213e-22
5.802817038284356213e-22
5.802817038284356213e-22
5.802817038284356213e-22
5.802817020700696695e-22
4.663604324094938612e-22
4.663604324094938612e-22
4.663478790124669489e-22
4.663478786804916396e-22
4.663478786804916396e-22
4.663478786804916396e-22
4.663478786804916396e-22
4.663478786799148951e-22
4.663478786799148951e-22
4.467650895125342021e-22
4.467650895125340140e-22
4.467650895125340140e-22
4.467650895125340140e-22
4.467650895125340140e-22
4.467650895125340140e-22
4.467650895125340140e-22
3.865673070901625569e-22
3.842888606227832070e-22
3.842888606227832070e-22
3.842888047982746029e-22
2.178390795742212183e-22
2.178390795742212183e-22
2.178330019683600116e-22
2.178330019683600116e-22
2.176632787872311740e-22
1.387089284639969517e-22
1.387089227948197168e-22
1.387089227948118880e-22
1.387089227948118880e-22
1.387089227948118880e-22
1.387089227888987047e-22
1.232394825314550573e-22
1.232394825314550573e-22
1.232394825314550573e-22
1.232394825314550573e-22
1.232394825314550573e-22
1.232390428787397852e-22
1.232390428787397852e-22
1.232390428742124628e-22
1.232390428742112638e-22
1.232390428742112638e-22
1.215431248335086202e-22
1.177523100682719730e-22
8.618108977135092450e-23
8.614685497990992499e-23
8.614685497990992499e-23
8.614685497990992499e-23
4.716135086116500672e-23
4.716135086116500672e-23
4.716131055074383468e-23
4.716131055074383468e-23
4.716131055074383468e-23
4.716131055074383468e-23
4.716131055074383468e-23
4.716131055074383468e-23
4.716131055074383468e-23
4.716131055074383468e-23
4.716131055074383468e-23
3.478194137169328474e-23
3.478194130503367435e-23
3.478194127390504992e-23
3.478194127390504992e-23
3.477978002619736934e-23
3.477978002619736934e-23
3.477978002619736934e-23
3.477978002619736934e-23
3.477978002618272268e-23
3.477978002618267566e-23
3.300249555925291306e-23
3.300249555925291306e-23
3.300249555925291306e-23
3.300249555925291306e-23
3.300249555925291306e-23
3.300249555925291306e-23
3.300249555925291306e-23
2.965755837522147639e-23
2.965754929722491150e-23
2.955581379338389888e-23
2.955581379338389888e-23
1.802923171400383424e-23
1.802893705083315253e-23
1.800166909154220918e-23
1.800166909154220918e-23
1.800166909154220918e-23
1.800166909153131528e-23
1.075811282752820522e-23
1.075811259545426111e-23
1.075811259545426111e-23
1.075811259545426111e-23
9.035553679655320657e-24
9.035553679536188713e-24
9.035553679536188713e-24
9.035553679536188713e-24
9.035473926984883857e-24
9.035473926984883857e-24
9.035473926984883857e-24
9.035473926026782492e-24
9.035473926026782492e-24
9.035473926026756044e-24
8.871304326815467788e-24
8.871304326815467788e-24
8.871304326815467788e-24
8.871304326815467788e-24
8.871304326815467788e-24
8.703684702395584859e-24
6.702719749908577609e-24
6.702719749908577609e-24
6.701236200530978529e-24
6.701236200530978529e-24
6.701236200530978529e-24
3.745776295658041192e-24
3.745776295658041192e-24
3.745774452834378526e-24
3.745774452834378526e-24
3.745774452834378526e-24
3.745774452834378526e-24
3.745774421516919010e-24
3.745774421516919010e-24
2.595677503674041393e-24
2.595357919479995007e-24
2.595357919479995007e-24
2.595357919479995007e-24
2.595357918479973310e-24
2.595357918479973310e-24
2.595357918479973310e-24
2.595357918479973310e-24
2.595357918479953841e-24
2.391361822359854280e-24
2.391361822359854280e-24
2.391361822359538366e-24
2.391361822359538366e-24
2.391359585431079840e-24
2.226412448237791261e-24
2.226412448237791261e-24
2.222040325569696423e-24
2.222040325569696423e-24
2.222040325569696423e-24
2.222040325569696423e-24
1.393926023059623071e-24
1.390453090274725197e-24
1.390453090271738156e-24
1.390440181345203489e-24
1.390440181345203489e-24
1.390440181345203489e-24
8.147781047960794980e-25
8.147781047960794980e-25
8.147780964853642842e-25
6.550589149427286386e-25
6.550589149427286386e-25
6.550589149394960292e-25
6.550471141017538387e-25
6.550471141017538387e-25
6.550471139204048151e-25
6.550471139204048151e-25
6.550471139204048151e-25
6.550471139204048151e-25
6.550471139204048151e-25
6.550471139204048151e-25
6.550471139204048151e-25
6.355692045345558462e-25
6.355692045345558462e-25
6.355692045345558462e-25
6.355692045345553870e-25
6.355692045345553870e-25
6.355692045345553870e-25
6.284844367213413611e-25
5.171648457366900636e-25
5.171648457366900636e-25
5.171648457366898800e-25
5.170968809643809326e-25
5.170968809643809326e-25
2.818182618695122371e-25
2.818181943627557664e-25
2.818181943627557664e-25
2.818181866995049992e-25
2.818181866995049992e-25
2.817141038802022595e-25
1.889302511166598215e-25
1.889302511166598215e-25
1.889302511166598215e-25
1.889302511166598215e-25
1.889302510870188820e-25
1.889302510870188820e-25
1.889302510870188820e-25
1.889302510870136014e-25
1.889302510870136014e-25
1.699450718436488946e-25
1.699450718436412722e-25
1.699450718436412722e-25
1.699450718436412722e-25
1.699447340644739680e-25
1.623910201040449697e-25
1.610870589485739494e-25
1.610870589468331846e-25
1.609024366063930016e-25
1.094712052411317738e-25
1.094712052411317738e-25
1.094712052411317738e-25
1.094712052411317738e-25
1.094712052411317738e-25
1.094706672371490898e-25
1.094706672371490898e-25
5.969686714955646429e-26
5.969686714955646429e-26
5.969686688612481679e-26
4.659374827236030047e-26
4.659374827236030047e-26
4.659374827236030047e-26
4.659222772029430071e-26
4.659222767722418770e-26
4.659222767713989993e-26
4.659222767713989993e-26
4.659222767713989993e-26
4.659222767713989993e-26
4.659222767713989993e-26
4.659222767713989993e-26
4.659222767713989993e-26
4.473378241792240739e-26
4.473378241792240739e-26
4.473378241792240739e-26
4.473378241792240739e-26
4.473378241792240739e-26
4.473378241792239018e-26
4.473378241792239018e-26
4.473378241792236722e-26
4.443173271076495434e-26
3.881444108016217007e-26
3.881444108016217007e-26
3.881179815600359212e-26
3.881179815600359212e-26
2.225357641753344719e-26
2.225357641753344719e-26
2.225357477974517227e-26
2.225357218236489084e-26
2.223537644166388716e-26
1.368730498157300184e-26
1.368730498157300184e-26
1.368730498157300184e-26
1.368730498157300184e-26
1.368730498157177067e-26
1.368730498157177067e-26
1.368730498071816834e-26
1.368730498071816834e-26
1.368730498071816834e-26
1.368730498071816834e-26
1.206253988156144096e-26
1.206253988156144096e-26
1.206253988156127307e-26
1.206253988156127307e-26
1.206249439248784485e-26
1.206249439200320741e-26
1.191732754754141388e-26
1.157316941671717783e-26
1.157316941671717783e-26
1.156627599045591079e-26
8.601233101805123394e-27
8.601233101805123394e-27
8.601233101805123394e-27
8.601212258219301041e-27
4.686902077297817718e-27
4.686902077297817718e-27
4.686902077297817718e-27
4.686902077297817718e-27
4.686902067938701593e-27
4.686902067938701593e-27
3.406081649692381470e-27
3.406081649692381470e-27
3.406081649692381470e-27
3.406081649692381470e-27
3.405837222163729775e-27
3.405837213750238014e-27
3.405837213750238014e-27
3.405837213750238014e-27
3.405837213750238014e-27
3.405837213748147321e-27
3.405837213748147321e-27
3.405837213748147321e-27
3.234336531963876223e-27
3.234336531963876223e-27
3.234336531963869766e-27
3.234336531963869766e-27
3.234336531963869766e-27
3.234336531963869766e-27
3.234336531963869766e-27
3.234336531963869766e-27
2.935148795997100927e-27
2.925271296863787940e-27
2.925271296863787940e-27
1.816537042962016601e-27
1.816501001750210416e-27
1.816500680443968485e-27
1.816500680443968485e-27
1.813810206197372577e-27
1.813810206197372577e-27
1.813810104881480758e-27
1.075592808677313401e-27
1.075592808676888483e-27
1.075592808676888483e-27
1.075592808651231941e-27
1.075592808651231941e-27
1.075592808651231941e-27
9.055160118465876321e-28
9.055160118465876321e-28
9.055160118465876321e-28
9.055080305995355054e-28
9.055080305995317388e-28
9.055080305995317388e-28
9.055080304962591360e-28
9.055080304962591360e-28
8.906987925085434452e-28
8.751559211618523787e-28
6.915464351062239090e-28
6.913826039681502481e-28
3.907646521584222458e-28
3.907644041288044120e-28
3.907644041288044120e-28
3.907644041288044120e-28
3.907644041288044120e-28
3.907644041288044120e-28
3.907644041288044120e-28
3.907644041288044120e-28
3.907644041288044120e-28
3.907644041288044120e-28
3.907644041288044120e-28
3.907644038047518776e-28
3.907644038047518776e-28
2.715818079789596907e-28
2.715451416751281992e-28
2.715451400093182153e-28
2.715451400093182153e-28
2.715451400093182153e-28
2.715451400093182153e-28
2.715451400093182153e-28
2.715451400092635534e-28
2.715451400092635534e-28
2.520598353535698390e-28
2.520598353535677314e-28
2.520598353535677314e-28
2.520598353535677314e-28
2.520598353535677314e-28
2.520598353535677314e-28
2.520598353535677314e-28
2.364687889346514199e-28
2.364687889346514199e-28
2.360186526234724814e-28
2.360184712464361092e-28
1.550306640675448133e-28
1.550306640675448133e-28
1.550290183321542346e-28
1.550290183321542346e-28
1.546520556715009080e-28
1.546520556711329607e-28
9.123045495918566521e-29
9.123045369776322172e-29
9.123045369776322172e-29
9.123045369776322172e-29
9.123045369776322172e-29
7.426432280550637282e-29
7.426432280499571724e-29
7.426432280499571724e-29
7.426432280499571724e-29
7.426303522599549209e-29
7.426303522599549209e-29
7.426303522599549209e-29
7.426303520402525093e-29
7.426303520402517246e-29
7.241677314983281503e-29
7.241677314983281503e-29
7.167394894496459661e-29
6.043979031834564341e-29
6.043186190185034397e-29
6.043186190185034397e-29
6.043186190185034397e-29
3.483022622543999016e-29
3.483022622543999016e-29
3.483022622543999016e-29
3.483021594326476087e-29
3.483021594326476087e-29
3.483021594326476087e-29
3.483021594326476087e-29
3.483021594326476087e-29
3.483021594326476087e-29
3.483021594326476087e-29
2.361490907860958839e-29
2.361490864903996348e-29
2.360936148479428613e-29
2.360936147981443012e-29
2.360936147981443012e-29
2.360936147981443012e-29
2.360936147981443012e-29
2.360936147981367062e-29
2.150513220440351108e-29
2.150513220440351108e-29
2.150513220440351108e-29
2.150513220440240686e-29
2.150513220440240686e-29
2.150513220440240686e-29
2.150509550639995383e-29
2.065452488121919210e-29
2.065452488121919210e-29
2.063246906048033644e-29
2.063246906048033644e-29
2.063246906048033644e-29
1.475074293677801181e-29
1.475074293677801181e-29
1.468524146880033818e-29
1.468516413679285268e-29
1.468516413668523576e-29
1.468516413668523576e-29
8.462790467501147270e-30
8.462790467501147270e-30
8.462790420298042760e-30
8.462790420298042760e-30
6.714557670296532990e-30
6.714557670282892751e-30
6.714345770350308094e-30
6.714345770350308094e-30
6.714345770350308094e-30
6.714345764195396059e-30
6.714345764195396059e-30
6.494236761432188316e-30
6.494236761432186915e-30
6.494236761432186915e-30
6.494236761432186915e-30
6.494236761432186915e-30
6.494236761432186915e-30
6.494236761432186915e-30
6.455274828813225329e-30
5.741823859751447901e-30
5.741447243509304331e-30
5.741447243509304331e-30
5.741447243509301528e-30
3.547849018735731071e-30
3.547849018735731071e-30
3.547848553806380411e-30
3.547848553806380411e-30
3.547848309968259125e-30
3.547848309968259125e-30
3.547848309968259125e-30
3.545385959459248332e-30
2.296507271883785607e-30
2.296507271883785607e-30
2.296507271883785607e-30
2.296507271728775372e-30
2.296507271728775372e-30
2.296507271728775372e-30
2.296507271728775372e-30
2.296507271728539954e-30
2.054756995572142775e-30
2.054756995572124559e-30
2.054756995572124559e-30
2.054756995572124559e-30
2.054756995572124559e-30
2.054750216598304215e-30
2.003127622188013153e-30
2.002028318783286795e-30
1.984154036962665379e-30
1.541501729654890290e-30
1.541501729613875159e-30
1.541501729613875159e-30
1.541501729613875159e-30
1.541501729613875159e-30
1.541498013102505508e-30
1.541498013102505508e-30
9.128844636964210222e-31
9.128844636964210222e-31
9.128844636964210222e-31
9.128844618855641799e-31
6.929905539356353683e-31
6.929905539356353683e-31
6.929905539356353683e-31
6.929462886125625071e-31
6.929462886122995009e-31
6.929462869702823080e-31
6.929462869702823080e-31
6.929462869702823080e-31
6.929462869702823080e-31
6.929462869702823080e-31
6.641326699083802788e-31
6.641326699083802788e-31
6.641326699083802788e-31
6.641326699083802788e-31
6.641326699083802788e-31
6.641326699083802788e-31
6.641326699083789651e-31
6.619581502854321855e-31
6.107238551908936699e-31
6.107238551908936699e-31
6.107238551908936699e-31
6.107052255637179630e-31
4.084746531536649228e-31
4.084746531536649228e-31
4.084745872540800220e-31
4.084745669370142469e-31
4.079876179048648514e-31
4.079876179048648514e-31
2.614918455741288022e-31
2.614918455741288022e-31
2.614918455741288022e-31
2.614918455740223911e-31
2.614918455703775700e-31
2.614918455703775700e-31
2.614918455703775700e-31
2.614918455703775700e-31
2.270676721443845804e-31
2.270676721443845804e-31
2.270676721443844491e-31
2.270676721443844491e-31
2.270660468488293363e-31
2.270660468488293363e-31
2.270660468264830486e-31
2.242185179849175729e-31
2.209031329846584720e-31
2.208445292067311046e-31
1.823593580826553479e-31
1.823593580826553479e-31
1.823593580826553479e-31
1.823591865429052523e-31
1.129341592260750626e-31
1.129341592260750626e-31
1.129341592260750626e-31
1.129341591758061953e-31
8.354300045111796297e-32
8.354300045111796297e-32
8.353337203109781767e-32
8.353337154340586181e-32
8.353337154340586181e-32
8.353337154340586181e-32
8.353337154340586181e-32
8.353337154340586181e-32
8.353337154340403355e-32
8.353337154340403355e-32
8.353337154340403355e-32
7.886277547518862578e-32
7.886277547518862578e-32
7.886277547518862578e-32
7.886277547518800176e-32
7.886277547518800176e-32
7.886277547518800176e-32
7.486381013358136578e-32
7.474235506904439587e-32
7.474235506904439587e-32
7.474235506904439587e-32
7.474235506904439587e-32
7.474143404075342638e-32
5.336236844639693589e-32
5.336234632619513370e-32
5.325892356771142691e-32
5.325892294128858029e-32
3.430833618743067028e-32
3.430833618743067028e-32
3.430833618743067028e-32
3.430833618738461354e-32
3.430833618738461354e-32
3.430833618735461699e-32
2.911665539621871375e-32
2.911665539621871375e-32
2.911665539621871375e-32
2.911665539621871375e-32
2.911625542596847472e-32
2.911625542596847472e-32
2.911625542596847472e-32
2.911625541845890530e-32
2.911625541845890530e-32
2.858887163308830899e-32
2.835063000053358257e-32
2.476270530330106264e-32
2.476027280830966423e-32
1.595167697532614364e-32
1.595167697532614364e-32
1.595167459468954144e-32
1.595167459468954144e-32
1.595167459468954144e-32
1.595167459468954144e-32
1.595167459468954144e-32
1.595167459421002368e-32
1.159795244874280609e-32
1.159795244874280609e-32
1.159795244874280609e-32
1.159564002103807625e-32
1.159563983610080550e-32
1.159563983610080550e-32
1.159563983610080550e-32
1.159563983610080550e-32
1.159563983610080550e-32
1.159563983610080550e-32
1.159563983610080277e-32
1.079969770581642976e-32
1.079969770581613691e-32
1.079969770581613691e-32
1.079969770581613691e-32
1.046348924517175678e-32
1.045564388805238329e-32
1.045564388805238329e-32
1.045563117419533833e-32
8.043893973666394197e-33
8.043893973666394197e-33
8.043874619964464956e-33
8.043874619964464956e-33
8.017279890291905768e-33
8.017279890291905768e-33
5.171836677677702903e-33
5.171836677656300258e-33
5.171836674832161103e-33
5.171836674832161103e-33
5.171836674832161103e-33
5.171836674832161103e-33
4.298936935548963893e-33
4.298936935548949524e-33
4.298828286212400031e-33
4.298828286212400031e-33
4.298828282991233609e-33
4.298828282991233609e-33
4.298828282991233609e-33
4.196366172313482115e-33
4.196366172313482115e-33
4.196366172313482115e-33
4.179333375136670743e-33
3.820815772168795669e-33
3.820710683169965334e-33
2.624333332237918282e-33
2.624333332237918282e-33
2.624333332237918282e-33
2.624333301427226833e-33
2.624333301427226148e-33
2.624333301427226148e-33
2.624333301427226148e-33
2.624333301427226148e-33
2.624333301427226148e-33
1.863020061441641221e-33
1.863019989966854720e-33
1.862343855109708634e-33
1.862343855109708634e-33
1.862343855109505761e-33
1.862343855109505761e-33
1.862343855109505761e-33
1.862343855109505761e-33
1.709487047466146114e-33
1.709487047465995926e-33
1.709487047465995926e-33
1.709487047465995926e-33
1.709487047465995926e-33
1.709487047465995926e-33
1.709482812303029017e-33
1.681229021261352108e-33
1.681229021261352108e-33
1.680861306232042276e-33
1.680861306232042276e-33
1.387133620661749171e-33
1.380056062761855580e-33
1.380055790370009015e-33
1.380055790340018628e-33
1.380055790340018628e-33
1.380055790340018628e-33
9.159519587118808844e-34
9.159519587091325125e-34
9.159519587091325125e-34
7.398959637884069756e-34
7.398959637884069756e-34
7.398959637884069756e-34
7.398959637884069756e-34
7.398594896719813498e-34
7.398594896719813498e-34
7.398594882434861147e-34
7.170955534356493429e-34
7.170955534356493429e-34
7.170955534356493429e-34
7.170955534356493429e-34
7.170955534356493429e-34
7.161904810062656159e-34
6.800584565815620069e-34
6.800584565815620069e-34
6.800584565815620069e-34
6.800568646807402269e-34
6.800568646807391150e-34
5.013391415494983397e-34
5.013391415494983397e-34
5.013391415494983397e-34
5.013391415146140990e-34
5.013390770149757871e-34
5.013390770149757871e-34
5.009003335644808914e-34
3.534194685445115612e-34
3.534194685445115612e-34
3.534194685445115612e-34
3.534194685445115612e-34
3.534194685443853639e-34
3.534194685443853639e-34
3.534194685443853639e-34
3.177437770407247802e-34
3.177437770407247802e-34
3.177437770407247802e-34
3.177437770407247802e-34
3.177421188381106176e-34
3.177421188381106176e-34
3.159512915134024722e-34
3.159450806383630060e-34
3.131815872385537902e-34
2.770622459247314167e-34
2.770622459066341910e-34
2.770622459066341910e-34
2.770622455660253098e-34
2.770622455660253098e-34
1.914869362838663392e-34
1.914869362838663179e-34
1.914869362838663179e-34
1.512366213368060305e-34
1.512366213368060305e-34
1.512229595460572687e-34
1.512229595460572687e-34
1.512229595460572687e-34
1.512229588023741299e-34
1.512229588023741299e-34
1.449978760463819093e-34
1.449978760463819093e-34
1.449978760463819093e-34
1.449978760463819093e-34
1.449978760463819093e-34
1.449978760463819093e-34
1.449978760463819093e-34
1.449978760463809258e-34
1.449801620406832061e-34
1.422048331871530214e-34
1.422048331871530214e-34
1.422048310276507153e-34
1.141009556507963209e-34
1.141009556507963209e-34
1.141009556507963209e-34
1.141009177874356220e-34
1.141009177874352371e-34
1.139293504671007823e-34
8.040292739095940656e-35
8.040292739095940656e-35
8.040292739095940656e-35
8.040292739095940656e-35
8.040292739086164752e-35
8.040292739086164752e-35
7.073612032152405151e-35
7.073612032152405151e-35
7.073612032152405151e-35
7.073612032152405151e-35
7.073538355292337771e-35
7.073538353822388811e-35
6.982268292161816603e-35
6.978112420578232381e-35
6.978111480644142778e-35
6.628723396135708637e-35
6.628723396135708637e-35
6.628723396135708637e-35
6.628723396135708637e-35
6.628723396135292755e-35
4.898221595175009881e-35
4.898221595175009881e-35
3.770511430648956516e-35
3.770511430648956516e-35
3.769870011925633845e-35
3.769869959547284746e-35
3.769869959547284746e-35
3.769869959547284746e-35
3.769869959547284746e-35
3.769869959547284746e-35
3.769869959547284746e-35
3.769869959547284746e-35
3.769869959547284746e-35
3.565695564776723178e-35
3.565695564776723178e-35
3.565695564776634976e-35
3.565695564776634976e-35
3.565695564776634976e-35
3.557530620102205763e-35
3.557527311504774348e-35
3.557527311504774348e-35
3.199758819791777049e-35
3.199758819789441053e-35
3.199758819789441053e-35
3.199756150213836929e-35
3.190840023803999064e-35
3.190840023803999064e-35
2.302386520919259970e-35
2.302386520919259970e-35
2.302386520909270512e-35
2.302386520909270512e-35
2.302386520909270512e-35
1.964622848930318268e-35
1.964622848930318268e-35
1.964579916643079815e-35
1.964579916643079815e-35
1.964579916643079815e-35
1.964579915358044210e-35
1.927147774626751713e-35
1.927147774626751713e-35
1.927137946835639961e-35
1.913817389244350807e-35
1.913817389229241133e-35
1.614915859670016041e-35
1.614915859670016041e-35
1.614915859670016041e-35
1.614915859670015506e-35
1.218048788737139434e-35
1.218048788737139434e-35
1.218048788737139434e-35
1.218048788737139434e-35
1.218048788737139434e-35
1.217605964955526899e-35
1.217605915968630232e-35
1.217605915968630232e-35
1.217605915968630232e-35
1.217605915968630232e-35
1.217605915968630232e-35
1.217605915968630232e-35
1.126109602497956872e-35
1.126109602497848625e-35
1.126109602497848625e-35
1.126109602497848625e-35
1.126084279660678677e-35
1.126084279589830901e-35
1.126081781943801178e-35
1.107342314604353261e-35
1.107342314604353261e-35
1.101642748137628912e-35
1.101642748137628912e-35
1.101642748137628912e-35
8.871696197588592956e-36
8.871696197420504120e-36
8.871696197420504120e-36
8.871696197420504120e-36
7.278480527704765703e-36
7.278480527704765703e-36
7.278480527704765703e-36
7.278090641560854252e-36
7.278090625749169787e-36
7.278090625749169787e-36
7.055060423540249009e-36
7.055060423540249009e-36
7.055060420725327962e-36
7.054502751454283438e-36
7.054502751454283438e-36
6.831639779589557084e-36
6.831639779589557084e-36
6.831639779589557084e-36
6.831639779589557084e-36
6.831639779589543721e-36
6.831639779589543721e-36
6.831639779589543721e-36
5.464834974098577808e-36
5.464834974098577808e-36
5.464834228676216896e-36
5.460067731390378625e-36
5.460067731390378625e-36
5.460067731390378625e-36
5.460067731390378625e-36
5.460067731390378625e-36
5.460067731390378625e-36
4.873368962448138936e-36
4.873368962445839022e-36
4.873368962445839022e-36
4.873368962445839022e-36
4.873338010328068960e-36
4.873338000192443368e-36
4.873338000192443368e-36
4.873338000192443368e-36
4.872230967925042993e-36
4.823987477682589431e-36
4.823987477682589431e-36
4.823987477237024853e-36
4.591573640195407346e-36
4.591573640195407346e-36
4.591573640195407346e-36
4.591573640195407346e-36
3.808628467626822235e-36
3.808057361854938461e-36
3.808057361854938461e-36
3.808057361854938461e-36
3.808057329156114495e-36
3.610717762302846291e-36
3.610717762302846291e-36
3.610717762302846291e-36
3.610717762302846291e-36
3.610717731082814261e-36
3.610717731082814261e-36
3.610717731082814261e-36
3.610717731082814261e-36
3.610717731082774170e-36
3.608848301197496930e-36
3.608848301197496930e-36
3.608848301197496930e-36
3.608848301197496930e-36
3.608848301197496930e-36
3.608846150249813910e-36
3.599729231938006145e-36
3.386339449288107945e-36
3.386339449288107945e-36
3.386339449288107945e-36
3.386339449278149892e-36
3.386339449278149892e-36
2.982283690102931957e-36
2.982283690102931957e-36
2.982283690102931957e-36
2.982221676315091233e-36
2.982221676315091233e-36
2.982221676315091233e-36
2.923098237949834078e-36
2.923098237949834078e-36
2.923098152810668908e-36
2.923098151574816918e-36
2.923098151574816918e-36
2.923098151574816918e-36
2.920319280148633704e-36
2.920319280148633704e-36
2.748490996689086516e-36
2.747184789157155370e-36
2.747184789157154702e-36
2.747184676555342826e-36
2.563760545809720187e-36
2.563760545809720187e-36
2.563760545809720187e-36
2.563760545809720187e-36
2.563760545809720187e-36
2.563760545809720187e-36
2.563760545809720187e-36
2.563760545809538105e-36
2.563760545809538105e-36
2.563760545809538105e-36
2.563760545809538105e-36
2.563760545809538105e-36
2.563760344280051390e-36
2.563760344280051390e-36
2.563760344280051390e-36
2.563754536481262696e-36
2.548602879113872388e-36
2.545080165026892177e-36
2.545080165026892177e-36
2.545080165026892177e-36
2.545080164984399227e-36
2.426915717594997399e-36
2.426915717594997399e-36
2.426915717594997399e-36
2.426735307007968229e-36
2.426735301371993811e-36
2.356360922791686696e-36
2.356360922791686696e-36
2.356360922791686696e-36
2.356360922791686696e-36
2.356360922791686696e-36
2.356360922791686696e-36
2.356360536500349114e-36
2.352678612613362705e-36
2.352678612613359364e-36
2.349518931793302236e-36
2.349518491144788431e-36
2.349518491144788431e-36
2.349518491144788431e-36
2.349518491144788431e-36
2.349518491144788431e-36
2.349518491144788431e-36
2.349518491144788431e-36
2.282731233304463496e-36
2.282731233304463496e-36
2.282731233303371672e-36
2.282731233303371672e-36
2.282731233303371672e-36
2.282731233303371672e-36
2.282731233303371672e-36
2.282731233303371338e-36
2.282711005489845994e-36
2.282711005489845994e-36
2.282711005489845994e-36
2.260993706034075462e-36
2.260993112686665322e-36
2.260993112686665322e-36
2.260993112464766382e-36
2.260993112464766382e-36
2.257963080516213087e-36
2.257963080516213087e-36
2.257447150240725274e-36
2.257447150240725274e-36
2.257447124147713458e-36
2.257447124147713458e-36
2.227851803620446797e-36
2.227851803620446797e-36
2.227851803620446797e-36
2.227851803620446797e-36
2.227851803620446463e-36
2.227851803620446463e-36
2.227851803620423410e-36
2.227851099122660637e-36
2.227851099122660637e-36
2.227851099122660637e-36
2.222714855939197653e-36
2.222714855939197653e-36
2.222713123383548190e-36
2.222713123383548190e-36
2.222713123383548190e-36
2.222713123383548190e-36
2.222713123383548190e-36
2.220806106733466810e-36
2.220806106726630212e-36
2.220806106726630212e-36
2.220806106726630212e-36
2.220806106726630212e-36
2.220806106726630212e-36
2.220806106726630212e-36
2.220742847509723487e-36
2.220742847509723487e-36
2.220742847509723487e-36
2.210864490000520400e-36
2.210864490000520400e-36
2.210864488865387873e-36
2.210864488865386871e-36
2.210864488865386871e-36
2.210863868865007010e-36
2.210863868865007010e-36
2.209966484953373358e-36
2.209966375091774079e-36
2.209966375091774079e-36
2.209075091786518292e-36
2.209075091786518292e-36
2.209075091786518292e-36
2.209075091786518292e-36
2.209075091786518292e-36
2.209075091786518292e-36
2.209075091786366947e-36
2.209075091786366947e-36
2.209075091786366947e-36
2.209075091786366947e-36
2.209075091786366947e-36
2.209069437060681358e-36
2.209069437060680022e-36
2.206651819207079198e-36
2.206651819207079198e-36
2.206651819207079198e-36
2.206651819207079198e-36
2.206651819207079198e-36
2.206651819170968476e-36
2.206651417135219583e-36
2.206651417135219583e-36
2.206651417135219583e-36
2.206538089960247770e-36
2.206538089960247770e-36
2.206538089960247770e-36
2.206538089960247770e-36
2.206234219941422886e-36
2.206234214975374604e-36
2.206234214975374604e-36
2.206234214975374604e-36
2.206234214975374604e-36
2.206234214975373602e-36
2.205806830746608321e-36
2.205806830746605982e-36
2.205806469102731459e-36
2.205806469102731459e-36
2.205806279261256180e-36
2.205806279261256180e-36
2.205806279261256180e-36
2.205806279261256180e-36
2.205806279261256180e-36
2.205806279260448671e-36
2.205806279260448671e-36
2.205806279260448671e-36
2.205806279260448671e-36
2.205806279260448671e-36
2.205806279260448671e-36
2.205796048723619130e-36
2.205721186812859496e-36
2.205721186812859496e-36
2.205721186812859496e-36
2.205721186812859496e-36
2.205721186654347844e-36
2.205721186654347844e-36
2.205721186654347509e-36
2.205721186654347509e-36
2.205721186654347509e-36
2.205721186654347509e-36
2.205667042910924091e-36
2.205667042910924091e-36
2.205666978011416690e-36
2.205666961610833958e-36
2.205666961610833958e-36
2.205666961610833958e-36
2.205666961610833958e-36
2.205666961610833958e-36
2.205666961610833958e-36
2.205666961610821263e-36
2.205653706690258629e-36
2.205653050552906498e-36
2.205653050552906498e-36
2.205653050552906498e-36
2.205653050552906498e-36
2.205653050552906498e-36
2.205653050552906498e-36
2.205653050552906498e-36
2.205653050552906498e-36
2.205653050549358069e-36
2.205653050549358069e-36
2.205653050549358069e-36
2.205653050549358069e-36
2.205648159433565804e-36
2.205648143435992558e-36
2.205648143435992558e-36
2.205648143435992558e-36
2.205648143435992558e-36
2.205648143435992558e-36
2.205648142912267320e-36
2.205648142912267320e-36
2.205648142912267320e-36
2.205648142912267320e-36
2.205648142912267320e-36
2.205646463217734080e-36
2.205646433458263726e-36
2.205646433458263726e-36
2.205646433458263392e-36
2.205646433458263392e-36
2.205646433458207932e-36
2.205646433458207932e-36
2.205646433458207932e-36
2.205646430625457206e-36
2.205646116892044745e-36
2.205646116892044745e-36
2.205646116892044745e-36
2.205646116892044745e-36
2.205646116892044745e-36
2.205646116892044745e-36
2.205646116892044745e-36
2.205646116892044745e-36
2.205646116892044745e-36
2.205646116880321665e-36
2.205646116880321665e-36
2.205646116880321665e-36
2.205645965138039894e-36
2.205645965138039894e-36
2.205645965138039894e-36
2.205645965138039894e-36
2.205645965138039894e-36
2.205645964187704991e-36
2.205645964187704991e-36
2.205645964187704991e-36
2.205645964187704991e-36
2.205645964187704991e-36
2.205645963828727968e-36
2.205645963828727968e-36
2.205645949599091022e-36
2.205645949599090353e-36
2.205645949599090353e-36
2.205645949599090353e-36
2.205645949598907269e-36
2.205645949598907269e-36
2.205645949598907269e-36
2.205645949598907269e-36
2.205645949598907269e-36
2.205645939865585219e-36
2.205645939865585219e-36
2.205645939865585219e-36
2.205645939865585219e-36
2.205645939865585219e-36
2.205645939865585219e-36
2.205645939865585219e-36
2.205645939844312350e-36
2.205645939844312350e-36
2.205645939844312350e-36
2.205645939844312350e-36
2.205645939811883028e-36
2.205645939811883028e-36
2.205645939811883028e-36
2.205645939811883028e-36
2.205645939357475274e-36
2.205645939357475274e-36
2.205645939357475274e-36
2.205645939357475274e-36
2.205645939357475274e-36
2.205645938916012389e-36
2.205645938916010384e-36
2.205645938916010384e-36
2.205645938916010384e-36
2.205645938916010384e-36
2.205645938916010384e-36
2.205645938916010384e-36
2.205645938915677959e-36
2.205645938915677959e-36
2.205645938915677959e-36
2.205645938915677959e-36
2.205645938913597880e-36
2.205645938913597880e-36
2.205645938913597880e-36
2.205645938913597880e-36
2.205645938913597880e-36
2.205645938913597880e-36
2.205645938903426340e-36
2.205645938903426340e-36
2.205645938903426340e-36
2.205645938903426340e-36
2.205645938903426340e-36
2.205645938903426340e-36
2.205645938903426340e-36
2.205645938903426340e-36
2.205645938889328842e-36
2.205645938889328842e-36
2.205645938889328842e-36
2.205645938889328842e-36
2.205645938889324833e-36
2.205645938889324833e-36
2.205645938889230952e-36
2.205645938889230952e-36
2.205645938889230952e-36
2.205645938889230952e-36
2.205645938889230952e-36
2.205645938889071588e-36
2.205645938889071588e-36
2.205645938889071588e-36
2.205645938889071588e-36
2.205645938889071588e-36
2.205645938889071588e-36
2.205645938889071588e-36
2.205645938889071588e-36
2.205645938889071588e-36
2.205645938888756202e-36
2.205645938888756202e-36
2.205645938888756202e-36
2.205645938888756202e-36
2.205645938888756202e-36
2.205645938888756202e-36
2.205645938888756202e-36
2.205645938888753195e-36
2.205645938888753195e-36
2.205645938888753195e-36
2.205645938888751525e-36
2.205645938888751525e-36
2.205645938888751525e-36
2.205645938888751525e-36
2.205645938888751525e-36
2.205645938888751525e-36
2.205645938888751525e-36
2.205645938888751525e-36
2.205645938888751525e-36
2.205645938888751525e-36
2.205645938888746513e-36
2.205645938888746513e-36
2.205645938888746513e-36
2.205645938888746513e-36
2.205645938888746513e-36
2.205645938888746513e-36
2.205645938888746513e-36
2.205645938888746513e-36
2.205645938888746513e-36
2.205645938888746513e-36
2.205645938888746513e-36
2.205645938888746513e-36
2.205645938888746513e-36
2.205645938888746513e-36
2.205645938888746513e-36
2.205645938888746513e-36
2.205645938888746513e-36
2.205645938888746513e-36
2.205645938888746513e-36
2.205645938888746513e-36
2.205645938888746513e-36
2.205645938888746513e-36
2.205645938888746513e-36
2.205645938888746513e-36
2.205645938888746513e-36
2.205645938888746513e-36
2.205645938888746513e-36
2.205645938888746513e-36
2.205645938888746513e-36
2.205645938888746513e-36
2.205645938888746513e-36
2.205645938888746513e-36
2.205645938888746513e-36
2.205645938888746513e-36
2.205645938888746513e-36
2.205645938888746513e-36
2.205645938888746513e-36
2.205645938888746513e-36
2.205645938888746513e-36
2.205645938888746513e-36
2.205645938888746513e-36
2.205645938888746513e-36
2.205645938888746513e-36
2.205645938888746513e-36
2.205645938888746513e-36
2.205645938888746513e-36
2.205645938888746513e-36
2.205645938888746513e-36
2.205645938888746513e-36
2.205645938888746513e-36
2.205645938888746513e-36
2.205645938888746513e-36
2.205645938888746513e-36
2.205645938888746513e-36
2.205645938888746513e-36
2.205645938888746513e-36
2.205645938888746513e-36
2.205645938888746513e-36
2.205645938888746513e-36
2.205645938888746513e-36
2.205645938888746513e-36
2.205645938888746513e-36
2.205645938888746513e-36
2.205645938888746513e-36
2.205645938888746513e-36
2.205645938888746513e-36
2.205645938888746513e-36
2.205645938888746513e-36
2.205645938888746513e-36
2.205645938888746513e-36
2.205645938888746513e-36
2.205645938888746513e-36
2.205645938888746513e-36
2.205645938888746513e-36
2.205645938888746513e-36
2.205645938888746513e-36
2.205645938888746513e-36
2.205645938888746513e-36
2.205645938888746513e-36
2.205645938888746513e-36
2.205645938888746513e-36
2.205645938888746513e-36
2.205645938888746513e-36
2.205645938888746513e-36
2.205645938888746513e-36
2.205645938888746513e-36
2.205645938888746513e-36
2.205645938888746513e-36
2.205645938888746513e-36
2.205645938888746513e-36
2.205645938888746513e-36
2.205645938888746513e-36
2.205645938888746513e-36
2.205645938888746513e-36
2.205645938888746513e-36
2.205645938888746513e-36
2.205645938888746513e-36
2.205645938888746513e-36
2.205645938888746513e-36
2.205645938888746513e-36
2.205645938888746513e-36
2.205645938888746513e-36
2.205645938888746513e-36
2.205645938888746513e-36
2.205645938888746513e-36
2.205645938888746513e-36
2.205645938888746513e-36
2.205645938888746513e-36
2.205645938888746513e-36
2.205645938888746513e-36
2.205645938888746513e-36
2.205645938888746513e-36
2.205645938888746513e-36
2.205645938888746513e-36
2.205645938888746513e-36
2.205645938888746513e-36
2.205645938888746513e-36
2.205645938888746513e-36
2.205645938888746513e-36
2.205645938888746513e-36
2.205645938888746513e-36
2.205645938888746513e-36
2.205645938888746513e-36
2.205645938888746513e-36
2.205645938888746513e-36
2.205645938888746513e-36
2.205645938888746513e-36
2.205645938888746513e-36
2.205645938888746513e-36
2.205645938888746513e-36
2.205645938888746513e-36
2.205645938888746513e-36
2.205645938888746513e-36
2.205645938888746513e-36
2.205645938888746513e-36
2.205645938888746513e-36
2.205645938888746513e-36
2.205645938888746513e-36
2.205645938888746513e-36
2.205645938888746513e-36
2.205645938888746513e-36
2.205645938888746513e-36
2.205645938888746513e-36
2.205645938888746513e-36
2.205645938888746513e-36
2.205645938888746513e-36
2.205645938888746513e-36
2.205645938888746513e-36
2.205645938888746513e-36
2.205645938888746513e-36
2.205645938888746513e-36
2.205645938888746513e-36
2.205645938888746513e-36
2.205645938888746513e-36
2.205645938888746513e-36
2.205645938888746513e-36
2.205645938888746513e-36
2.205645938888746513e-36
2.205645938888746513e-36
2.205645938888746513e-36
2.205645938888746513e-36
2.205645938888746513e-36
2.205645938888746513e-36
2.205645938888746513e-36
2.205645938888746513e-36
2.205645938888746513e-36
2.205645938888746513e-36
2.205645938888746513e-36
2.205645938888746513e-36
2.205645938888746513e-36
2.205645938888746513e-36
2.205645938888746513e-36
2.205645938888746513e-36
2.205645938888746513e-36
2.205645938888746513e-36
2.205645938888746513e-36
2.205645938888746513e-36
2.205645938888746513e-36
2.205645938888746513e-36
2.205645938888746513e-36
2.205645938888746513e-36
2.205645938888746513e-36
2.205645938888746513e-36
2.205645938888746513e-36
2.205645938888746513e-36
2.205645938888746513e-36
2.205645938888746513e-36
2.205645938888746513e-36
2.205645938888746513e-36
2.205645938888746513e-36
2.205645938888746513e-36
2.205645938888746513e-36
2.205645938888746513e-36
2.205645938888746513e-36
2.205645938888746513e-36
2.205645938888746513e-36
2.205645938888746513e-36
2.205645938888746513e-36
2.205645938888746513e-36
2.205645938888746513e-36
2.205645938888746513e-36
2.205645938888746513e-36
2.205645938888746513e-36
2.205645938888746513e-36
2.205645938888746513e-36
2.205645938888746513e-36
2.205645938888746513e-36
2.205645938888746513e-36
2.205645938888746513e-36
2.205645938888746513e-36
2.205645938888746513e-36
2.205645938888746513e-36
2.205645938888746513e-36
2.205645938888746513e-36
2.205645938888746513e-36
2.205645938888746513e-36
2.205645938888746513e-36
2.205645938888746513e-36
2.205645938888746513e-36
2.205645938888746513e-36
2.205645938888746513e-36
2.205645938888746513e-36
2.205645938888746513e-36
2.205645938888746513e-36
2.205645938888746513e-36
2.205645938888746513e-36
2.205645938888746513e-36
2.205645938888746513e-36
2.205645938888746513e-36
2.205645938888746513e-36
2.205645938888746513e-36
2.205645938888746513e-36
2.205645938888746513e-36
2.205645938888746513e-36
2.205645938888746513e-36
2.205645938888746513e-36
2.205645938888746513e-36
2.205645938888746513e-36
2.205645938888746513e-36
2.205645938888746513e-36
2.205645938888746513e-36
2.205645938888746513e-36
2.205645938888746513e-36
2.205645938888746513e-36
2.205645938888746513e-36
2.205645938888746513e-36
2.205645938888746513e-36
2.205645938888746513e-36
2.205645938888746513e-36
2.205645938888746513e-36
2.205645938888746513e-36
2.205645938888746513e-36
2.205645938888746513e-36
2.205645938888746513e-36
2.205645938888746513e-36
2.205645938888746513e-36
2.205645938888746513e-36
2.205645938888746513e-36
2.205645938888746513e-36
2.205645938888746513e-36
2.205645938888746513e-36
2.205645938888746513e-36
2.205645938888746513e-36
2.205645938888746513e-36
2.205645938888746513e-36
2.205645938888746513e-36
2.205645938888746513e-36
2.205645938888746513e-36
