9.999953673924752984e-01
9.999947248341976014e-01
9.999920005967840586e-01
9.999895057311954938e-01
9.999885299716881892e-01
9.999880748449707646e-01
9.999809382437424565e-01
9.999762493134237706e-01
9.999751371680690726e-01
9.999719845181774813e-01
9.999719726325728697e-01
9.999566981245493480e-01
9.999487266274096342e-01
9.999487258354370356e-01
9.999484693411784253e-01
9.999336246633314662e-01
9.999333044424222328e-01
9.999058843752695047e-01
9.998945458184672619e-01
9.998945453693877106e-01
9.998920066006873331e-01
9.998920032890055154e-01
9.998492624359641701e-01
9.998491490888858912e-01
9.998037539633930493e-01
9.997908556449971451e-01
9.997724664370778447e-01
9.997724240458262246e-01
9.996818020175560759e-01
9.996818020101309044e-01
9.996097458781987299e-01
9.996097403190256081e-01
9.996087665910492470e-01
9.995169399474003180e-01
9.995132385514171602e-01
9.995132384394190828e-01
9.993654688910774686e-01
9.993654688892629201e-01
9.992651373092887868e-01
9.992651339518292541e-01
9.992552493279746040e-01
9.992552418616997834e-01
9.990083984550727214e-01
9.990083984549243956e-01
9.990072020491396199e-01
9.987959251458308207e-01
9.986857532732645870e-01
9.986857532730971654e-01
9.986109194757845087e-01
9.986108174973364893e-01
9.981142140001114660e-01
9.981142139989075401e-01
9.981142139574026295e-01
9.978275083751010355e-01
9.978274267344110493e-01
9.978251747901797364e-01
9.974200143618018322e-01
9.973859445990614914e-01
9.973859441623196265e-01
9.965983746638720220e-01
9.965983746638714669e-01
9.965983746638702456e-01
9.965983746540899579e-01
9.962617367353457931e-01
9.962616990253759797e-01
9.962419425035919929e-01
9.962419193750620128e-01
9.952074728204129972e-01
9.952074728200795972e-01
9.951973268361389291e-01
9.941151678376776157e-01
9.941151678376776157e-01
9.937968272727627506e-01
9.937968272718031848e-01
9.936605231980975006e-01
9.936602117641917253e-01
9.916402310947602938e-01
9.916402310919151253e-01
9.916402304804731171e-01
9.916402304804730061e-01
9.902406569261046343e-01
9.902402724686916180e-01
9.902353247364276134e-01
9.894738022830164015e-01
9.893246524381859031e-01
9.893246514949061154e-01
9.861174384448576635e-01
9.861174384448565533e-01
9.861174384448524455e-01
9.861174383337528715e-01
9.845104207548230901e-01
9.845102348364945799e-01
9.844665566222678965e-01
9.844665260176889143e-01
9.821917116752584276e-01
9.821917116747344023e-01
9.821409741063069632e-01
9.778526356579642087e-01
9.778526356579643197e-01
9.778526356579639867e-01
9.763350104012166186e-01
9.763350103932937341e-01
9.760204338781108824e-01
9.760200023343458264e-01
9.712021207405134859e-01
9.712021207349365026e-01
9.712021135980309916e-01
9.712021135980307696e-01
9.660225237352055849e-01
9.660213328312904357e-01
9.660134768835363372e-01
9.639718390872048515e-01
9.632450054244606763e-01
9.632450045833887975e-01
9.556940708683628882e-01
9.556940708683628882e-01
9.556940708683600016e-01
9.556940708682903907e-01
9.556940698610035811e-01
9.500173433660138445e-01
9.500173433660138445e-01
9.500167700352768474e-01
9.499485907420428532e-01
9.499485613218094926e-01
9.441923338078560546e-01
9.441923338071666061e-01
9.439565162577669977e-01
9.347690040493313868e-01
9.347690040493313868e-01
9.347690040493260577e-01
9.347690040493260577e-01
9.295296798939484129e-01
9.295296798464900423e-01
9.290240147158634887e-01
9.290235845558344474e-01
9.175607959777190015e-01
9.175607959716398643e-01
9.175607778097847333e-01
9.175607778097846223e-01
9.078376661122866675e-01
9.078298760404528434e-01
9.078298760404528434e-01
9.078210138332367674e-01
9.039177234439265129e-01
9.039177216559970418e-01
9.013343726848058735e-01
8.840004133739406411e-01
8.840004133739406411e-01
8.840004133739388648e-01
8.840004133736273362e-01
8.840004133736273362e-01
8.840004109406093269e-01
8.748401890487016441e-01
8.748401890487016441e-01
8.748371870176803178e-01
8.747694288574616728e-01
8.747693860842904456e-01
8.644122146695566444e-01
8.644122146688625330e-01
8.635955453298417295e-01
8.429403245274074141e-01
8.429403245274074141e-01
8.429403245273844325e-01
8.429403245273844325e-01
8.357082376254303391e-01
8.357082374950769443e-01
8.352717500852988586e-01
8.352711912241322922e-01
8.352711912241322922e-01
8.352711912241322922e-01
8.155589001569855112e-01
8.155589001502252522e-01
8.155587869766989240e-01
8.155587869766989240e-01
7.944482956844932664e-01
7.944331107674775794e-01
7.944331107674775794e-01
7.944245631755204595e-01
7.915445205545359464e-01
7.915445192626476834e-01
7.876724728257549213e-01
7.588705262036070653e-01
7.588705262036069543e-01
7.588705262036059551e-01
7.588705262025263742e-01
7.588705262025263742e-01
7.588705136715885313e-01
7.588705136715885313e-01
7.397417728358177680e-01
7.397417728358177680e-01
7.397358561738637261e-01
7.396722038023499923e-01
7.396721796472291999e-01
7.310378257879542874e-01
7.310378257875556063e-01
7.296042466458411146e-01
6.954899414631656729e-01
6.954899414631656729e-01
6.954899414630996146e-01
6.954899414630996146e-01
6.805526153808827416e-01
6.805526149437641781e-01
6.801338295697135772e-01
6.801335076101427957e-01
6.801335076101427957e-01
6.801335076101427957e-01
6.612064761488205544e-01
6.612064761435313409e-01
6.612060194115531031e-01
6.612060194115531031e-01
6.270922022784878314e-01
6.270692757108060622e-01
6.270692757108060622e-01
6.270630256879830000e-01
6.235283589750114652e-01
6.235283583613192571e-01
6.153945775131229867e-01
5.858034321257830079e-01
5.858034321257826749e-01
5.858034321257815646e-01
5.858034321185704441e-01
5.858034321185704441e-01
5.858033856988372756e-01
5.858033856988372756e-01
5.564173585478778827e-01
5.564173585478778827e-01
5.564090766731868420e-01
5.563647892136868167e-01
5.563647783039159522e-01
5.463353322172904702e-01
5.463353322170402260e-01
5.463353322170402260e-01
5.433426284119120542e-01
5.090639553510452053e-01
5.090639553510452053e-01
5.090639553506759452e-01
5.090639553506759452e-01
4.869062664524245743e-01
4.869062654002463408e-01
4.866185946507805005e-01
4.866184507036778184e-01
4.866184507036778184e-01
4.866184507036778184e-01
4.658567022534122470e-01
4.658567022504491728e-01
4.658561259403500854e-01
4.658561259403500854e-01
4.658561259403501409e-01
4.343668225204200817e-01
4.342984797759141258e-01
4.342984797759141258e-01
4.342949655258996899e-01
4.311961723911526545e-01
4.311961718991309533e-01
4.191230145633513260e-01
3.881903556478590311e-01
3.881903556478582540e-01
3.881903556478579209e-01
3.881903556335384864e-01
3.881903556335384864e-01
3.881903556335384864e-01
3.881903015556139591e-01
3.881903015556139591e-01
3.645243279534449155e-01
3.645243279534449155e-01
3.645038489994869568e-01
3.644813060472036348e-01
3.644812983320557254e-01
3.644812983320557254e-01
3.562952618408154470e-01
3.562952618407007610e-01
3.562952618407007610e-01
3.519189887291804819e-01
3.170260183116292985e-01
3.170260183116292985e-01
3.170260183109378516e-01
3.170260183109377961e-01
3.015798807756136513e-01
3.015798793161647007e-01
3.014507166387417336e-01
3.014506256101607828e-01
3.014506256101607828e-01
3.014506256101607828e-01
2.853574431694665403e-01
2.853574431680125922e-01
2.853559186050608765e-01
2.853559186050608765e-01
2.853559186050608765e-01
2.537232404910326200e-01
2.536628456421275435e-01
2.536628456421275435e-01
2.536628456421275435e-01
2.536612568551025459e-01
2.526207749632805033e-01
2.526207748168504130e-01
2.448000038428084224e-01
2.219465020451989179e-01
2.219465020451966142e-01
2.219465020451965309e-01
2.219465020217267492e-01
2.219465020217267492e-01
2.219465020217267492e-01
2.219463738164887123e-01
2.219463738164887123e-01
1.991606804674779796e-01
1.991606804674779796e-01
1.991429723171844746e-01
1.991332957199843656e-01
1.991332936973029544e-01
1.991332936973029544e-01
1.962898564562144954e-01
1.962898564561890435e-01
1.962898564561890435e-01
1.933583450658896419e-01
1.684347103675647439e-01
1.684347103675647439e-01
1.684347103665994605e-01
1.684347103665994327e-01
1.539710126390440303e-01
1.539710105482553215e-01
1.539163751593322915e-01
1.539163516720407632e-01
1.539163516720407632e-01
1.539163516720407632e-01
1.476115018082710117e-01
1.476115018078494601e-01
1.476093974826188093e-01
1.476093974826188093e-01
1.476093974826188093e-01
1.250244233639353497e-01
1.249773677783849457e-01
1.249773677783849457e-01
1.249773677783849457e-01
1.249773677783849457e-01
1.249767997894160737e-01
1.243665812355799483e-01
1.243665812001923804e-01
1.170326274344550554e-01
1.068781219085110507e-01
1.068781219085069983e-01
1.068781219085069289e-01
1.068781218456311827e-01
1.068781218456311827e-01
1.068781218456311827e-01
1.068779290366663887e-01
1.068779290366663887e-01
9.090197804856837982e-02
9.090197804856837982e-02
9.088983170176950788e-02
9.088657914453378284e-02
9.088657868356997405e-02
9.088657868356997405e-02
8.931777200884075119e-02
8.931777200883304901e-02
8.931777200883304901e-02
8.655621558701991070e-02
7.491311460302342573e-02
7.491311460302342573e-02
7.491311460302342573e-02
7.491311460062223537e-02
7.491311460062212435e-02
6.515029266017960397e-02
6.515029045073465752e-02
6.515029045073465752e-02
6.513279888390970107e-02
6.513279375830771656e-02
6.513279375830771656e-02
6.513279375830771656e-02
6.183839994306444821e-02
6.183839994294406534e-02
6.183705153146240585e-02
6.183705153146240585e-02
6.183705153146240585e-02
5.134948257844387798e-02
5.128393131199808497e-02
5.128393131199808497e-02
5.128393131199808497e-02
5.128393131199808497e-02
5.128377022752743375e-02
5.102956242142413917e-02
4.618519721340542256e-02
4.618519720850852023e-02
4.112966684647317850e-02
4.112966684646673921e-02
4.112966684646672533e-02
4.112966678658794284e-02
4.112966678658794284e-02
4.112966678658794284e-02
4.112966678658794284e-02
4.112955267527788894e-02
4.112955267527788894e-02
3.454754207424264728e-02
3.454754207424264728e-02
3.453326721852056913e-02
3.453241364077357795e-02
3.453241364077357795e-02
3.453241348142977590e-02
3.392465547929778696e-02
3.392465547929611469e-02
3.392465547929611469e-02
3.213561365211583393e-02
2.655762070450949294e-02
2.655762070450949294e-02
2.655762070450949294e-02
2.655762070239495870e-02
2.655762070239482686e-02
2.303141259582011310e-02
2.303141102979279833e-02
2.302725490386686377e-02
2.302725490386686377e-02
2.302725490386686377e-02
2.302725328265205554e-02
2.302725328265205554e-02
2.183182190425157071e-02
2.183182190422513352e-02
2.183027892524864316e-02
2.183027892524864316e-02
2.183027892524864316e-02
1.682618610824271679e-02
1.679819209970971269e-02
1.679819209970971269e-02
1.679819209970971269e-02
1.679819209970971269e-02
1.679815642873650969e-02
1.675536661063203522e-02
1.520071830251716431e-02
1.520071830168027299e-02
1.346097244083147015e-02
1.346097244082325103e-02
1.346097244082325103e-02
1.346097239500002388e-02
1.346097239500002214e-02
1.346097239500002214e-02
1.346097239500002214e-02
1.346084946528107625e-02
1.346084946528107625e-02
1.045382035111773640e-02
1.045382035111773640e-02
1.044799188135283122e-02
1.044781485408747927e-02
1.044781485408747927e-02
1.044781483342421477e-02
1.034867995362872065e-02
1.034867995362872065e-02
1.034867995362855411e-02
9.812106042024194147e-03
9.812106042024194147e-03
7.984399413674722612e-03
7.984399413674722612e-03
7.984399413674722612e-03
7.984399412218345926e-03
7.984399412218191536e-03
6.428752490070318779e-03
6.428751471241049564e-03
6.428751471241049564e-03
6.427924534180012514e-03
6.427924332311791590e-03
6.427924332311791590e-03
6.427924332311791590e-03
6.223892535822054227e-03
6.223892535819044482e-03
6.223113320480448338e-03
6.223113320480448338e-03
6.223113320480448338e-03
6.223113320480448338e-03
4.625094409841156405e-03
4.613642306134825219e-03
4.613642306134825219e-03
4.613642306134825219e-03
4.613642306134825219e-03
4.613635891907648910e-03
4.601374183996876852e-03
3.926824331022116601e-03
3.926824330946949299e-03
3.592032633245513095e-03
3.592032633239746441e-03
3.592032586398687631e-03
3.592032586398687197e-03
3.592032586398686764e-03
3.592032586398686764e-03
3.592032586398686764e-03
3.591959937919526370e-03
3.591959937919526370e-03
2.621821577600480773e-03
2.621821577600480773e-03
2.619762799306917401e-03
2.619732695013971772e-03
2.619732695013971772e-03
2.619732692544050369e-03
2.593004758354579536e-03
2.593004758354579536e-03
2.593004758354553949e-03
2.360604264547221890e-03
2.360604264547221890e-03
1.969255001582474220e-03
1.969255001582474220e-03
1.969255001582474220e-03
1.969255000008044397e-03
1.969255000007932074e-03
1.474250809573115226e-03
1.474250297027967626e-03
1.474250297027967626e-03
1.474117997172492631e-03
1.474117974255352006e-03
1.474117974255352006e-03
1.474117974255352006e-03
1.422277139854718955e-03
1.422277139854289827e-03
1.422022942246603007e-03
1.422022942246603007e-03
1.422022942246603007e-03
1.422022942246603007e-03
1.047007455160833041e-03
1.039489918855501229e-03
1.039489918855501229e-03
1.039489918855501229e-03
1.039489918855501229e-03
1.039489003622606116e-03
1.037032213837414370e-03
8.286644515559829331e-04
8.286644515455968184e-04
7.474839575344102271e-04
7.474839575298901882e-04
7.474839354679212915e-04
7.474839354679211831e-04
7.474839354679211831e-04
7.474839354679211831e-04
7.474839354679211831e-04
7.474617152839603627e-04
7.474617152839603627e-04
7.474617152839603627e-04
5.403570012733374369e-04
5.403570012733374369e-04
5.391936876901553492e-04
5.391936876901553492e-04
5.391896021531270879e-04
5.391896017357365734e-04
5.341250474958853574e-04
5.341250474958853574e-04
5.341250474958853574e-04
5.341250474958826469e-04
4.643737144537683032e-04
4.643737144537683032e-04
3.731601251161620445e-04
3.731601251161620445e-04
3.731601251161620445e-04
3.731601251160805667e-04
3.731601244317039661e-04
2.791588575577406387e-04
2.791586709417586396e-04
2.791586709417586396e-04
2.791420912221138657e-04
2.791420876085918407e-04
2.791420876085918407e-04
2.700094455110317484e-04
2.700094455110317484e-04
2.700094455109871335e-04
2.698775957999031386e-04
2.698775957999031386e-04
2.698775957999031386e-04
1.818770328072993512e-04
1.818770328072993512e-04
1.802343363615111361e-04
1.802343363615111361e-04
1.802343363615111361e-04
1.802343363615111361e-04
1.802342341017899646e-04
1.800158879914246987e-04
1.450757022682835809e-04
1.450757022673565067e-04
1.317302555322845555e-04
1.317302555322845555e-04
1.317302555297646799e-04
1.317302555297644902e-04
1.317302476572127586e-04
1.317302476572127586e-04
1.317302476572127586e-04
1.317194540266007706e-04
1.317194540266007706e-04
1.317194540266007706e-04
1.317194540266007706e-04
8.615830037839923464e-05
8.615830037839923464e-05
8.592230406292133418e-05
8.592230406292133418e-05
8.592188100025101598e-05
8.592188097243696121e-05
8.550077228931305773e-05
8.550077228931305773e-05
8.550077228931292220e-05
8.550077228931292220e-05
7.501719020127889761e-05
6.083056407239483687e-05
6.083056407239483687e-05
6.083056407239483687e-05
6.083056407239483687e-05
6.083056407235264108e-05
6.083056384221724520e-05
4.091469323080489475e-05
4.091469323080489475e-05
4.091463499812559603e-05
4.091300729583484093e-05
4.091300706696281164e-05
4.091300706696281164e-05
4.016695794508709993e-05
4.016695794508709993e-05
4.013897846792662406e-05
4.013897846792434046e-05
4.013897846792434046e-05
4.013897846792434046e-05
2.717576766353985902e-05
2.717576766353985902e-05
2.683133283477156524e-05
2.683133283477156524e-05
2.683133283477156524e-05
2.683133283477156524e-05
2.683132359791822439e-05
2.683132359791822439e-05
2.680085145384686554e-05
1.958100899233091187e-05
1.958100899228844163e-05
1.958100899228844163e-05
1.958100899129950018e-05
1.842299100596405555e-05
1.842299100596398102e-05
1.842298789987140874e-05
1.842298789987140874e-05
1.842298789987140874e-05
1.842044074543644109e-05
1.842044074543644109e-05
1.842044074543644109e-05
1.842044074543644109e-05
1.163929298878554266e-05
1.163929298878554266e-05
1.159543002721166311e-05
1.159543002721166311e-05
1.159539309461703779e-05
1.159539309285606476e-05
1.153917610224227632e-05
1.153917610224227632e-05
9.398702924091816173e-06
9.398702924091811091e-06
9.398702924091811091e-06
8.014569749135011707e-06
8.014569749135011707e-06
8.014569749135011707e-06
8.014569749135011707e-06
8.014569749121477815e-06
8.014569645328936982e-06
5.007057813168237742e-06
5.007057813168237742e-06
5.007043002797703031e-06
5.006908024814128858e-06
5.006908010899766168e-06
5.006908010899766168e-06
4.912894100605779533e-06
4.908169413330988055e-06
4.908169413330988055e-06
4.908169413330988055e-06
4.908169413330826271e-06
4.908169413330826271e-06
4.908169413330826271e-06
3.368491532868776926e-06
3.368491532868776926e-06
3.263706464914556645e-06
3.263706464914556645e-06
3.263706464914556645e-06
3.263706464914556645e-06
3.263705816921964562e-06
3.263705816921964562e-06
3.260807233523685381e-06
2.183415106647592774e-06
2.183415106644693804e-06
2.183415106644693804e-06
2.183415106266061606e-06
2.044823706554431887e-06
2.044823706554411558e-06
2.044823706554411558e-06
2.044822978001926595e-06
2.044822978001926595e-06
2.044822978001926595e-06
2.044420639277688609e-06
2.044420639277688609e-06
2.044420639277688609e-06
1.293729040530407680e-06
1.281690221132109127e-06
1.281690221132109127e-06
1.281690221132109127e-06
1.281687637174083365e-06
1.281687637029243484e-06
1.276406958900904040e-06
1.276406958900904040e-06
9.669462669770299727e-07
9.669462669770295492e-07
9.669462669770295492e-07
8.071123958767779235e-07
8.071123958767779235e-07
8.071123958767779235e-07
8.071123958767779235e-07
8.071123958718948844e-07
8.071123730633518815e-07
5.038185527475145261e-07
5.038185527475145261e-07
5.038157271296286836e-07
5.038067771625577635e-07
5.038067760674018668e-07
5.038067760674018668e-07
5.038067760674018668e-07
5.025580611751905297e-07
4.943276125554585574e-07
4.943276125554585574e-07
4.943276125554585574e-07
4.943276125554585574e-07
4.943276125554501930e-07
3.101501817877487169e-07
2.977900196486393926e-07
2.977900196486393926e-07
2.977900196486393926e-07
2.977900196486393926e-07
2.977900196486393926e-07
2.977899822756662466e-07
2.977899822756662466e-07
2.976497371031600573e-07
2.009094415297556349e-07
2.009094415297556349e-07
2.009094415296202949e-07
2.009094414391310240e-07
1.896577471638153502e-07
1.896577471638153502e-07
1.896577471638069593e-07
1.896576209428860423e-07
1.896576209428860423e-07
1.896576209428860423e-07
1.895670497103667075e-07
1.895670497103667075e-07
1.895670497103667075e-07
1.077665879064466163e-07
1.064954538326469832e-07
1.064954538326469832e-07
1.064954538326469832e-07
1.064953167705843425e-07
1.064953167654822925e-07
1.064953167654822925e-07
1.062603762405462933e-07
1.062603762405462933e-07
8.166468782725460868e-08
8.166468782725459544e-08
8.166468782725459544e-08
6.959951293305771047e-08
6.959951293305771047e-08
6.959951293305771047e-08
6.959951293188967851e-08
6.959951293188967851e-08
6.959950922120671085e-08
6.959950922120664468e-08
3.841395719211999491e-08
3.841351533268578556e-08
3.841306976434369844e-08
3.841306972801192747e-08
3.841306972801192747e-08
3.841306972801192747e-08
3.841306972801192747e-08
3.841306972801192747e-08
3.829141238596600840e-08
3.794564637460259808e-08
3.794564637460259808e-08
3.794564637460238632e-08
3.794564637460238632e-08
2.505890712295035912e-08
2.378776201260053613e-08
2.378776201260053613e-08
2.378776201260053613e-08
2.378776201260053613e-08
2.378776201260053613e-08
2.378776035254437103e-08
1.411254385164771869e-08
1.411117461748381800e-08
1.411117461748381800e-08
1.411117461748381800e-08
1.411117461748054402e-08
1.411117460730568978e-08
1.411117460730568978e-08
1.411117460730392788e-08
1.363788983933026996e-08
1.363786878938098018e-08
1.363786878938098018e-08
1.363786878938098018e-08
1.362854925765355336e-08
1.362854925765355336e-08
7.893370663008829414e-09
7.893370663008829414e-09
7.893370663008829414e-09
7.770090090866630701e-09
7.770090090866630701e-09
7.770084009569974845e-09
7.770084009569974845e-09
7.754650919590141788e-09
7.754650919422177801e-09
7.754650919422177801e-09
5.330751158603073738e-09
5.330751158603073738e-09
5.330751158603073738e-09
4.781399845341416403e-09
4.781399845341416403e-09
4.781399845341416403e-09
4.781399845177605690e-09
4.781399152560136186e-09
4.781399152560136186e-09
4.781399152560120469e-09
2.543225052916151412e-09
2.543166503330789704e-09
2.543147189130311760e-09
2.543147187944368026e-09
2.543147187944368026e-09
2.543147187944368026e-09
2.543147187944368026e-09
2.532334186633209402e-09
2.532334186633209402e-09
2.510469560879907608e-09
2.510469560879907608e-09
2.510469560879900163e-09
2.510469560879900163e-09
1.731884356928547695e-09
1.556901574494656293e-09
1.556901574494656293e-09
1.556901574494656293e-09
1.556901574494656293e-09
1.556901574494656293e-09
1.556901574494656293e-09
1.556901518974031983e-09
8.481249900881127904e-10
8.480680542204020930e-10
8.480680542204020930e-10
8.480680522734654308e-10
8.480680522734654308e-10
8.480680522733517969e-10
8.480680522731011612e-10
8.480652124939096477e-10
8.194817315099024034e-10
8.194817315099024034e-10
8.194817315099024034e-10
8.187066235834419495e-10
8.187066235834419495e-10
4.869935144986389385e-10
4.869935144986389385e-10
4.869935144986389385e-10
4.869935144986389385e-10
4.704802419705457893e-10
4.704802419705457893e-10
4.704802419705457893e-10
4.704800242388742266e-10
4.697585452771192266e-10
4.697585452704223724e-10
4.697585452704223724e-10
2.940761719126972589e-10
2.940761719126972589e-10
2.619960265435377375e-10
2.619960265435377375e-10
2.619960265435377375e-10
2.619960265435377375e-10
2.619960265138412297e-10
2.619959482216423604e-10
2.619959482216423604e-10
2.619959482216403958e-10
2.619537451265296769e-10
1.405589187708375536e-10
1.405589187708375536e-10
1.405589187708375536e-10
1.405582289295349999e-10
1.405582289295349999e-10
1.405582288821294082e-10
1.392391086062112067e-10
1.382452936539953888e-10
1.382452936539953888e-10
1.382452936539953888e-10
1.382452936539951820e-10
1.382452936539951820e-10
1.382452936539951820e-10
8.915539006060407929e-11
7.755500430677008869e-11
7.755500430677008869e-11
7.755500430677008869e-11
7.755500430677008869e-11
7.755500430677008869e-11
7.755500430677008869e-11
4.236656637926749992e-11
4.236656609640891478e-11
4.236469399405769441e-11
4.236469399405769441e-11
4.236469399405769441e-11
4.236469374907682104e-11
4.236469374902669906e-11
4.236469374902386856e-11
4.236444340540892990e-11
4.115373001263797819e-11
4.115373001263797819e-11
4.115373001263797819e-11
4.106757546300147743e-11
4.106757546300147743e-11
2.213361607980615171e-11
2.213361607980615171e-11
2.213361607980615171e-11
2.213361607980615171e-11
2.116243551697923096e-11
2.116243551697923096e-11
2.116243551697923096e-11
2.116242932472192549e-11
2.116242932472192549e-11
2.114429759930955956e-11
2.114429759917862915e-11
2.114429759917862915e-11
1.336662163127502967e-11
1.212288902681377333e-11
1.212288902681377333e-11
1.212288902681377333e-11
1.212288902681377333e-11
1.212288902681377333e-11
1.212288902334385890e-11
1.212288255248216303e-11
1.212288255248179467e-11
1.212288255248179467e-11
1.211854459177192217e-11
5.757286764876589407e-12
5.757286764876589407e-12
5.757286764876589407e-12
5.757286764876589407e-12
5.757268471196577996e-12
5.757268470330835742e-12
5.687752313703103904e-12
5.664659684088394577e-12
5.664659684088394577e-12
5.664659684088392154e-12
5.664659684088392154e-12
5.664659684088392154e-12
5.664659684088392154e-12
5.664659684088392154e-12
3.942503670618166522e-12
3.353906403815749971e-12
3.353906403815749971e-12
3.353906403815749971e-12
3.353906403815749971e-12
3.353906403815749971e-12
1.595194338349587666e-12
1.595194338349587666e-12
1.595194333418582887e-12
1.595147250068187825e-12
1.595147235002044751e-12
1.595147235002044751e-12
1.595147234997713563e-12
1.595127938798031881e-12
1.595127938798031881e-12
1.595127938797993511e-12
1.568105908541644847e-12
1.568105908541644847e-12
1.563726586300406047e-12
1.563726586300406047e-12
9.051635103244900084e-13
9.051635103244900084e-13
9.051635103244900084e-13
9.051635103244900084e-13
8.563090062589291939e-13
8.563090062589291939e-13
8.563090062589291939e-13
8.563090062589291939e-13
8.563088665917294402e-13
8.557214023202036653e-13
8.557214023179159940e-13
8.557214023179159940e-13
4.715606343924655316e-13
4.430173201255365147e-13
4.430173201255365147e-13
4.430173201255365147e-13
4.430173201255365147e-13
4.430173198946460407e-13
4.430167785925747188e-13
4.430167785925747188e-13
4.430167785925402865e-13
4.430167785925402865e-13
4.427856800601258874e-13
4.427856800601258874e-13
2.168689008426499199e-13
2.168689008426499199e-13
2.168689008426499199e-13
2.168689008426499199e-13
2.168684802508659567e-13
2.134891942247615052e-13
2.134891942099032028e-13
2.127391267085970254e-13
2.127391267085970254e-13
2.127391267085969749e-13
2.127391267085969749e-13
2.127391267085969749e-13
2.127391267085969749e-13
2.127391267085969749e-13
1.583717351049312813e-13
1.211267594351223911e-13
1.211267594351223911e-13
1.211267594351223911e-13
1.211267594351223911e-13
1.211267594351223911e-13
5.549400396758764023e-14
5.549400396758764023e-14
5.549400387921826149e-14
5.549400233715555774e-14
5.549292822925534386e-14
5.549292822890591635e-14
5.549292822890591635e-14
5.549292822890591635e-14
5.549167649820470711e-14
5.549167649820400029e-14
5.462507067027767495e-14
5.462507067027764970e-14
5.442083427650593118e-14
5.442083427650593118e-14
5.442083427650593118e-14
3.357051826300736552e-14
3.028088643399997082e-14
3.028088643399997082e-14
3.028088643399997082e-14
3.028088643399997082e-14
3.028088643399997082e-14
3.028088643399997082e-14
3.028088378899223178e-14
3.026676494985586277e-14
3.026676494985586277e-14
3.026676494981087245e-14
1.532190798812228394e-14
1.441810785992000940e-14
1.441810785992000940e-14
1.441810785992000940e-14
1.441810783732511141e-14
1.441810783732511141e-14
1.441807387255122163e-14
1.441807387255122163e-14
1.441807387254857106e-14
1.441807387254857106e-14
1.440757551230851124e-14
1.440757551230851124e-14
7.378205404281880667e-15
7.378205404281880667e-15
7.378205404281880667e-15
7.378205404281880667e-15
7.378196653879806150e-15
7.153363182344355931e-15
7.153363182032479772e-15
7.134361155029239937e-15
7.134361155029239937e-15
7.134361155029239937e-15
7.134361155029238359e-15
7.134361155029238359e-15
7.134361155029238359e-15
7.134361155029238359e-15
4.490352543099308695e-15
3.715856167943816988e-15
3.715856167943816988e-15
3.715856167943816988e-15
3.715856167943816988e-15
1.737511074589771927e-15
1.737511074589771927e-15
1.737510959016793873e-15
1.737510959016793873e-15
1.737510958976299079e-15
1.737510957112958148e-15
1.737489400791812692e-15
1.737489400791812692e-15
1.737421637095633094e-15
1.737421637095633094e-15
1.737421637095630728e-15
1.737421637095620473e-15
1.715710446149480726e-15
1.702823795255150981e-15
1.702823795255150981e-15
1.702823795255150981e-15
9.925448168630804817e-16
9.925448168630804817e-16
8.688516795610050208e-16
8.688516795610050208e-16
8.688516795610050208e-16
8.688516795610050208e-16
8.688516795610050208e-16
8.688516340124451577e-16
8.688516340124451577e-16
8.686207521554617105e-16
8.686207521549062538e-16
4.436815256110042416e-16
4.223927447187438669e-16
4.223927447187438669e-16
4.223927447187438669e-16
4.223927431582909613e-16
4.223910285609375611e-16
4.223910285609375611e-16
4.223910285609375611e-16
4.223910285606549023e-16
4.223910285606549023e-16
4.223910285606549023e-16
4.217689917307091879e-16
4.217689917307091879e-16
1.978179400908249865e-16
1.978179400908249865e-16
1.978179400908249865e-16
1.900530937116462848e-16
1.900529593959079068e-16
1.900529593922071384e-16
1.897562952561269421e-16
1.897562952561269421e-16
1.897562952561269421e-16
1.897562952561269421e-16
1.897562952561269421e-16
1.897562952561269421e-16
1.897562952561269421e-16
1.205422456987940894e-16
1.033513504706109194e-16
1.033513504706109194e-16
1.033513504706109194e-16
1.033513504706109194e-16
1.033513504706109194e-16
4.327953330919398789e-17
4.327952847780214812e-17
4.327952847550079434e-17
4.327952847550079434e-17
4.327918599318899721e-17
4.327918597181398514e-17
4.327584980043807809e-17
4.327584980043807809e-17
4.327584980043786855e-17
4.327584980043786855e-17
4.295025783140996663e-17
4.295025783140987419e-17
4.253120761114541943e-17
4.253120761114541943e-17
4.253120761114541943e-17
2.730346184536379338e-17
2.730346184536379338e-17
2.348007031075271422e-17
2.348007031075271422e-17
2.348007031075271422e-17
2.348007031075271422e-17
2.348007031075271422e-17
2.348007031075271422e-17
2.348007031075271422e-17
2.348007031075271422e-17
2.348006968600936530e-17
2.347569537268720885e-17
2.347569537268104895e-17
1.060540469711197097e-17
1.028553779388443322e-17
1.028553779388443322e-17
1.028553779388443322e-17
1.028553772847915127e-17
1.028545247901806154e-17
1.028545247900198541e-17
1.028545247900198541e-17
1.028545247900198541e-17
1.028545247900198541e-17
1.028545247900198541e-17
1.026507498261934589e-17
1.026507498261934589e-17
5.312399673922239729e-18
5.312399673922239729e-18
5.312399673922239729e-18
5.063776360296698679e-18
5.063774401622199688e-18
5.063774401622199688e-18
5.063774401578498797e-18
5.057825868704241753e-18
5.057825868704241753e-18
5.057825868704241753e-18
5.057825868704241753e-18
5.057825868704241753e-18
2.868844207311557158e-18
2.868844207311557158e-18
2.587087820044380436e-18
2.587087820044380436e-18
2.587087820044380436e-18
2.587087820044380436e-18
2.587087820044380436e-18
2.587086041311161664e-18
2.587086040600762759e-18
1.147558026749482562e-18
1.147408965419854849e-18
1.147403644352061973e-18
1.147403644082043321e-18
1.147403644082043321e-18
1.147403644082026758e-18
1.147403644082026758e-18
1.147403644082026758e-18
1.140474492053378804e-18
1.140474492053377841e-18
1.126541126841380547e-18
1.126541126841380547e-18
1.126541126841380547e-18
1.126541126841380547e-18
7.897934864238402955e-19
7.897934864238402955e-19
7.897934864238402955e-19
6.285545009917063349e-19
6.285545009917063349e-19
6.285545009917063349e-19
6.285545009917063349e-19
6.285545009917063349e-19
6.285544930154275072e-19
6.285544930154275072e-19
6.284859492258498773e-19
2.814392416610892701e-19
2.814392416610747774e-19
2.814392416610747774e-19
2.742564282786802547e-19
2.742564236804012752e-19
2.742524490682495591e-19
2.742524490682495591e-19
2.742524490673030608e-19
2.742524490673030608e-19
2.742524490673030608e-19
2.742524490673030608e-19
2.742524490673030608e-19
2.735405765545262170e-19
2.735405765545261207e-19
1.557055787394907611e-19
1.557055787394907611e-19
1.557055787394907611e-19
1.557055787394907611e-19
1.438646975272873660e-19
1.438646675997907815e-19
1.438646675997907815e-19
1.438646675991500246e-19
1.437533908291833966e-19
1.437533908291833966e-19
1.437533908291833966e-19
7.753636411085003448e-20
7.071279662415662823e-20
7.071279662415662823e-20
7.071279662415662823e-20
7.071279662415662823e-20
7.071279662415662823e-20
7.071279662415662823e-20
7.071279662415662823e-20
7.071270710508373981e-20
7.071270705132176653e-20
3.397703998306284394e-20
3.397703998306284394e-20
3.397012722065814446e-20
3.397012722065686853e-20
3.397003529125732271e-20
3.397003528676981566e-20
3.397003528676981566e-20
3.397003528676981566e-20
3.382363023733080475e-20
3.382363023733080475e-20
3.382363023733079271e-20
3.310832027560725118e-20
3.310832027560725118e-20
3.310832027560725118e-20
3.310832027560725118e-20
3.310832027560725118e-20
2.337429904978299653e-20
2.337429904978299653e-20
1.783611505720063786e-20
1.783611505720063786e-20
1.783611505720063786e-20
1.783611505720063786e-20
1.783611493639221635e-20
1.783611493639221635e-20
1.783503712306226613e-20
1.783503712306226613e-20
1.783503712306226613e-20
8.386652064844664721e-21
8.386652064844475137e-21
8.228882113974386924e-21
8.228881820631320696e-21
8.228881820631320696e-21
8.228690563603344935e-21
8.228690563512713380e-21
8.228690563512713380e-21
8.228690563512713380e-21
8.190419764270981609e-21
8.190419764270977095e-21
8.190419764270977095e-21
8.190419764270977095e-21
4.625291463034171436e-21
4.625291463034171436e-21
4.625291463034171436e-21
4.625291463034171436e-21
4.197567927248566794e-21
4.197567927248566794e-21
4.197567436554951351e-21
4.197567436546969274e-21
4.195674573723052252e-21
4.195674573723052252e-21
2.314831783742648521e-21
2.314831783742648521e-21
2.314831783742648521e-21
2.160414764296690245e-21
2.160414764296690245e-21
2.160414764296690245e-21
2.160414764296690245e-21
2.160414764296690245e-21
2.160414764296690245e-21
2.160414764296690245e-21
2.160410264607503765e-21
2.160410261030595578e-21
1.010999851352896701e-21
1.010625000713256040e-21
1.010625000713133036e-21
1.010623412855653775e-21
1.010623412796698878e-21
1.010623412796698878e-21
1.007997742134842204e-21
9.814094582784751222e-22
9.814094582784751222e-22
9.814094582784751222e-22
9.814094582784749342e-22
9.814094582784749342e-22
9.814094582784749342e-22
9.814094582784749342e-22
9.814094582784749342e-22
7.510407349514637487e-22
7.510407349514637487e-22
5.650830190741023844e-22
5.650830190741023844e-22
5.650830190741023844e-22
5.650830190741023844e-22
5.650830190741023844e-22
5.650830172778418801e-22
5.650619585661414501e-22
5.650619585661414501e-22
2.527427461145630677e-22
2.527427461145630677e-22
2.527427461145609048e-22
2.527427309941639047e-22
2.527427309941639047e-22
2.498051765141732810e-22
2.498051765081360830e-22
2.497943567930006014e-22
2.497943567930006014e-22
2.497943567930006014e-22
2.483057823013768230e-22
2.483057823013763998e-22
2.483057823013763998e-22
2.483057823013763998e-22
2.483057823013763998e-22
1.566893340082564181e-22
1.566893340082564181e-22
1.406006860815474529e-22
1.406006860815474529e-22
1.406006860815474529e-22
1.406006778721832790e-22
1.406006778720721713e-22
1.405590701493618330e-22
1.405590701493618330e-22
1.405590701493618330e-22
7.225298060782915521e-23
7.225298060782915521e-23
6.910739360978425522e-23
6.910739360978425522e-23
6.910739360978425522e-23
6.910739360978425522e-23
6.910739360978425522e-23
6.910739360978425522e-23
6.910739360978425522e-23
6.910739360978425522e-23
6.910739340958456631e-23
6.910711028861955202e-23
3.613115035093818500e-23
3.613115035092678271e-23
3.611078832567266822e-23
3.611075800089388708e-23
3.611075799995684176e-23
3.611075799995684176e-23
3.498289759862238068e-23
3.492103114722440608e-23
3.492103114722440608e-23
3.492103114722440608e-23
3.492103114722440608e-23
3.492103114722440608e-23
3.492103114722440608e-23
3.492103114722440608e-23
3.492103114722440608e-23
2.855996762602984046e-23
1.989230656522919191e-23
1.989230656522919191e-23
1.989230656522919191e-23
1.989230656522919191e-23
1.989230656522919191e-23
1.989230656522919191e-23
1.989230653754183014e-23
9.504129540237073421e-24
9.504040548220422626e-24
9.504040548220422626e-24
9.504040548220422626e-24
9.504040548220388831e-24
9.504040548220388831e-24
9.504039228844758050e-24
9.422077186219258019e-24
9.422077185747865683e-24
9.422077185747865683e-24
9.421422438679912951e-24
9.421422438679862993e-24
9.421422438679862993e-24
9.351134570324508080e-24
9.351134570324508080e-24
6.449118686482290552e-24
6.449118686482290552e-24
6.449118686482290552e-24
5.539832277885043635e-24
5.539832277885043635e-24
5.539832277885043635e-24
5.539832277885043635e-24
5.539832277885043635e-24
5.539832119147231304e-24
5.538865510286679703e-24
5.538865510286679703e-24
5.538865510284725444e-24
2.860294334532853241e-24
2.860294334532853241e-24
2.762351385698220722e-24
2.762351385698220722e-24
2.762351385698220722e-24
2.762351385698220722e-24
2.762351385698220722e-24
2.762351385698220722e-24
2.762351385698220722e-24
2.762351365960813563e-24
2.762332122437505620e-24
2.762332122437505620e-24
2.762332122433844690e-24
1.582239689665859144e-24
1.580940761246030619e-24
1.580940036943737812e-24
1.580940036943737812e-24
1.580940036923383944e-24
1.580940036923383944e-24
1.580940036923383944e-24
1.506798043324140510e-24
1.506798043324140510e-24
1.505078744546591216e-24
1.505078744546591216e-24
1.505078744546591216e-24
1.505078744546591216e-24
1.505078744546591216e-24
1.265985589745299904e-24
8.521312988681064535e-25
8.521312988681064535e-25
8.521312988681064535e-25
8.521312988681064535e-25
8.521312988681064535e-25
8.521312988681064535e-25
4.353502341033488732e-25
4.353502339530878180e-25
4.353502339530878180e-25
4.353479068287192668e-25
4.353479068287192668e-25
4.353477890109664869e-25
4.353477890109664869e-25
4.353477890109658441e-25
4.353477889488428043e-25
4.353012848811729302e-25
4.353012848811729302e-25
4.327200468315809008e-25
4.327200468315751152e-25
4.327200468315751152e-25
4.327200468315751152e-25
4.275740106530201380e-25
4.275740106530201380e-25
3.043509949969966904e-25
3.043509949969966904e-25
3.043509949969966904e-25
3.043509949969966904e-25
2.547319656871653042e-25
2.547319656871653042e-25
2.547319656871653042e-25
2.547319656871653042e-25
2.547319656871653042e-25
2.547319618836484471e-25
2.547064930754121671e-25
2.547064930753751114e-25
2.547064930753751114e-25
1.354440248106593006e-25
1.354440248106593006e-25
1.354440248106593006e-25
1.321228250589417088e-25
1.321228250589417088e-25
1.321228250589417088e-25
1.321228250589417088e-25
1.321228231373912615e-25
1.321228231373912615e-25
1.321213585250305671e-25
1.321213585245136480e-25
1.321213585245136480e-25
1.318060814817520515e-25
7.751893262477890711e-26
7.751893262477890711e-26
7.751893262477890711e-26
7.751893262477889563e-26
7.751893262477889563e-26
7.751891288907960119e-26
7.751891288864086859e-26
7.308465751492105261e-26
7.303423083040893793e-26
7.303423083040893793e-26
7.303423083040893793e-26
7.303423083040893793e-26
7.303423083040893793e-26
7.303423083040893793e-26
6.422264312429699442e-26
4.270751346675575917e-26
4.270751346675575917e-26
4.270751346675575917e-26
4.270751346675575917e-26
4.270751346675575917e-26
2.196686000227374768e-26
2.196685999884388705e-26
2.196679285133418237e-26
2.196679285133418237e-26
2.196679285133418237e-26
2.196678287147113606e-26
2.196678286474002180e-26
2.196678286474002180e-26
2.196265530298697397e-26
2.196265530298695962e-26
2.188059215481915446e-26
2.188059215481915446e-26
2.188059215481915446e-26
2.188059215481915446e-26
2.188059215481824472e-26
2.155077773195261753e-26
2.155077773195261753e-26
1.650747049588917590e-26
1.650747049588917590e-26
1.650747049588917590e-26
1.357490404242283177e-26
1.357490404242283177e-26
1.357490404242283177e-26
1.357490404242283177e-26
1.357490404242283177e-26
1.357490404242283177e-26
1.357490394558195955e-26
1.357490394558195955e-26
1.357408420198147375e-26
1.357408420198067880e-26
1.357408420198067880e-26
1.357408420198067880e-26
7.057244309790621682e-27
6.943908031493026958e-27
6.943908031493026958e-27
6.943908031493026958e-27
6.943907854907722882e-27
6.943907854907722882e-27
6.943766813477134668e-27
6.943766813416372573e-27
6.943766813416372573e-27
6.921884338859976422e-27
6.921884338859976422e-27
4.463971608927847693e-27
4.463971608927847693e-27
4.463971608927847693e-27
4.463971608927847693e-27
4.463971608927845540e-27
4.463971022185520496e-27
4.166323903120635625e-27
4.166323903111061774e-27
4.164466241008597072e-27
4.164466241008597072e-27
4.164466241008597072e-27
4.164466241008597072e-27
4.164466241008597072e-27
4.164466241008597072e-27
4.164466241008597072e-27
2.534929148394594376e-27
2.392923513830154987e-27
2.392923513830154987e-27
2.392923513830154987e-27
2.392923513830154987e-27
1.335308719391627672e-27
1.335307433718073862e-27
1.335307433718073862e-27
1.335305209257476229e-27
1.335305209161738442e-27
1.335305208334242148e-27
1.335305208334242148e-27
1.335305208334242148e-27
1.334921702050218441e-27
1.334921702050218441e-27
1.334921702050218441e-27
1.334921702050218082e-27
1.331481832696450368e-27
1.331481832696307054e-27
1.331481832696307054e-27
1.306600927597307249e-27
1.306600927597307249e-27
1.306600927597307249e-27
1.306600927597307249e-27
1.061563420166678229e-27
8.336590984502996513e-28
8.336590984502996513e-28
8.336590984502996513e-28
8.336590984502996513e-28
8.336590984502996513e-28
8.336590984502996513e-28
8.336590984502996513e-28
8.336590956913479009e-28
8.336590956913479009e-28
8.336313777748221012e-28
8.336313777748221012e-28
8.336313777748021916e-28
4.508435731559046338e-28
4.455782350370226349e-28
4.455782350370226349e-28
4.455782096874519830e-28
4.455636055809945244e-28
4.455636055809945244e-28
4.455636055726711254e-28
4.455636055726711254e-28
4.455636055726711254e-28
4.437230920739339438e-28
4.437230920739339438e-28
3.081731682930046446e-28
3.081731682930046446e-28
3.081731682930046446e-28
3.081731682930046446e-28
3.081731682930042859e-28
2.809099701144568752e-28
2.809099525626884694e-28
2.809099525624004970e-28
2.808342276369770063e-28
2.808342276369770063e-28
2.808342276369770063e-28
2.808342276369770063e-28
2.808342276369770063e-28
2.808342276369770063e-28
1.703040489235132747e-28
1.703040489235132747e-28
1.629417277215401440e-28
1.629417277215401440e-28
1.629417277215401440e-28
1.629417277215401440e-28
1.629417277215401440e-28
1.629417277215401440e-28
9.744851682255278830e-29
9.744834463126763999e-29
9.744834447761857044e-29
9.744834447761857044e-29
9.744825498372308701e-29
9.744825498034932083e-29
9.740649709883725557e-29
9.740649709883725557e-29
9.740649709883725557e-29
9.740649709881172952e-29
9.740649709881172952e-29
9.724215049519596841e-29
9.724215049519596841e-29
9.465179770728254234e-29
9.465179770728254234e-29
9.465179770728254234e-29
9.465179770728254234e-29
9.465179770728254234e-29
7.957247274647353264e-29
7.957247274647353264e-29
6.089133731572239442e-29
6.089133731572239442e-29
6.089133731572239442e-29
6.089133731572239442e-29
6.089133731572239442e-29
6.089133731572239442e-29
6.089133731572239442e-29
6.089133721833054807e-29
6.089022014147473109e-29
6.089022014147473109e-29
3.434656507462406673e-29
3.434656507462389297e-29
3.407157358391017385e-29
3.407156985655542584e-29
3.407156985655542584e-29
3.407156985655542584e-29
3.406982385880976797e-29
3.406982385711309260e-29
3.406982385711309260e-29
3.406982385711309260e-29
3.406982385711309260e-29
3.385850296697053427e-29
3.385850296697053427e-29
2.452856373387217085e-29
2.452856373387209518e-29
2.452856373387209518e-29
2.452856373387209518e-29
2.198585254948981214e-29
2.198585183808354314e-29
2.198585183807410399e-29
2.198585183807410399e-29
2.198234737881155716e-29
2.198234737881155716e-29
2.198234737881155716e-29
2.198234737881155716e-29
2.198234737881155716e-29
1.346075135325357778e-29
1.304313630113748262e-29
1.304313630113748262e-29
1.304313630113748262e-29
1.304313630113748262e-29
1.304313630113748262e-29
1.304313630113748262e-29
1.304313630113748262e-29
1.304313630113748262e-29
1.304307322519589513e-29
1.304307315597541960e-29
8.102804667317823192e-30
8.097124904528901256e-30
8.097120816153009797e-30
8.097120816028389522e-30
8.097120816022240624e-30
8.097120816022240624e-30
8.097120816022240624e-30
8.097120816022240624e-30
8.088536597008983404e-30
8.088536597008983404e-30
8.088536597008983404e-30
7.821956557320482589e-30
7.821956557320482589e-30
7.821956557320482589e-30
6.858947454026794300e-30
6.858947454026794300e-30
5.158870097758238084e-30
5.158870097758238084e-30
5.158870097758238084e-30
5.158870097758238084e-30
5.158870097758238084e-30
5.158870097758238084e-30
5.158870094018116431e-30
5.158870094018116431e-30
5.158817038666686551e-30
2.961367759775025559e-30
2.961367759775025559e-30
2.961367759775019604e-30
2.961367759775019604e-30
2.945881968512052087e-30
2.945881398758157822e-30
2.945624559255302153e-30
2.945624558936364170e-30
2.945624558936364170e-30
2.945624558936364170e-30
2.945624558936364170e-30
2.922018045101325684e-30
2.922018045101325684e-30
2.922018045101325684e-30
2.922018045101289600e-30
2.257606202151768548e-30
2.257606202151768548e-30
2.257606202151768548e-30
1.993210349327253604e-30
1.993210349327253604e-30
1.993210318044701018e-30
1.993210318044701018e-30
1.993210318044360503e-30
1.993019722451036574e-30
1.993019722451036574e-30
1.207537547986524918e-30
1.207537547986524918e-30
1.181893547502230833e-30
1.181893547502230833e-30
1.181893547502230833e-30
1.181893547502230833e-30
1.181893547502230833e-30
1.181893547502230833e-30
1.181893547502230833e-30
1.181893547502230833e-30
1.181893547502230833e-30
1.181883355904353438e-30
1.181883344282798479e-30
7.903934624920004251e-31
7.895846035707053693e-31
7.895846035707053693e-31
7.895846035692354072e-31
7.895843955749369984e-31
7.895843955697309994e-31
7.895843955697309994e-31
7.890440836858109507e-31
7.576544371744040898e-31
7.576544371744040898e-31
7.576544371744040898e-31
7.576544371744040898e-31
7.576544371744039146e-31
7.576544371744039146e-31
7.576544371744039146e-31
7.576544371744039146e-31
6.870696049763975014e-31
5.000092012169175669e-31
5.000092012169175669e-31
5.000092012169175669e-31
5.000092012169175669e-31
5.000092012169175669e-31
5.000092010625635777e-31
5.000065345539181620e-31
3.039938420813424888e-31
3.039938420813424888e-31
3.039938420813424888e-31
3.039938420813423136e-31
3.029122789873189604e-31
3.029121604438005581e-31
3.028715057143947235e-31
3.028715056454487809e-31
3.028715056454487809e-31
3.028715056454487809e-31
3.028715056454487809e-31
2.997684637342452984e-31
2.997684637342357083e-31
2.997684637342357083e-31
2.440965837267860194e-31
2.440965837267860194e-31
2.440965837267860194e-31
2.440965837267860194e-31
2.099682445564847377e-31
2.099682445564847377e-31
2.099682445564847377e-31
2.099682445564847377e-31
2.099682430314185571e-31
2.099569269309234555e-31
2.099569269309109752e-31
2.099569269309109752e-31
1.300559756279774992e-31
1.300559756279774992e-31
1.300559756279774992e-31
1.280755982566029153e-31
1.280755982566029153e-31
1.280755982566029153e-31
1.280755982566029153e-31
1.280755982566029153e-31
1.280755982566029153e-31
1.280755955710400916e-31
1.280738037989267039e-31
1.280738037989267039e-31
1.280738037989267039e-31
9.112608843818455703e-32
9.099216727293173898e-32
9.099216727253257693e-32
9.099215513731139141e-32
9.099215513708293597e-32
8.631838077084495247e-32
8.628382327993811962e-32
8.628382327993810867e-32
8.628382327993810867e-32
8.628382327993810867e-32
8.628382327993810867e-32
8.628382327993810867e-32
8.628382327993810867e-32
8.628382327993810867e-32
8.628382327993810867e-32
8.008426782530353476e-32
5.757536293380943807e-32
5.757536293380943807e-32
5.757536293380943807e-32
5.757536293380943807e-32
5.757536293380943807e-32
5.757536293380943807e-32
5.757536292704693590e-32
3.688670751229447226e-32
3.688664375734783658e-32
3.688664375734783658e-32
3.688664375734782563e-32
3.688661743958441741e-32
3.688661743958441741e-32
3.680131387251346188e-32
3.680131385248230540e-32
3.679383653087860080e-32
3.679383653087860080e-32
3.679383653087860080e-32
3.679383653087563399e-32
3.627683213889751557e-32
3.627683213889751557e-32
3.627683213889751557e-32
3.067481938244204700e-32
3.067481938244204700e-32
3.067481938244204700e-32
3.067481938244204700e-32
2.592693285865858682e-32
2.592693285865858682e-32
2.592693285865858682e-32
2.592693278182423704e-32
2.592617474885831354e-32
2.592617474885796869e-32
2.592617474885796869e-32
2.592617474885796869e-32
1.648120185752870163e-32
1.631021424950190357e-32
1.631021424950190357e-32
1.631021424950190357e-32
1.631021424950190357e-32
1.631021424950190357e-32
1.631021424950190357e-32
1.631021424950190357e-32
1.631021359744029539e-32
1.630985149000024729e-32
1.630985149000024729e-32
1.630985148974787946e-32
1.215657907188783841e-32
1.212958884964189175e-32
1.212958813711126202e-32
1.212958813710389288e-32
1.212958813710388330e-32
1.139238280460659606e-32
1.139238280460659606e-32
1.139238280460659606e-32
1.138973781867190376e-32
1.138973781867190376e-32
1.138973781867190376e-32
1.138973781867190376e-32
1.138973781867190376e-32
1.079932066748853137e-32
7.723489810750464923e-33
7.723489810750464923e-33
7.723489810750464923e-33
7.723489810750464923e-33
7.723489810750464923e-33
5.156442286541675081e-33
5.156442286443248917e-33
5.156438169769047999e-33
5.156438169769047999e-33
5.156431760893961751e-33
5.156431760893961751e-33
5.156431755006274197e-33
5.156431755006274197e-33
5.156431755006274197e-33
5.154768294077340899e-33
5.154768294077340899e-33
5.147443063999393296e-33
5.147443063998252688e-33
5.057047785059339027e-33
5.057047785059339027e-33
5.057047785059339027e-33
5.057047785059339027e-33
4.450821454079054304e-33
4.450821454079054304e-33
3.706795714159833323e-33
3.706795714159833323e-33
3.706795714159833323e-33
3.706795714159833323e-33
3.706795714159833323e-33
3.706795714159833323e-33
3.706795711309967203e-33
3.706744512309652257e-33
3.706744512309648835e-33
3.706744512309648835e-33
2.403638637218062836e-33
2.403638637218062836e-33
2.387601287246306223e-33
2.387601287246306223e-33
2.387601287246306223e-33
2.387601287246306223e-33
2.387601287246306223e-33
2.387601113119912519e-33
2.387513174051171058e-33
2.387513173970207071e-33
2.378195453869429490e-33
1.877729582404721112e-33
1.877729582404721112e-33
1.877729582404721112e-33
1.877729582404716322e-33
1.877729582404716322e-33
1.877729582404716322e-33
1.877729551419716482e-33
1.745631781112299123e-33
1.745631781112226253e-33
1.745426560509151012e-33
1.745426560509151012e-33
1.745426560509151012e-33
1.745426560509151012e-33
1.745426560509151012e-33
1.683462569922998193e-33
1.193292099442025915e-33
1.193292099442025915e-33
1.193292099442025915e-33
1.193292099442025915e-33
1.193292099442025915e-33
8.454003098204800851e-34
8.454003098204800851e-34
8.453983574913248397e-34
8.453981567007964514e-34
8.453981567007964514e-34
8.453981566995314853e-34
8.453981566995314853e-34
8.453981547273792301e-34
8.449973450862374317e-34
8.449973450862374317e-34
8.449973450862374317e-34
8.443465139859742590e-34
8.443465139859742590e-34
8.443465139855151422e-34
8.443465139855151422e-34
8.260500906525853343e-34
8.260500906525853343e-34
7.524980292575394708e-34
7.524980292575394708e-34
7.524980292575394708e-34
6.145134963656738900e-34
6.145134963656738900e-34
6.145134963656738900e-34
6.145134963656738900e-34
6.145134963282233674e-34
6.145134963282233674e-34
6.145109430083419987e-34
6.145109430083419987e-34
6.145109430083419987e-34
4.149709257157918323e-34
4.149709257157918323e-34
4.133869528788562698e-34
4.133869528788562698e-34
4.133868937225542571e-34
4.133632601036746331e-34
4.133632601036746331e-34
4.133632600734309105e-34
4.112558827708076514e-34
3.420051761128889873e-34
3.420051761128889873e-34
3.420051761128889873e-34
3.420051761128889873e-34
3.420051761128889873e-34
3.420051761128865497e-34
3.134216406980612242e-34
3.134216402852873966e-34
3.134216402852873110e-34
3.134096347351564922e-34
3.134096347351564922e-34
3.134096347351564922e-34
3.134096347351564922e-34
3.134096347351564922e-34
2.224116712714130312e-34
2.190174335004864706e-34
2.190174335004864706e-34
2.190174335004864706e-34
2.190174335004864706e-34
2.190174335004864706e-34
2.190174335004864706e-34
1.644500396023542066e-34
1.644493772900992369e-34
1.644493764443749022e-34
1.644493728114720272e-34
1.644493728114705518e-34
1.643348306630447645e-34
1.643348306630447645e-34
1.643348306630447645e-34
1.643348306628279712e-34
1.642901409703006890e-34
1.642901409703006890e-34
1.642901409703006890e-34
1.597350678285191428e-34
1.597350678285191428e-34
1.597350678285191428e-34
1.503455026791754224e-34
1.503455026791754224e-34
1.212443382965228212e-34
1.212443382965228212e-34
1.212443382965228212e-34
1.212443382965228212e-34
1.212443382965228212e-34
1.212443382964776194e-34
1.212443382964776194e-34
1.212442907699861109e-34
8.557604463561370371e-35
8.557604463561370371e-35
8.545351829689985334e-35
8.545349563404238479e-35
8.545349563404238479e-35
8.544586703995889931e-35
8.544586702531351715e-35
8.544586702531351715e-35
8.485117556035367976e-35
8.485117556035367976e-35
8.485117556035367976e-35
7.455896192480294502e-35
7.455896192480151242e-35
7.455896192480151242e-35
6.739062418535337282e-35
6.739062418476132336e-35
6.739062418476132336e-35
6.739035878116694713e-35
6.739035878116694713e-35
6.739035878116694713e-35
6.739035878116694713e-35
6.739035878116694713e-35
4.860479686183026168e-35
4.830791923412170573e-35
4.830791923412170573e-35
4.830791923412170573e-35
4.830791923412170573e-35
4.830791923412170573e-35
4.830791923412170573e-35
4.830791923412170573e-35
4.830748750502512834e-35
3.890030324583845485e-35
3.890030282157301650e-35
3.890030282157301650e-35
3.885791116436523985e-35
3.885791115807237036e-35
3.885791115807237036e-35
3.885791115793499026e-35
3.885671612300945600e-35
3.750344239297144914e-35
3.750344239297144914e-35
3.750344239297144914e-35
3.750344239297144914e-35
3.750344239297144380e-35
3.653144139052365209e-35
3.653144139052365209e-35
3.653144139052365209e-35
2.908047923282701898e-35
2.908047923282701898e-35
2.908047923282701898e-35
2.908047923282701898e-35
2.908047923282701898e-35
2.908047914800344184e-35
2.908047914800344184e-35
2.185967987388970646e-35
2.185967987388970646e-35
2.185585226413785774e-35
2.185584106532161068e-35
2.185584106532161068e-35
2.185253936594585015e-35
2.185253935735788562e-35
2.185253935735788562e-35
2.185253935735788562e-35
2.185253935735788562e-35
2.164496844659846220e-35
2.164496844659709642e-35
2.034498052956446415e-35
2.034498052956446415e-35
1.804408545443034303e-35
1.804408545443034303e-35
1.804408545443034303e-35
1.804408545443034303e-35
1.804408545443033502e-35
1.804408545443033502e-35
1.804408486412086174e-35
1.804408486412086174e-35
1.804408486412086174e-35
1.344623712661315351e-35
1.344623712661315351e-35
1.343531524552751203e-35
1.343531524552751203e-35
1.343531524552751203e-35
1.343531524552751203e-35
1.343531524552751203e-35
1.343531524552751203e-35
1.343509428657776388e-35
1.343509390428588492e-35
1.197379594826333545e-35
1.195232273845074058e-35
1.195232273833421338e-35
1.195232273833408643e-35
1.195232273833408643e-35
1.195232273833408643e-35
1.195231923049218020e-35
1.139659265350824034e-35
1.139659265350824034e-35
1.139659265350822965e-35
1.139659265350822965e-35
1.135270202034575062e-35
1.135270202034575062e-35
8.987993364259447233e-36
8.987993364259447233e-36
8.987993364259447233e-36
8.987993364259447233e-36
8.987993364259447233e-36
8.987993364257715281e-36
7.583154348902680501e-36
7.583154348902680501e-36
7.583154348902680501e-36
7.583145428579089888e-36
7.583131135871003922e-36
7.581004915479939376e-36
7.581004907672263114e-36
7.581004907672263114e-36
7.581004907672263114e-36
7.581004907672263114e-36
7.471799252458050880e-36
7.471799252456596896e-36
7.471799252456596896e-36
7.393818420252054419e-36
7.393818420252054419e-36
7.393818420252054419e-36
6.411985397373102105e-36
6.411985397373102105e-36
6.411985397373102105e-36
6.411985397373102105e-36
6.411985397357171091e-36
6.411985397357171091e-36
5.253623129964812981e-36
5.253623129964812981e-36
5.253571361792539008e-36
5.253571361792539008e-36
5.253571361792539008e-36
5.253571361792539008e-36
5.253571361792539008e-36
5.253570975009548696e-36
5.253390223420359084e-36
5.136193342763968236e-36
5.136193342763968236e-36
5.118862759226262561e-36
5.118862759064808863e-36
5.118862759064808863e-36
5.118862759064808863e-36
4.788437716335820000e-36
4.788437716215494137e-36
4.788437716215480774e-36
4.788437716215480774e-36
4.788437716215480774e-36
4.788437716215480774e-36
4.788437716215480774e-36
4.788196412590926548e-36
3.985664426865295446e-36
3.985664426865295446e-36
3.985664426865295446e-36
3.835020659181827896e-36
3.835020659181827896e-36
3.835020659181827896e-36
3.835008452989648033e-36
3.835008452989648033e-36
3.835008452989648033e-36
3.835008439769225659e-36
3.832620185436983478e-36
3.832620184656713253e-36
3.832620184656713253e-36
3.832620184656713253e-36
3.832620184653822658e-36
3.741276112559736135e-36
3.741276112559736135e-36
3.741276112559736135e-36
3.740663250511986446e-36
3.279637865946410624e-36
3.279637865946410624e-36
3.279637865946410624e-36
3.279637865946410624e-36
3.279637865946410624e-36
3.279637865946410624e-36
3.279637865946410624e-36
3.279637865946410624e-36
3.111833221457738212e-36
3.111833217576067992e-36
3.111833217576067992e-36
3.111833217576067992e-36
3.111833217576067992e-36
3.111832491544519500e-36
3.111553900640963641e-36
3.111553900246233044e-36
3.090608372343800662e-36
3.089321775108555317e-36
3.089321775108555317e-36
3.089321775108513221e-36
2.872267817948930144e-36
2.872267817948930144e-36
2.872267817948930144e-36
2.872267817948930144e-36
2.872267817948930144e-36
2.872267817948930144e-36
2.872267799392920033e-36
2.715439807102567159e-36
2.715439807102567159e-36
2.715439807102567159e-36
2.715439807102567159e-36
2.713187108342411119e-36
2.713187108342411119e-36
2.713187108342411119e-36
2.713187108342411119e-36
2.713187108342411119e-36
2.713160268071392553e-36
2.713160232669344048e-36
2.713160232669344048e-36
2.709213762245928032e-36
2.709213762245928032e-36
2.709213762245928032e-36
2.709213762236372230e-36
2.626945345505815915e-36
2.626945345505815915e-36
2.626945345505815915e-36
2.626945280920600253e-36
2.626945280920599585e-36
2.508534759596290117e-36
2.508534759596290117e-36
2.508534759596290117e-36
2.508534759596290117e-36
2.508534759596290117e-36
2.508534759596290117e-36
2.505328880761947601e-36
2.505328880761947601e-36
2.505328880761947601e-36
2.505328880761947601e-36
2.505326813299480184e-36
2.504730230943229311e-36
2.504730229574767765e-36
2.480178174579937562e-36
2.480177997431257517e-36
2.480177997431078442e-36
2.480177997431078442e-36
2.480177997431078442e-36
2.480177997431078442e-36
2.410259029548257254e-36
2.410259029548257254e-36
2.410259029548257254e-36
2.410259029548257254e-36
2.406640485414567908e-36
2.406640485414567908e-36
2.406640485414567908e-36
2.406640485414567908e-36
2.406640485414567908e-36
2.406640485414567908e-36
2.406640106935155949e-36
2.406570329808739852e-36
2.406570329808739852e-36
2.406570329808739852e-36
2.406570207442918245e-36
2.406570207442918245e-36
2.400941039941685327e-36
2.400941039941685327e-36
2.400941039901532049e-36
2.400941039901532049e-36
2.400941039901532049e-36
2.369496502791424399e-36
2.369496502791421727e-36
2.369496502791421727e-36
2.366370722396078838e-36
2.366370722396078838e-36
2.366370722396078838e-36
2.366370722396078838e-36
2.366370722396078838e-36
2.366370722396078838e-36
2.366370111925991806e-36
2.366370111925991806e-36
2.366370111925991806e-36
2.366364017337378766e-36
2.365398400306709382e-36
2.365398394944981337e-36
2.354871885084172071e-36
2.354871885084172071e-36
2.354871885084171403e-36
2.354871885084171403e-36
2.354871885084171403e-36
2.354871885083306764e-36
2.352861345982731402e-36
2.352861345982731402e-36
2.352861345982731402e-36
2.352861345982731402e-36
2.352861345982731402e-36
2.352860607928679982e-36
2.352860607928679982e-36
2.352860607928679982e-36
2.352860607928679982e-36
2.352860607928679982e-36
2.352860607928679982e-36
2.352739590635241388e-36
2.352739590635240720e-36
2.352739204194989383e-36
2.350163447680708463e-36
2.350163447680708463e-36
2.350163447680708463e-36
2.350163447511686498e-36
2.350163447511686498e-36
2.349216710727037277e-36
2.349216710727023579e-36
2.349216710727023579e-36
2.349216710727023579e-36
2.349216053217048074e-36
2.349216053217048074e-36
2.349216053217048074e-36
2.349216053217048074e-36
2.349216053217048074e-36
2.349216053217047072e-36
2.349216053217047072e-36
2.349216053217047072e-36
2.349205153930245758e-36
2.348750013290696557e-36
2.348749995822765952e-36
2.348749995822765952e-36
2.348426605464482080e-36
2.348426605464482080e-36
2.348426605464482080e-36
2.348426605460704127e-36
2.348426605460704127e-36
2.348426177760451747e-36
2.348426177760451747e-36
2.348426177760451747e-36
2.348426177760451747e-36
2.348426177760451747e-36
2.348426177760450076e-36
2.348426177760450076e-36
2.348426177760450076e-36
2.348426177760450076e-36
2.348426177760450076e-36
2.348426177760450076e-36
2.348426177760450076e-36
2.348368529082720259e-36
2.348368529082720259e-36
2.348367830462607298e-36
2.348367830462607298e-36
2.348288131820870682e-36
2.348288131263271492e-36
2.348287929172012399e-36
2.348287929172012399e-36
2.348287929171953598e-36
2.348287929171953598e-36
2.348287929171953598e-36
2.348287929171953598e-36
2.348287929171952596e-36
2.348287929171952596e-36
2.348287929171952596e-36
2.348287929171952596e-36
2.348287929171952596e-36
2.348282721726687165e-36
2.348282721726687165e-36
2.348268609794059918e-36
2.348268578110249087e-36
2.348268578110249087e-36
2.348268578110249087e-36
2.348268509015426870e-36
2.348268509002945727e-36
2.348268509002945727e-36
2.348268509002945727e-36
2.348268509002945727e-36
2.348268509002945727e-36
2.348268509002945059e-36
2.348268509002945059e-36
2.348268509002945059e-36
2.348268509002944725e-36
2.348268509002944725e-36
2.348268509002944725e-36
2.348268509002944725e-36
2.348268509002944725e-36
2.348268509002944725e-36
2.348268509002944725e-36
2.348266720696969834e-36
2.348266386677097824e-36
2.348266386677097824e-36
2.348266386677097824e-36
2.348266369645129555e-36
2.348266368633344785e-36
2.348266368633344785e-36
2.348266368633344117e-36
2.348266368633149005e-36
2.348266368633149005e-36
2.348266368633149005e-36
2.348266368633149005e-36
2.348266368633149005e-36
2.348266368633149005e-36
2.348266368633149005e-36
2.348266368633149005e-36
2.348266368633149005e-36
2.348266207078992628e-36
2.348266191929247410e-36
2.348266188913327776e-36
2.348266188913327776e-36
2.348266188913327776e-36
2.348266188913327776e-36
2.348266188913327776e-36
2.348266188890680104e-36
2.348266188890680104e-36
2.348266188890680104e-36
2.348266188890680104e-36
2.348266188890680104e-36
2.348266188890677765e-36
2.348266188890677765e-36
2.348266188890677765e-36
2.348266188890677765e-36
2.348266188890677765e-36
2.348266188890677765e-36
2.348266188890677765e-36
2.348266188890677765e-36
2.348266178527984774e-36
2.348266178145796125e-36
2.348266178145796125e-36
2.348266177662006001e-36
2.348266177662006001e-36
2.348266177661651860e-36
2.348266177661651860e-36
2.348266177661651860e-36
2.348266177661651860e-36
2.348266177661651860e-36
2.348266177661651860e-36
2.348266177661651860e-36
2.348266177661651860e-36
2.348266177661651860e-36
2.348266177661651860e-36
2.348266177627125754e-36
2.348266177627125754e-36
2.348266177157116738e-36
2.348266177157116738e-36
2.348266177157116738e-36
2.348266177157116738e-36
2.348266177146287364e-36
2.348266177146287364e-36
2.348266177146287364e-36
2.348266177146287364e-36
2.348266177146287364e-36
2.348266177146283689e-36
2.348266177146283689e-36
2.348266177146283689e-36
2.348266177146283689e-36
2.348266177146283689e-36
2.348266177146283689e-36
2.348266177146283689e-36
2.348266177146283689e-36
2.348266177144068635e-36
2.348266177144068635e-36
2.348266177129059725e-36
2.348266177129059725e-36
2.348266177128890673e-36
2.348266177128890673e-36
2.348266177128890673e-36
2.348266177128890673e-36
2.348266177128890673e-36
2.348266177128890673e-36
2.348266177128890673e-36
2.348266177128890673e-36
2.348266177128890673e-36
2.348266177128890673e-36
2.348266177128890673e-36
2.348266177128890673e-36
2.348266177128890673e-36
2.348266177128790110e-36
2.348266177128790110e-36
2.348266177128790110e-36
2.348266177128454344e-36
2.348266177128454344e-36
2.348266177128454344e-36
2.348266177128454344e-36
2.348266177128454344e-36
2.348266177128452339e-36
2.348266177128452339e-36
2.348266177128452339e-36
2.348266177128452339e-36
2.348266177128452339e-36
2.348266177128452339e-36
2.348266177128452339e-36
2.348266177128452339e-36
2.348266177128448998e-36
2.348266177128448998e-36
2.348266177128448998e-36
2.348266177128448998e-36
2.348266177128448998e-36
2.348266177128443987e-36
2.348266177128443987e-36
2.348266177128443987e-36
2.348266177128443987e-36
2.348266177128443987e-36
2.348266177128443987e-36
2.348266177128443987e-36
2.348266177128443987e-36
2.348266177128443987e-36
2.348266177128443987e-36
2.348266177128443987e-36
2.348266177128443987e-36
2.348266177128443987e-36
2.348266177128443987e-36
2.348266177128443987e-36
2.348266177128443987e-36
2.348266177128443987e-36
2.348266177128443987e-36
2.348266177128443987e-36
2.348266177128443987e-36
2.348266177128443987e-36
2.348266177128443987e-36
2.348266177128443987e-36
2.348266177128443987e-36
2.348266177128443987e-36
2.348266177128443987e-36
2.348266177128443987e-36
2.348266177128443987e-36
2.348266177128443987e-36
2.348266177128443987e-36
2.348266177128443987e-36
2.348266177128443987e-36
2.348266177128443987e-36
2.348266177128443987e-36
2.348266177128443987e-36
2.348266177128443987e-36
2.348266177128443987e-36
2.348266177128443987e-36
2.348266177128443987e-36
2.348266177128443987e-36
2.348266177128443987e-36
2.348266177128443987e-36
2.348266177128443987e-36
2.348266177128443987e-36
2.348266177128443987e-36
2.348266177128443987e-36
2.348266177128443987e-36
2.348266177128443987e-36
2.348266177128443987e-36
2.348266177128443987e-36
2.348266177128443987e-36
2.348266177128443987e-36
2.348266177128443987e-36
2.348266177128443987e-36
2.348266177128443987e-36
2.348266177128443987e-36
2.348266177128443987e-36
2.348266177128443987e-36
2.348266177128443987e-36
2.348266177128443987e-36
2.348266177128443987e-36
2.348266177128443987e-36
2.348266177128443987e-36
2.348266177128443987e-36
2.348266177128443987e-36
2.348266177128443987e-36
2.348266177128443987e-36
2.348266177128443987e-36
2.348266177128443987e-36
2.348266177128443987e-36
2.348266177128443987e-36
2.348266177128443987e-36
2.348266177128443987e-36
2.348266177128443987e-36
2.348266177128443987e-36
2.348266177128443987e-36
2.348266177128443987e-36
2.348266177128443987e-36
2.348266177128443987e-36
2.348266177128443987e-36
2.348266177128443987e-36
2.348266177128443987e-36
2.348266177128443987e-36
2.348266177128443987e-36
2.348266177128443987e-36
2.348266177128443987e-36
2.348266177128443987e-36
2.348266177128443987e-36
2.348266177128443987e-36
2.348266177128443987e-36
2.348266177128443987e-36
2.348266177128443987e-36
2.348266177128443987e-36
2.348266177128443987e-36
2.348266177128443987e-36
2.348266177128443987e-36
2.348266177128443987e-36
2.348266177128443987e-36
2.348266177128443987e-36
2.348266177128443987e-36
2.348266177128443987e-36
2.348266177128443987e-36
2.348266177128443987e-36
2.348266177128443987e-36
2.348266177128443987e-36
2.348266177128443987e-36
2.348266177128443987e-36
2.348266177128443987e-36
2.348266177128443987e-36
2.348266177128443987e-36
2.348266177128443987e-36
2.348266177128443987e-36
2.348266177128443987e-36
2.348266177128443987e-36
2.348266177128443987e-36
2.348266177128443987e-36
2.348266177128443987e-36
2.348266177128443987e-36
2.348266177128443987e-36
2.348266177128443987e-36
2.348266177128443987e-36
2.348266177128443987e-36
2.348266177128443987e-36
2.348266177128443987e-36
2.348266177128443987e-36
2.348266177128443987e-36
2.348266177128443987e-36
2.348266177128443987e-36
2.348266177128443987e-36
2.348266177128443987e-36
2.348266177128443987e-36
2.348266177128443987e-36
2.348266177128443987e-36
2.348266177128443987e-36
2.348266177128443987e-36
2.348266177128443987e-36
2.348266177128443987e-36
2.348266177128443987e-36
2.348266177128443987e-36
2.348266177128443987e-36
2.348266177128443987e-36
2.348266177128443987e-36
2.348266177128443987e-36
2.348266177128443987e-36
2.348266177128443987e-36
2.348266177128443987e-36
2.348266177128443987e-36
2.348266177128443987e-36
2.348266177128443987e-36
2.348266177128443987e-36
2.348266177128443987e-36
2.348266177128443987e-36
2.348266177128443987e-36
2.348266177128443987e-36
2.348266177128443987e-36
2.348266177128443987e-36
2.348266177128443987e-36
2.348266177128443987e-36
2.348266177128443987e-36
2.348266177128443987e-36
2.348266177128443987e-36
2.348266177128443987e-36
2.348266177128443987e-36
2.348266177128443987e-36
2.348266177128443987e-36
2.348266177128443987e-36
2.348266177128443987e-36
2.348266177128443987e-36
2.348266177128443987e-36
2.348266177128443987e-36
2.348266177128443987e-36
2.348266177128443987e-36
2.348266177128443987e-36
2.348266177128443987e-36
2.348266177128443987e-36
2.348266177128443987e-36
2.348266177128443987e-36
2.348266177128443987e-36
2.348266177128443987e-36
2.348266177128443987e-36
2.348266177128443987e-36
2.348266177128443987e-36
2.348266177128443987e-36
2.348266177128443987e-36
2.348266177128443987e-36
2.348266177128443987e-36
2.348266177128443987e-36
2.348266177128443987e-36
2.348266177128443987e-36
2.348266177128443987e-36
2.348266177128443987e-36
2.348266177128443987e-36
2.348266177128443987e-36
2.348266177128443987e-36
2.348266177128443987e-36
2.348266177128443987e-36
2.348266177128443987e-36
2.348266177128443987e-36
2.348266177128443987e-36
2.348266177128443987e-36
2.348266177128443987e-36
2.348266177128443987e-36
2.348266177128443987e-36
2.348266177128443987e-36
2.348266177128443987e-36
2.348266177128443987e-36
2.348266177128443987e-36
2.348266177128443987e-36
2.348266177128443987e-36
2.348266177128443987e-36
2.348266177128443987e-36
2.348266177128443987e-36
2.348266177128443987e-36
2.348266177128443987e-36
2.348266177128443987e-36
2.348266177128443987e-36
2.348266177128443987e-36
2.348266177128443987e-36
2.348266177128443987e-36
2.348266177128443987e-36
2.348266177128443987e-36
2.348266177128443987e-36
2.348266177128443987e-36
2.348266177128443987e-36
2.348266177128443987e-36
2.348266177128443987e-36
2.348266177128443987e-36
2.348266177128443987e-36
2.348266177128443987e-36
2.348266177128443987e-36
2.348266177128443987e-36
