1.016176520567156726e-05
8.303692795706155299e-06
7.761004794937629181e-06
7.667109395340614950e-06
6.138179254235924375e-06
5.930159505860100497e-06
5.921956543824955692e-06
5.898673626561514019e-06
4.570442945157216658e-06
4.551805257763891681e-06
4.453907284263428509e-06
4.453639652851497092e-06
4.451637764353615985e-06
3.589048105061860697e-06
3.414312068382501672e-06
3.412012126579572819e-06
3.378297876335161872e-06
2.618443261901039672e-06
2.531603769954103469e-06
2.528095058911819591e-06
2.528091169999217273e-06
2.524405361295769709e-06
2.524373472675464558e-06
1.968125905695179531e-06
1.944424488790082123e-06
1.905615605905332298e-06
1.905263692434762531e-06
1.905263305707669108e-06
1.482821966692183119e-06
1.482801388398535112e-06
1.420022077648815270e-06
1.419029504272068858e-06
1.413622478922395286e-06
1.413622476150838896e-06
1.106157988413325139e-06
1.106157988072626889e-06
1.095813680355276983e-06
1.095813573351681470e-06
1.059623172572146589e-06
1.059622192477796481e-06
1.058255337951175410e-06
1.058210827212105394e-06
7.984176036419863469e-07
7.899973847688575170e-07
7.835114507937235772e-07
7.835114507856838581e-07
7.833252082233426249e-07
7.833251670328788594e-07
7.833251668487380260e-07
6.156028790552421600e-07
6.155968999399860856e-07
5.837077994959086079e-07
5.824684022024720829e-07
5.824683957542084612e-07
5.803609441256291474e-07
4.390063991784959133e-07
4.390063092275612409e-07
4.390063091826877646e-07
4.349474957316573513e-07
4.284723813258900296e-07
4.284722546309724135e-07
4.284446966834851574e-07
4.281930595851419575e-07
3.211644982001295958e-07
3.172413334927032549e-07
3.146348861268432316e-07
3.146348861266155385e-07
3.144049633540051516e-07
3.144049633529056499e-07
3.144049545393847381e-07
3.144049541191765105e-07
2.380964572511961505e-07
2.318432441233488605e-07
2.318429899730340017e-07
2.309640326029125591e-07
2.309640241592144377e-07
2.304955852846302596e-07
1.721109529611806786e-07
1.721109529611804139e-07
1.721108935076355347e-07
1.704160480723232440e-07
1.704160480668654931e-07
1.678360307562835821e-07
1.678360025241751713e-07
1.678022288985242018e-07
1.677648966786935800e-07
1.677648966786830185e-07
1.272228789258861638e-07
1.232012108672312287e-07
1.232012108666242502e-07
1.224945505569421307e-07
1.222975532433388221e-07
1.222975532433388221e-07
1.222975532432229374e-07
1.222975525564419269e-07
1.222975512451738852e-07
9.084984572690987444e-08
8.848135849352910516e-08
8.848129798858671314e-08
8.812484341195607819e-08
8.812483747063763875e-08
8.805494221770379075e-08
6.653831968645330379e-08
6.653820201491737667e-08
6.485834070287450415e-08
6.485834070287446444e-08
6.485834070287446444e-08
6.403863876658832804e-08
6.403863876601861897e-08
6.403863876601860573e-08
6.403863365320670304e-08
6.400521088076509851e-08
6.400521088073357300e-08
6.399484594090394942e-08
4.742210447634398572e-08
4.578304156333016406e-08
4.578304156260104736e-08
4.569737812171335733e-08
4.559384603052985507e-08
4.559384603052985507e-08
4.559384603051568050e-08
4.559384550708163208e-08
4.559384538965220697e-08
3.439693597622540613e-08
3.338629767739578355e-08
3.338628214172276269e-08
3.300942781821628596e-08
3.300941754751327462e-08
3.298756245285487919e-08
3.298756245285487919e-08
3.298342799325857964e-08
2.407086807090619199e-08
2.350112103697975977e-08
2.350112103697975977e-08
2.350112103697975977e-08
2.350112103697975977e-08
2.337708122206125524e-08
2.337708122198272933e-08
2.337708122198270617e-08
2.337708072939537754e-08
2.336195407442840084e-08
2.336195407438137397e-08
2.336053937948670361e-08
1.762325156009741524e-08
1.687839720478647223e-08
1.687839720397510400e-08
1.678781676921682987e-08
1.675265203052154791e-08
1.675265104990861305e-08
1.675265104990861305e-08
1.675265104990696200e-08
1.675265104990696200e-08
1.216150000532418879e-08
1.216150000498971500e-08
1.199752296121420198e-08
1.182513496563111045e-08
1.182512691025203756e-08
1.182512548263921633e-08
1.182512548263921633e-08
1.182181589916116685e-08
1.182181589916116685e-08
1.181972430049454226e-08
1.181972430049454226e-08
8.702492945364272961e-09
8.456383772820538810e-09
8.456383772820485870e-09
8.456383772820484216e-09
8.411388110528483524e-09
8.411388110528483524e-09
8.411388110518013072e-09
8.395349989858192419e-09
8.395349895348823733e-09
8.395349895293879088e-09
6.067613437962562664e-09
6.067608921869449738e-09
5.944017813865591067e-09
5.944017812761502645e-09
5.895972390767811334e-09
5.889773558977659107e-09
5.889772596024879778e-09
5.889772596024879778e-09
5.889772596024762318e-09
5.889772596024762318e-09
4.274410456180427253e-09
4.274410456122696664e-09
4.189544171567878412e-09
4.145342159274734432e-09
4.145337095999844703e-09
4.145336798357131510e-09
4.145336798357131510e-09
4.145336798357131510e-09
4.145336798357131510e-09
4.144871324026427430e-09
4.142652265593090999e-09
4.142652265593088518e-09
3.102228469615073111e-09
2.912538116966781070e-09
2.912538116966727717e-09
2.902905049722652474e-09
2.902905049722652060e-09
2.902905049722652060e-09
2.902905049721692531e-09
2.892650036455125453e-09
2.892650036351614553e-09
2.892650036351614553e-09
2.892650024924882014e-09
2.071752149998480333e-09
2.071752148352698626e-09
2.071751147361469167e-09
2.028270350612338827e-09
2.009953336247711937e-09
2.009952701112690795e-09
2.009075088886895000e-09
2.009075088886895000e-09
2.009075088886882592e-09
1.481507305686844535e-09
1.481507305686844535e-09
1.481507305676891691e-09
1.481493517852441831e-09
1.414719908404039239e-09
1.403493307379004548e-09
1.403493307379004548e-09
1.403493307379004548e-09
1.403493307379004548e-09
1.403493262365049087e-09
1.403493262365049087e-09
1.403493262365046192e-09
1.401813516800023580e-09
1.401710203906843075e-09
1.026696750001005210e-09
9.651947242362830727e-10
9.651947242362142099e-10
9.638300783113183427e-10
9.638300781929353554e-10
9.638300781929353554e-10
9.598859768967241523e-10
9.598859768967241523e-10
9.598859768966211683e-10
9.598859768966211683e-10
9.598859759280611202e-10
9.598859273763046371e-10
7.012500566924598923e-10
6.849829378404052451e-10
6.849827851417285522e-10
6.693341227881762988e-10
6.693332430871004594e-10
6.691066844941118432e-10
4.770935822326537145e-10
4.770935822326537145e-10
4.770935822326537145e-10
4.770861056852322554e-10
4.770861056852322554e-10
4.770861056852322554e-10
4.559888706558125460e-10
4.559888706558125460e-10
4.559888706558125460e-10
4.559888706558125460e-10
4.559888706552677958e-10
4.544167272781384959e-10
4.544167272781384959e-10
4.544167272781384959e-10
4.544167232467242677e-10
4.544167232467189427e-10
4.537440597075293753e-10
4.537316032443277185e-10
4.537316032384185470e-10
3.446813380663088941e-10
3.180364882765315546e-10
3.180364881562813105e-10
3.176167550439626900e-10
3.141559741796785634e-10
3.141559741796785634e-10
3.141559741796785634e-10
3.141559741796677583e-10
3.141559741796677583e-10
3.141558999015476863e-10
3.141558997508157331e-10
2.203080203048649181e-10
2.179123352366467677e-10
2.179123190796116374e-10
2.120448291277142966e-10
2.120442607255791058e-10
2.120149317701923756e-10
2.120149317701923756e-10
2.120149317701923756e-10
2.120149317701923756e-10
1.547359677758180523e-10
1.547311655738792317e-10
1.547311655738792317e-10
1.465009037953177406e-10
1.465009037953177406e-10
1.465009037953177406e-10
1.465009037953177147e-10
1.465009037953177147e-10
1.459952396028876019e-10
1.459952396028876019e-10
1.459952396028200316e-10
1.459952396028200316e-10
1.459952396028107258e-10
1.459952388982904257e-10
1.453963528926373766e-10
1.453963528866258157e-10
1.453947812762303889e-10
1.007142941492075539e-10
9.902855198507251498e-11
9.902855184247969594e-11
9.755103544073777768e-11
9.749624209287355284e-11
9.749624209287355284e-11
9.749624209287286784e-11
9.749624209287286784e-11
9.749618523662848250e-11
9.749618522396102568e-11
9.749618522396102568e-11
6.925263041148246866e-11
6.845479990452055682e-11
6.845479990452055682e-11
6.630311395097679938e-11
6.630311183730627176e-11
6.630278207557889468e-11
6.629892398358734631e-11
6.629892398358734631e-11
6.629892398358734631e-11
6.629892398358734631e-11
6.629892398358734631e-11
6.629892398358734631e-11
6.621962645426906723e-11
4.955045348143437015e-11
4.458125788042802966e-11
4.458125788042802320e-11
4.458125788042802320e-11
4.458125788042802320e-11
4.449369201320779151e-11
4.449369201320235668e-11
4.449369201319409780e-11
4.449369201319409780e-11
4.449369194130878738e-11
4.449369194130878738e-11
4.419607724721147284e-11
4.419607723837748116e-11
4.419584191714906354e-11
3.068325120291672328e-11
3.013906462652636559e-11
3.013906450084020708e-11
2.961853339068807580e-11
2.961122275615155954e-11
2.961118898792006415e-11
2.961118898792006415e-11
2.961118898792000599e-11
2.961118898792000599e-11
2.147049341221143643e-11
2.147049341214568849e-11
2.147049341214568849e-11
2.122456814201708109e-11
1.982349503607710804e-11
1.982319900881218853e-11
1.982319874055838830e-11
1.982319874055838830e-11
1.982319874055838830e-11
1.982319874055838830e-11
1.982319874055838830e-11
1.982319874055838830e-11
1.982319874055838830e-11
1.982250553681915116e-11
1.977574357165331564e-11
1.977574357165331564e-11
1.977574357165299576e-11
1.465033317366953335e-11
1.313774615030923028e-11
1.313774615029741226e-11
1.312599416070266888e-11
1.312599416070266888e-11
1.312599416070266888e-11
1.312599416070211312e-11
1.312599416070211312e-11
1.302164626231088323e-11
1.302164625397172166e-11
1.302164624848299540e-11
1.302164624848299540e-11
9.255531410260357450e-12
9.255530002139916490e-12
9.079257462312247750e-12
9.079257354658006211e-12
8.721327142035055595e-12
8.719787412302807560e-12
8.719750342759211175e-12
8.719750342759211175e-12
8.719750342759207944e-12
6.144393362686707909e-12
6.144393362686707909e-12
6.144393362679630021e-12
5.693593786806959105e-12
5.693448936416255600e-12
5.680129234520347522e-12
5.680129234520347522e-12
5.680129234520347522e-12
5.680129211835495179e-12
5.680129211835495179e-12
5.680129211835495179e-12
5.680129211835495179e-12
5.680129211835495179e-12
5.680129211835495987e-12
5.680129211835495987e-12
5.680054093345053848e-12
5.680054093344532014e-12
5.663253550545521329e-12
5.663253550545521329e-12
4.406383381225346327e-12
3.852985041604118493e-12
3.852985041588677519e-12
3.849880349787794599e-12
3.849880349787794599e-12
3.849880349787794599e-12
3.849880342064834927e-12
3.775159223804968976e-12
3.775159223804920509e-12
3.775159223804920509e-12
3.775159223081535715e-12
3.775159223081535715e-12
3.775156344594295689e-12
2.576325297973973664e-12
2.552152319195252695e-12
2.552152215678892101e-12
2.552152215678892101e-12
2.437196550793625456e-12
2.437176239127110885e-12
2.437001418337759948e-12
1.781676841608058549e-12
1.781676841608058549e-12
1.781676841608058751e-12
1.781456545634111436e-12
1.781456545634111436e-12
1.625746891761471175e-12
1.625746891761161992e-12
1.625746891761161992e-12
1.625746891761161992e-12
1.622023668864435961e-12
1.622023668864435961e-12
1.622023668864435961e-12
1.622023668864435961e-12
1.622023668864434951e-12
1.622023665359815695e-12
1.622023665359815695e-12
1.622023665359815695e-12
1.622023665359072727e-12
1.622023665359072727e-12
1.609665639018581479e-12
1.609657223564133044e-12
1.609657223241072162e-12
1.310774085860792189e-12
1.057854055532133951e-12
1.057854055532133951e-12
1.057453053073259962e-12
1.057453045289822603e-12
1.031201326942493765e-12
1.031201326942493765e-12
1.031201326942493765e-12
1.031201326942490937e-12
1.031201326942490937e-12
1.031201326889712937e-12
1.031199537142393245e-12
7.218490559838035039e-13
7.218490559838035039e-13
7.147667372504179680e-13
7.147667187149598506e-13
6.766588883438563299e-13
6.766483490235742817e-13
6.766483490235742817e-13
6.766271594225422781e-13
5.110016067263038263e-13
5.110016067263038263e-13
5.110016067263038263e-13
5.107452646320137126e-13
5.107452646320137126e-13
5.107452646320137126e-13
4.355794104643879408e-13
4.355794104643879408e-13
4.355794104643879408e-13
4.355794104643879408e-13
4.355794104643879408e-13
4.350423453127829529e-13
4.350423453127611425e-13
4.350423453127603852e-13
4.350423453127603852e-13
4.350423453127603852e-13
4.350423450080197572e-13
4.350423450074532414e-13
4.300931624667830701e-13
4.300931624667830701e-13
4.300931624667830701e-13
4.300931620903987258e-13
4.300921352194008108e-13
2.908186980753158817e-13
2.861860695768758904e-13
2.861860633678526796e-13
2.861860633678526796e-13
2.777366945777355625e-13
2.776963184865432410e-13
2.776963184865432410e-13
2.776963184865430391e-13
2.776963184865430391e-13
2.776953702115237557e-13
2.776953702076854741e-13
2.776953702076854741e-13
1.995867737942818866e-13
1.977205856638553597e-13
1.977205856638553597e-13
1.977205826992081112e-13
1.778728602403222651e-13
1.778652889951158399e-13
1.778652889951158399e-13
1.778622106315658069e-13
1.778622106315658069e-13
1.778622106315658069e-13
1.778622106315658069e-13
1.778622106315658069e-13
1.771248010097571560e-13
1.346278305270884349e-13
1.346278305270884349e-13
1.137330122031015918e-13
1.137330122031009607e-13
1.137330122031009607e-13
1.137330122031009607e-13
1.137330122031009607e-13
1.136650792937353171e-13
1.136650792937332598e-13
1.136650792937332598e-13
1.136650792930070660e-13
1.136650792930070660e-13
1.136650792696928057e-13
1.136650792696928057e-13
1.120909486442013579e-13
1.120909483406477068e-13
1.120908508497201770e-13
1.120908508497201770e-13
7.788679756926298051e-14
7.788679756926298051e-14
7.660963845686042831e-14
7.660963379528332896e-14
7.193224770160302702e-14
7.193224770160302702e-14
7.192533816938321263e-14
7.192533816938321263e-14
7.192451430106425158e-14
7.192451430106425158e-14
7.192451430106423895e-14
7.192451430106423895e-14
5.067459649189419795e-14
5.067459649186147600e-14
5.067459649186147600e-14
5.042965021758766581e-14
4.496062184552037934e-14
4.495737252885674789e-14
4.495737244044213902e-14
4.495737244044213902e-14
4.495737244044213902e-14
4.495737244044213902e-14
4.495737244044213902e-14
4.495707192745584184e-14
4.495707192745584184e-14
4.495707192745584184e-14
4.495707192745581660e-14
4.471874094530756387e-14
3.597472834110734715e-14
3.597472834110056926e-14
3.597472834110056926e-14
2.954735852224565984e-14
2.954735852143688178e-14
2.954735852143688178e-14
2.953218426562361526e-14
2.953218426562361526e-14
2.953218426562361526e-14
2.953218426562343225e-14
2.953218426562343225e-14
2.861840874486159964e-14
2.861840853939154981e-14
2.861840853704241038e-14
2.861840853704241038e-14
2.861840853704241038e-14
1.915442153132774744e-14
1.915442099625496013e-14
1.898902351518238742e-14
1.898902002316822264e-14
1.898902002316822264e-14
1.898902002316822264e-14
1.767171359990452210e-14
1.767101572965570375e-14
1.767101572965570375e-14
1.767062762129763772e-14
1.767062762129763772e-14
1.767062762129763456e-14
1.306908056407397872e-14
1.306908056407397872e-14
1.306908056407045566e-14
1.136881266846720909e-14
1.136732549245986560e-14
1.134924315002584389e-14
1.134924315002584389e-14
1.134924313816097356e-14
1.134924313816097356e-14
1.134924313816097356e-14
1.134924313816097356e-14
1.134924313816097356e-14
1.134924313816097356e-14
1.134924313816093254e-14
1.134924313816093254e-14
1.134921151751240464e-14
1.120598938250988541e-14
1.120598938248310832e-14
1.120598938248310832e-14
9.476800484152695938e-15
7.132370820645533774e-15
7.132370820645533774e-15
7.132370820215050801e-15
7.130649819222819016e-15
7.130649819222819016e-15
7.130649819222819016e-15
7.130649819222819016e-15
7.130649607672966122e-15
6.856778971048088045e-15
6.856778971048080945e-15
6.856778971048080945e-15
6.856778970896705637e-15
6.856778970896705637e-15
6.856778970896705637e-15
4.762341942318366393e-15
4.762339275568773570e-15
4.721033632861819589e-15
4.721033556931841737e-15
4.721033556931841737e-15
4.332351644387608050e-15
4.332174422124292312e-15
4.332097798878257078e-15
4.332097798878257078e-15
4.332097798878257078e-15
3.338638478504204580e-15
3.338638478504204580e-15
3.338638478504204580e-15
3.334232887920732277e-15
3.334232887920732277e-15
2.672256122983177766e-15
2.672256122983114657e-15
2.672256122983114657e-15
2.672256122983114657e-15
2.670021861271628798e-15
2.670021861271628009e-15
2.670021861271628009e-15
2.670021861271628009e-15
2.670021860374629656e-15
2.670021860374590213e-15
2.670021860374590213e-15
2.670021860374590213e-15
2.670021860355748271e-15
2.622414094531958570e-15
2.622414094531958570e-15
2.622411097521362893e-15
2.291930876013696115e-15
2.291930871692354336e-15
1.708054435619366455e-15
1.708054435619366455e-15
1.708054435619366455e-15
1.707852189623406613e-15
1.707852042595824670e-15
1.628737734390666215e-15
1.628737734390666215e-15
1.628737734390666215e-15
1.628737734390665623e-15
1.628737734390665623e-15
1.628737734390665623e-15
1.628737734380473738e-15
1.628723398513580701e-15
1.169836426606250123e-15
1.169836426606250123e-15
1.160692195593038149e-15
1.160692185123795088e-15
9.973369378160095042e-16
9.973369378160095042e-16
9.972338539421828179e-16
9.972338539421828179e-16
9.972247524041021174e-16
9.972247524041021174e-16
7.817472853034982865e-16
7.817472853034982865e-16
7.817472853034982865e-16
7.817472853034982865e-16
7.798577741772348603e-16
7.798577741772348603e-16
6.156463841109991343e-16
6.156463841109991343e-16
6.156463841109991343e-16
6.156463841109991343e-16
6.153834170548741199e-16
6.153834170548741199e-16
6.153834170548686965e-16
6.153834170548686965e-16
6.153834170548398045e-16
6.153834170548398045e-16
6.153834170548398045e-16
6.153834169902518179e-16
6.153834169693499621e-16
6.017498262012114161e-16
6.017498262012114161e-16
6.017498204877502315e-16
6.017498204877502315e-16
6.017495661223534755e-16
4.107207359357052052e-16
4.046550167748526409e-16
4.046550167748526409e-16
4.046549212472698309e-16
4.046549212472698309e-16
3.692774902283087859e-16
3.692569626883085563e-16
3.692569626883085563e-16
3.692569626883085070e-16
3.692569626883085070e-16
3.692470530549009057e-16
3.692470530549009057e-16
3.692470530541083963e-16
3.692470530541083963e-16
3.692470530541083963e-16
2.630431239193853577e-16
2.619196255396944478e-16
2.215301453965316044e-16
2.215301451533596837e-16
2.215301451533596837e-16
2.214905412772236905e-16
2.214905412772236905e-16
2.214905412772236905e-16
2.214897428549672893e-16
2.214897428549672893e-16
2.214897428549672893e-16
2.214897428549672893e-16
2.214897428549665744e-16
2.195644258096222985e-16
1.832874690578655196e-16
1.832874690578655196e-16
1.409852733677473039e-16
1.409852733677056422e-16
1.409852733677056422e-16
1.409852733677056422e-16
1.409852733677056422e-16
1.409852733677056422e-16
1.409364420312337082e-16
1.409364420312332645e-16
1.409364420119306516e-16
1.409364420119306516e-16
1.409364420119306516e-16
1.409364420119306516e-16
1.409364420053599087e-16
1.345366194753613548e-16
1.345366194753613548e-16
1.345366162011875856e-16
1.345365954709457546e-16
8.902602828673770031e-17
8.902602828673770031e-17
8.828355082208083987e-17
8.828355082208083987e-17
8.828348611186853533e-17
7.944673144039586749e-17
7.944673144039586749e-17
7.944487776155246562e-17
7.944487776155246562e-17
7.944082707746409881e-17
7.944082707746409881e-17
7.944082707746409881e-17
7.944082707746409881e-17
5.993101208234699568e-17
5.993101208233711027e-17
5.993101208233711027e-17
5.993101208233711027e-17
5.971238378855398937e-17
4.916175346353314839e-17
4.914624279071199429e-17
4.914624279071199429e-17
4.914624276332180072e-17
4.914624276332180072e-17
4.914624276332180072e-17
4.914624276332180072e-17
4.914624276332180072e-17
4.914616772189609034e-17
4.914616772189609034e-17
4.914616772189497484e-17
4.914616772189497484e-17
4.820717982870332341e-17
4.820717982819569141e-17
4.227256995885647909e-17
4.227256995885647909e-17
2.983870076555767806e-17
2.983870076555767806e-17
2.983870075576954742e-17
2.983870075576954742e-17
2.983376734635350793e-17
2.983376734635350793e-17
2.983376734635350793e-17
2.983376734635350793e-17
2.983376734635348944e-17
2.983376734635348944e-17
2.816638792481041105e-17
2.816638571495671882e-17
2.816638571466107470e-17
2.816638571466107470e-17
2.816638571466107470e-17
1.953931945046438639e-17
1.953931922615619760e-17
1.938577985601619339e-17
1.938574070324032969e-17
1.938574070324032969e-17
1.938574070324032969e-17
1.709512476410940042e-17
1.709494220179172055e-17
1.709333139516618564e-17
1.709333139516618564e-17
1.709333139516618564e-17
1.709333139516618564e-17
1.353512398427369919e-17
1.353512398427369919e-17
1.353512398427369919e-17
1.353512398427282713e-17
1.012262808787975097e-17
1.011622807170419025e-17
1.010995971213210056e-17
1.010995971213210056e-17
1.010995971213210056e-17
1.010995971213210056e-17
1.010995971030902298e-17
1.010995971030902298e-17
1.010995971030902144e-17
1.010995971030902144e-17
1.010995971030811548e-17
1.010995971030811548e-17
1.010995971030811548e-17
1.010995971030811548e-17
9.845114515945810884e-18
9.845108727499526925e-18
9.845108727216630927e-18
8.920150924714645588e-18
8.920150924714645588e-18
8.920150924714645588e-18
6.297099532841122697e-18
6.297099523906404736e-18
6.296570763026723691e-18
6.296570763026723691e-18
6.296568977614770451e-18
6.296568977614770451e-18
5.868401909519717319e-18
5.868401909519717319e-18
5.868401909519717319e-18
5.868401909519717319e-18
5.868401909519715778e-18
5.868401909519715778e-18
5.868401909501467977e-18
5.868401909501467977e-18
5.868284157432566330e-18
4.244652492905368966e-18
4.244652492905368966e-18
4.216590095557128702e-18
4.216590071136400178e-18
3.434941633080039568e-18
3.434941633080039568e-18
3.434172787258321183e-18
3.434172787258321183e-18
3.434155001970892132e-18
3.434155001970892132e-18
2.796145963768440199e-18
2.781940661785249042e-18
2.781940661785249042e-18
2.781940661785249042e-18
2.047885292979800649e-18
2.047885292979800649e-18
2.047885292979800649e-18
2.047885292979800649e-18
2.047885292979791019e-18
2.047206527141377745e-18
2.047206527141376590e-18
2.047206527141376590e-18
2.047206527141376590e-18
2.047206527140760677e-18
2.047206527140760677e-18
2.047206527140760677e-18
2.047206527140760677e-18
2.047206527018461044e-18
2.047206526719337161e-18
1.979444945449630175e-18
1.979444945449630175e-18
1.979444945449630175e-18
1.979444510987936735e-18
1.979444454375069249e-18
1.856685591793593718e-18
1.315227996126558088e-18
1.315227996126558088e-18
1.315227996126558088e-18
1.315227996126558088e-18
1.315226999504563432e-18
1.315150346593864811e-18
1.160071748190694180e-18
1.160071748190694180e-18
1.160071748190694180e-18
1.160071748190693988e-18
1.160071748190693988e-18
1.160071748190693988e-18
1.160006428122976460e-18
1.160006428121825332e-18
1.160006428121825332e-18
8.435579639807621328e-19
8.403675294171162405e-19
8.403675294171162405e-19
8.403675294171162405e-19
8.403675276305442758e-19
8.403675276305442758e-19
6.681112257677361708e-19
6.678488274432149186e-19
6.678488274432149186e-19
6.678474349379561688e-19
6.678474349379561688e-19
6.678474349379561688e-19
6.678474349379561688e-19
5.747281107897376170e-19
5.699196115991133775e-19
5.699196115991133775e-19
5.699196115991072145e-19
5.699196115991072145e-19
4.116052854031145365e-19
4.116052854031145365e-19
4.116052854031145365e-19
4.116052854031145365e-19
4.116052854023774350e-19
4.115030038710014805e-19
4.115030038710007101e-19
4.115030038710007101e-19
4.115030038710007101e-19
4.115030036413216235e-19
4.115030036311446244e-19
4.115030036311446244e-19
3.857605315727533196e-19
3.857605315727533196e-19
3.857605315727533196e-19
3.857605315727533196e-19
3.857605040009256390e-19
3.857604727998626193e-19
3.857604727998626193e-19
2.544723135559332798e-19
2.523539333312139940e-19
2.523533389358604855e-19
2.523533389358604855e-19
2.178603395413033935e-19
2.178603395413033935e-19
2.178570934037648021e-19
2.178570934037648021e-19
2.178338183817657996e-19
2.178338183817657996e-19
2.178338183817657996e-19
2.178338183817657996e-19
2.178338183817657996e-19
1.686150118702253008e-19
1.686150118702253008e-19
1.686150118702072693e-19
1.686150118702072693e-19
1.681225619004053406e-19
1.296881424662082704e-19
1.296881424231007582e-19
1.295990630268177389e-19
1.295990630268177389e-19
1.295990630268177389e-19
1.295989467299423961e-19
1.295989467299423961e-19
1.295989467299423961e-19
1.295989467299423961e-19
1.295989467299423961e-19
1.295989467299276146e-19
1.261070793818335550e-19
1.261070793818335550e-19
1.139566486281519655e-19
7.625508589283591540e-20
7.625508589238019223e-20
7.625508589238019223e-20
7.625508589238019223e-20
7.624584219167484222e-20
7.624584219167484222e-20
7.624584208366965391e-20
7.624584208366965391e-20
7.624584208366965391e-20
7.624584208366960576e-20
7.624584208366960576e-20
7.624584208366960576e-20
7.035354247928654241e-20
7.035354247889843141e-20
7.035352673608528396e-20
7.035352673608528396e-20
7.035352673608528396e-20
7.035352673608528396e-20
4.906644067691429256e-20
4.906644027296000804e-20
4.871380810646139212e-20
4.871350261782681049e-20
4.871350261782681049e-20
4.871350261782681049e-20
4.093242872656735986e-20
4.093214453843536905e-20
4.093214453843536905e-20
4.093214453843536905e-20
4.092412276420963467e-20
4.092412276420963467e-20
4.092412276420963467e-20
3.335812623166084704e-20
3.335812623166084704e-20
3.335812623165955907e-20
2.330558045573311896e-20
2.329385537618283098e-20
2.329385537618283098e-20
2.329385537618283098e-20
2.326211696725836951e-20
2.326211696725836951e-20
2.326211696725836951e-20
2.326211696473830222e-20
2.326211696473830222e-20
2.326211696473830222e-20
2.326211696473830222e-20
2.326211696473828416e-20
2.326211696473828416e-20
2.326211696472790821e-20
2.326210853936210828e-20
2.241402365997743002e-20
2.241402365997743002e-20
2.241402365755697844e-20
2.241402365755697844e-20
2.241402365755697844e-20
2.086835183289205055e-20
1.413464820182382201e-20
1.413464811757458233e-20
1.413464811757458233e-20
1.413375481074287749e-20
1.413375481074287749e-20
1.413375481074287749e-20
1.413375481074287749e-20
1.413375481074287448e-20
1.279916943223772138e-20
1.279916194200939669e-20
1.279916194200939669e-20
1.279916194200939669e-20
1.279916194198811065e-20
1.279916194198811065e-20
1.279916194198811065e-20
9.371455079047433210e-21
9.371304447765786327e-21
9.319194391033293276e-21
9.319194354882243078e-21
9.319194354882243078e-21
9.319194354882243078e-21
7.164163055438619995e-21
7.164163055438619995e-21
7.160989567514325203e-21
7.160966901087241556e-21
7.160966901087241556e-21
7.160966901087241556e-21
7.160966901087241556e-21
6.050506516778812198e-21
6.050506516778812198e-21
6.050506516778812198e-21
5.995857803384784292e-21
4.131280481831652496e-21
4.131280481831652496e-21
4.131280481831640459e-21
4.130134511706675922e-21
4.130134511706675922e-21
4.130134511706675922e-21
4.130134511706658619e-21
4.130134511706658619e-21
4.130134511706658619e-21
4.130134511706658619e-21
4.130134511554288973e-21
4.130134511547922119e-21
4.130134511547922119e-21
4.130134511547922119e-21
4.130134511547922119e-21
4.130134509353988490e-21
3.937141869356651530e-21
3.937141389467087044e-21
3.937141389467087044e-21
3.763671443787325998e-21
2.593181837499660406e-21
2.593181783254006742e-21
2.593181783254006742e-21
2.593181783254006742e-21
2.593079029266683185e-21
2.593079029266683185e-21
2.593073628412579325e-21
2.201549928228880341e-21
2.201549928228880341e-21
2.201549928228880341e-21
2.201549928228880341e-21
2.201549928228880341e-21
2.201549928228880341e-21
2.201549928228880341e-21
2.201549928227777069e-21
2.201313071672392387e-21
1.646811343510739959e-21
1.641372276017061766e-21
1.641372276017061766e-21
1.641372273633138722e-21
1.219804857599790324e-21
1.219804857599790324e-21
1.219804857599790324e-21
1.218842946885785064e-21
1.218842946885785064e-21
1.218842946885785064e-21
1.218841371454252520e-21
1.081683802391378098e-21
1.066301279632052852e-21
1.066301279632052852e-21
1.066301279632052852e-21
1.066301279632052852e-21
7.265622865937255772e-22
7.265622865937124117e-22
7.265622865937124117e-22
7.265622865937124117e-22
7.265622865937124117e-22
7.265622865937124117e-22
7.264259546735367341e-22
7.264259546735359818e-22
7.264259546735359818e-22
7.264259546673260803e-22
7.264259546673260803e-22
7.264259546570310067e-22
7.264259546570310067e-22
7.264259546570310067e-22
7.264259532595462404e-22
7.264259532595462404e-22
7.264259532595462404e-22
6.671643565582116194e-22
6.671642325971604322e-22
6.671642325971604322e-22
6.671642028325545855e-22
4.430177305319528546e-22
4.430177305319528546e-22
4.430177305319528546e-22
4.393029187763299524e-22
4.393001053734421606e-22
4.393001053734421606e-22
3.613040039177156003e-22
3.613002935372004990e-22
3.613002935372004990e-22
3.613002935372004990e-22
3.613002935372004990e-22
3.612260496460310520e-22
3.612260496460310520e-22
3.612260496460310520e-22
3.612260496459840322e-22
2.878413984135471094e-22
2.878413984135471094e-22
2.878413984135471094e-22
2.878413984135471094e-22
2.871835158558306903e-22
2.065182170678307982e-22
2.065182170226653430e-22
2.065182170226653430e-22
2.062365107768417029e-22
2.062365107768417029e-22
2.062363971799747310e-22
2.062363971799747310e-22
2.062363971799747310e-22
2.062363971799747310e-22
2.062363971799745899e-22
2.062363971799745899e-22
1.988686751826781757e-22
1.988686751825899431e-22
1.839784538713149226e-22
1.839784538713149226e-22
1.183153871566659353e-22
1.183153871566659353e-22
1.183153871530824408e-22
1.183153871530824408e-22
1.183043031731810893e-22
1.183043031731810893e-22
1.183043031731810893e-22
1.183043031731810893e-22
1.183043031731810658e-22
1.183043025636372629e-22
1.183043025636372629e-22
1.183043025636372629e-22
1.183043025631369255e-22
1.062212568893486972e-22
1.062212568893486972e-22
1.062212568893486972e-22
1.062211964355876101e-22
1.062211964355876101e-22
7.497413480962114707e-23
7.497413434609370242e-23
7.448397698630161952e-23
7.448397698630161952e-23
7.448397698630161952e-23
7.448275222570107735e-23
7.448275222570107735e-23
5.912937797284844759e-23
5.912909761453240776e-23
5.912909761453240776e-23
5.912909761453240776e-23
5.910698204919606904e-23
5.910698204919606904e-23
5.910698204919606904e-23
5.910698204919606904e-23
4.956629757311649254e-23
4.956629757311649254e-23
4.956629757311531704e-23
4.949607579090498041e-23
4.949607579090498041e-23
3.250880477533688384e-23
3.250880477533688384e-23
3.242102411905869334e-23
3.242102411672798192e-23
3.242102411672798192e-23
3.242102411672798192e-23
3.242102411672798192e-23
3.242102411672798192e-23
3.242102411672782323e-23
3.242102411672782323e-23
3.242101708634765500e-23
3.242101708628677614e-23
3.242101708628677614e-23
3.085149299383265557e-23
3.085149299383265557e-23
3.085149298289060167e-23
2.929347162637832150e-23
2.929347162637832150e-23
1.928822539556877109e-23
1.928822539556877109e-23
1.928822499498175204e-23
1.928728463460842318e-23
1.928728463460842318e-23
1.928728463460842318e-23
1.928728463460842318e-23
1.928728463460842318e-23
1.928728463460841731e-23
1.686232968447378202e-23
1.686230515695498484e-23
1.686230515695498484e-23
1.686230515693887469e-23
1.686230515693887469e-23
1.686230515693887469e-23
1.686230515693887469e-23
1.255010451313664027e-23
1.254960974493802210e-23
1.249171599242636119e-23
1.249171595913006935e-23
1.249171595913006935e-23
1.249171595913006935e-23
1.249171595913006935e-23
9.052157060112042027e-24
9.052157060112042027e-24
9.052138256039824301e-24
9.044764365418048442e-24
9.044764365418048442e-24
7.899744441605232909e-24
7.899744441605232909e-24
7.899744441605232909e-24
7.899744441605232909e-24
7.899744441605232909e-24
7.899744441605232909e-24
5.091872025627360751e-24
5.068101660988600842e-24
5.068101660988589822e-24
5.066882313044766146e-24
5.066882313044766146e-24
5.066882313044765411e-24
5.066882313044765411e-24
5.066882313044765411e-24
5.066882312920894021e-24
5.066882312920777941e-24
5.066882312920777941e-24
5.066882312887172761e-24
5.066882312887172761e-24
5.066882312887172761e-24
5.066882312887172761e-24
4.746549321938704754e-24
4.746549315018512205e-24
4.746548973332721072e-24
4.597468541449455055e-24
3.111563902238461487e-24
3.111563902238461487e-24
3.111563688465131390e-24
3.111563688465131390e-24
3.111563688465131390e-24
3.111477791018326451e-24
3.111477791018326451e-24
3.111462177816142118e-24
2.536419759410022540e-24
2.536419759410022540e-24
2.536419759410022540e-24
2.536419759410022540e-24
2.536419759410022540e-24
2.536419759410022540e-24
2.536419759410022540e-24
2.536419759409327896e-24
2.535938183738311496e-24
1.961570138336404378e-24
1.961570138336404378e-24
1.956165309784436862e-24
1.956165309784436862e-24
1.956165307851599786e-24
1.359739538142067202e-24
1.357743379520104263e-24
1.357743379520104263e-24
1.357743379520104263e-24
1.357742225111813534e-24
1.357742225111813534e-24
1.357742225111813534e-24
1.236486219222769411e-24
1.236486219222769411e-24
1.209655525014937005e-24
7.833933677232422783e-25
7.833933677232422783e-25
7.833933677232420946e-25
7.833933677232420946e-25
7.833933677232420946e-25
7.832781416768261046e-25
7.832781416767489628e-25
7.832781416767485036e-25
7.832781416767485036e-25
7.832781416767485036e-25
7.832781416767485036e-25
7.832781416500509147e-25
7.832781416500509147e-25
7.832781416432803427e-25
7.832781416432803427e-25
7.832781371321239680e-25
7.037880141208797172e-25
7.037880141208797172e-25
7.037880141208797172e-25
7.037879959406074966e-25
7.037879959406074966e-25
7.037876897916455363e-25
4.755937384870615313e-25
4.717183953400209352e-25
4.717183953400209352e-25
4.717183953400209352e-25
4.717112930027190687e-25
4.717112930027190687e-25
4.717052073285371366e-25
3.682395958539517514e-25
3.682395958539517514e-25
3.682395958539517514e-25
3.682395958539517514e-25
3.682395958539517514e-25
3.681047218124800378e-25
3.681047218124536810e-25
3.681047218124536810e-25
3.024683108467893832e-25
3.024683108467893832e-25
3.024683108467893832e-25
3.019422977481623651e-25
3.019422977481623651e-25
2.023517790253024871e-25
2.023517789938828088e-25
2.023517789938828088e-25
2.023517789938828088e-25
2.018401192970204451e-25
2.018400483566299146e-25
2.018400483566299146e-25
2.018400483566299146e-25
2.018400483566291799e-25
2.018400483566291799e-25
1.927804507379322178e-25
1.817753546881434540e-25
1.817753546881434540e-25
1.817753546878807815e-25
1.141926920000676040e-25
1.141926920000676040e-25
1.141926919857316698e-25
1.141926919857316698e-25
1.141841888798717197e-25
1.141841888798717197e-25
1.141841888798717197e-25
1.141841888798717197e-25
1.141841888798717197e-25
1.141841888798717197e-25
1.141841888798717197e-25
1.141841870333820049e-25
1.141841870330861798e-25
9.945247212304063709e-26
9.945247212304063709e-26
9.945247212304063709e-26
9.945234192495877428e-26
9.945234192495877428e-26
9.945234104075412764e-26
7.161026386189050008e-26
7.119414123526400901e-26
7.119414123526400901e-26
7.119148399743463636e-26
7.119148399743463636e-26
5.308662135226240013e-26
5.308644223452627250e-26
5.308644223452627250e-26
5.308644223452627250e-26
5.305102640984183284e-26
5.305102640984183284e-26
5.305102640984183284e-26
5.305102640984183284e-26
5.305102640984183284e-26
4.581413884669636078e-26
4.581413884669636078e-26
4.581413884669571219e-26
4.576866249352488855e-26
4.576866249352488855e-26
2.853232506939503143e-26
2.839099477231099733e-26
2.839099477087071255e-26
2.839099477087071255e-26
2.839099477087071255e-26
2.839099477087071255e-26
2.839099477087006970e-26
2.839099477087006970e-26
2.839099090658569925e-26
2.839099090658569925e-26
2.839099090639154754e-26
2.664529448688798413e-26
2.664529448688798413e-26
2.664529448688798413e-26
2.664529448688798413e-26
2.565762387111139150e-26
2.565762384619872876e-26
1.667568214554380638e-26
1.667568214554380638e-26
1.667568111163922522e-26
1.667504991717510195e-26
1.667504991717510195e-26
1.667504991717510195e-26
1.667504991717510195e-26
1.667504991717510195e-26
1.667504991717510195e-26
1.399809998761406216e-26
1.399809998761406216e-26
1.399805407884108629e-26
1.399805407883331758e-26
1.399805407883331758e-26
1.399805407883331758e-26
1.068511308336434147e-26
1.068511308336434147e-26
1.064482947977340462e-26
1.064482946015776738e-26
1.064392496313393944e-26
1.064392496313393944e-26
1.064392496313393944e-26
7.291969089837380082e-27
7.291969089837380082e-27
7.291958621118385732e-27
7.281711103252456774e-27
6.542196198349260172e-27
6.542196198349260172e-27
6.542196198349260172e-27
6.542196198349260172e-27
6.542196198349260172e-27
4.035139296671510524e-27
4.035139296671504785e-27
4.000743782025121220e-27
3.999900717956173122e-27
3.999900717956173122e-27
3.999900717956173122e-27
3.999900717956173122e-27
3.999900717891558240e-27
3.999900717891556806e-27
3.999900717891556806e-27
3.999900717891132066e-27
3.999900717891132066e-27
3.999900717793117763e-27
3.999900717793117763e-27
3.671912654183726895e-27
3.671912492100117948e-27
3.671912492100117948e-27
3.671912477237855138e-27
3.671912477237855138e-27
3.589500210133676454e-27
2.428679468362480255e-27
2.428678994567690981e-27
2.428678994567690981e-27
2.428678994567690981e-27
2.428631546278700632e-27
2.428631546278700632e-27
1.899769017924230291e-27
1.899755229041852483e-27
1.899755229041852483e-27
1.899755229041852483e-27
1.899755229041852483e-27
1.899755229041852483e-27
1.899755229041852483e-27
1.899755229041606393e-27
1.899755229041606393e-27
1.899160049706049008e-27
1.522340945142242536e-27
1.519001672474275429e-27
1.519001672474275429e-27
1.519001672474275429e-27
1.519001671514730992e-27
9.975015609991494683e-28
9.949718810170135775e-28
9.949718810170135775e-28
9.949713090660518294e-28
9.949713090660518294e-28
9.949713090660518294e-28
9.949713090660518294e-28
9.258289010440779155e-28
8.977771584914447155e-28
5.640634731571380769e-28
5.640634731571380769e-28
5.640634731571380769e-28
5.640634731571371801e-28
5.640634731571371801e-28
5.639970751673805165e-28
5.639970751673804268e-28
5.639970751671252784e-28
5.639970751671252784e-28
5.639970751671252784e-28
5.639970751008560131e-28
5.639970751008560131e-28
5.639970750983368148e-28
5.639970750983368148e-28
5.639970750983368148e-28
5.639970664567754551e-28
4.955473400317174062e-28
4.955473400317174062e-28
4.955473326494102889e-28
4.955473326494102889e-28
4.955473326494102889e-28
4.955468672181335491e-28
3.447057359505764243e-28
3.421213092747848684e-28
3.421213092747848684e-28
3.421213092747848684e-28
3.421213092747848684e-28
3.421107334009195170e-28
3.421077096669547236e-28
2.545041355142988893e-28
2.545041355142988893e-28
2.545041355142988893e-28
2.545041355142988893e-28
2.545041355142988893e-28
2.543503229889128763e-28
2.543503229889081231e-28
2.158552157552010261e-28
2.158552157552010261e-28
2.155809811907804635e-28
2.155809811907804635e-28
1.370908152562200958e-28
1.370908152434923821e-28
1.370908152434923821e-28
1.370908152434923821e-28
1.370908152434923821e-28
1.364872992116414020e-28
1.364872691887395420e-28
1.302008340065250865e-28
1.302008340065250865e-28
1.236061202637070609e-28
1.236061202637053569e-28
1.236061202637053569e-28
1.236061202637053569e-28
1.236061202631111391e-28
7.762597206158733238e-29
7.762597206158733238e-29
7.762597202779040123e-29
7.762146916752308531e-29
7.762146916752308531e-29
7.762146916752308531e-29
7.762146916752308531e-29
7.762146916752308531e-29
7.762146916752308531e-29
7.762146572940645210e-29
7.762146572940645210e-29
7.762146572934911096e-29
7.762146572934911096e-29
6.567839823726507437e-29
6.567839823726507437e-29
6.567821968009576003e-29
6.567821968009576003e-29
6.567821968009576003e-29
6.567821940239099300e-29
4.885165156521190428e-29
4.861288148799921686e-29
4.860931284573260693e-29
4.860931284573260693e-29
3.442264206189560803e-29
3.442256197779191101e-29
3.442256197779191101e-29
3.438426277377703683e-29
3.438426277377703683e-29
3.438426277377703683e-29
3.438426277377703683e-29
3.438426277377703683e-29
3.056947013459585857e-29
3.056947013459585857e-29
3.056947013459583615e-29
3.054900647860528123e-29
3.054900647860528123e-29
1.857144561464063272e-29
1.857144561464063272e-29
1.841863062876350807e-29
1.841863062845829686e-29
1.841863062845829686e-29
1.841863062845829406e-29
1.841863062845666575e-29
1.841862934390037088e-29
1.841862934390037088e-29
1.841862934350437515e-29
1.706479133423761875e-29
1.706479133423761875e-29
1.706479133423761875e-29
1.660876205649050600e-29
1.660876205649050600e-29
1.094150581160508463e-29
1.094150579532216744e-29
1.094150579532216744e-29
1.094150406885043125e-29
1.094120815171139334e-29
1.094120815171139334e-29
1.094120815171139334e-29
1.094120815171139334e-29
1.094120815171139334e-29
1.094120815171139334e-29
8.869821004959486891e-30
8.869821004959486891e-30
8.869761913160101950e-30
8.869761913159851118e-30
7.023347032732300795e-30
7.023347032732300795e-30
7.002974976244849740e-30
7.002974972281994499e-30
7.001839014349893629e-30
7.001839014349893629e-30
4.633733418199612760e-30
4.633733418199612760e-30
4.633733418199612760e-30
4.633729702776379568e-30
4.633729702776379568e-30
4.623467471116344572e-30
4.262526661307942886e-30
4.262526661307942886e-30
4.262526661307942886e-30
2.610239140944519661e-30
2.610239140944519661e-30
2.610239140944519661e-30
2.574357178784846206e-30
2.573926663904584572e-30
2.573926663904584572e-30
2.573926663904584572e-30
2.573926663902264722e-30
2.573926663902264722e-30
2.573926663902261569e-30
2.573926663902261569e-30
2.573926663901213048e-30
2.573926663701883246e-30
2.573926663701883246e-30
2.322964219008219252e-30
2.322964190136074837e-30
2.322964167256836239e-30
2.322964167256836239e-30
2.286933723462008962e-30
2.286933723462008962e-30
1.592617532159010082e-30
1.592616785311733364e-30
1.592616785311733364e-30
1.592599647242043704e-30
1.212247164407732415e-30
1.212228917002933586e-30
1.212228917002933586e-30
1.212228917002933586e-30
1.212228917002933586e-30
1.212228917002933586e-30
1.212228917002933586e-30
1.212228917002933586e-30
1.212228917002933411e-30
1.212228917002933411e-30
1.212228917002933411e-30
1.013782302868854186e-30
1.013395647686576591e-30
1.011835790260370430e-30
1.011835790227166138e-30
1.011835790227166138e-30
6.506325284652422388e-31
6.480924828761378953e-31
6.480923704650439275e-31
6.480923704650439275e-31
6.480923704650439275e-31
6.480923704650439275e-31
6.151941951685795433e-31
5.922147805052485760e-31
3.772924938565209891e-31
3.772924938565209891e-31
3.772924938565209891e-31
3.772924938565184931e-31
3.772653831962251300e-31
3.772653831962251300e-31
3.772653831962251300e-31
3.772653831962251300e-31
3.772653831955810144e-31
3.772653831955810144e-31
3.772653830674838114e-31
3.772653830674824101e-31
3.772653830674824101e-31
3.772653830674824101e-31
3.772653830674824101e-31
3.772653698263302898e-31
3.267542893870587133e-31
3.267542893870587133e-31
3.267542891497218434e-31
3.267536969870302733e-31
2.398590273547873774e-31
2.384476225859651239e-31
2.384476225859651239e-31
2.384476225859651239e-31
2.384476225859651239e-31
2.384347683447240034e-31
2.384347683447240034e-31
2.384341500370889150e-31
1.736651680288285692e-31
1.736651680288285692e-31
1.736651680288285692e-31
1.736651680288285692e-31
1.736651680288285692e-31
1.735111556527235202e-31
1.735111556527235202e-31
1.530531860845522940e-31
1.529475060516081898e-31
9.716791449408623655e-32
9.716791449407812435e-32
9.716791449407812435e-32
9.652644455194696564e-32
9.652644455194696564e-32
9.652644455194696564e-32
9.652644346114963823e-32
9.652644346114963823e-32
9.355803204837769345e-32
8.822492270839364076e-32
8.822492270838934929e-32
8.822492270838932739e-32
5.815149540372289605e-32
5.815149540323002216e-32
5.815149540323002216e-32
5.815149540323002216e-32
5.815149533270036050e-32
5.815149533270036050e-32
5.815040094522639706e-32
5.815040094522639706e-32
5.815040094522639706e-32
5.815040094522639706e-32
5.815039503959144494e-32
5.815039503959144494e-32
5.815039503959144494e-32
5.815039503959144494e-32
4.857684228404659470e-32
4.857684228404659470e-32
4.857660593964692722e-32
4.857660593964692722e-32
4.857660593964692722e-32
3.829035485692474653e-32
3.829035485683278084e-32
3.817773309454521583e-32
3.817313427653269914e-32
2.680487465085157531e-32
2.680487465085157531e-32
2.680487123757907764e-32
2.676202235167582006e-32
2.676202235167582006e-32
2.676202235167582006e-32
2.676202235167582006e-32
2.676202235167582006e-32
2.465674521797350751e-32
2.465674521797350751e-32
2.465674521797350751e-32
2.465204249354234230e-32
1.557243203778380496e-32
1.539431264094472241e-32
1.539431264094472241e-32
1.539431264094472241e-32
1.539431264094472241e-32
1.539431264094471146e-32
1.539431264094038167e-32
1.539431264011715440e-32
1.539431264011715440e-32
1.539431263925652450e-32
1.418986809202267574e-32
1.418986809202267574e-32
1.398546265957429755e-32
1.398546265957429755e-32
9.834499570367818475e-33
9.834499530523687950e-33
9.834499530523687950e-33
9.834499530523687950e-33
9.834496331205899611e-33
9.834481806832719457e-33
9.834481806832719457e-33
9.834481806832719457e-33
9.834481806832719457e-33
9.834481806832719457e-33
7.912467714797765459e-33
7.912377284225635983e-33
7.912377284225635983e-33
6.669938443855508254e-33
6.669938443855508254e-33
6.663883640631746659e-33
6.663883640631745291e-33
6.662191709386888167e-33
6.662191709386888167e-33
4.510470633180703105e-33
4.510470633180703105e-33
4.510470630243048511e-33
4.510470630243048511e-33
4.497096760512858432e-33
4.497096760512858432e-33
4.298551042369827955e-33
4.298551042369827955e-33
2.803235285920355944e-33
2.752532732218485970e-33
2.752532732218485970e-33
2.752505762958465513e-33
2.752505762958465513e-33
2.752505762958465513e-33
2.752505762958465513e-33
2.752505762958452855e-33
2.752505762955045401e-33
2.752505762955045401e-33
2.752505762955045401e-33
2.752505762404528741e-33
2.752505762404528741e-33
2.474458430854334024e-33
2.474458430854329918e-33
2.474458381426583719e-33
2.474458381426583719e-33
2.463282775897799450e-33
1.863343749013237072e-33
1.863343749013237072e-33
1.863342052316115659e-33
1.863342052316115659e-33
1.863342052316115659e-33
1.863342036326441133e-33
1.432604790535113950e-33
1.432568303394226180e-33
1.432568303394226180e-33
1.432568303394226180e-33
1.432568303394226180e-33
1.432568303394226180e-33
1.432568303394226180e-33
1.431691005586708261e-33
1.289711843905674556e-33
1.289711843905674556e-33
1.289604577343173945e-33
1.289604577343173945e-33
1.289604577343173945e-33
8.655851838615866270e-34
8.612111932543792990e-34
8.612111932543565485e-34
8.612111932543565485e-34
8.612111932543565485e-34
8.612111932543565485e-34
8.477247057552388640e-34
8.134344904976212513e-34
5.645920773669432496e-34
5.645920773669304203e-34
5.645920422238850326e-34
5.645920422238848615e-34
5.645920422238848615e-34
5.645920422209691960e-34
5.645920422209691960e-34
5.645920417679127415e-34
5.645920417679127415e-34
5.645920417679127415e-34
5.645920417679127415e-34
5.645920417679127415e-34
5.645920034285120568e-34
4.902570051050802561e-34
4.902570051050802561e-34
4.902570051050802561e-34
4.902555438232149478e-34
4.048683090502751315e-34
4.047257063996996794e-34
4.047257063996996794e-34
4.047257063996996794e-34
4.046927065445503859e-34
4.046927065445503859e-34
3.001523105462902739e-34
3.001523105462902739e-34
3.001523105462021368e-34
3.001523105462021368e-34
2.998085708967942856e-34
2.998085708967942856e-34
2.878054637276086795e-34
2.878052984598470291e-34
1.945320640118435580e-34
1.945320640118435580e-34
1.928704119665263709e-34
1.928704119665263709e-34
1.928704119665263709e-34
1.928704119665263709e-34
1.928704119665263709e-34
1.813874160707988269e-34
1.810979558274625810e-34
1.810979558274354899e-34
1.810979558274354899e-34
1.810979558274354043e-34
1.810979558215288509e-34
1.367866317331687955e-34
1.367866317331687955e-34
1.367866317331687955e-34
1.367866313353255233e-34
1.367866313353255233e-34
1.367866313348845599e-34
1.367866033274153810e-34
1.367866033274153810e-34
1.367866033274153810e-34
1.367866033274153810e-34
1.143362604041015335e-34
1.143362604041015335e-34
1.143353608193924883e-34
1.143353608193924883e-34
1.143353608193924883e-34
1.049718172808249483e-34
1.049718172808249483e-34
1.049715197558612701e-34
1.049516365420546034e-34
7.514148226508669136e-35
7.514148226508669136e-35
7.514148226508669136e-35
7.497897596989041462e-35
7.497897596989041462e-35
7.497897596989041462e-35
7.497897596989041462e-35
7.460705405218030255e-35
7.460705405218030255e-35
7.460705404980815972e-35
5.288702340876964383e-35
5.207954423003864421e-35
5.207954423003864421e-35
5.207954423003864421e-35
5.207954423003864421e-35
5.207954423003850523e-35
5.207954422999439392e-35
5.207954422999439392e-35
5.207954422999439392e-35
5.207954422268319573e-35
4.771670455138917493e-35
4.771670455138917493e-35
4.771608221074164953e-35
4.771608221074164953e-35
4.771608160721623411e-35
4.131622074783944233e-35
4.131622074783944233e-35
4.131622074783944233e-35
4.131619178844263395e-35
4.131619178844263395e-35
4.131619178844263395e-35
4.131619178844263395e-35
3.277551387265312549e-35
3.277485109437679328e-35
3.237894602906810759e-35
3.237894602906810759e-35
3.237894602906810759e-35
3.237894602906810759e-35
3.237894602301755095e-35
3.236465938626803118e-35
3.236465938626803118e-35
2.304692261969064229e-35
2.304692261969064229e-35
2.304692261969064229e-35
2.294597842938280311e-35
2.294597842938280311e-35
2.294597842938280311e-35
2.294489239241712595e-35
1.866622099419931237e-35
1.813511221981860369e-35
1.813511221981860369e-35
1.813511221981860369e-35
1.813511221981826157e-35
1.813511221981826157e-35
1.813511221973816683e-35
1.813511221973816683e-35
1.813511221973816683e-35
1.813511220869001326e-35
1.813511220869001326e-35
1.590958945347744981e-35
1.590958945347744981e-35
1.590958869305824687e-35
1.590958869305824687e-35
1.590958867827116274e-35
1.552612266716901771e-35
1.552612266716901771e-35
1.552608599979134863e-35
1.552608599979134863e-35
1.552608599979134863e-35
1.552608599979134863e-35
1.173027813073797089e-35
1.172963676639612702e-35
1.172963676639612702e-35
1.172963676639612702e-35
1.172963676639612702e-35
1.171723823610258544e-35
1.171564929531711032e-35
1.171564929531711032e-35
1.171564929531711032e-35
1.171564929531711032e-35
9.257121648363404688e-36
9.170419161564500296e-36
9.170419161564500296e-36
9.170419161564500296e-36
9.170419161564500296e-36
9.170419161564500296e-36
9.170419124488957297e-36
8.625182043421903424e-36
8.283864065938899279e-36
8.283864065938899279e-36
8.283864065937826164e-36
8.283864065937822155e-36
8.283864065729561665e-36
8.283864065729561665e-36
8.283864065729561665e-36
8.283864039603245196e-36
8.283864039603245196e-36
8.283864039603245196e-36
8.283862191235799120e-36
8.283862191235799120e-36
6.839714279476849632e-36
6.839714279476849632e-36
6.839660524145924662e-36
6.837408121506449440e-36
6.837408121506449440e-36
6.837408121506449440e-36
6.837408121506449440e-36
6.835966450429731938e-36
6.835966450429731938e-36
5.431685996063408491e-36
5.431685996063408491e-36
5.431685996063408491e-36
5.431685996063408491e-36
5.417483439432003678e-36
5.417483366828609482e-36
5.417483366828609482e-36
5.116998257908039472e-36
5.002147684286272752e-36
5.002147684286272752e-36
5.002147684286272752e-36
5.002147684286272752e-36
5.002147684286272752e-36
4.490516358261169948e-36
4.490516358257243657e-36
4.490516358257230293e-36
4.490516358257230293e-36
4.490516358257230293e-36
4.490516357563669233e-36
4.490516357563669233e-36
4.487529825794146895e-36
4.487529825794146895e-36
4.487529757056018827e-36
4.487529757056018827e-36
4.487529757056018827e-36
4.487525659535743219e-36
4.487525659535743219e-36
4.487525659535743219e-36
3.716220323997712365e-36
3.716220323997712365e-36
3.716115324556403593e-36
3.716115324556403593e-36
3.716115324556403593e-36
3.716115182409384883e-36
3.716115182409384883e-36
3.713837708964570263e-36
3.713837708964570263e-36
3.480112053469472301e-36
3.454619395613232124e-36
3.454619395613232124e-36
3.454619395613232124e-36
3.454619395613232124e-36
3.454619395613232124e-36
3.454619395613232124e-36
3.454619395613232124e-36
3.450610654810935710e-36
3.282669416793533970e-36
3.282669416793533970e-36
3.282669416793533970e-36
3.282669416793439087e-36
3.282669416769664845e-36
3.282669416769664845e-36
3.282669413446784865e-36
2.890495704586967533e-36
2.890495704586967533e-36
2.890495704586967533e-36
2.890495489155004638e-36
2.890495489155004638e-36
2.890495224521145210e-36
2.890495224521145210e-36
2.890495224521145210e-36
2.890483976023458847e-36
2.890483976023458847e-36
2.890483976023458847e-36
2.716816670037737936e-36
2.716816670037737936e-36
2.716516453713789970e-36
2.716516453713789970e-36
2.716516453713789970e-36
2.716516453713789970e-36
2.711176994697982100e-36
2.711176994697982100e-36
2.711176994697982100e-36
2.707059371478329791e-36
2.707059371478329791e-36
2.707059371478329791e-36
2.656671139006671628e-36
2.656671139006671628e-36
2.656671139006671628e-36
2.479455336826982270e-36
2.479454894990959438e-36
2.479454894990959438e-36
2.479454894990344034e-36
2.479454894990344034e-36
2.479454894868745602e-36
2.479454894868744265e-36
2.479454894868744265e-36
2.479454880548355932e-36
2.479454880548355932e-36
2.363634648144538348e-36
2.363633694974066959e-36
2.363633694974066959e-36
2.363633694974066959e-36
2.363633694974066959e-36
2.363633694974066959e-36
2.363633694974066959e-36
2.363633694974066959e-36
2.363593453901975239e-36
2.363593453901975239e-36
2.363593453901975239e-36
2.362595502591244248e-36
2.358771985770575897e-36
2.358771985770575897e-36
2.358771985770575897e-36
2.358771985770575897e-36
2.345518698822998010e-36
2.345518698822998010e-36
2.345518698822998010e-36
2.345518698822998010e-36
2.345518039185484089e-36
2.277600203953080774e-36
2.277600203953080774e-36
2.277600203953080774e-36
2.277600203953080774e-36
2.277600203953080774e-36
2.277600203953080774e-36
2.212768033999585620e-36
2.212768033999585620e-36
2.212768033999585286e-36
2.212768033995192263e-36
2.212768033995177229e-36
2.212768033263585066e-36
2.212768033263585066e-36
2.212767957796317470e-36
2.212767957796317470e-36
2.212767957796317470e-36
2.212763488431797363e-36
2.212763488431797363e-36
2.209765502918132499e-36
2.209765502918132499e-36
2.209610990233142305e-36
2.209610990233142305e-36
2.209610990233142305e-36
2.209610990233142305e-36
2.206731708052339791e-36
2.206731708052339791e-36
2.206731708052339791e-36
2.206730994011090420e-36
2.206730994011090420e-36
2.185764514608529643e-36
2.185764514608529643e-36
2.185764514608529643e-36
2.185764514608528641e-36
2.185764514608528641e-36
2.185764514608528641e-36
2.157102251498914265e-36
2.157102251498914265e-36
2.157102251498914265e-36
2.157102251498781295e-36
2.157102251467247683e-36
2.157102251467247683e-36
2.155246818002954225e-36
2.155246818002953891e-36
2.155246813410599209e-36
2.155246813410599209e-36
2.155246813410599209e-36
2.155246430369255648e-36
2.155246430369255648e-36
2.155227803041538965e-36
2.155227803041538965e-36
2.155227803041538965e-36
2.155227194386416864e-36
2.155227194386416864e-36
2.154741612973038147e-36
2.154741612973038147e-36
2.154741612973038147e-36
2.154741612973038147e-36
2.154741612973038147e-36
2.149778184958757649e-36
2.149778184958757649e-36
2.149778184958757649e-36
2.149778184958756647e-36
2.149778184958756647e-36
2.140215218003698308e-36
2.140215218003698308e-36
2.140215218003698308e-36
2.140215218003698308e-36
2.140215218003698308e-36
2.139351689909319796e-36
2.139351689909319796e-36
2.139351689909319796e-36
2.139351689908329537e-36
2.139351689703100296e-36
2.139351689703097289e-36
2.139351665494445733e-36
2.139351275122483339e-36
2.139351275122483339e-36
2.139351275122483339e-36
2.139349617059195510e-36
2.139349617059195510e-36
2.139349617059195510e-36
2.139349617059195510e-36
2.139349617059195510e-36
2.139288973689502825e-36
2.139288973689502825e-36
2.139288973689502825e-36
2.139288973689502825e-36
2.139288973689502157e-36
2.138420992199864522e-36
2.138420992199864522e-36
2.138420992199864522e-36
2.136080686721386977e-36
2.136080686721386977e-36
2.136080686721386977e-36
2.136080686721386977e-36
2.136080686721386977e-36
2.135786503762977945e-36
2.135786503762977945e-36
2.135786319902165508e-36
2.135786319902165508e-36
2.135786319902165508e-36
2.135786319902165508e-36
2.135786319902165508e-36
2.135786319895633605e-36
2.135786319895611889e-36
2.135786318801264749e-36
2.135786318801264749e-36
2.135786318801264749e-36
2.135786212800901736e-36
2.135780752414766672e-36
2.135780752414766338e-36
2.135780752414766338e-36
2.135780752414766338e-36
2.135780752414766338e-36
2.135671080065123958e-36
2.135671080065123958e-36
2.135671080065123958e-36
2.135257365122817705e-36
2.135257365122817705e-36
2.135257365122817705e-36
2.135257365122817705e-36
2.135257365122817705e-36
2.135184896857068582e-36
2.135184896857068582e-36
2.135184896857068582e-36
2.135184896857068582e-36
2.135184896857068582e-36
2.135184834029582265e-36
2.135184834029582265e-36
2.135184834029582265e-36
2.135184834029582265e-36
2.135184834029582265e-36
2.135184834029582265e-36
2.135184833994654910e-36
2.135184833994508910e-36
2.135184829189481338e-36
2.135184829189481338e-36
2.135184479136064010e-36
2.135184479136064010e-36
2.135184479136064010e-36
2.135184479136064010e-36
2.135174576479764270e-36
2.135174576479764270e-36
2.135174576479764270e-36
2.135122164442495149e-36
2.135122164442495149e-36
2.135122164442495149e-36
2.135122164442495149e-36
2.135109333459673876e-36
2.135109333459673876e-36
2.135109333459673876e-36
2.135109333459673876e-36
2.135109333459673876e-36
2.135109317973679823e-36
2.135109317973679823e-36
2.135109317973679823e-36
2.135109317973679823e-36
2.135109317973679823e-36
2.135109317973679823e-36
2.135109317973679823e-36
2.135109317973679823e-36
2.135109317972898373e-36
2.135109317819465977e-36
2.135109317819465977e-36
2.135109317819463638e-36
2.135109301943618788e-36
2.135109301943618788e-36
2.135109301943618788e-36
2.135108666791804522e-36
2.135108666791804522e-36
2.135108666791804522e-36
2.135103932110781168e-36
2.135103932110781168e-36
2.135103932110781168e-36
2.135103932110781168e-36
2.135102306138653891e-36
2.135102306138653891e-36
2.135102306138653891e-36
2.135102303396503541e-36
2.135102303396503541e-36
2.135102303396503541e-36
2.135102303396503541e-36
2.135102303396503541e-36
2.135102303396503541e-36
2.135102303396503541e-36
2.135102303396503541e-36
2.135102303396503541e-36
2.135102303396503541e-36
2.135102303396503541e-36
2.135102303393069372e-36
2.135102302886095353e-36
2.135102302886083326e-36
2.135102274078423240e-36
2.135102274078423240e-36
2.135102274078423240e-36
2.135102274078423240e-36
2.135102274078423240e-36
2.135101970379283798e-36
2.135101970379283798e-36
2.135101970379283798e-36
2.135101823490241596e-36
2.135101823490241596e-36
2.135101823490241596e-36
2.135101823490241596e-36
2.135101823142746101e-36
2.135101823142746101e-36
2.135101823142746101e-36
2.135101823142746101e-36
2.135101823142746101e-36
2.135101823142746101e-36
2.135101823142746101e-36
2.135101823142746101e-36
2.135101823142746101e-36
2.135101823142746101e-36
2.135101823142746101e-36
2.135101823142746101e-36
2.135101823142746101e-36
2.135101823131397877e-36
2.135101823131397877e-36
2.135101823131344421e-36
2.135101822211404199e-36
2.135101822211404199e-36
2.135101808436879949e-36
2.135101808436879949e-36
2.135101808436879949e-36
2.135101799014863156e-36
2.135101799014863156e-36
2.135101799014863156e-36
2.135101798983470198e-36
2.135101798983470198e-36
2.135101798983470198e-36
2.135101798983470198e-36
2.135101798983470198e-36
2.135101798983470198e-36
2.135101798983470198e-36
2.135101798983470198e-36
2.135101798983470198e-36
2.135101798983470198e-36
2.135101798983470198e-36
2.135101798983470198e-36
2.135101798983470198e-36
2.135101798983470198e-36
2.135101798983470198e-36
2.135101798983470198e-36
2.135101798962878217e-36
2.135101798962701146e-36
2.135101798522826551e-36
2.135101798522826217e-36
2.135101798095482879e-36
2.135101798095482879e-36
2.135101798095482879e-36
2.135101798095482879e-36
2.135101798093468950e-36
2.135101798093468950e-36
2.135101798093468950e-36
2.135101798093468950e-36
2.135101798093468950e-36
2.135101798093468950e-36
2.135101798093468950e-36
2.135101798093468950e-36
2.135101798093468950e-36
2.135101798093468950e-36
2.135101798093468950e-36
2.135101798093468950e-36
2.135101798093468950e-36
2.135101798093468950e-36
2.135101798093468950e-36
2.135101798093468950e-36
2.135101798093468950e-36
2.135101798093147550e-36
2.135101798083301419e-36
2.135101798083301419e-36
2.135101798083299415e-36
2.135101798069652612e-36
2.135101798069652612e-36
2.135101798069561404e-36
2.135101798069561404e-36
2.135101798069561404e-36
2.135101798069561404e-36
2.135101798069561404e-36
2.135101798069561404e-36
2.135101798069561404e-36
2.135101798069561404e-36
2.135101798069561404e-36
2.135101798069561404e-36
2.135101798069561404e-36
2.135101798069561404e-36
2.135101798069561404e-36
2.135101798069561404e-36
2.135101798069561404e-36
2.135101798069561404e-36
2.135101798069561404e-36
2.135101798069407720e-36
2.135101798069102023e-36
2.135101798069098682e-36
2.135101798069095675e-36
2.135101798069095675e-36
2.135101798069095675e-36
2.135101798069095675e-36
2.135101798069095675e-36
2.135101798069095675e-36
2.135101798069095675e-36
2.135101798069095675e-36
2.135101798069095675e-36
2.135101798069095675e-36
2.135101798069095675e-36
2.135101798069095675e-36
2.135101798069095675e-36
2.135101798069095675e-36
2.135101798069095675e-36
2.135101798069095675e-36
2.135101798069095675e-36
2.135101798069095675e-36
2.135101798069095675e-36
2.135101798069095675e-36
2.135101798069090998e-36
2.135101798069090998e-36
2.135101798069088993e-36
2.135101798069088993e-36
2.135101798069088993e-36
2.135101798069088993e-36
2.135101798069088993e-36
2.135101798069088993e-36
2.135101798069088993e-36
2.135101798069088993e-36
2.135101798069088993e-36
2.135101798069088993e-36
2.135101798069088993e-36
2.135101798069088993e-36
2.135101798069088993e-36
2.135101798069088993e-36
2.135101798069088993e-36
2.135101798069088993e-36
2.135101798069088993e-36
2.135101798069088993e-36
2.135101798069088993e-36
2.135101798069088993e-36
2.135101798069088993e-36
2.135101798069088993e-36
2.135101798069088993e-36
2.135101798069088993e-36
2.135101798069088993e-36
2.135101798069088993e-36
2.135101798069088993e-36
2.135101798069088993e-36
2.135101798069088993e-36
2.135101798069088993e-36
2.135101798069088993e-36
2.135101798069088993e-36
2.135101798069088993e-36
2.135101798069088993e-36
2.135101798069088993e-36
2.135101798069088993e-36
2.135101798069088993e-36
2.135101798069088993e-36
2.135101798069088993e-36
2.135101798069088993e-36
2.135101798069088993e-36
2.135101798069088993e-36
2.135101798069088993e-36
2.135101798069088993e-36
2.135101798069088993e-36
2.135101798069088993e-36
2.135101798069088993e-36
2.135101798069088993e-36
2.135101798069088993e-36
2.135101798069088993e-36
2.135101798069088993e-36
2.135101798069088993e-36
2.135101798069088993e-36
2.135101798069088993e-36
2.135101798069088993e-36
2.135101798069088993e-36
2.135101798069088993e-36
2.135101798069088993e-36
2.135101798069088993e-36
2.135101798069088993e-36
2.135101798069088993e-36
2.135101798069088993e-36
2.135101798069088993e-36
2.135101798069088993e-36
2.135101798069088993e-36
2.135101798069088993e-36
2.135101798069088993e-36
2.135101798069088993e-36
2.135101798069088993e-36
2.135101798069088993e-36
2.135101798069088993e-36
2.135101798069088993e-36
2.135101798069088993e-36
2.135101798069088993e-36
2.135101798069088993e-36
2.135101798069088993e-36
2.135101798069088993e-36
2.135101798069088993e-36
2.135101798069088993e-36
2.135101798069088993e-36
2.135101798069088993e-36
2.135101798069088993e-36
2.135101798069088993e-36
2.135101798069088993e-36
2.135101798069088993e-36
2.135101798069088993e-36
2.135101798069088993e-36
2.135101798069088993e-36
2.135101798069088993e-36
2.135101798069088993e-36
2.135101798069088993e-36
2.135101798069088993e-36
2.135101798069088993e-36
2.135101798069088993e-36
2.135101798069088993e-36
2.135101798069088993e-36
2.135101798069088993e-36
2.135101798069088993e-36
2.135101798069088993e-36
2.135101798069088993e-36
2.135101798069088993e-36
2.135101798069088993e-36
2.135101798069088993e-36
2.135101798069088993e-36
2.135101798069088993e-36
2.135101798069088993e-36
2.135101798069088993e-36
2.135101798069088993e-36
2.135101798069088993e-36
2.135101798069088993e-36
2.135101798069088993e-36
2.135101798069088993e-36
2.135101798069088993e-36
2.135101798069088993e-36
2.135101798069088993e-36
2.135101798069088993e-36
2.135101798069088993e-36
2.135101798069088993e-36
2.135101798069088993e-36
2.135101798069088993e-36
2.135101798069088993e-36
2.135101798069088993e-36
2.135101798069088993e-36
2.135101798069088993e-36
2.135101798069088993e-36
2.135101798069088993e-36
2.135101798069088993e-36
2.135101798069088993e-36
2.135101798069088993e-36
2.135101798069088993e-36
2.135101798069088993e-36
2.135101798069088993e-36
2.135101798069088993e-36
2.135101798069088993e-36
2.135101798069088993e-36
2.135101798069088993e-36
2.135101798069088993e-36
2.135101798069088993e-36
2.135101798069088993e-36
2.135101798069088993e-36
2.135101798069088993e-36
2.135101798069088993e-36
2.135101798069088993e-36
2.135101798069088993e-36
2.135101798069088993e-36
2.135101798069088993e-36
2.135101798069088993e-36
2.135101798069088993e-36
2.135101798069088993e-36
2.135101798069088993e-36
2.135101798069088993e-36
2.135101798069088993e-36
2.135101798069088993e-36
2.135101798069088993e-36
2.135101798069088993e-36
2.135101798069088993e-36
2.135101798069088993e-36
2.135101798069088993e-36
2.135101798069088993e-36
2.135101798069088993e-36
2.135101798069088993e-36
2.135101798069088993e-36
2.135101798069088993e-36
2.135101798069088993e-36
2.135101798069088993e-36
2.135101798069088993e-36
2.135101798069088993e-36
2.135101798069088993e-36
2.135101798069088993e-36
2.135101798069088993e-36
2.135101798069088993e-36
2.135101798069088993e-36
2.135101798069088993e-36
2.135101798069088993e-36
2.135101798069088993e-36
2.135101798069088993e-36
2.135101798069088993e-36
2.135101798069088993e-36
2.135101798069088993e-36
2.135101798069088993e-36
2.135101798069088993e-36
2.135101798069088993e-36
2.135101798069088993e-36
2.135101798069088993e-36
2.135101798069088993e-36
2.135101798069088993e-36
2.135101798069088993e-36
2.135101798069088993e-36
2.135101798069088993e-36
2.135101798069088993e-36
2.135101798069088993e-36
2.135101798069088993e-36
2.135101798069088993e-36
2.135101798069088993e-36
2.135101798069088993e-36
2.135101798069088993e-36
2.135101798069088993e-36
2.135101798069088993e-36
2.135101798069088993e-36
2.135101798069088993e-36
2.135101798069088993e-36
2.135101798069088993e-36
2.135101798069088993e-36
2.135101798069088993e-36
2.135101798069088993e-36
2.135101798069088993e-36
2.135101798069088993e-36
2.135101798069088993e-36
2.135101798069088993e-36
2.135101798069088993e-36
2.135101798069088993e-36
2.135101798069088993e-36
2.135101798069088993e-36
2.135101798069088993e-36
2.135101798069088993e-36
2.135101798069088993e-36
2.135101798069088993e-36
2.135101798069088993e-36
2.135101798069088993e-36
2.135101798069088993e-36
2.135101798069088993e-36
2.135101798069088993e-36
2.135101798069088993e-36
2.135101798069088993e-36
2.135101798069088993e-36
2.135101798069088993e-36
2.135101798069088993e-36
2.135101798069088993e-36
2.135101798069088993e-36
2.135101798069088993e-36
2.135101798069088993e-36
2.135101798069088993e-36
2.135101798069088993e-36
2.135101798069088993e-36
2.135101798069088993e-36
2.135101798069088993e-36
2.135101798069088993e-36
2.135101798069088993e-36
2.135101798069088993e-36
2.135101798069088993e-36
2.135101798069088993e-36
2.135101798069088993e-36
2.135101798069088993e-36
2.135101798069088993e-36
2.135101798069088993e-36
2.135101798069088993e-36
2.135101798069088993e-36
2.135101798069088993e-36
2.135101798069088993e-36
2.135101798069088993e-36
2.135101798069088993e-36
2.135101798069088993e-36
2.135101798069088993e-36
2.135101798069088993e-36
2.135101798069088993e-36
2.135101798069088993e-36
2.135101798069088993e-36
2.135101798069088993e-36
2.135101798069088993e-36
2.135101798069088993e-36
2.135101798069088993e-36
2.135101798069088993e-36
2.135101798069088993e-36
2.135101798069088993e-36
2.135101798069088993e-36
2.135101798069088993e-36
2.135101798069088993e-36
2.135101798069088993e-36
2.135101798069088993e-36
2.135101798069088993e-36
2.135101798069088993e-36
2.135101798069088993e-36
2.135101798069088993e-36
2.135101798069088993e-36
2.135101798069088993e-36
2.135101798069088993e-36
2.135101798069088993e-36
2.135101798069088993e-36
2.135101798069088993e-36
2.135101798069088993e-36
2.135101798069088993e-36
2.135101798069088993e-36
2.135101798069088993e-36
2.135101798069088993e-36
2.135101798069088993e-36
2.135101798069088993e-36
2.135101798069088993e-36
2.135101798069088993e-36
2.135101798069088993e-36
2.135101798069088993e-36
2.135101798069088993e-36
2.135101798069088993e-36
2.135101798069088993e-36
2.135101798069088993e-36
2.135101798069088993e-36
2.135101798069088993e-36
2.135101798069088993e-36
2.135101798069088993e-36
2.135101798069088993e-36
2.135101798069088993e-36
2.135101798069088993e-36
2.135101798069088993e-36
2.135101798069088993e-36
2.135101798069088993e-36
2.135101798069088993e-36
2.135101798069088993e-36
2.135101798069088993e-36
2.135101798069088993e-36
2.135101798069088993e-36
2.135101798069088993e-36
2.135101798069088993e-36
2.135101798069088993e-36
2.135101798069088993e-36
2.135101798069088993e-36
