2.749461080886895191e-03
2.628033402128610464e-03
2.477444392072597132e-03
2.422402731489719206e-03
2.137566343267198986e-03
1.902072750300841516e-03
1.790740611102975381e-03
1.697041066816173081e-03
1.646903823167051358e-03
1.646014440890723567e-03
1.378616945005020676e-03
1.377855407171130891e-03
1.256735957491156817e-03
1.191207458375863641e-03
1.191202898247101412e-03
1.148252498886715139e-03
1.143326060614146145e-03
1.052534981326047701e-03
1.052520188838578386e-03
8.884835798795779737e-04
8.883488654272827471e-04
8.191135587329308014e-04
7.845403821356404257e-04
7.845395454885963548e-04
7.661979326062007441e-04
7.659945226707300320e-04
7.535661815385066679e-04
6.529089625337307834e-04
6.529088823318047368e-04
5.686414439991976976e-04
5.274607684539061887e-04
5.274564399370303136e-04
5.118267452806958290e-04
5.108294046124493100e-04
4.763069417708320715e-04
4.763046408638671133e-04
4.034789336318293741e-04
4.034789331485171449e-04
4.034789285356295990e-04
4.032496996728780671e-04
3.593057226739855168e-04
3.363474569363951038e-04
3.363465314665717147e-04
3.324986906589278085e-04
3.324708383699972515e-04
3.271692712665978729e-04
2.852940015666288352e-04
2.852939810514799023e-04
2.488769954324177350e-04
2.488769954306420829e-04
2.242567476556421384e-04
2.242528995618576549e-04
2.242528995176571989e-04
2.129628823656739601e-04
2.128298699788861228e-04
2.040553252384147561e-04
2.040547032028625931e-04
1.699747964265528632e-04
1.699747898551311523e-04
1.699747897797162176e-04
1.698606882919041609e-04
1.525541226201586320e-04
1.525541226201560299e-04
1.525541226201510697e-04
1.389093249921443827e-04
1.389084191540361382e-04
1.389084191489715046e-04
1.382240161007843309e-04
1.382164254541153579e-04
1.337233198597845534e-04
1.201341855540628633e-04
1.201341809342063640e-04
1.015142000872875359e-04
1.015142000871102824e-04
9.267411062756544511e-05
9.267411062756541801e-05
9.267411053419064720e-05
9.267132352242463740e-05
8.588952631693941634e-05
8.588952631693934857e-05
8.585410369973844771e-05
8.408708168045512057e-05
8.408695657876142716e-05
6.948586412552520714e-05
6.948585358158704804e-05
6.948585356806745352e-05
6.933164003935464979e-05
6.035174562461023695e-05
6.035174562460849545e-05
6.035174562460781105e-05
5.582837744289044079e-05
5.582778616093580197e-05
5.582778615107978081e-05
5.304774235657365585e-05
5.290928020160402318e-05
5.290834268911326078e-05
4.950562157420866963e-05
4.950562069649722580e-05
4.007782305804926916e-05
4.007782305804926916e-05
4.007782305800373945e-05
3.551373305945415272e-05
3.551373298702362001e-05
3.551177893013203024e-05
3.551177893013202346e-05
3.551177893013187438e-05
3.339074974542794968e-05
3.338451859021783757e-05
3.285357219291542994e-05
3.285355708752521112e-05
3.285348170084173634e-05
2.811485016514721043e-05
2.811485015995219134e-05
2.791972135838451260e-05
2.791972135825947698e-05
2.305193793196859314e-05
2.305193793196848811e-05
2.068181440615285120e-05
2.068181440615285120e-05
2.068133580315087441e-05
2.068133580315087441e-05
2.068133579364066631e-05
1.982193670546081172e-05
1.979884614904895562e-05
1.979874334083889036e-05
1.877076290658402481e-05
1.877076274812717257e-05
1.548057765224555347e-05
1.548057765224555686e-05
1.548057765223442346e-05
1.312337517058099253e-05
1.312337512235301005e-05
1.312200000018684943e-05
1.312200000018684774e-05
1.312200000018649876e-05
1.195520249763377331e-05
1.195520249763377331e-05
1.195454549141579536e-05
1.186538681381793086e-05
1.186538437802068519e-05
1.186531092480143288e-05
1.032525905087040042e-05
1.024500362137742312e-05
1.024500362078831510e-05
1.024500362061940826e-05
8.543810006043973213e-06
8.543810006043973213e-06
8.543810006043957967e-06
7.393188013841333509e-06
7.393188013841333509e-06
7.393188013841333509e-06
7.392834867269006790e-06
7.392834860045933332e-06
6.882384269785522220e-06
6.879760938918238923e-06
6.879744246794368837e-06
6.677790845482456809e-06
6.677790825852065916e-06
6.677790825852061680e-06
5.479171019533536734e-06
5.479171019532555870e-06
5.479169928702762230e-06
4.704074022856412553e-06
4.703157243204149486e-06
4.703157243204149486e-06
4.703157243203439672e-06
4.145488119265825354e-06
4.145488119265825354e-06
4.145488119265825354e-06
4.145347273253584512e-06
4.131582385325154261e-06
4.131523170810605599e-06
4.131522839355769622e-06
3.688057067468954821e-06
3.612745150239130778e-06
3.612745150072417330e-06
3.612745150004466653e-06
3.612745150004466653e-06
2.923138501957883961e-06
2.923138501957882267e-06
2.574019704778927847e-06
2.574019704778927847e-06
2.573812177003775913e-06
2.573812177003775913e-06
2.573812165065784611e-06
2.329137312685444154e-06
2.328555799370193945e-06
2.328553528406549572e-06
2.294481405201707771e-06
2.294481405201707771e-06
2.294481405201698454e-06
2.294481403107577628e-06
1.895462518194697388e-06
1.895462518194505746e-06
1.895461225199083610e-06
1.558935967251377928e-06
1.558442215867075559e-06
1.558442215867075559e-06
1.558442215867075559e-06
1.558442215866571786e-06
1.401041548903790039e-06
1.401041548903790039e-06
1.401041548903790039e-06
1.401008602669521398e-06
1.400986158490597023e-06
1.397394240617614520e-06
1.397394204585706446e-06
1.295900291048246627e-06
1.242506558111477194e-06
1.242506557781234718e-06
1.242506557781234718e-06
1.242506557768527741e-06
9.756294359032589650e-07
9.756294359032589650e-07
9.756294359032587532e-07
8.249784244229955683e-07
8.249784244229955683e-07
8.248499850474609265e-07
8.248499767385889568e-07
8.248499767385889568e-07
7.593976493778874761e-07
7.593110922303044254e-07
7.509165654267042130e-07
7.509163546925841251e-07
7.509163546925755489e-07
7.509163546925755489e-07
7.509163544005815867e-07
6.488233490168464608e-07
6.488221347605449221e-07
6.488221347605136877e-07
6.403116086794628351e-07
5.019802623905558771e-07
5.019802623905558771e-07
5.019802623896170470e-07
5.019802623896170470e-07
4.332829657274463822e-07
4.332829657274463822e-07
4.332829657274463822e-07
4.332607091663389347e-07
4.327952982222607052e-07
4.327933331661337269e-07
4.093075464677438712e-07
4.093075460487806231e-07
4.093075431782508688e-07
3.931261504694728127e-07
3.931261504694728127e-07
3.931261504683322299e-07
3.193961095890447458e-07
3.193961095890447458e-07
3.193961095890446929e-07
2.564504649355398823e-07
2.564504649355399352e-07
2.563734711786609042e-07
2.563734659155656235e-07
2.563734659155656235e-07
2.266065710659637407e-07
2.265986726145594123e-07
2.265986726145475803e-07
2.254470078230859421e-07
2.254469805017218087e-07
2.254469805017218087e-07
2.254469805017218087e-07
1.991759359677435451e-07
1.991759359591764951e-07
1.991748308931453685e-07
1.962998420934353442e-07
1.962998420934353442e-07
1.571728608062489947e-07
1.571728608062488094e-07
1.571728608047279618e-07
1.571728608047279618e-07
1.571728608047279618e-07
1.299856085030280826e-07
1.299856085030280826e-07
1.299721761480924320e-07
1.299721761480924320e-07
1.299105406423677677e-07
1.299101906934830835e-07
1.299101902774844508e-07
1.299101902774844508e-07
1.184291127560346134e-07
1.158974767269622831e-07
1.158974765247800185e-07
9.465824164555132481e-08
9.465824164553953253e-08
9.465824164553953253e-08
9.465824164553945312e-08
7.739732526833854464e-08
7.739732526833854464e-08
7.735672727934447610e-08
7.735672000785808267e-08
7.735672000785808267e-08
7.735672000785808267e-08
6.582547933397006881e-08
6.582547933395719127e-08
6.582547933395719127e-08
6.582406556761171208e-08
6.566900587212240284e-08
6.566900272283433054e-08
5.962699925028051921e-08
5.962699925028051921e-08
5.962699924933320550e-08
5.962609911942097409e-08
5.962609911942097409e-08
5.761727988587434314e-08
4.497807032754256840e-08
4.497807032754255516e-08
4.497807032667398905e-08
4.497807032667398905e-08
4.497807032667398905e-08
3.799778981282160027e-08
3.799778981282160027e-08
3.799130605331387907e-08
3.799130605331387907e-08
3.799130605331387907e-08
3.799130551335402594e-08
3.797737954709375146e-08
3.797732993021792104e-08
3.354162584135354478e-08
3.317812750154860153e-08
3.317812748310191139e-08
2.759534470453098335e-08
2.759534470452898157e-08
2.759534470452898157e-08
2.759534470452883930e-08
2.759534470452883930e-08
2.142821497733933823e-08
2.142821497733933823e-08
2.140813560708936375e-08
2.140813178144698854e-08
2.140813178144698854e-08
1.863177693444973096e-08
1.863177693444973096e-08
1.863177693444973096e-08
1.863177693443996361e-08
1.863177693443996361e-08
1.863158507349968033e-08
1.859826939507092869e-08
1.859826909135956606e-08
1.747396263950232067e-08
1.747396263950232067e-08
1.747341673390476268e-08
1.747341673390476268e-08
1.747341673374863069e-08
1.646715697649547255e-08
1.266251237856329749e-08
1.266251237722570674e-08
1.266251237722570178e-08
1.266251237722570178e-08
1.266251237722570178e-08
1.015652287426702294e-08
1.015652287426702294e-08
1.015312244773669337e-08
1.015312244773669337e-08
1.015312213305710772e-08
1.015162130015829481e-08
1.015162130015829481e-08
9.132606120955844882e-09
9.132604366020025349e-09
9.059475139793910111e-09
9.059475137651555337e-09
9.059475137651555337e-09
7.923254151704246826e-09
7.923254151703980474e-09
7.923254151703980474e-09
7.923254151703811729e-09
7.923254151703811729e-09
5.814103739684925380e-09
5.814101547715851674e-09
5.803604813444135867e-09
5.803604813444135867e-09
5.803604813444135867e-09
5.803604813444135867e-09
4.797046360085518493e-09
4.797046360077179686e-09
4.797046360077179686e-09
4.797046360077179686e-09
4.797031432886776264e-09
4.793388564076278152e-09
4.793388533693258446e-09
4.793388533693258446e-09
4.583137064309227272e-09
4.582795293938569866e-09
4.582795293927138230e-09
4.582795293927138230e-09
4.330162504545850711e-09
3.493152486146856849e-09
3.493152484404688747e-09
3.493152484404688747e-09
3.493152484404688747e-09
2.649845202988695810e-09
2.649845202988695810e-09
2.649845202988695810e-09
2.648159256340629170e-09
2.648159256340628756e-09
2.648159083093188672e-09
2.648159083093188672e-09
2.265745702533819065e-09
2.265691791790974003e-09
2.265691612986316602e-09
2.265691612986316602e-09
2.257344996207801157e-09
2.257344996207801157e-09
2.257344996059436802e-09
2.257344996059436802e-09
2.023377001004319243e-09
2.023377001004319243e-09
2.023377001004105831e-09
2.023377001004089287e-09
2.023377001004089287e-09
1.534080240098019222e-09
1.534080240098019222e-09
1.534077628738817913e-09
1.529049835541612840e-09
1.529049835541612840e-09
1.529049835541612840e-09
1.529049835480799349e-09
1.204333508770170446e-09
1.204333508770170446e-09
1.204333508770170446e-09
1.204333508770170446e-09
1.204331290340002948e-09
1.203905739381344464e-09
1.203905736462850258e-09
1.203678320359068233e-09
1.167605008263721595e-09
1.056444488664672688e-09
1.056444488664198714e-09
1.056444488664198714e-09
1.056444484163816505e-09
8.634466699687159306e-10
8.634466699687159306e-10
8.634466699687159306e-10
6.707411219336026422e-10
6.707411219336026422e-10
6.707411219336026422e-10
6.700212994479677100e-10
6.700212994479671930e-10
6.700211152887482089e-10
6.700211152887482089e-10
6.700211152887482089e-10
5.495264345904825290e-10
5.495183883080722065e-10
5.495183709624479673e-10
5.485376700191592728e-10
5.485376700191592728e-10
5.485376700191592728e-10
5.485376700084515232e-10
5.485376700084515232e-10
5.050773908941978888e-10
5.050773908939631763e-10
5.050773908939631763e-10
5.050773908939615219e-10
5.050617939168436367e-10
3.668558083755951322e-10
3.647582327980147957e-10
3.647582327980147957e-10
3.647582327980147957e-10
3.647582327980147957e-10
3.647582327663609201e-10
2.942225195174393745e-10
2.942225195174393745e-10
2.942225195174393745e-10
2.942225195174393745e-10
2.942222537490103593e-10
2.941438632431853539e-10
2.940533400730580110e-10
2.940533398188382152e-10
2.886787052757924083e-10
2.513729635061073734e-10
2.513729595632953041e-10
2.513729595632514635e-10
2.513729595632514635e-10
2.109467647201382960e-10
2.109467647201382960e-10
2.109467647201382960e-10
1.546222789512843437e-10
1.546222789512843437e-10
1.546222789512839043e-10
1.543169874343746302e-10
1.543169874343746302e-10
1.543169874343746302e-10
1.543169874343746302e-10
1.543169028717515840e-10
1.543169028717515840e-10
1.295664119371408341e-10
1.295664119371408341e-10
1.295654844601953960e-10
1.295654829911251355e-10
1.293937063775018755e-10
1.293937063775018755e-10
1.293937063772407966e-10
1.293937063761773526e-10
1.227616204098141001e-10
1.227616204098141001e-10
1.227616204098141001e-10
1.227544527064201536e-10
1.227544527064200244e-10
8.724601765083956502e-11
8.628490229065112811e-11
8.628490229065112811e-11
8.628490229065112811e-11
8.628490225221930872e-11
8.628490225221930872e-11
6.535258023638886010e-11
6.535258023638886010e-11
6.535258023638886010e-11
6.531291274575439353e-11
6.531291274575439353e-11
6.530568028053060735e-11
6.530566213836517181e-11
6.452367675010203898e-11
6.452367673058822795e-11
5.696608823692437504e-11
5.696608612792332721e-11
5.696608612792333368e-11
5.696608612792057425e-11
5.036940512741196936e-11
5.036940512741196936e-11
5.036940512741196936e-11
5.036940512741196936e-11
5.036940512741196936e-11
5.036940512741196936e-11
3.522640951304416899e-11
3.522640951304383941e-11
3.522640951304383941e-11
3.509649407673942508e-11
3.509645371080638292e-11
3.509645371080638292e-11
3.509645371080638292e-11
3.509645371080638292e-11
3.509645371080638292e-11
2.767668472043931694e-11
2.767662082597464669e-11
2.767662082577115703e-11
2.766060244407617684e-11
2.766060232231561395e-11
2.766060232231561395e-11
2.766060232231561395e-11
2.664998217605040947e-11
2.664998217600250731e-11
2.664998217600250731e-11
2.664640236759060215e-11
2.477157455964313086e-11
2.477157455964312763e-11
1.991047500782661023e-11
1.991047500782661023e-11
1.991047497302388099e-11
1.991047497302388099e-11
1.991047497302388099e-11
1.426242809215647023e-11
1.426242809215647023e-11
1.424630505871252424e-11
1.424630505871252424e-11
1.424555791456959150e-11
1.424555566510263379e-11
1.424555566510263379e-11
1.424555340318772746e-11
1.413598948562856479e-11
1.413598948562855833e-11
1.175089177615354379e-11
1.175089177562425806e-11
1.065362733786620896e-11
1.065362733786614272e-11
1.065362733786614272e-11
1.065362733786614272e-11
1.065362733786614272e-11
1.065362733786614272e-11
1.065362733786614272e-11
7.787783513395934518e-12
7.787783513395419146e-12
7.787783513395419146e-12
7.787783513395419146e-12
7.787783513395419146e-12
7.739257414976693060e-12
7.739222666859568719e-12
7.739222666859568719e-12
7.739222666859568719e-12
7.739222666859568719e-12
5.792370943102672025e-12
5.792370942965300267e-12
5.792370942965300267e-12
5.792363012412528367e-12
5.790721258835495485e-12
5.790721248729522980e-12
5.646742281614225368e-12
5.646742281614225368e-12
5.646742281610993386e-12
5.645197758675066096e-12
5.645197758675066096e-12
4.992937449280512477e-12
4.992937449280512477e-12
4.087586640602669287e-12
4.087586640602669287e-12
4.087586625894952094e-12
4.087586625894952094e-12
4.087586625894952094e-12
3.012918775857750499e-12
3.012918775857750499e-12
3.007312362919645312e-12
3.007310514035821487e-12
3.007310514035810582e-12
3.007310514035810582e-12
3.007196838356052510e-12
3.007196609325806696e-12
2.376050905171428452e-12
2.372564999071934653e-12
2.372564999071934653e-12
2.372564999038124453e-12
2.372564999038124453e-12
2.206726618227187618e-12
2.206726618227187618e-12
2.206726618227187618e-12
2.206726618227181964e-12
2.206726618227181964e-12
2.206726618227181964e-12
2.206726618223648675e-12
2.206726618223648675e-12
1.550595623184022481e-12
1.550595623184022481e-12
1.533351081440954667e-12
1.533338091421412781e-12
1.533338091421412781e-12
1.533338091421412781e-12
1.175912460698252388e-12
1.175912460698252388e-12
1.175912460698252388e-12
1.175912460624219521e-12
1.175912460624219521e-12
1.175911661740919551e-12
1.175667710674381157e-12
1.175667709908322244e-12
1.157683511820208370e-12
1.157147072007177644e-12
1.157147072007177644e-12
1.157147072006891281e-12
1.157147072006891281e-12
9.835364885140015142e-13
8.316194473830459397e-13
8.316194473830459397e-13
8.316194344248287676e-13
8.316194344248287676e-13
8.316194344248285657e-13
5.761635596909361173e-13
5.761635596909361173e-13
5.761635596909361173e-13
5.741697262745819353e-13
5.741697262745748671e-13
5.741690069503109762e-13
5.741690069503109762e-13
5.741599863299219658e-13
4.636587847492475995e-13
4.636587807454715944e-13
4.636587807454715944e-13
4.636587807454715944e-13
4.631666556479165406e-13
4.631666556479165406e-13
4.631666556479165406e-13
4.631666556479165406e-13
4.631666556451454047e-13
4.631666556451454047e-13
4.631666556451454047e-13
4.423443862691238149e-13
4.423443862691234615e-13
4.423443862669665012e-13
4.423443862669665012e-13
4.423443862669665012e-13
3.093528054813712377e-13
3.093467190290711332e-13
3.031690682770123573e-13
3.031690682770123573e-13
3.031690682770123573e-13
3.031690682770123573e-13
3.031690682770123573e-13
2.161676967481014973e-13
2.161676967059993471e-13
2.161676967059993471e-13
2.161676967059993471e-13
2.161676478927719887e-13
2.161481622448580408e-13
2.161481622448580408e-13
2.161481621917918094e-13
2.159385580737922769e-13
2.137811962517821216e-13
2.137811962517680862e-13
1.838312442401928111e-13
1.838312442401928111e-13
1.838312294025165772e-13
1.638192148546087941e-13
1.638192148546087941e-13
1.638192148546087941e-13
1.638192148546087941e-13
1.097647300668642521e-13
1.097647300668642521e-13
1.097647300668642521e-13
1.090781011205296241e-13
1.090781011205248278e-13
1.090778134087787944e-13
1.090778134087787944e-13
1.090778134087787944e-13
1.090778134087787944e-13
8.185399257750791603e-14
8.185399257750791603e-14
8.185383633039263337e-14
8.185383633039263337e-14
8.185383604950082301e-14
8.185383604950082301e-14
8.181432556136964353e-14
8.181432556136964353e-14
8.181432556123389635e-14
8.181432556123389635e-14
8.181432556123389635e-14
7.921244506420227709e-14
7.921244506420227709e-14
7.921244506270019757e-14
7.921244506270019757e-14
7.921244506270019757e-14
5.990631736059938365e-14
5.990220154108429278e-14
5.805698515903881482e-14
5.805698515903881482e-14
5.805698515903881482e-14
5.805698515903881482e-14
5.805698490732766354e-14
5.805698490732766354e-14
3.929794750174109882e-14
3.929794750174109882e-14
3.929794750174109882e-14
3.929794750174109882e-14
3.929794248021285842e-14
3.929618346937771620e-14
3.922666528623939882e-14
3.922666528252683007e-14
3.897380929709065797e-14
3.130124808779973826e-14
3.130124389353732633e-14
3.130124389353706127e-14
2.859081914613591352e-14
2.859081914613591352e-14
2.859081914613590090e-14
2.859081914613590090e-14
2.859081914613590090e-14
2.021525882192957237e-14
2.021525882192382947e-14
2.001165170953098331e-14
2.001165170953098331e-14
2.001165170953098331e-14
2.001165170953098331e-14
2.001165170953098331e-14
2.001146637583559303e-14
2.001146637583559303e-14
2.001146637583559303e-14
2.001146637583559303e-14
1.421760711482210637e-14
1.421760711482210637e-14
1.421759102344771951e-14
1.421759100339710305e-14
1.421406642326839914e-14
1.421406642326839914e-14
1.421406642326839914e-14
1.421406642326839914e-14
1.421406642227724905e-14
1.421406642226977696e-14
1.390646908862202478e-14
1.390646908862202478e-14
1.390646908862202478e-14
1.390646908862202636e-14
1.390074802587966321e-14
1.040681359844772618e-14
9.862702750406930154e-15
9.862702750406930154e-15
9.862702750406930154e-15
9.862702750406930154e-15
9.862702658445269757e-15
6.891535191085333015e-15
6.891535191085333015e-15
6.891535191085333015e-15
6.891535191085333015e-15
6.871809279316045037e-15
6.871809279316045037e-15
6.871598282989884781e-15
6.871597863398218194e-15
6.844888020314762841e-15
6.844888020076121373e-15
5.226945213835658203e-15
5.226943086432216344e-15
5.226943086432194256e-15
5.226943086432178479e-15
4.892283980010710329e-15
4.892283980010710329e-15
4.892283980010710329e-15
3.342660382698608056e-15
3.342660382698608056e-15
3.342660382698608056e-15
3.342660382698608056e-15
3.342660382695372938e-15
3.342660382695372938e-15
3.342660382695372938e-15
3.282379765473782311e-15
3.282320628006518458e-15
3.282320628006518458e-15
3.282320628006518458e-15
3.282320628006518458e-15
3.282320628006518458e-15
2.384299595172747309e-15
2.384299595172747309e-15
2.384299595172747309e-15
2.384298245346651545e-15
2.383880367390281605e-15
2.383880366077915248e-15
2.383880365635292494e-15
2.383880365635292494e-15
2.383880365635292494e-15
2.351856186911624757e-15
2.351856186911624757e-15
2.351856186911153018e-15
2.351856186911153018e-15
2.350247140720839797e-15
1.956030171481144650e-15
1.660879554631447106e-15
1.660879554631447106e-15
1.660879554631447106e-15
1.660879493149962196e-15
1.660879493149962196e-15
1.660879493149962196e-15
1.089685948847791638e-15
1.089685948847791638e-15
1.089685948847791638e-15
1.083871487222633673e-15
1.083871487222633673e-15
1.083857054801788800e-15
1.083857032166557929e-15
1.083857032166557929e-15
1.083854463685052525e-15
1.081229742502843712e-15
8.389786666179058141e-16
8.389786666137568002e-16
8.389786666137435868e-16
8.043833872300613126e-16
8.043833872300607210e-16
8.043833872300607210e-16
8.043833872300607210e-16
8.043833872300607210e-16
8.043833872300607210e-16
8.043833872300607210e-16
5.563363072186771714e-16
5.563363072186771714e-16
5.563363072186771714e-16
5.563363072168102335e-16
5.563363072168102335e-16
5.563363072168102335e-16
5.393313861335437940e-16
5.393313861335437940e-16
5.393119111080898714e-16
5.393119111080898714e-16
5.393119111080898714e-16
5.393119111080898714e-16
5.393119111080898714e-16
3.614354702543437336e-16
3.614354700321645602e-16
3.614353960438761208e-16
3.614065358037871616e-16
3.614065358037871616e-16
3.614065357278507699e-16
3.582125091949698114e-16
3.582125091949698114e-16
3.582125091949698114e-16
3.582125091949497448e-16
3.577248098851647238e-16
2.997231253877029940e-16
2.997231253877029940e-16
2.997231253877029940e-16
2.681268900019753060e-16
2.681268900019753060e-16
2.681268622853166355e-16
2.681268622853166355e-16
2.681268622853164383e-16
1.728258628151233771e-16
1.728258628151233771e-16
1.712119614209790115e-16
1.712119614209790115e-16
1.712111090121152546e-16
1.712099994086186145e-16
1.712099994085945542e-16
1.712099994085945542e-16
1.712099975747857649e-16
1.221248764877657682e-16
1.220703982552970253e-16
1.220703982552970253e-16
1.220703982551192851e-16
1.185093950988643996e-16
1.185093950988643996e-16
1.185093950988643996e-16
1.185093950988643749e-16
1.185093950988643749e-16
1.185093950988643749e-16
1.185093950988643749e-16
1.185093950988643749e-16
1.185093950933382071e-16
8.907629129735955986e-17
8.907629129735955986e-17
8.907629129735955986e-17
8.907629129735955986e-17
8.514598598688848199e-17
8.513690608952427319e-17
8.513690608952427319e-17
8.513690608952427319e-17
8.513690608952427319e-17
8.513690608952427319e-17
5.452602282962632729e-17
5.452602282962632729e-17
5.452602282962632729e-17
5.452602272800792789e-17
5.452602272800792789e-17
5.452601655739410188e-17
5.452375949477769767e-17
5.452375949023022270e-17
5.421135688836062242e-17
5.407788578187697846e-17
5.407788578187697846e-17
5.407788578187601703e-17
5.407788578187601703e-17
5.407788578187601703e-17
4.204062191995366415e-17
3.853372563949223931e-17
3.853371800729664347e-17
3.853371800729664347e-17
3.853371800729664347e-17
3.853371800729656952e-17
2.639035240686424374e-17
2.639035240686424374e-17
2.639035240686424374e-17
2.600687417175263001e-17
2.600687417173203026e-17
2.600645972715359003e-17
2.600645972715359003e-17
1.754459498536440150e-17
1.754457639732149610e-17
1.754457637449480432e-17
1.754457637449480432e-17
1.754035916400743883e-17
1.754035916400743883e-17
1.754035916400743883e-17
1.754035916400743883e-17
1.754035916399878601e-17
1.754035916399878601e-17
1.719167094082919313e-17
1.719167094082919313e-17
1.719167094082919313e-17
1.719167094082919005e-17
1.719167093821023039e-17
1.719167093821023039e-17
1.719167093821023039e-17
1.289803812009023249e-17
1.289803812009023249e-17
1.289482325456616877e-17
1.194992163376488436e-17
1.194992163376488436e-17
1.194992163376488436e-17
1.194992163376488436e-17
1.194992163376488436e-17
1.194992163376488436e-17
7.908862325487347919e-18
7.908862325487347919e-18
7.908862286264256183e-18
7.908862286264256183e-18
7.908862286264256183e-18
7.908862286264256183e-18
7.908861856771634179e-18
7.908646935751667131e-18
7.908646935751667131e-18
7.908646935496122420e-18
7.876979919543026542e-18
7.849631284630013024e-18
5.788030868130145185e-18
5.788030868130129007e-18
5.788030868130129007e-18
5.788026307308310610e-18
5.433309412433597804e-18
5.433309412433597804e-18
5.433309412433543108e-18
5.433309412433543108e-18
5.433309412433543108e-18
3.623013151460189580e-18
3.623013151460189580e-18
3.623013151460189580e-18
3.529428891162368882e-18
3.529428891152920270e-18
3.529317235547165172e-18
3.529317235547165172e-18
3.529317235547165172e-18
2.421383867561435373e-18
2.421383867561435373e-18
2.421382583549143001e-18
2.421382583549143001e-18
2.421382582263615578e-18
2.421382582263615578e-18
2.420990089584993372e-18
2.420990089584993372e-18
2.420990089584993372e-18
2.420990089584533846e-18
2.420990089584533846e-18
2.390611524766018474e-18
2.390611524766018474e-18
2.390611524766018474e-18
2.390611523769328543e-18
2.390611523769328543e-18
2.390611523769328543e-18
2.390611523769328543e-18
1.861971956578420261e-18
1.861063100034220739e-18
1.659785599452564429e-18
1.659785599452564429e-18
1.659785599452564429e-18
1.659785599452564429e-18
1.659785599452564429e-18
1.659785599452564429e-18
1.659785482266647179e-18
1.033711212041638950e-18
1.033711212041638950e-18
1.033711212041638950e-18
1.033711212041638757e-18
1.033711212041638757e-18
1.033711191011849056e-18
1.033698366568200280e-18
1.026005837474457577e-18
1.026005837462744456e-18
1.023798942226209871e-18
7.609847849908052796e-19
7.609834727107529941e-19
7.609834727107524163e-19
7.304976826459776073e-19
7.304976826459472739e-19
7.304976826459472739e-19
7.304976826459472739e-19
7.304976826459472739e-19
7.304976826459472739e-19
5.011089725237532974e-19
5.011089725188421761e-19
4.802347155695929599e-19
4.802347155695929599e-19
4.802347155695929599e-19
4.802047901308442890e-19
4.802047901308442890e-19
4.802047901308442890e-19
4.802047901308442890e-19
4.802047901308442890e-19
4.802047901308442890e-19
3.025971669063735906e-19
3.025971669063735906e-19
3.025971034144221033e-19
3.025736372185713268e-19
3.025736371570880355e-19
3.025736371570880355e-19
3.025736371570880355e-19
3.025736367160655820e-19
3.025736367160655820e-19
3.000824746278538186e-19
3.000824746278376890e-19
3.000824746278376890e-19
3.000824746278376890e-19
3.000824746278376890e-19
2.995373377901826729e-19
2.995373377901826729e-19
2.518947121033766688e-19
2.188778658887075462e-19
2.188778658887075462e-19
2.188778658887075462e-19
2.188778658887075462e-19
2.188778253720839822e-19
2.188778253720839822e-19
1.362299674828774157e-19
1.362299674828774157e-19
1.362299674828774157e-19
1.362299674828773676e-19
1.362299674828773676e-19
1.362299674828773676e-19
1.345107248768695494e-19
1.345099046704890870e-19
1.345099033671492916e-19
1.345099033671492916e-19
1.343346905259493825e-19
1.343346905253885998e-19
9.127440808646983417e-20
9.127414260645657007e-20
9.127414260644465337e-20
8.869625748186333349e-20
8.869625748186332145e-20
8.869625748186332145e-20
8.869625748186332145e-20
8.869625748186332145e-20
6.611446913638291206e-20
6.611446913638291206e-20
6.611446913638291206e-20
6.611446913638291206e-20
6.611446913324611385e-20
6.611446913324611385e-20
6.611446913324611385e-20
6.231305361143912947e-20
6.230268193200292928e-20
6.230268193200292928e-20
6.230268193200292928e-20
6.230268193200292928e-20
6.230268193200292928e-20
3.788668203901589200e-20
3.788668203901589200e-20
3.788668203901589200e-20
3.788667784491807155e-20
3.788667767988519480e-20
3.788509695698471507e-20
3.788509695390376882e-20
3.788509695390376882e-20
3.768375976639240344e-20
3.768375976639240344e-20
3.768375976639240344e-20
3.768375976639173538e-20
3.768375976639173538e-20
3.756277201804984856e-20
2.838432375170773449e-20
2.838432375170773449e-20
2.601439059777207589e-20
2.601439059777207589e-20
2.601439059777207589e-20
2.601438092983105392e-20
2.601438092983105392e-20
2.601438092983105392e-20
1.723564851273685814e-20
1.723564851273685814e-20
1.723564851273682804e-20
1.723564851273682804e-20
1.690671944344865197e-20
1.690671944344865197e-20
1.690671944344865197e-20
1.690666158074842606e-20
1.690666151050243041e-20
1.690625948990298280e-20
1.087323692649718813e-20
1.087323692649045489e-20
1.087043721140809654e-20
1.087043721140809654e-20
1.087043721140241805e-20
1.066159088854773336e-20
1.066159088854773186e-20
1.066159088854773186e-20
1.066159088854773186e-20
1.066159088854773186e-20
1.066159088854773186e-20
1.066159088854773186e-20
1.066159088534433559e-20
8.029430563315730121e-21
8.029430563315730121e-21
8.029430563315730121e-21
8.029430563315730121e-21
7.280754406617111837e-21
7.280754406617111837e-21
7.278527890268289096e-21
7.278527890268289096e-21
7.278527890268289096e-21
7.278527890268289096e-21
4.555218287089790689e-21
4.555218287089790689e-21
4.555218287089790689e-21
4.555218234764263224e-21
4.555218234764263224e-21
4.555218234764263224e-21
4.555217997250770429e-21
4.555101939994170966e-21
4.555101939849655502e-21
4.540081149569010726e-21
4.516908215282327127e-21
4.516908215282300043e-21
4.516908215282300043e-21
4.516908215282300043e-21
4.516908215282299291e-21
3.234813055705038688e-21
3.234813055705038688e-21
3.037477821244712006e-21
3.037477821244712006e-21
3.037477821244712006e-21
3.037474362851578490e-21
3.037474362851499497e-21
1.985294215389020270e-21
1.985294215389020270e-21
1.985294215389020270e-21
1.985294215389020270e-21
1.918685938507442022e-21
1.918685938507442022e-21
1.918593604815249491e-21
1.918593604803346341e-21
1.918593604803346341e-21
1.918590735438053408e-21
1.240323973103629619e-21
1.240323972395138109e-21
1.240323972395138109e-21
1.240121786384257748e-21
1.240121786384018511e-21
1.240121786384018511e-21
1.240121786384018511e-21
1.224759942210945708e-21
1.224759942210945708e-21
1.224759942210945708e-21
1.224759942210945708e-21
1.224759942210945708e-21
1.224759942210945708e-21
1.224759941208710197e-21
1.224759941208710197e-21
9.656575439972170206e-22
9.656575439972170206e-22
9.656575439972170206e-22
8.391596098588931708e-22
8.387078827462186012e-22
8.387078827462186012e-22
8.387078827462186012e-22
8.387078827462186012e-22
8.387078827462186012e-22
8.387078827462186012e-22
4.985302873431943023e-22
4.985302687711152810e-22
4.985302687711152810e-22
4.985302687711152810e-22
4.985302687711152810e-22
4.985302583841339514e-22
4.985242142339247875e-22
4.985242142339247875e-22
4.985242142281911022e-22
4.975108029712452556e-22
4.927958528420584935e-22
4.927958528420584935e-22
3.507367375531464826e-22
3.507367375531462005e-22
3.507367375531462005e-22
3.363725788316147364e-22
3.363716962320686783e-22
3.363716962320686783e-22
3.363716962320686783e-22
3.363716962320686783e-22
3.363716962320345419e-22
3.363716962320345419e-22
2.296259410239133423e-22
2.296259410239133423e-22
2.296259410239133423e-22
2.177338007730402817e-22
2.177338007687112181e-22
2.177134473342442445e-22
1.296520343039361104e-22
1.296520343039361104e-22
1.296520036649883026e-22
1.296520036649883026e-22
1.296520036362667203e-22
1.296520036362667203e-22
1.296520036362667203e-22
1.296520036362667203e-22
1.296413927964066610e-22
1.296413927964066610e-22
1.296413927964066610e-22
1.296413927964066610e-22
1.296413927963990673e-22
1.285971364517096097e-22
1.285971364517096097e-22
1.285971360912315717e-22
1.285971360912315717e-22
1.285971360912315717e-22
1.285971360912315717e-22
1.083764914000273306e-22
1.081979514354509715e-22
9.124100989092311809e-23
9.124100989092311809e-23
9.124100989092311809e-23
9.124100989092311809e-23
9.124100989092311809e-23
9.124100989092311809e-23
9.124100989092311809e-23
9.124098368299635216e-23
5.515920001934289798e-23
5.515920001934289798e-23
5.515920001934289798e-23
5.515920001934289798e-23
5.515920001934289798e-23
5.515920001934283920e-23
5.515919948497830646e-23
5.515885981965327111e-23
5.429584144458686175e-23
5.429584144436497543e-23
5.423140193111156408e-23
3.528171812568581565e-23
3.528171812568581565e-23
3.528153351079078467e-23
3.528153351079078467e-23
3.427312977337431152e-23
3.427312977337431152e-23
3.427312977336358514e-23
3.427312977336358514e-23
3.427312977336358514e-23
3.427312977336358514e-23
2.528301651746759224e-23
2.528301651746759224e-23
2.351435320188106572e-23
2.351435319987078230e-23
2.351435319987078230e-23
2.351435319987078230e-23
2.350894988526697800e-23
2.350894988526697800e-23
2.350894988526697800e-23
2.350894988526697800e-23
1.368422701994201485e-23
1.368422701994201485e-23
1.368422701994201485e-23
1.368422540120415022e-23
1.368361883587327618e-23
1.368361883467504483e-23
1.368361883467504483e-23
1.368361883467504483e-23
1.368361883467504483e-23
1.368361883467504483e-23
1.368361883467504483e-23
1.368361872066536119e-23
1.361343363667278117e-23
1.361343363667252256e-23
1.361343363667252256e-23
1.361343363667252256e-23
1.361343363667252256e-23
1.356095433718865864e-23
1.356095433718865864e-23
1.174232236839620329e-23
9.180706452545861004e-24
9.180706452545861004e-24
9.180706452545861004e-24
9.180706452545861004e-24
9.180700931667169878e-24
9.180700931667169878e-24
5.886761523526268733e-24
5.886761523526268733e-24
5.886761523526268733e-24
5.886761523526238611e-24
5.886761523526238611e-24
5.886761523526238611e-24
5.749810383196413447e-24
5.749792421475920683e-24
5.749792399034946680e-24
5.749792399034946680e-24
5.745925928279370652e-24
5.745925928271233292e-24
3.560353854273487219e-24
3.560304629630295109e-24
3.560304629624887100e-24
3.491750851936853923e-24
3.491750851936853923e-24
3.491750851936853923e-24
3.491750851936853923e-24
3.491750851936853923e-24
3.491750851936853923e-24
2.647598342986824728e-24
2.647598342986824728e-24
2.647598342123068907e-24
2.647598342123068907e-24
2.358742508111141142e-24
2.358742508111141142e-24
2.358742508111141142e-24
2.357732674762171024e-24
2.357732674762171024e-24
2.357732674762171024e-24
2.357732674762171024e-24
2.357732674762171024e-24
2.357732674762171024e-24
2.357732674762171024e-24
1.400202550868525029e-24
1.400202550868525029e-24
1.400202475389680114e-24
1.400167120557430475e-24
1.400167090142743274e-24
1.400167090142743274e-24
1.400167090095822498e-24
1.395750133437571973e-24
1.395750133437571973e-24
1.395750133437571973e-24
1.395750133437562973e-24
1.395750133437562973e-24
1.387246108089075429e-24
1.387246108089075429e-24
9.757962296207560669e-25
9.757962296207560669e-25
9.152865493578183952e-25
9.152865493578183952e-25
9.152865493578182115e-25
9.152849567684382396e-25
9.152849567684382396e-25
9.152849567684382396e-25
5.921249023790843153e-25
5.921249023790843153e-25
5.921249023790682441e-25
5.921249023790682441e-25
5.685854033894930468e-25
5.685854033894930468e-25
5.685846094468565951e-25
5.685846094468565951e-25
5.685846086093081457e-25
5.685479609378519653e-25
5.685479609378519653e-25
3.482326807262541158e-25
3.481721035809593434e-25
3.481721035790658332e-25
3.481721035790658332e-25
3.481721035789900689e-25
3.438398022953912529e-25
3.438398022953912529e-25
3.438398022953912529e-25
3.438398022953912529e-25
3.438398022953912529e-25
2.749502908988739434e-25
2.749502906267832762e-25
2.749502906267832762e-25
2.749502906267832762e-25
2.749502906267832762e-25
2.749502906267832762e-25
2.749502906267832762e-25
2.345930726336097002e-25
2.344166748654672669e-25
2.344166748654672669e-25
2.344166748654672669e-25
2.344166748654672669e-25
2.344166748654672669e-25
2.344166748654672669e-25
1.351687878464050725e-25
1.351687878464050725e-25
1.351687878464050725e-25
1.351687783276585360e-25
1.351687753030006340e-25
1.351687753030006340e-25
1.351671055892729063e-25
1.351671055892729063e-25
1.351671055876315305e-25
1.349068924266587501e-25
1.334109144580529995e-25
1.334109144580527699e-25
1.334109144580527699e-25
9.157122577547006241e-26
9.157122577547006241e-26
9.157122577547002797e-26
8.770739793297950191e-26
8.770739793297950191e-26
8.770739793297950191e-26
8.770739793297950191e-26
8.770705225369677032e-26
8.770705225367905755e-26
6.007795713814567990e-26
6.007795713814567990e-26
6.007795713814567990e-26
6.007795713814567990e-26
5.653740832310328533e-26
5.653036843111297066e-26
5.653036842901835223e-26
5.653033301702622041e-26
5.653033301702622041e-26
3.243606524625294637e-26
3.243606523778841703e-26
3.243313929494088728e-26
3.243313929494088728e-26
3.243313929493869471e-26
3.243313929493869471e-26
3.217221334183765885e-26
3.217221334183765885e-26
3.217221334183765885e-26
3.217221334183765885e-26
3.217221334183765885e-26
3.217221334183765885e-26
3.217221334183765885e-26
3.217221319225073939e-26
3.217221319225073939e-26
2.728769396706342899e-26
2.728769396706342899e-26
2.728769396706342899e-26
2.243503073593444631e-26
2.240038632140827515e-26
2.240038632140827515e-26
2.240038632140827515e-26
2.240038632140827515e-26
2.240038632140827515e-26
1.336337958289260687e-26
1.336337958289260687e-26
1.336337958289260687e-26
1.336337699648957152e-26
1.336337699648957152e-26
1.336337699648957152e-26
1.336337699648957152e-26
1.336337686565374993e-26
1.336329478208786405e-26
1.336329478203074237e-26
1.334828939169249589e-26
1.311203543094341553e-26
1.311203543094341553e-26
1.311203543094337823e-26
8.327927655305987541e-27
8.327927655305984671e-27
8.327927655305984671e-27
8.084950557225503265e-27
8.084887170433199071e-27
8.084887170433199071e-27
8.084887170433199071e-27
8.084887170427909921e-27
8.084887170427909921e-27
8.084887170427909921e-27
5.961889645666037325e-27
5.961889645666037325e-27
5.961889645666037325e-27
5.487475530102606327e-27
5.487475529287394107e-27
5.485919067052946487e-27
3.124879808935409480e-27
3.124879808935409480e-27
3.124879397036181619e-27
3.124879396727000561e-27
3.124879396727000561e-27
3.124729834106104298e-27
3.124729834106104298e-27
3.124729834106104298e-27
3.124729834106104298e-27
3.124729834106104298e-27
3.124729834106104298e-27
3.124729834106039008e-27
3.124729834106039008e-27
3.109118399038706681e-27
3.109118399038706681e-27
3.109118357635160397e-27
3.109118357635160397e-27
3.109118357635160397e-27
3.109118357635160397e-27
2.728059138318317855e-27
2.718218026438375282e-27
2.085919136561747959e-27
2.085919136561747959e-27
2.085919136561747959e-27
2.085919136561747959e-27
2.085919136561747959e-27
2.085919136561747959e-27
2.085919136561747959e-27
2.085917364455071515e-27
1.322289829273136849e-27
1.322289829273136849e-27
1.322289829273136849e-27
1.322289829273136849e-27
1.322289829273122679e-27
1.322285825087198799e-27
1.322285819914767700e-27
1.322285819914767700e-27
1.287529671026245092e-27
1.287529671024504343e-27
1.286747956378280026e-27
7.869542404941210821e-28
7.869382480491196703e-28
7.869382480491196703e-28
7.869382480491194909e-28
7.718182470852917449e-28
7.718182470830606087e-28
7.718182470830606087e-28
7.718182470830606087e-28
5.949612900776169736e-28
5.949612900776169736e-28
5.949612900776169736e-28
5.259021400170728122e-28
5.259021397733894755e-28
5.256263201046951180e-28
5.256263201046951180e-28
5.256263201046951180e-28
5.256263201046951180e-28
5.256263201046951180e-28
5.256263201046951180e-28
3.064258370700765656e-28
3.064258370700765656e-28
3.064258370700765656e-28
3.064258196305888472e-28
3.064180374425162964e-28
3.064180374317926189e-28
3.064180374317926189e-28
3.064180374317926189e-28
3.064180267991097696e-28
3.055002732097557902e-28
3.055002732097557902e-28
3.055002732097540862e-28
3.055002732097540862e-28
3.055002732097540862e-28
3.055002732097540862e-28
3.055002732097540862e-28
3.034529006660456651e-28
2.763780233927160188e-28
2.763780233927160188e-28
2.011296024608898578e-28
2.011296024608898129e-28
2.011296024608898129e-28
2.011296024608898129e-28
2.011291421106623158e-28
2.011291421106623158e-28
1.321885838719404249e-28
1.321885838719331382e-28
1.321885838719331382e-28
1.266278467633916569e-28
1.266278467633916569e-28
1.266276837883910843e-28
1.266276836153698706e-28
1.265861717786416972e-28
1.265861717786416972e-28
7.649424198590439341e-29
7.649424198588871008e-29
7.649101303228152324e-29
7.649101303149308546e-29
7.556044255915730635e-29
7.556044255915730635e-29
7.556044255915730635e-29
7.556044255915730635e-29
6.177117497617880657e-29
6.177117497617880657e-29
6.177117487850806819e-29
5.255028244769454695e-29
5.255028244769454695e-29
5.255028244769454695e-29
5.255028244769454695e-29
5.250203249972171430e-29
5.250203249972171430e-29
5.250203249972171430e-29
5.250203249972171430e-29
5.250203249972171430e-29
3.074051881680970831e-29
3.074051881680970831e-29
3.074051881680970831e-29
3.074051881680970831e-29
3.074051881680970831e-29
3.074051812853000114e-29
3.074014537113913275e-29
3.074014210251689161e-29
3.074014210219934616e-29
3.074014210219934616e-29
3.068614897230373235e-29
3.068614897230373235e-29
3.068614897230370433e-29
3.068614897230370433e-29
3.033366384524511130e-29
2.083514993416034477e-29
2.083514993416034477e-29
1.997626837911335431e-29
1.997626837911335431e-29
1.997626837911335431e-29
1.997626837911334310e-29
1.997626837911334310e-29
1.997616757830055129e-29
1.408828228503884518e-29
1.408828228503884518e-29
1.408828228503884518e-29
1.408828228503884518e-29
1.408828228503565302e-29
1.325082443550342456e-29
1.325081734347816242e-29
1.324890709374666771e-29
1.324890708808555364e-29
1.324890708808555364e-29
7.753265896580282808e-30
7.752547056318523584e-30
7.752547056071609189e-30
7.752547056071609189e-30
7.752547056071337338e-30
7.752547056071337338e-30
7.693957146538863647e-30
7.693957146538863647e-30
7.693957146538863647e-30
7.693957146538863647e-30
7.693957146538863647e-30
6.645334252080391258e-30
6.645334215884495995e-30
6.645334215884495995e-30
6.645334215884495995e-30
5.460264176073391437e-30
5.460264176073391437e-30
5.460264176073391437e-30
5.450811781880847885e-30
5.450811781880847885e-30
5.450811781880847885e-30
5.450811781880847885e-30
3.372686835716981074e-30
3.372686835716981074e-30
3.372686835716981074e-30
3.372685905143024789e-30
3.372685905143024789e-30
3.372685905143024789e-30
3.372685879225628538e-30
3.372667247056374453e-30
3.372667247056374453e-30
3.372667247049822682e-30
3.369394393068124671e-30
3.369394393068124671e-30
3.310290546424448994e-30
3.310290546424448994e-30
2.162912400590198410e-30
2.162912400590192104e-30
2.162912400590192104e-30
2.103900256821412555e-30
2.103900256821412555e-30
2.103878697571154695e-30
2.103878697571154695e-30
2.103878697568866725e-30
1.598604527764292813e-30
1.598604527764292813e-30
1.598604527764292813e-30
1.598604527764292813e-30
1.473305231736197555e-30
1.472864424200556042e-30
1.472864423893313647e-30
8.774448101394532969e-31
8.774447143341593393e-31
8.774447142921429813e-31
8.774053680743925566e-31
8.774053680743925566e-31
8.774053680743908050e-31
8.735099400663404797e-31
8.735099400663404797e-31
8.735099400663404797e-31
8.735099400663404797e-31
8.735099400663404797e-31
8.735099400663404797e-31
8.735099400663404797e-31
8.735099248530739872e-31
8.735099248530739872e-31
7.839692258159693374e-31
7.839692258159693374e-31
6.123284078399169764e-31
6.106087757104533481e-31
6.106087757104533481e-31
6.106087757104533481e-31
6.106087757104533481e-31
6.106087757104533481e-31
4.051684710011596672e-31
4.051682027544162452e-31
4.051682027544162452e-31
4.051682027544162452e-31
4.051682027544162452e-31
4.051682027544162452e-31
4.051682020913570195e-31
4.051673345652015542e-31
4.051673345651574133e-31
3.948975436422825563e-31
3.947055591629702284e-31
3.947055591629630468e-31
3.947055591629630468e-31
2.539988419617876199e-31
2.539988419617876199e-31
2.496760918401631900e-31
2.496702383770913926e-31
2.496702383770913926e-31
2.496702383759947889e-31
2.496702383759947889e-31
2.496702383759947889e-31
2.496702383759947889e-31
2.007828684283398985e-31
1.794645303891661882e-31
1.794645303891661882e-31
1.794645302768103839e-31
1.793685869131049267e-31
1.110329636003315926e-31
1.110329636003315926e-31
1.110329608367737225e-31
1.110329608367737225e-31
1.110329608367737225e-31
1.110308967954998522e-31
1.110308967951806627e-31
1.110308967951806627e-31
1.110308967951806627e-31
1.110308967951806627e-31
1.110308967951806627e-31
1.110308967951806627e-31
1.107594075966790620e-31
1.107594026679631769e-31
1.107594026679631769e-31
1.107594026679631769e-31
1.107594026679631769e-31
1.028955911059725133e-31
1.022962511926455269e-31
7.725673706630792932e-32
7.725673706630792932e-32
7.725673706630792932e-32
7.725673706630792932e-32
7.725673706630792932e-32
7.725673706630789648e-32
7.725654565921755146e-32
5.437857462371464930e-32
5.437857462371464930e-32
5.437857462370996371e-32
5.437857462370996371e-32
5.437854650050462056e-32
5.232812988798948100e-32
5.232812988274547182e-32
5.231708800366282649e-32
5.231708800366280459e-32
5.231708800366280459e-32
3.373522800561957264e-32
3.373363607726791303e-32
3.373363607726791303e-32
3.339779723959540897e-32
3.339779723959540897e-32
3.339779723910525557e-32
3.339779723910525557e-32
3.339779723910525557e-32
2.846591376420054059e-32
2.846591376420054059e-32
2.474965608584491964e-32
2.474965604240448661e-32
2.472705731663825743e-32
2.472705731663825743e-32
2.472705731663825743e-32
2.472705731663825743e-32
2.472705731663825743e-32
1.585778029466371253e-32
1.585778029466371253e-32
1.585778029466371253e-32
1.585778026775033043e-32
1.585770401707849983e-32
1.585770401707830004e-32
1.585770401707830004e-32
1.585770401707830004e-32
1.585770203633313900e-32
1.583943476548160775e-32
1.583943476548160775e-32
1.583943476548160775e-32
1.583943476548160775e-32
1.583943476548160775e-32
1.583943476548160775e-32
1.567978431672058511e-32
1.140991781848244683e-32
1.103040749712076441e-32
1.103040749712076441e-32
1.103040749712075072e-32
1.103040749712075072e-32
1.103034928608950934e-32
8.351960014610976490e-33
8.351960014610976490e-33
8.351960014610976490e-33
8.351960014608209473e-33
8.351960014608209473e-33
7.925351623979021256e-33
7.925351339024305256e-33
7.925351339024305256e-33
7.925351339020580320e-33
7.924892788049096007e-33
5.108614797037325149e-33
5.108160161971893772e-33
5.108160161971893772e-33
5.108160161737682608e-33
5.082605800927595477e-33
5.082605800927595477e-33
5.082605800927595477e-33
5.082605800927595477e-33
4.555601595568911523e-33
4.555601566629913496e-33
4.555601566629913496e-33
4.555601566629913496e-33
3.856408261507111984e-33
3.856408261507111984e-33
3.850201850983895252e-33
3.850201850983895252e-33
3.850201850983895252e-33
3.850201850983895252e-33
3.850201850983895252e-33
2.626995820451942413e-33
2.626995820451942413e-33
2.626995820451942413e-33
2.626995820451942413e-33
2.626995007054599136e-33
2.626995007031687427e-33
2.626995007031687427e-33
2.626994006676560101e-33
2.626994006676560101e-33
2.626994006676560101e-33
2.626084101105435921e-33
2.626084101105435921e-33
2.586968978083921514e-33
1.836953714683906410e-33
1.836953714683906410e-33
1.803939753106723733e-33
1.803939753106715180e-33
1.803939753106715180e-33
1.803939753106715180e-33
1.803920362450212902e-33
1.466204768536244078e-33
1.466204768536244078e-33
1.466204768534500665e-33
1.466204768534500665e-33
1.368553766433044587e-33
1.368183902747771403e-33
1.368183902484420689e-33
9.066083669267707743e-34
9.066083667815805503e-34
9.066083667815805503e-34
9.066083667815805503e-34
9.066054995969705811e-34
9.066054995969705811e-34
9.066054995969705811e-34
9.051398379487039782e-34
9.051398379487039782e-34
9.051398379487039782e-34
9.051398379487039782e-34
9.051398208482479393e-34
9.051398208482479393e-34
8.474624309845878801e-34
8.474624309845878801e-34
6.928601051546579241e-34
6.928601051546579241e-34
6.910659386810724552e-34
6.910659386810724552e-34
6.910659386810724552e-34
6.910659386810724552e-34
6.910659386810724552e-34
6.910659386810724552e-34
5.054783703289802454e-34
5.054779950364205315e-34
5.054779950364205315e-34
5.054779950364203604e-34
5.054779950364203604e-34
5.054779938873510867e-34
5.054779938873510867e-34
5.054779938873510867e-34
5.054618815267899446e-34
4.945900297426602991e-34
4.945900297426475553e-34
3.488883802106075348e-34
3.488883802106075348e-34
3.467014730684348668e-34
3.467014730684348668e-34
3.466933559904885993e-34
3.466933559904885993e-34
3.466933559885702384e-34
3.024536334788617979e-34
3.024536334788617979e-34
3.024536334788617979e-34
2.756121281593761345e-34
2.754776787474011873e-34
2.754776785466768141e-34
1.899374919897012436e-34
1.899374919897001531e-34
1.899374919897001531e-34
1.899374880850423012e-34
1.899374880850423012e-34
1.899374880850423012e-34
1.899374880850423012e-34
1.899066818483493297e-34
1.899066818483493297e-34
1.899066818483493297e-34
1.899066818483493297e-34
1.899066724680029492e-34
1.899066724680029492e-34
1.899066724680029492e-34
1.899066724680029492e-34
1.851103435061857270e-34
1.841454281962455538e-34
1.462162199928149361e-34
1.462162199928149361e-34
1.462162199928149361e-34
1.462162199928149361e-34
1.163506238343060578e-34
1.163506238343060578e-34
1.163503984806030839e-34
1.163503984806030839e-34
1.163503984806030411e-34
1.163503984805900408e-34
1.163503984805900408e-34
1.163503984805761852e-34
1.163503984805761852e-34
1.125812239412726754e-34
1.125811991442106721e-34
1.125811991442106721e-34
7.941512366710830150e-35
7.941130543314913709e-35
7.941130543314913709e-35
7.935682525485271741e-35
7.935682525334795088e-35
7.935682525334795088e-35
7.935682525334795088e-35
7.481175257373967254e-35
6.627075582498608870e-35
6.627075568022792253e-35
6.621205870704824366e-35
6.621205870704824366e-35
4.876874424762699493e-35
4.876874424762699493e-35
4.876874424762699493e-35
4.876874424762699493e-35
4.876874424762699493e-35
4.876874424757197875e-35
4.876874424757197875e-35
4.876874424757197875e-35
4.876874424757197875e-35
4.876874424757197875e-35
4.876868122783757473e-35
4.876867421700364619e-35
4.876867421700364619e-35
4.876867421700364619e-35
4.876867421700364619e-35
4.832723031454292067e-35
4.832723031454292067e-35
4.817534190024859601e-35
3.711084579876600214e-35
3.711084579876600214e-35
3.711084579876600214e-35
3.711084579876593265e-35
3.711064025709606802e-35
3.318731296569378499e-35
3.318731296569378499e-35
3.318731296567690915e-35
3.157413623691312336e-35
3.157413623691312336e-35
3.157413623691312336e-35
3.157413623691312336e-35
3.157413623649628432e-35
2.276405145215847088e-35
2.276405145215847088e-35
2.276405145215847088e-35
2.276168162691182830e-35
2.276168162536911385e-35
2.276154266796367351e-35
2.257345658018804158e-35
2.257345658018804158e-35
2.257345638984233988e-35
1.927963387841314415e-35
1.924678963976603248e-35
1.924678963976603248e-35
1.924678963976603248e-35
1.924678963976603248e-35
1.924678963976603248e-35
1.924678963976603248e-35
1.924678963976603248e-35
1.619198172420634442e-35
1.619198172420634442e-35
1.619198172420634442e-35
1.619198172420634442e-35
1.619198172420634442e-35
1.619197479544145775e-35
1.619197479544145775e-35
1.619197479544145775e-35
1.619197479395678239e-35
1.619197479395678239e-35
1.619197479395678239e-35
1.593344100075007182e-35
1.201773128765807822e-35
1.201743897802784505e-35
1.201743897802774349e-35
1.201743897802774349e-35
1.201727616053813933e-35
1.180125923448786264e-35
1.180125923448786264e-35
1.180125923446126195e-35
1.180125923446126195e-35
1.092894904943015964e-35
1.092894904943015964e-35
1.092533561073635479e-35
1.092533561073635479e-35
8.789481859401983264e-36
8.789481859401983264e-36
8.789481856794924465e-36
8.789481852366601029e-36
8.789481852366601029e-36
8.789481852366601029e-36
8.788604567179300080e-36
8.788604308504407326e-36
8.788604308504407326e-36
8.788604308504407326e-36
8.788604308504407326e-36
7.205052513283289029e-36
7.180552732594821479e-36
7.180552732594821479e-36
7.180552732594821479e-36
7.180552732594821479e-36
7.180552732594821479e-36
6.946758047893574427e-36
6.946758047893574427e-36
6.946748414000071154e-36
6.946748414000071154e-36
6.946748414000071154e-36
6.946748414000069817e-36
6.946748414000069817e-36
6.946748414000069817e-36
6.946748414000069817e-36
6.740602923612496500e-36
6.740602923612496500e-36
5.391957625813304289e-36
5.391957625813051712e-36
5.391957613237168553e-36
5.391957613237168553e-36
5.391740741414756674e-36
5.391740741414756674e-36
5.391740741351829102e-36
5.390367327937669579e-36
4.810838506679788879e-36
4.807094162335938812e-36
4.807094162335938812e-36
4.807094155344661872e-36
4.573289259373553142e-36
4.573289259373553142e-36
4.573289259373553142e-36
4.573289259373553142e-36
4.573289259373553142e-36
4.573289259373553142e-36
4.573289259373553142e-36
4.573289259373553142e-36
4.573289259373553142e-36
4.573288730254119272e-36
4.573288730254119272e-36
4.573288679490619865e-36
4.573288679490619865e-36
4.573288679490619865e-36
3.787313086332249478e-36
3.757705251580602088e-36
3.757705251580602088e-36
3.757705251580602088e-36
3.757705251580602088e-36
3.755653129232620707e-36
3.755634497579775365e-36
3.755634497579772024e-36
3.755634497579772024e-36
3.755634497579772024e-36
3.755634497579772024e-36
3.561084683514723454e-36
3.561084683514723454e-36
3.561084683513478613e-36
3.349454444753294321e-36
3.349454444753294321e-36
3.349006749380689174e-36
3.349006749380689174e-36
3.349006749163029907e-36
3.349006635891006912e-36
3.349006635891006912e-36
3.349006635891006912e-36
2.948567115356711135e-36
2.948567095486830697e-36
2.942395889685943077e-36
2.939542089536392663e-36
2.939542089536392663e-36
2.939542089536392663e-36
2.939542089536392663e-36
2.939542089536392663e-36
2.939542089536392663e-36
2.939542089536392663e-36
2.939542089536392663e-36
2.939542089536392663e-36
2.939540643097623525e-36
2.939540643097623525e-36
2.939540643097623525e-36
2.939540643097623525e-36
2.881317586997055516e-36
2.881317586997055516e-36
2.711780869944412319e-36
2.711780869944412319e-36
2.711780869944412319e-36
2.711780869944412319e-36
2.711728900473584182e-36
2.711728900473560795e-36
2.711728671953534844e-36
2.711728671953534844e-36
2.711728671947062410e-36
2.530591539436504256e-36
2.530591539436504256e-36
2.527071387799947028e-36
2.525952154374704211e-36
2.525952154374704211e-36
2.525952154374704211e-36
2.525952153439345812e-36
2.525952153439345812e-36
2.525952153439345812e-36
2.408011794159577480e-36
2.408011706472639442e-36
2.394459944993679861e-36
2.394459944993679861e-36
2.394459944993679861e-36
2.394459944993679861e-36
2.394459944993679861e-36
2.394459540702240500e-36
2.394459540702240500e-36
2.394459540702240500e-36
2.394459540702240500e-36
2.394459540702240500e-36
2.394454405946153652e-36
2.394454405946153652e-36
2.394454405946153652e-36
2.394454405946152984e-36
2.394454405946152984e-36
2.325011159460052869e-36
2.325011159460052869e-36
2.321377958596657758e-36
2.321377958596657758e-36
2.321377958596506747e-36
2.321210659583628695e-36
2.321210659583628695e-36
2.321210659583628695e-36
2.321210659583628695e-36
2.321210659547803291e-36
2.321210659547803291e-36
2.255141857026828677e-36
2.255141857026828677e-36
2.252199262738624855e-36
2.252198666016670861e-36
2.252198661096438443e-36
2.252198661096438443e-36
2.252198661096438443e-36
2.252198661096438443e-36
2.252198661096438443e-36
2.252198250707302222e-36
2.249151026454209485e-36
2.249151026454209485e-36
2.249151026454209485e-36
2.249151026454209485e-36
2.227781505058566516e-36
2.227781505058566516e-36
2.227781505058566516e-36
2.227781505058566516e-36
2.227781505058566181e-36
2.227781505058566181e-36
2.227781505058566181e-36
2.227781505058566181e-36
2.227761978187513376e-36
2.227761978187513376e-36
2.227761978187510369e-36
2.198549244653628192e-36
2.198548549265189119e-36
2.198548549265189119e-36
2.198548549265189119e-36
2.198548549265189119e-36
2.198548549264162778e-36
2.198548549264162778e-36
2.198052780898480080e-36
2.198052780898480080e-36
2.198052780898480080e-36
2.198052780685920114e-36
2.198052780685920114e-36
2.196162566236365790e-36
2.191103724002435600e-36
2.191103699087317539e-36
2.191103699087316537e-36
2.191103699087316537e-36
2.191103699087316537e-36
2.191103699087316537e-36
2.191103699087316537e-36
2.191101992637181749e-36
2.191101992637181749e-36
2.191101992637181749e-36
2.191101992637181749e-36
2.191101992637181749e-36
2.191101375415826369e-36
2.181354596092375613e-36
2.181354596092375613e-36
2.181354596092375613e-36
2.181354596092375613e-36
2.181354596092375613e-36
2.181354596092375613e-36
2.181354596092375613e-36
2.181292737053468819e-36
2.181292737053446100e-36
2.181292737053446100e-36
2.181292737053446100e-36
2.180412660755785337e-36
2.180412660755785337e-36
2.180412660749106098e-36
2.180412660749104428e-36
2.179527993835114625e-36
2.179527993835114625e-36
2.179527992716977540e-36
2.179527992716977540e-36
2.179527992716977540e-36
2.179527595186895212e-36
2.179527595186895212e-36
2.179527595186895212e-36
2.179527486882188058e-36
2.177142194238300731e-36
2.177142194238300731e-36
2.177142194238300731e-36
2.177142194238300731e-36
2.177142194238300731e-36
2.177142194238300731e-36
2.177142194238300731e-36
2.177136627353630382e-36
2.177136627353630382e-36
2.177136627353630382e-36
2.176836790915659521e-36
2.176836790915658519e-36
2.176836790915658519e-36
2.176836790915658519e-36
2.176836790915658519e-36
2.176725010328663159e-36
2.176725010328663159e-36
2.176725010328663159e-36
2.176725010328514487e-36
2.176725010328514487e-36
2.176725010328514487e-36
2.176725010292899563e-36
2.176724822917975174e-36
2.176724822917975174e-36
2.176724822917975174e-36
2.176303155184155403e-36
2.176303150286428332e-36
2.176303150286428332e-36
2.176303150286428332e-36
2.176303150286428332e-36
2.176303150286427998e-36
2.176302793479736411e-36
2.176228932189968849e-36
2.176228932189968849e-36
2.176228932189968849e-36
2.176228932189968849e-36
2.176228932189968849e-36
2.176228932189968849e-36
2.176228932189968849e-36
2.176228932189968849e-36
2.176228932189968849e-36
2.176218839175528700e-36
2.176218839175528700e-36
2.176218839175528700e-36
2.176218839175528700e-36
2.176218839175526361e-36
2.176218775140930632e-36
2.176218775140930632e-36
2.176218775140930632e-36
2.176218775140930632e-36
2.176218775140133814e-36
2.176165355592709325e-36
2.176165355592709325e-36
2.176165355436325862e-36
2.176165355436325527e-36
2.176165355436325527e-36
2.176165355436325527e-36
2.176165355436325527e-36
2.176165355436325527e-36
2.176152277805099186e-36
2.176152277805099186e-36
2.176152261624074721e-36
2.176152261624074721e-36
2.176151614262806321e-36
2.176151614262806321e-36
2.176151598479136106e-36
2.176151598479136106e-36
2.176151598479136106e-36
2.176151598479136106e-36
2.176151598479136106e-36
2.176151598479136106e-36
2.176151598479136106e-36
2.176151598479136106e-36
2.176151598479136106e-36
2.176146772783920754e-36
2.176146772783920754e-36
2.176146772783908393e-36
2.176146772783908393e-36
2.176146772783908393e-36
2.176146772783908393e-36
2.176146772783908393e-36
2.176146772780408073e-36
2.176146772780408073e-36
2.176145115552417682e-36
2.176145115552417682e-36
2.176145115552417682e-36
2.176145115035698429e-36
2.176145115035698429e-36
2.176145115035698429e-36
2.176145112240836815e-36
2.176145082879410618e-36
2.176145082879410618e-36
2.176145082879410618e-36
2.176144773342300227e-36
2.176144773342300227e-36
2.176144773342300227e-36
2.176144773342300227e-36
2.176144773342300227e-36
2.176144773342300227e-36
2.176144773342300227e-36
2.176144773342300227e-36
2.176144773342300227e-36
2.176144773342300227e-36
2.176144773342300227e-36
2.176144773342299558e-36
2.176144773342299558e-36
2.176144623629627774e-36
2.176144623629572983e-36
2.176144623629572983e-36
2.176144623629572983e-36
2.176144623629572983e-36
2.176144623618006594e-36
2.176144623618006594e-36
2.176144623263831526e-36
2.176144623263831526e-36
2.176144622326207624e-36
2.176144622326207624e-36
2.176144622326207624e-36
2.176144622326207624e-36
2.176144622326207624e-36
2.176144608286897251e-36
2.176144608286897251e-36
2.176144608286897251e-36
2.176144608286897251e-36
2.176144608286897251e-36
2.176144608286897251e-36
2.176144608286897251e-36
2.176144598683761895e-36
2.176144598683761895e-36
2.176144598683761895e-36
2.176144598683761895e-36
2.176144598683761895e-36
2.176144598683761560e-36
2.176144598683761560e-36
2.176144598683761560e-36
2.176144598651765226e-36
2.176144598651584814e-36
2.176144598651584814e-36
2.176144598651584814e-36
2.176144598630596929e-36
2.176144598630596929e-36
2.176144598630596929e-36
2.176144598630596929e-36
2.176144598630596929e-36
2.176144598182266709e-36
2.176144598182266709e-36
2.176144598182266709e-36
2.176144598182266709e-36
2.176144597746708962e-36
2.176144597746708962e-36
2.176144597746708962e-36
2.176144597746708962e-36
2.176144597746708962e-36
2.176144597746708962e-36
2.176144597746708962e-36
2.176144597746708962e-36
2.176144597744656279e-36
2.176144597744656279e-36
2.176144597744656279e-36
2.176144597744656279e-36
2.176144597744656279e-36
2.176144597744656279e-36
2.176144597744654275e-36
2.176144597744654275e-36
2.176144597744654275e-36
2.176144597744326527e-36
2.176144597744326527e-36
2.176144597744326527e-36
2.176144597734290964e-36
2.176144597734290964e-36
2.176144597734290964e-36
2.176144597734290964e-36
2.176144597734290964e-36
2.176144597720382230e-36
2.176144597720288683e-36
2.176144597720288683e-36
2.176144597720288683e-36
2.176144597720288683e-36
2.176144597720288683e-36
2.176144597720288683e-36
2.176144597720288683e-36
2.176144597720288683e-36
2.176144597720288683e-36
2.176144597720288683e-36
2.176144597720288683e-36
2.176144597720288683e-36
2.176144597720288683e-36
2.176144597720285342e-36
2.176144597720285342e-36
2.176144597720285342e-36
2.176144597720128317e-36
2.176144597720128317e-36
2.176144597720128317e-36
2.176144597720128317e-36
2.176144597719817274e-36
2.176144597719817274e-36
2.176144597719817274e-36
2.176144597719817274e-36
2.176144597719814268e-36
2.176144597719814268e-36
2.176144597719814268e-36
2.176144597719814268e-36
2.176144597719814268e-36
2.176144597719814268e-36
2.176144597719814268e-36
2.176144597719814268e-36
2.176144597719814268e-36
2.176144597719814268e-36
2.176144597719814268e-36
2.176144597719814268e-36
2.176144597719814268e-36
2.176144597719814268e-36
2.176144597719814268e-36
2.176144597719812263e-36
2.176144597719812263e-36
2.176144597719807586e-36
2.176144597719807586e-36
2.176144597719807586e-36
2.176144597719807586e-36
2.176144597719807586e-36
2.176144597719807586e-36
2.176144597719807586e-36
2.176144597719807586e-36
2.176144597719807586e-36
2.176144597719807586e-36
2.176144597719807586e-36
2.176144597719807586e-36
2.176144597719807586e-36
2.176144597719807586e-36
2.176144597719807586e-36
2.176144597719807586e-36
2.176144597719807586e-36
2.176144597719807586e-36
2.176144597719807586e-36
2.176144597719807586e-36
2.176144597719807586e-36
2.176144597719807586e-36
2.176144597719807586e-36
2.176144597719807586e-36
2.176144597719807586e-36
2.176144597719807586e-36
2.176144597719807586e-36
2.176144597719807586e-36
2.176144597719807586e-36
2.176144597719807586e-36
2.176144597719807586e-36
2.176144597719807586e-36
2.176144597719807586e-36
2.176144597719807586e-36
2.176144597719807586e-36
2.176144597719807586e-36
2.176144597719807586e-36
2.176144597719807586e-36
2.176144597719807586e-36
2.176144597719807586e-36
2.176144597719807586e-36
2.176144597719807586e-36
2.176144597719807586e-36
2.176144597719807586e-36
2.176144597719807586e-36
2.176144597719807586e-36
2.176144597719807586e-36
2.176144597719807586e-36
2.176144597719807586e-36
2.176144597719807586e-36
2.176144597719807586e-36
2.176144597719807586e-36
2.176144597719807586e-36
2.176144597719807586e-36
2.176144597719807586e-36
2.176144597719807586e-36
2.176144597719807586e-36
2.176144597719807586e-36
2.176144597719807586e-36
2.176144597719807586e-36
2.176144597719807586e-36
2.176144597719807586e-36
2.176144597719807586e-36
2.176144597719807586e-36
2.176144597719807586e-36
2.176144597719807586e-36
2.176144597719807586e-36
2.176144597719807586e-36
2.176144597719807586e-36
2.176144597719807586e-36
2.176144597719807586e-36
2.176144597719807586e-36
2.176144597719807586e-36
2.176144597719807586e-36
2.176144597719807586e-36
2.176144597719807586e-36
2.176144597719807586e-36
2.176144597719807586e-36
2.176144597719807586e-36
2.176144597719807586e-36
2.176144597719807586e-36
2.176144597719807586e-36
2.176144597719807586e-36
2.176144597719807586e-36
2.176144597719807586e-36
2.176144597719807586e-36
2.176144597719807586e-36
2.176144597719807586e-36
2.176144597719807586e-36
2.176144597719807586e-36
2.176144597719807586e-36
2.176144597719807586e-36
2.176144597719807586e-36
2.176144597719807586e-36
2.176144597719807586e-36
2.176144597719807586e-36
2.176144597719807586e-36
2.176144597719807586e-36
2.176144597719807586e-36
2.176144597719807586e-36
2.176144597719807586e-36
2.176144597719807586e-36
2.176144597719807586e-36
2.176144597719807586e-36
2.176144597719807586e-36
2.176144597719807586e-36
2.176144597719807586e-36
2.176144597719807586e-36
2.176144597719807586e-36
2.176144597719807586e-36
2.176144597719807586e-36
2.176144597719807586e-36
2.176144597719807586e-36
2.176144597719807586e-36
2.176144597719807586e-36
2.176144597719807586e-36
2.176144597719807586e-36
2.176144597719807586e-36
2.176144597719807586e-36
2.176144597719807586e-36
2.176144597719807586e-36
2.176144597719807586e-36
2.176144597719807586e-36
2.176144597719807586e-36
2.176144597719807586e-36
2.176144597719807586e-36
2.176144597719807586e-36
2.176144597719807586e-36
2.176144597719807586e-36
2.176144597719807586e-36
2.176144597719807586e-36
2.176144597719807586e-36
2.176144597719807586e-36
2.176144597719807586e-36
2.176144597719807586e-36
2.176144597719807586e-36
2.176144597719807586e-36
2.176144597719807586e-36
2.176144597719807586e-36
2.176144597719807586e-36
2.176144597719807586e-36
2.176144597719807586e-36
2.176144597719807586e-36
2.176144597719807586e-36
2.176144597719807586e-36
2.176144597719807586e-36
2.176144597719807586e-36
2.176144597719807586e-36
2.176144597719807586e-36
2.176144597719807586e-36
2.176144597719807586e-36
2.176144597719807586e-36
2.176144597719807586e-36
2.176144597719807586e-36
2.176144597719807586e-36
2.176144597719807586e-36
2.176144597719807586e-36
2.176144597719807586e-36
2.176144597719807586e-36
2.176144597719807586e-36
2.176144597719807586e-36
2.176144597719807586e-36
2.176144597719807586e-36
2.176144597719807586e-36
2.176144597719807586e-36
2.176144597719807586e-36
2.176144597719807586e-36
2.176144597719807586e-36
2.176144597719807586e-36
2.176144597719807586e-36
2.176144597719807586e-36
2.176144597719807586e-36
2.176144597719807586e-36
2.176144597719807586e-36
2.176144597719807586e-36
2.176144597719807586e-36
2.176144597719807586e-36
2.176144597719807586e-36
2.176144597719807586e-36
2.176144597719807586e-36
2.176144597719807586e-36
2.176144597719807586e-36
2.176144597719807586e-36
2.176144597719807586e-36
2.176144597719807586e-36
2.176144597719807586e-36
2.176144597719807586e-36
2.176144597719807586e-36
2.176144597719807586e-36
2.176144597719807586e-36
2.176144597719807586e-36
2.176144597719807586e-36
2.176144597719807586e-36
2.176144597719807586e-36
2.176144597719807586e-36
2.176144597719807586e-36
2.176144597719807586e-36
2.176144597719807586e-36
2.176144597719807586e-36
2.176144597719807586e-36
2.176144597719807586e-36
2.176144597719807586e-36
2.176144597719807586e-36
2.176144597719807586e-36
2.176144597719807586e-36
2.176144597719807586e-36
2.176144597719807586e-36
2.176144597719807586e-36
2.176144597719807586e-36
2.176144597719807586e-36
2.176144597719807586e-36
2.176144597719807586e-36
2.176144597719807586e-36
2.176144597719807586e-36
2.176144597719807586e-36
2.176144597719807586e-36
2.176144597719807586e-36
2.176144597719807586e-36
2.176144597719807586e-36
2.176144597719807586e-36
2.176144597719807586e-36
2.176144597719807586e-36
2.176144597719807586e-36
2.176144597719807586e-36
2.176144597719807586e-36
2.176144597719807586e-36
2.176144597719807586e-36
2.176144597719807586e-36
2.176144597719807586e-36
2.176144597719807586e-36
2.176144597719807586e-36
2.176144597719807586e-36
2.176144597719807586e-36
2.176144597719807586e-36
2.176144597719807586e-36
2.176144597719807586e-36
2.176144597719807586e-36
2.176144597719807586e-36
2.176144597719807586e-36
2.176144597719807586e-36
2.176144597719807586e-36
2.176144597719807586e-36
2.176144597719807586e-36
2.176144597719807586e-36
2.176144597719807586e-36
2.176144597719807586e-36
2.176144597719807586e-36
2.176144597719807586e-36
2.176144597719807586e-36
2.176144597719807586e-36
2.176144597719807586e-36
2.176144597719807586e-36
2.176144597719807586e-36
2.176144597719807586e-36
2.176144597719807586e-36
2.176144597719807586e-36
2.176144597719807586e-36
2.176144597719807586e-36
2.176144597719807586e-36
2.176144597719807586e-36
2.176144597719807586e-36
2.176144597719807586e-36
2.176144597719807586e-36
2.176144597719807586e-36
2.176144597719807586e-36
2.176144597719807586e-36
2.176144597719807586e-36
2.176144597719807586e-36
2.176144597719807586e-36
2.176144597719807586e-36
2.176144597719807586e-36
2.176144597719807586e-36
2.176144597719807586e-36
2.176144597719807586e-36
2.176144597719807586e-36
2.176144597719807586e-36
2.176144597719807586e-36
2.176144597719807586e-36
2.176144597719807586e-36
2.176144597719807586e-36
2.176144597719807586e-36
2.176144597719807586e-36
2.176144597719807586e-36
2.176144597719807586e-36
2.176144597719807586e-36
