1.000000000000019318e+00
1.000000000000009992e+00
9.999999999999674705e-01
9.999999999999578115e-01
9.999999999999573674e-01
9.999999999997546407e-01
9.999999999997470912e-01
9.999999999997379874e-01
9.999999999997374323e-01
9.999999999997370992e-01
9.999999999987516652e-01
9.999999999986312060e-01
9.999999999986260990e-01
9.999999999986060040e-01
9.999999999986058929e-01
9.999999999986054489e-01
9.999999999937465578e-01
9.999999999936540762e-01
9.999999999932015493e-01
9.999999999931994399e-01
9.999999999931621364e-01
9.999999999931618033e-01
9.999999999705178055e-01
9.999999999700651676e-01
9.999999999685917906e-01
9.999999999685574847e-01
9.999999999685086349e-01
9.999999999685085239e-01
9.999999998847785010e-01
9.999999998659261369e-01
9.999999998659261369e-01
9.999999998654549582e-01
9.999999998619552022e-01
9.999999998619506503e-01
9.999999998619043540e-01
9.999999995000803388e-01
9.999999994883332910e-01
9.999999994326104202e-01
9.999999994325087238e-01
9.999999994325086128e-01
9.999999994264199277e-01
9.999999994264199277e-01
9.999999994263887304e-01
9.999999979658664717e-01
9.999999979166089847e-01
9.999999977654886463e-01
9.999999977639504323e-01
9.999999977566335074e-01
9.999999977566299547e-01
9.999999977566298437e-01
9.999999928166535268e-01
9.999999928166536378e-01
9.999999920438368273e-01
9.999999920234549089e-01
9.999999920234545758e-01
9.999999917269253302e-01
9.999999917268276306e-01
9.999999917209829725e-01
9.999999917209829725e-01
9.999999917209829725e-01
9.999999737027394087e-01
9.999999733953640613e-01
9.999999714538081452e-01
9.999999714518654770e-01
9.999999714518652549e-01
9.999999710428034705e-01
9.999999710428010280e-01
9.999999710396908492e-01
9.999999093116930249e-01
9.999999082140218487e-01
9.999999038471076851e-01
9.999999038226108361e-01
9.999999038226107251e-01
9.999999038225269032e-01
9.999999034290415478e-01
9.999999034290416589e-01
9.999997394774348125e-01
9.999997394774348125e-01
9.999996999784288576e-01
9.999996997151558986e-01
9.999996997151366918e-01
9.999996922334711824e-01
9.999996922314572378e-01
9.999996919623337366e-01
9.999996919623330704e-01
9.999991674133722475e-01
9.999991674133722475e-01
9.999991617415761036e-01
9.999990738457154027e-01
9.999990738085491326e-01
9.999990738085491326e-01
9.999990738085393627e-01
9.999990642448652878e-01
9.999990642448368661e-01
9.999990641129615776e-01
9.999975044764584098e-01
9.999974858134388356e-01
9.999973083391362483e-01
9.999973083391363593e-01
9.999973078890780354e-01
9.999973078890781464e-01
9.999973078881535526e-01
9.999972990443605214e-01
9.999972990443580789e-01
9.999942499740224200e-01
9.999942499740225310e-01
9.999928548715051324e-01
9.999928493373858585e-01
9.999928493364010906e-01
9.999925673340688270e-01
9.999925673121617953e-01
9.999925673121617953e-01
9.999925673121619063e-01
9.999925614522058304e-01
9.999925614522015005e-01
9.999834197222636778e-01
9.999834197222636778e-01
9.999832348270198956e-01
9.999807765268946547e-01
9.999807761113120863e-01
9.999807761113120863e-01
9.999804345078854295e-01
9.999804345074876366e-01
9.999804345073025624e-01
9.999804317229753492e-01
9.999561305837768588e-01
9.999555801683069900e-01
9.999555801683069900e-01
9.999555801683067680e-01
9.999513887925015609e-01
9.999513841554014126e-01
9.999513841554014126e-01
9.999513841494553912e-01
9.999510839609306867e-01
9.999510839608301005e-01
9.999510839608301005e-01
9.999510839608294344e-01
9.999054854642187573e-01
9.998898527309435513e-01
9.998897884438419092e-01
9.998897884201942698e-01
9.998840743298690326e-01
9.998840742001198212e-01
9.998840742001198212e-01
9.998840742001198212e-01
9.998840742001198212e-01
9.998838938443533886e-01
9.998838938443165292e-01
9.997667640173130144e-01
9.997667640173124592e-01
9.997655542465985201e-01
9.997430890604344089e-01
9.997430867952559197e-01
9.997430867952558087e-01
9.997373723269999957e-01
9.997373723201442575e-01
9.997373723187700234e-01
9.997373003323408724e-01
9.994703774469241297e-01
9.994673569443814909e-01
9.994673569443814909e-01
9.994673569443814909e-01
9.994673569443814909e-01
9.994673569443814909e-01
9.994355490255310004e-01
9.994355277989065423e-01
9.994355277989064312e-01
9.994355277614667132e-01
9.994314946641017494e-01
9.994314946627220753e-01
9.994314946627220753e-01
9.994314946627196328e-01
9.990529788593389693e-01
9.988582105353375207e-01
9.988579941035943266e-01
9.988579936647485891e-01
9.988208783102289212e-01
9.988208776109620546e-01
9.988208776109620546e-01
9.988208776109620546e-01
9.988188700301998679e-01
9.988188700301999789e-01
9.988188700300862921e-01
9.979415850280028977e-01
9.979415850279927946e-01
9.979349937741351928e-01
9.976790812919841267e-01
9.976790705717828445e-01
9.976790705717828445e-01
9.976790705717828445e-01
9.976454294187729888e-01
9.976454292991863149e-01
9.976454292952834368e-01
9.976447136993521481e-01
9.958734114587201036e-01
9.958576342964589045e-01
9.958576342964589045e-01
9.958576342964589045e-01
9.958576342964589045e-01
9.958576342964590156e-01
9.958573757528762505e-01
9.955312362103060364e-01
9.955312362103055923e-01
9.955312361072896632e-01
9.955084747589121319e-01
9.955084747363637243e-01
9.955084747363637243e-01
9.955084747363595055e-01
9.938295543881001670e-01
9.921668941482922888e-01
9.921656136737011522e-01
9.921656082052277004e-01
9.918135447000693272e-01
9.918135427916020541e-01
9.918135427916020541e-01
9.918135427916020541e-01
9.918135427916020541e-01
9.918024467136985489e-01
9.918024467136984379e-01
9.918024467135004851e-01
9.878750674764191775e-01
9.878750674760974348e-01
9.878178644754239679e-01
9.859401505016508471e-01
9.859401185192417927e-01
9.859401185192417927e-01
9.859401185192417927e-01
9.856397344646907754e-01
9.856397332958638513e-01
9.856397332890596275e-01
9.856358685596531277e-01
9.782192325978499303e-01
9.780882956474177270e-01
9.780882956474177270e-01
9.780882956474177270e-01
9.780882956474177270e-01
9.780882956474177270e-01
9.780882956474177270e-01
9.780872714331116935e-01
9.760559734554229427e-01
9.760559734554160594e-01
9.760559732720458515e-01
9.758618628764057501e-01
9.758618626627153514e-01
9.758618626627153514e-01
9.758618626627050263e-01
9.688767801918618527e-01
9.631643313600860568e-01
9.631598537083703171e-01
9.631598161057173257e-01
9.612507027101637735e-01
9.612506994816826245e-01
9.612506994816826245e-01
9.612506994816826245e-01
9.612506994816826245e-01
9.612506994816826245e-01
9.611612845655276294e-01
9.611612845655276294e-01
9.611612845655270743e-01
9.611612845650696624e-01
9.467486880943623007e-01
9.467486880921300862e-01
9.466374162899180433e-01
9.414524805091931681e-01
9.414524254682672399e-01
9.414524254682672399e-01
9.414524254682672399e-01
9.400556965960730205e-01
9.400556908726659389e-01
9.400556908581442217e-01
9.400278613340552480e-01
9.164564010716574893e-01
9.162464765101970832e-01
9.162464765101970832e-01
9.162464765101970832e-01
9.162464765101970832e-01
9.162464765101970832e-01
9.162464765101969721e-01
9.162453360290540028e-01
9.116326340929440386e-01
9.116326340928900818e-01
9.116326337443140249e-01
9.108878409769211038e-01
9.108878401053713825e-01
9.108878401053713825e-01
9.108878401053713825e-01
9.108878401053603913e-01
8.950650607796269975e-01
8.762288127816664218e-01
8.762243631770864072e-01
8.762241781862183387e-01
8.725620319204224762e-01
8.725620267328572099e-01
8.725620267328572099e-01
8.725620267328572099e-01
8.725620267328572099e-01
8.725620267328572099e-01
8.722813053423974505e-01
8.722813053423974505e-01
8.722813053423942309e-01
8.722813053419714580e-01
8.420837336874856804e-01
8.420837336760156333e-01
8.419019045875413276e-01
8.255784924370876965e-01
8.255784199818109181e-01
8.255784199818109181e-01
8.255784199818109181e-01
8.232168941872286538e-01
8.232168668985062610e-01
8.232168668865856853e-01
8.231418235982062015e-01
7.783338787260045688e-01
7.779909056121705468e-01
7.779909056121705468e-01
7.779909056121705468e-01
7.779909056121704358e-01
7.779909056121704358e-01
7.779886890049638737e-01
7.779886890049637627e-01
7.646691960303118041e-01
7.646691960301591484e-01
7.646691960301591484e-01
7.646691957632600900e-01
7.634902938993047838e-01
7.634902901243096895e-01
7.634902901243096895e-01
7.634902901243096895e-01
7.634902901243040274e-01
7.457564575288190278e-01
7.046863661449681571e-01
7.046781633548281354e-01
7.046775071941658863e-01
6.949501411078534696e-01
6.949501371587002430e-01
6.949501371587002430e-01
6.949501371587002430e-01
6.949501371587002430e-01
6.949501371587002430e-01
6.945155492852902457e-01
6.945155492852902457e-01
6.945155492852812529e-01
6.945155492850658696e-01
6.580626373211473368e-01
6.576578518505257209e-01
6.576578517642023280e-01
6.576578517642023280e-01
6.239482833189443634e-01
6.239482176884129094e-01
6.239482176884129094e-01
6.239482176884129094e-01
6.180918121029428391e-01
6.180917421314301441e-01
6.180917421253193655e-01
6.179772888459995617e-01
5.642416437173966015e-01
5.634505999889894978e-01
5.634505999889894978e-01
5.634505999889894978e-01
5.634505999889894978e-01
5.634505999889896088e-01
5.634505999889896088e-01
5.634479527477861405e-01
5.634479527477860294e-01
5.392603435646846632e-01
5.392603435639835574e-01
5.392603435639835574e-01
5.392603434188486533e-01
5.364948204447879121e-01
5.364948109889081662e-01
5.364948109889081662e-01
5.364948109889081662e-01
5.364948109889043915e-01
5.151018617542991729e-01
4.702494355118732039e-01
4.702403332738850361e-01
4.702389286031374294e-01
4.548035980329607764e-01
4.548035959775357795e-01
4.548035959775357795e-01
4.548035959775357795e-01
4.548035959775357795e-01
4.548035959775357795e-01
4.538308232562661138e-01
4.538308232562661138e-01
4.538308232562289768e-01
4.538308232560869793e-01
4.130793503453175641e-01
4.128198327602090045e-01
4.128198325740315422e-01
4.128198325740315422e-01
3.820204074777718839e-01
3.820203695208971850e-01
3.820203695208971850e-01
3.820203695208971850e-01
3.820203695208971850e-01
3.738931590158446894e-01
3.738930558445807129e-01
3.738930558406797777e-01
3.736541586916118374e-01
3.205347038902578438e-01
3.201136102073458556e-01
3.201136102073458556e-01
3.201136102073458556e-01
3.201136102073458556e-01
3.201136102073458001e-01
3.201136102073458001e-01
3.201126276540847138e-01
3.201126276540846582e-01
3.020826466656683640e-01
3.020826466640554320e-01
3.020826466640554320e-01
3.020826465756318302e-01
2.988160572502069900e-01
2.988160450475630947e-01
2.988160450475630947e-01
2.988160450475630947e-01
2.988160450475630947e-01
2.988160450475617069e-01
2.846514088803285825e-01
2.421658144236661092e-01
2.421628656399216484e-01
2.421608290296591304e-01
2.325621159648504910e-01
2.325621148989385767e-01
2.325621148989385767e-01
2.325621148989385767e-01
2.325621148989385767e-01
2.325621148989385767e-01
2.316112464197300214e-01
2.316112464197300214e-01
2.316112464196634912e-01
2.316112464196206366e-01
2.063943313928001955e-01
2.063943311192653618e-01
2.062689384800383274e-01
2.062689384800383274e-01
1.782293148720768550e-01
1.782292997391722311e-01
1.782292997391722311e-01
1.782292997391722311e-01
1.782292997391722311e-01
1.738695803952768348e-01
1.738694316270245899e-01
1.738694316259992989e-01
1.736737157018761468e-01
1.432069719947220710e-01
1.429965744850978659e-01
1.429965744850978659e-01
1.429965744850978659e-01
1.429965744850978659e-01
1.429965744850978659e-01
1.429965744850978659e-01
1.429965744850975884e-01
1.429959858005116491e-01
1.274109673246541230e-01
1.274109673232872164e-01
1.274109673232872164e-01
1.274109673026987133e-01
1.258201085002241815e-01
1.258200931644057885e-01
1.258200931644057885e-01
1.258200931644057885e-01
1.258200931644057885e-01
1.258200931644055665e-01
1.214082636916582886e-01
9.623905480328036333e-02
9.623732190920615548e-02
9.623508247233347745e-02
8.854072889065890684e-02
8.854072864473644389e-02
8.854072864473644389e-02
8.854072864473644389e-02
8.854072864473644389e-02
8.854072864473644389e-02
8.854072864473644389e-02
8.809633803543107100e-02
8.809633803543107100e-02
8.809633803537673946e-02
8.809633803536991159e-02
7.963575730352571991e-02
7.963575680413324809e-02
7.956719751386284734e-02
7.956719751386284734e-02
6.297561656795538920e-02
6.297561205539876916e-02
6.297561205539876916e-02
6.297561205539876916e-02
6.297561205539876916e-02
5.973225956176789891e-02
5.973215022340062214e-02
5.973215022340062214e-02
5.973215022323587198e-02
5.964188885794793893e-02
4.886449242955489408e-02
4.873335535087872789e-02
4.873335535087872789e-02
4.873335535087872789e-02
4.873335535087872789e-02
4.873335535087872789e-02
4.873335535087872789e-02
4.873335535087836706e-02
4.873314702454274727e-02
4.006347034528894013e-02
4.006347034339960422e-02
4.006347034339960422e-02
4.006347033969685778e-02
3.895644357079323244e-02
3.895643252936115131e-02
3.895643252936115131e-02
3.895643252936115131e-02
3.895643252936115131e-02
3.895643252936110967e-02
3.737706200458364852e-02
2.865237495528495312e-02
2.865176468139142563e-02
2.865021387158118299e-02
2.482763404475349378e-02
2.482763404475349378e-02
2.482763400251270305e-02
2.482763400251270305e-02
2.482763400251270305e-02
2.482763400251270305e-02
2.482763400251270652e-02
2.482763400251270652e-02
2.482763400251270652e-02
2.453501117612922472e-02
2.453501117606478321e-02
2.453501117606343707e-02
2.159226716810269675e-02
2.159226682585407842e-02
2.157755822716532837e-02
2.157755822716532837e-02
1.641357363462533567e-02
1.641357272800042164e-02
1.641357272800042164e-02
1.641357272800042164e-02
1.499224922677914670e-02
1.499224922677914670e-02
1.499219806309939028e-02
1.499219806309939028e-02
1.499219806306689197e-02
1.493589340842543627e-02
1.148571959924556823e-02
1.146096852595167651e-02
1.146096852595167651e-02
1.146096852595167651e-02
1.146096852595167651e-02
1.146096852595167651e-02
1.146096852595131742e-02
1.146096852595131742e-02
1.146094081506975233e-02
9.198262904570486675e-03
9.198262904570486675e-03
9.198262903176972899e-03
9.198262902429621066e-03
8.777059179810444561e-03
8.777054525450880135e-03
8.777054525450880135e-03
8.777054525450880135e-03
8.777054525450880135e-03
8.777054525450874931e-03
8.453430464887376483e-03
5.876857275776991608e-03
5.876857275776991608e-03
5.876787156680315927e-03
5.876060872202697877e-03
5.052530548917647836e-03
5.052530548917647836e-03
5.052530541564022315e-03
5.052530541564022315e-03
5.052530541564022315e-03
5.052530541564022315e-03
5.052530541564022315e-03
5.052530541564022315e-03
5.052530541564022315e-03
4.958562757220195960e-03
4.958562757183336556e-03
4.958562757183198645e-03
4.395685620387931002e-03
4.395685474000058691e-03
4.395685474000058691e-03
4.393537052725019973e-03
2.971803567523797346e-03
2.971803451077152918e-03
2.971803451077152918e-03
2.971803451077152918e-03
2.712798301363714137e-03
2.712774478620952161e-03
2.712774478620952161e-03
2.712774478620952161e-03
2.712774478618039560e-03
2.697687158375363433e-03
2.082221665937118368e-03
2.078497476530978202e-03
2.078497476530978202e-03
2.078497476530978202e-03
2.078497476530978202e-03
2.078497476530978202e-03
2.078497476530746617e-03
2.078497476530746617e-03
2.078492496431548573e-03
1.480454220945400835e-03
1.480454220945400835e-03
1.480454220945400835e-03
1.480454220565143595e-03
1.480454220508705017e-03
1.412654523755321398e-03
1.412652698079288303e-03
1.412652698079288303e-03
1.412652698079288303e-03
1.412652698079288303e-03
1.412652698079288303e-03
1.381068978731422566e-03
9.327154667177810438e-04
9.327154667177810438e-04
9.327026818429202211e-04
9.324499157566663692e-04
7.253092607281283683e-04
7.253092607281283683e-04
7.253092601817870758e-04
7.253092601817870758e-04
7.253092601817870758e-04
7.253092601817865337e-04
7.253092601817865337e-04
7.253092601817865337e-04
7.253092601713397036e-04
7.111790700771193890e-04
7.111790700771193890e-04
7.111790700771121248e-04
6.557312365481175742e-04
6.557311702147016006e-04
6.557311702147016006e-04
6.554338187891430110e-04
4.094844454237580428e-04
4.094844336250781170e-04
4.094844336250781170e-04
4.094844336250781170e-04
3.484907425931706225e-04
3.484853495821292981e-04
3.484853495821292981e-04
3.484853495821292981e-04
3.484853495819755041e-04
3.462671455083953008e-04
2.810247255194085465e-04
2.804131787411459891e-04
2.804131787411459891e-04
2.804131787411459891e-04
2.804131787411459891e-04
2.804131787410615298e-04
2.804131787410615298e-04
2.804131787410615298e-04
2.804131787410615298e-04
1.776385075777549825e-04
1.776384586809070674e-04
1.776384586809070674e-04
1.776384585107456022e-04
1.776384585107456022e-04
1.776384585071954364e-04
1.627575852271184211e-04
1.627571809410262413e-04
1.627571809410262413e-04
1.627571809410262413e-04
1.627571809410262413e-04
1.592897343139319387e-04
1.592897343139319116e-04
1.098906181903866100e-04
1.098906181903866100e-04
1.098892226541397317e-04
1.098329050853318241e-04
7.634807879910017426e-05
7.634807879910017426e-05
7.634807876635367723e-05
7.634807876635367723e-05
7.634807876635354171e-05
7.634807876635354171e-05
7.634807876635354171e-05
7.634807876635354171e-05
7.634807876233550201e-05
7.344312109676765855e-05
7.344312109676765855e-05
7.344312109676721131e-05
6.736935019489056738e-05
6.736935019489056738e-05
6.736933567193195314e-05
6.734829814517550586e-05
6.734829814517550586e-05
4.135740304173369923e-05
4.135740221022926469e-05
4.135740221022926469e-05
4.135740221022926469e-05
3.247168495184726296e-05
3.247083117615435783e-05
3.247083117615435783e-05
3.247083117615435783e-05
3.247083117614457968e-05
3.203946399006148322e-05
2.515019873908374103e-05
2.510896468584724404e-05
2.510896468584724404e-05
2.510896468584724404e-05
2.510896468584724404e-05
2.510896468581874308e-05
2.510896468581874308e-05
2.510896468581874308e-05
1.542829988086100024e-05
1.542829988086100024e-05
1.542829671700660178e-05
1.542829671700660178e-05
1.542829667429057778e-05
1.542829667429057778e-05
1.542829667404614440e-05
1.351814285153697052e-05
1.351808504041709274e-05
1.351808504041709274e-05
1.351808504041709274e-05
1.351808504041709274e-05
1.328614221875788970e-05
1.328614221875788970e-05
8.421935151386545100e-06
8.421935151386545100e-06
8.421874504246735238e-06
8.412652661840255895e-06
8.412652661840255895e-06
5.758893689376891877e-06
5.758893687399991517e-06
5.758893687399991517e-06
5.758893687399950860e-06
5.758893687399950860e-06
5.758893687399950860e-06
5.758893687399950860e-06
5.758893686598359536e-06
5.438779738336304588e-06
5.438779738336304588e-06
5.438779738336288495e-06
5.438779738336288495e-06
5.058541181975288269e-06
5.058539205393756560e-06
5.058539205393756560e-06
5.057543533260431835e-06
2.732206894334134686e-06
2.732206857537114245e-06
2.732206857537114245e-06
2.732206857537114245e-06
2.731856289348846063e-06
2.145657664024086448e-06
2.145657664024086448e-06
2.145657664024086448e-06
2.145657664023774316e-06
2.105749896683177560e-06
1.707169277335054660e-06
1.705238139273993097e-06
1.705238139273992673e-06
1.705238139273992673e-06
1.705238139273992673e-06
1.705238139268477218e-06
1.705238139268477218e-06
1.705238139268477218e-06
8.961748136304605981e-07
8.961748136304605981e-07
8.961746846088706368e-07
8.961746846088706368e-07
8.961746805675612489e-07
8.961746805675612489e-07
8.961746805612142193e-07
7.878680808783866628e-07
7.878680808783866628e-07
7.878605404456472364e-07
7.878605404456472364e-07
7.878605404456472364e-07
7.878605404456472364e-07
7.800169737213815360e-07
7.800169737213815360e-07
5.131474727160832954e-07
5.131441125210300183e-07
5.131441125210300183e-07
5.121374158503526003e-07
5.121374158503526003e-07
2.989042193277917066e-07
2.989042192781845868e-07
2.989042192781845868e-07
2.989042192781793457e-07
2.989042192781793457e-07
2.989042192781793457e-07
2.989042192781793457e-07
2.989042192086153885e-07
2.824067488206615902e-07
2.824067488206615902e-07
2.824067488206612726e-07
2.824067488206612726e-07
2.824064652046072013e-07
2.703202399752865680e-07
2.703202399752865680e-07
2.702809349210003728e-07
1.461068797139693226e-07
1.461068784457973379e-07
1.461068784457973379e-07
1.460717237141754460e-07
1.007441612151272380e-07
1.007441612151272380e-07
1.007441612151272380e-07
1.007441612151272380e-07
1.007441612151215734e-07
1.007441612151215734e-07
9.875833826590895901e-08
9.875833826590895901e-08
9.875833826590893254e-08
8.552514086645879903e-08
8.543904550653141272e-08
8.543904550653141272e-08
8.543904550653141272e-08
8.543904550594763497e-08
8.543904550594763497e-08
4.171067099453175357e-08
4.171067099453175357e-08
4.171066662619719217e-08
4.171066662619719217e-08
4.171066662619719217e-08
4.171066600659116188e-08
4.171066600659116188e-08
4.171066600644489650e-08
3.373455235082924797e-08
3.373455235082924797e-08
3.373399859606088559e-08
3.373399859606088559e-08
3.373399859606088559e-08
3.373399859606088559e-08
3.345408216097910396e-08
3.345408216097910396e-08
2.383704777587563377e-08
2.383693463876006815e-08
2.376537985866050909e-08
2.376537985866050909e-08
2.376537985866050909e-08
1.219353478813594912e-08
1.219353478703627536e-08
1.219353478703627536e-08
1.219353478703573604e-08
1.219353478703573604e-08
1.219353478703573604e-08
1.219353478703573604e-08
1.219353477785530345e-08
1.104331828427580170e-08
1.104331828427580170e-08
1.104331828427579509e-08
1.104331828427579509e-08
1.104331828427579509e-08
1.104329777063733884e-08
1.060235632106634864e-08
1.060140045305319266e-08
6.008992277881566227e-09
6.008992245829060298e-09
6.008992245829060298e-09
6.008992245829060298e-09
6.006546184323145369e-09
3.657354990874368463e-09
3.657354990874368463e-09
3.657354990874368463e-09
3.657354990874241904e-09
3.657354990874241904e-09
3.525413412274106674e-09
3.525413412274106674e-09
3.525413412274103779e-09
3.039860116918916416e-09
3.039860116918916416e-09
3.037735643703065828e-09
3.037735643703065828e-09
3.037735643634159201e-09
3.037735643634159201e-09
1.484414945721436376e-09
1.484414838982075775e-09
1.484414838982075775e-09
1.484414838982075775e-09
1.484414838982075775e-09
1.484414781240196689e-09
1.484414781240196689e-09
1.105088961464837475e-09
1.105088961463146717e-09
1.105088961463146717e-09
1.105059265748753386e-09
1.105059265748753386e-09
1.105059265748753386e-09
1.105059265748753386e-09
1.098266453097559244e-09
1.098266453097559244e-09
7.509771408061412780e-10
7.464881581841931233e-10
7.464861744868151779e-10
7.464861744868151779e-10
7.464861744868151779e-10
3.758832322902510627e-10
3.758832322650526080e-10
3.758832322650526080e-10
3.758832322649846758e-10
3.758832322649846758e-10
3.758832322649846758e-10
3.758832322649846758e-10
3.758832315595523832e-10
3.272124893025633157e-10
3.272124893025633157e-10
3.272124893025632123e-10
3.272124893025632123e-10
3.272124893025632123e-10
3.272114840494871697e-10
3.272114840494871697e-10
3.169451908095826589e-10
3.169282506199628952e-10
1.631281885333107904e-10
1.631281879711164531e-10
1.631281879711164531e-10
1.629943401900776475e-10
9.845494016863180730e-11
9.845494016863180730e-11
9.845494016863180730e-11
9.845494016863180730e-11
9.845494016863016587e-11
9.845494016863016587e-11
9.845494016863016587e-11
9.363487741711201001e-11
9.363487741711168690e-11
9.363487741711168690e-11
9.363487741711168690e-11
8.308269980697923309e-11
8.304620464059485783e-11
8.304620463590328327e-11
8.304620463590328327e-11
3.512120494552046464e-11
3.512120494552046464e-11
3.512120324658389805e-11
3.512120324658389805e-11
3.512120324658389805e-11
3.512120098793515637e-11
3.512120098793515637e-11
2.622195806660018886e-11
2.622195806658106677e-11
2.622195806658106677e-11
2.622044943058259459e-11
2.622044943058259459e-11
2.622044943058259459e-11
2.622044943058259459e-11
2.612609194128088194e-11
1.903049006378983879e-11
1.903049006378983879e-11
1.885724817250155145e-11
1.885724817250155145e-11
1.885721055017023492e-11
1.885721055017023492e-11
7.998386474419084743e-12
7.998386474169507227e-12
7.998386474169507227e-12
7.998386474166103185e-12
7.998386474166103185e-12
7.998386449534189657e-12
7.998386449534189657e-12
7.998386449534189657e-12
6.979490185043738756e-12
6.979490185043738756e-12
6.979490185043738756e-12
6.979490185043738756e-12
6.979490185043737140e-12
6.979490185043737140e-12
6.979445861922380088e-12
6.850188082874179047e-12
6.849945594087157272e-12
3.828388676667950787e-12
3.828388676667950787e-12
3.828388676667950787e-12
3.828388669355153953e-12
3.823307479080836532e-12
1.956100817283052924e-12
1.956100817283052924e-12
1.956100817283052924e-12
1.956100817283052924e-12
1.956100817283041211e-12
1.956100817283041211e-12
1.858988865832448244e-12
1.858988865832448244e-12
1.858988865832432896e-12
1.858988865832432896e-12
1.858988865832432896e-12
1.725366661933704034e-12
1.725366661756770788e-12
1.724817881598602005e-12
1.724817881598602005e-12
1.724817881598602005e-12
7.633372974139705826e-13
7.633372747359016867e-13
7.633372747359016867e-13
7.633371386726741436e-13
7.633371386726741436e-13
5.032307469397436390e-13
5.032307469397436390e-13
5.032307469397436390e-13
5.032307469395910670e-13
5.031860188466081964e-13
5.031860188466081964e-13
5.031860188466081964e-13
5.031860188466081964e-13
5.018510887547415561e-13
4.013596429414965992e-13
4.013596429414965992e-13
4.013596429414965992e-13
3.967741858808200817e-13
3.967737264238052929e-13
3.967737264238052929e-13
1.624054864101458281e-13
1.624054864101458281e-13
1.624054864099878035e-13
1.624054864074827346e-13
1.624054864074827346e-13
1.624054849997889240e-13
1.320298257258451247e-13
1.320298257258451247e-13
1.320298257258451247e-13
1.320298257258451247e-13
1.320298257258451247e-13
1.320298257258451247e-13
1.320298257258451247e-13
1.320298257258451247e-13
1.320284362825416759e-13
1.300327901488600898e-13
1.300302108783026134e-13
8.147286640772324524e-14
8.147286640772324524e-14
8.147286640772324524e-14
8.147286632632655755e-14
8.131723490858465270e-14
3.795780165785642956e-14
3.795780165785642956e-14
3.795780165785642956e-14
3.795780165785642956e-14
3.795780165785630334e-14
3.795780165785630334e-14
3.497211098991344779e-14
3.497211098991344779e-14
3.497211098991281670e-14
3.497211098991281670e-14
3.497211098991281670e-14
3.497211097893797553e-14
3.271251878475679767e-14
3.270605585287698396e-14
3.270605585287698396e-14
1.588832945939200287e-14
1.588832945939200287e-14
1.588832323361401754e-14
1.588832295682843014e-14
1.588832295682843014e-14
1.588832295682843014e-14
1.588832295682843014e-14
9.587034940608865529e-15
9.587034940608865529e-15
9.587034940607208921e-15
9.585763284605216124e-15
9.585763284605216124e-15
9.585763284605216124e-15
9.585763284605216124e-15
9.585763284605216124e-15
9.568689614686524580e-15
9.568689614686524580e-15
7.681960529623355794e-15
7.529411775450502573e-15
7.529411775450502573e-15
7.529407173495977446e-15
7.529407173495977446e-15
3.254272175925826019e-15
3.254272175925825231e-15
3.254272175914680204e-15
3.254272175883122218e-15
3.254272175883122218e-15
3.254272113015351331e-15
2.507015313803008412e-15
2.507015313803008412e-15
2.507015313803008412e-15
2.507015313803008412e-15
2.507015313803008412e-15
2.507015313803008412e-15
2.506974605172102775e-15
2.506974605172102775e-15
2.506974605172102775e-15
2.479892576628997850e-15
1.525767620268415026e-15
1.525757409147415739e-15
1.525757409147415739e-15
1.525757409147415739e-15
1.520437471612697904e-15
1.520437470729857041e-15
7.310198295560073153e-16
7.310198295560073153e-16
7.310198295560073153e-16
7.310198295560073153e-16
7.310198295560073153e-16
7.310198295560062306e-16
7.310198295560062306e-16
7.310198295559557435e-16
6.584593512629858072e-16
6.584593512629858072e-16
6.584593512629858072e-16
6.584593508141522526e-16
6.265378651610372866e-16
6.264652046321814515e-16
6.264652046321814515e-16
2.886297692703949341e-16
2.886297692703949341e-16
2.886295899241782822e-16
2.886295869000498774e-16
2.886295869000498774e-16
2.886295869000498774e-16
2.886295869000498774e-16
1.777608705847701836e-16
1.777149689438160249e-16
1.777149689438022691e-16
1.777149689438022691e-16
1.777149689438022691e-16
1.777149689438022691e-16
1.777149689438022691e-16
1.777149689438022691e-16
1.775301255181076952e-16
1.775301255181076952e-16
1.499332282634676831e-16
1.459406485215100306e-16
1.459406485215100306e-16
1.459405912378723019e-16
5.801774970615274180e-17
5.801774970615274180e-17
5.801774970615272947e-17
5.801774970571989136e-17
5.801774970571989136e-17
5.801774970547470353e-17
5.801774792685281121e-17
4.522111561419270492e-17
4.522111561419270492e-17
4.522111561419270492e-17
4.522111561419270492e-17
4.522111561419270492e-17
4.522111561419270492e-17
4.521971326356209350e-17
4.521971326356209350e-17
4.521971326356209350e-17
4.493512616024842181e-17
3.060254813710814370e-17
3.060240815156968412e-17
3.060240815156968412e-17
3.045137588133628912e-17
3.045137588133628912e-17
3.045137587268031562e-17
1.318099082977075999e-17
1.318099082977075999e-17
1.318099082977075999e-17
1.318099082977075999e-17
1.318099082977075999e-17
1.318099082977075999e-17
1.318099082977075228e-17
1.318099082976873391e-17
1.190670733445554702e-17
1.190670733445554702e-17
1.190670732122209257e-17
1.190670732122209257e-17
1.190670732122209257e-17
1.155943130308683764e-17
1.155943130308683764e-17
1.155858613193565228e-17
6.064080159340317593e-18
6.064071574792403170e-18
6.064071574792403170e-18
6.064071541521815469e-18
6.064071541521815469e-18
6.064071541521815469e-18
6.064071541521815469e-18
3.365861536546816649e-18
3.364673042212634195e-18
3.364673042212634195e-18
3.364673042212534046e-18
3.364673042212534046e-18
3.364673042212534046e-18
3.364673042212534046e-18
3.364673042212534046e-18
3.362388642426915271e-18
3.016330789052291693e-18
2.928720624610271714e-18
2.928720624610271714e-18
2.928720624610271714e-18
2.928720050727696202e-18
1.280840533385040154e-18
1.280840533385038998e-18
1.280840533385038998e-18
1.280840533365680513e-18
1.280840533365680513e-18
1.280840533363245560e-18
1.280840438992883782e-18
1.280840438992883782e-18
1.280840438992883782e-18
9.254499689242008643e-19
9.254499689242008643e-19
9.254499689242008643e-19
9.254499689242008643e-19
9.254499689242008643e-19
9.254074818915077353e-19
9.254074818915077353e-19
9.254074818915077353e-19
9.212675247366732271e-19
6.990131543501068737e-19
6.990131543501068737e-19
6.990113243212947920e-19
6.947101861379409210e-19
3.061235707619098455e-19
3.061235707441238343e-19
3.061235707441238343e-19
3.061235707441238343e-19
3.061235707441238343e-19
3.061235707441238343e-19
3.061235707441238343e-19
3.061235707441238343e-19
3.061235707441237861e-19
3.061235707440239267e-19
3.061235707440239267e-19
2.654781115552118479e-19
2.654781115552118479e-19
2.654781108374562280e-19
2.654781108374562280e-19
2.594343246387732547e-19
2.594343246387732547e-19
2.594236455565789064e-19
1.548369193934257067e-19
1.548365128474785542e-19
1.548365128474785542e-19
1.548365124043661537e-19
1.548365124043661537e-19
1.548365124043661537e-19
1.548365124043661537e-19
8.277833439810935926e-20
8.277833439810935926e-20
8.273886655209132752e-20
8.273886655209014789e-20
8.273886655209014789e-20
8.273886655209014789e-20
8.273886655209014789e-20
8.273886655209014789e-20
8.270415883334959175e-20
7.872226354316984258e-20
7.198795098735824821e-20
7.198795098735824821e-20
7.198795098735824821e-20
7.198794390566164999e-20
3.508799125765528487e-20
3.508799125765520663e-20
3.508799125606652508e-20
3.508799125606652508e-20
3.508799125606652508e-20
3.508799125603057037e-20
3.508798610965830189e-20
3.508798610965830189e-20
3.508798610965830189e-20
3.508798610965830189e-20
2.423864967845634272e-20
2.423864967845634272e-20
2.423864967845634272e-20
2.423864967845634272e-20
2.423704977054340698e-20
2.423704977054340698e-20
2.416555562318907962e-20
2.416555562318907962e-20
2.416555562318907962e-20
1.872327846381005355e-20
1.872327846381005355e-20
1.872325162415759277e-20
1.853360339749341836e-20
8.715264970779699978e-21
8.715264970495953321e-21
8.715264970495953321e-21
8.715264970495953321e-21
8.715264970495953321e-21
8.715264970495953321e-21
8.715264970495953321e-21
8.715264970495953321e-21
8.715264970487098557e-21
8.715264970487098557e-21
8.715264970487097052e-21
8.715264970487097052e-21
7.351678474598953111e-21
7.351678434594350312e-21
7.351678434594350312e-21
7.234331944814492134e-21
7.234162176264911785e-21
7.234162176264911785e-21
7.234113447264910734e-21
4.366788028598842265e-21
4.366788028598842265e-21
4.366788021663657308e-21
4.366788021663657308e-21
4.366788021663657308e-21
4.366788021663657308e-21
4.366788021663657308e-21
2.403598450336039924e-21
2.401545020741366265e-21
2.401545020741366265e-21
2.401545020741351218e-21
2.401545020741351218e-21
2.401545020741351218e-21
2.260270670716797289e-21
2.259740979439777701e-21
2.116802845183071733e-21
2.116802845183071733e-21
2.116802845183071733e-21
2.116802845183071733e-21
2.116802724696280898e-21
2.116802724696247043e-21
1.018625826442503132e-21
1.018625826345178594e-21
1.018625826345178594e-21
1.018625826345178594e-21
1.018625826345178594e-21
1.018625826345178594e-21
1.018625588190087064e-21
1.018625588189633606e-21
1.018625588189633606e-21
7.111740674830337786e-22
7.110890539031861419e-22
7.110890539031861419e-22
7.110890539031861419e-22
7.110890539031861419e-22
7.110890539031861419e-22
7.110890539031861419e-22
7.110890539031861419e-22
7.098292449655520787e-22
7.098292449655520787e-22
5.843631695646361426e-22
5.843626550917337936e-22
5.765270170514767808e-22
2.594887609155463884e-22
2.594887609155463884e-22
2.594887609117803866e-22
2.594887609117803866e-22
2.594887609117803866e-22
2.594887609117803866e-22
2.594887609117803866e-22
2.594887609117803866e-22
2.594887609112098017e-22
2.594887609112097547e-22
2.594887609112097547e-22
2.192124950709841415e-22
2.192124950709841415e-22
2.192124931179211074e-22
2.192124931179211074e-22
2.170657512508461416e-22
2.170627435681286713e-22
2.170600355040392320e-22
2.170600355040392320e-22
1.451467267246462619e-22
1.451467267246462619e-22
1.451467266099327305e-22
1.451467266099327305e-22
1.451467266099327305e-22
1.451467266099327305e-22
1.451467266099327305e-22
7.456795393228227137e-23
7.448386948211456742e-23
7.448386948211456742e-23
7.448386948211439110e-23
7.448386948211439110e-23
7.448386948211439110e-23
6.997110136053116965e-23
6.710227255824585461e-23
6.709308488610331778e-23
6.709308488610331778e-23
6.709308488610331778e-23
6.709308488610087276e-23
6.709308488610087276e-23
6.709308307392680808e-23
6.709308307392680808e-23
3.608498294246693716e-23
3.608498293576042451e-23
3.608498293576042451e-23
3.608498293576042451e-23
3.608498293576042451e-23
3.608498293576042451e-23
3.608496448702369212e-23
3.608496448702369212e-23
3.608496448701659801e-23
2.352443706800031793e-23
2.352047861121028989e-23
2.352047861121028989e-23
2.352047861121028989e-23
2.352047861121028989e-23
2.352047861121028989e-23
2.352047861121028989e-23
2.352047861121028989e-23
2.349333891072575169e-23
2.051277219721935603e-23
2.051277219721935603e-23
2.051276270621019143e-23
2.019225990444532524e-23
2.019225990444532524e-23
9.726059279511985971e-24
9.726059279446055432e-24
9.726059279446055432e-24
9.726059279446055432e-24
9.726059279446055432e-24
9.726059279446055432e-24
9.726059279446055432e-24
9.726059279402041984e-24
9.726059279402039046e-24
7.843012107379030275e-24
7.843012107379030275e-24
7.843011953054651157e-24
7.843011953054651157e-24
7.843011953054651157e-24
7.788779034806838340e-24
7.788630647690230174e-24
7.788572672638484153e-24
5.712135372907971454e-24
5.712135372907971454e-24
5.712135372907971454e-24
5.712135372907971454e-24
5.712135370694016006e-24
5.712135370694016006e-24
5.712135370694016006e-24
5.712135370694016006e-24
2.949395946019193158e-24
2.945020991798357744e-24
2.945020991798357744e-24
2.945020991798357744e-24
2.945020991798354070e-24
2.945020991798354070e-24
2.704570939340197384e-24
2.619391456717386236e-24
2.619181841245875637e-24
2.619181841245875637e-24
2.619181841245875637e-24
2.619181841245670660e-24
2.619181839064656973e-24
2.619181839064656973e-24
2.619181839064656973e-24
1.553557398039699953e-24
1.553557398039699953e-24
1.553557385931747777e-24
1.553557385931747777e-24
1.553557385931747777e-24
1.553555930673640243e-24
1.553555930673640243e-24
1.553555930673640243e-24
1.553555930673491286e-24
9.844636977774070574e-25
9.842330714413218594e-25
9.842330714413218594e-25
9.842330714413218594e-25
9.842330714413218594e-25
9.842330714413218594e-25
9.842330714413218594e-25
9.835212638122610680e-25
9.835212638122610680e-25
8.783777795487112234e-25
8.783775626793670439e-25
8.783775626793670439e-25
8.783775626793670439e-25
8.580450935934365166e-25
4.434311825861269962e-25
4.434311825861269962e-25
4.434311825845738743e-25
4.434311825845738743e-25
4.434311825845738743e-25
4.434311825845735988e-25
4.434311825789260832e-25
4.434311825789260832e-25
4.434311825789260832e-25
4.434311825789260832e-25
3.477151059656797558e-25
3.477150930568206669e-25
3.477150930568206669e-25
3.477150930568206669e-25
3.461154538991589913e-25
3.461057052112043525e-25
3.461057052112043525e-25
3.461042785869680725e-25
2.626229106644848541e-25
2.626229106644848541e-25
2.626229106644848541e-25
2.626229106644848541e-25
2.626229106114472836e-25
2.626229106114472836e-25
1.396480783437070911e-25
1.396480783437070911e-25
1.393064654075286790e-25
1.393064654075286790e-25
1.393064654075286790e-25
1.393064654075286101e-25
1.393064654075286101e-25
1.259830604390066055e-25
1.259830604390066055e-25
1.231893064679169353e-25
1.231835287725440659e-25
1.231835287725161020e-25
1.231835287725161020e-25
1.231835287725161020e-25
1.231835285672088275e-25
1.231835285672088275e-25
7.534985036968980707e-26
7.534985036968980707e-26
7.534985004689435176e-26
7.534985004689435176e-26
7.534985004689435176e-26
7.534985004689435176e-26
7.534973615293794965e-26
7.534973615293794965e-26
7.534973615293480429e-26
4.789295034687897088e-26
4.789295034687897088e-26
4.787392389150780934e-26
4.787392389150780934e-26
4.787392389150780934e-26
4.787392389150780934e-26
4.787392389150780934e-26
4.785293158219124508e-26
4.785293158219124508e-26
4.401503189643436657e-26
4.401503189643436657e-26
4.401502572502874048e-26
4.273883349488604806e-26
4.273883349488604806e-26
2.230082327732516605e-26
2.230082327732516605e-26
2.230082327732516605e-26
2.230082327728994714e-26
2.230082327728990409e-26
2.230082327668202485e-26
2.230082327668202485e-26
2.230082327668202485e-26
2.230082327668202485e-26
2.230082327668202485e-26
2.230082151010232999e-26
1.738080854822724820e-26
1.738080854822724820e-26
1.738080854822724820e-26
1.738080854822724820e-26
1.737995148870152889e-26
1.733006327953150310e-26
1.733006327953150310e-26
1.733002274364526753e-26
1.399506205595299534e-26
1.399506205595299534e-26
1.399506205595299534e-26
1.399506205595299534e-26
1.399506205460267778e-26
1.390910219554976095e-26
1.390910219554976095e-26
7.252736398943293923e-27
7.252736398943293923e-27
7.252736398943293923e-27
7.252736398943293923e-27
7.252736398943292488e-27
7.252736398943292488e-27
7.252736398943292488e-27
6.518825466446409660e-27
6.518825466443077754e-27
6.424872910267333648e-27
6.424694798525141028e-27
6.424694798525141028e-27
6.424694798525141028e-27
6.424694779944752422e-27
6.424694779944752422e-27
6.424694779944752422e-27
4.295446395604650446e-27
4.295446386199915038e-27
4.295446386199915038e-27
4.295446386199915038e-27
4.295446386199915038e-27
4.295433482095089565e-27
4.295433482095089565e-27
2.614196064867783486e-27
2.614196064867783486e-27
2.614196064867755146e-27
2.614196064867755146e-27
2.612770718465574542e-27
2.612770718465574542e-27
2.612770718465574542e-27
2.612770718465574542e-27
2.612061983365660778e-27
2.612061983365660778e-27
2.465810926639105025e-27
2.465810926639105025e-27
2.384256864972878299e-27
2.384256702621678294e-27
2.384256702621678294e-27
2.384256702621678294e-27
2.384256702621678294e-27
1.350512009051853168e-27
1.350512009050877416e-27
1.350512009050870780e-27
1.350512008976701599e-27
1.350512008976701599e-27
1.350512008976701599e-27
1.350511783103694255e-27
1.350511783103694255e-27
1.350511783103694255e-27
1.009853070017359901e-27
1.009853070017359901e-27
1.009853070017359901e-27
1.009853070017359901e-27
1.009780313611463882e-27
1.009780313611463882e-27
1.007869901330929726e-27
1.007869901330929726e-27
1.007868672149045625e-27
1.007868672149045625e-27
8.594428628964451580e-28
8.594428628964451580e-28
8.594428628579768471e-28
8.528246787271837377e-28
8.528246787271837377e-28
4.628662835949382985e-28
4.628662835949382985e-28
4.628662835949382985e-28
4.628662835949382985e-28
4.628662835949382985e-28
4.628662835949382985e-28
4.055290018494825424e-28
4.055290018494825424e-28
4.055290018494825424e-28
4.055290018490535882e-28
4.055290018490535882e-28
4.013908104888057448e-28
4.013908104888057448e-28
4.013845778644302976e-28
4.013845753360221885e-28
2.896158608006489327e-28
2.896158608006489327e-28
2.896158608006489327e-28
2.896158604776831334e-28
2.896143852849987576e-28
2.896143852849987576e-28
2.896143852849987576e-28
2.896143852849987576e-28
1.756102408180068406e-28
1.756102408180068406e-28
1.756102408180060110e-28
1.756102408180060110e-28
1.754787499335995245e-28
1.754787499335995245e-28
1.754787499335995245e-28
1.754500854173651244e-28
1.754500854173651244e-28
1.678707538512115237e-28
1.678707538512115237e-28
1.678707538512115237e-28
1.605152626643705123e-28
1.605152626643705123e-28
1.605152626643705123e-28
1.605152571057879449e-28
9.774583567049288420e-29
9.774583567049288420e-29
9.774583567049175195e-29
9.774583565694610595e-29
9.774583565691230663e-29
9.774583565691230663e-29
9.774580590207369730e-29
7.158064313535329485e-29
7.158064313535329485e-29
7.158064313535329485e-29
7.158064313535329485e-29
7.158064313535329485e-29
7.158064313535329485e-29
7.158064313535329485e-29
7.157316880484471245e-29
7.157316880484471245e-29
7.157316880484471245e-29
7.157316880484471245e-29
7.148706134976853525e-29
6.277274089228332436e-29
6.277270487328543442e-29
6.277270487328543442e-29
6.208027771201379286e-29
6.208027771201379286e-29
6.208027771068573186e-29
3.518816399724521532e-29
3.518816399724521532e-29
3.518816399724521532e-29
3.518816399724521532e-29
3.518816399724521532e-29
3.518816399724521532e-29
3.518816399724521532e-29
3.031045896556032966e-29
3.031045896547677864e-29
3.031045896547677864e-29
3.031045896547677304e-29
3.031045896547677304e-29
3.031045860289619880e-29
3.010249679253281914e-29
3.010223198762753780e-29
3.010223198762753780e-29
2.266723238103255263e-29
2.266723238103255263e-29
2.266704760738110605e-29
2.266704760738110605e-29
2.266704759429090447e-29
2.266704759429090447e-29
2.266704759429090447e-29
2.266704759429090447e-29
1.387920919227389378e-29
1.386305324551862900e-29
1.386305324551859817e-29
1.386305324551859817e-29
1.386305324551859817e-29
1.386305324551859817e-29
1.386305324551859817e-29
1.386170172107896371e-29
1.386170172107896371e-29
1.343213443656930711e-29
1.343213443656930711e-29
1.273314929301382639e-29
1.273314929301382639e-29
1.273314929301382639e-29
1.273314906156896248e-29
8.072652825635048196e-30
8.072652825635048196e-30
8.072652825635048196e-30
8.072652825634779146e-30
8.072652823311353425e-30
8.072652823310118881e-30
8.072652823310118881e-30
8.072648673446352228e-30
5.865902738917990137e-30
5.865902738917990137e-30
5.865902738917990137e-30
5.865902738917990137e-30
5.865902738917990137e-30
5.865902738917990137e-30
5.865902738917990137e-30
5.865902738917990137e-30
5.864915071866153176e-30
5.864915071866153176e-30
5.864915071866153176e-30
5.860545440593851763e-30
5.317940391955061178e-30
5.317938681463399866e-30
5.317938681463399866e-30
5.243756058340251004e-30
3.028301660527050283e-30
3.028301660510142916e-30
3.028301660510142916e-30
3.028301660510142916e-30
3.028301660510142916e-30
3.028301660510142916e-30
3.028301660510142916e-30
3.028301660510142916e-30
3.028301660510142916e-30
3.028301660510142916e-30
3.028301660489170033e-30
2.582591111660908390e-30
2.582591111660907689e-30
2.582591057837508364e-30
2.571158195700655206e-30
2.571158195700655206e-30
2.571145412937980067e-30
2.571145412937980067e-30
2.571145412937980067e-30
2.054983390398425440e-30
2.054953506006181559e-30
2.054953506006181559e-30
2.054953505430575794e-30
2.054953505430575794e-30
2.054953505430575794e-30
2.054953505430575794e-30
1.245022410407147379e-30
1.243076823129982251e-30
1.243076823129981025e-30
1.243076823129981025e-30
1.243076823129981025e-30
1.243076823129981025e-30
1.243076823129981025e-30
1.243076823129981025e-30
1.243004917357117643e-30
1.216648311281916827e-30
1.145661114447391740e-30
1.145661114447391740e-30
1.145661114447391740e-30
1.145661114447391740e-30
1.145661104423114368e-30
7.816492740883725293e-31
7.816492740883091205e-31
7.816492736428986089e-31
7.816492736428986089e-31
7.816492736428986089e-31
7.816492736428477243e-31
7.816485080242606637e-31
5.532546125980574117e-31
5.532546125980574117e-31
5.532546125980574117e-31
5.532546125980574117e-31
5.532546125980574117e-31
5.532546125980574117e-31
5.532546125980574117e-31
5.532546125980574117e-31
5.531230817605655970e-31
5.531230817605655970e-31
5.528658461742950522e-31
5.528658461742950522e-31
5.153909177083754668e-31
5.153909177083754668e-31
5.153908317531145986e-31
5.067331013821038710e-31
5.067331013821038710e-31
3.101518240772060171e-31
3.101518240764268951e-31
3.101518240764268951e-31
3.101518240764268951e-31
3.101518240764268951e-31
3.101518240764268951e-31
3.101518240764268951e-31
3.101518240764268951e-31
3.101518240719286833e-31
3.101518240719286833e-31
3.101518240719283329e-31
2.583914779574809836e-31
2.583914673550928068e-31
2.583914673550928068e-31
2.583914673550928068e-31
2.576330735305086491e-31
2.576323868792793664e-31
2.576323868792793664e-31
2.164755202458626344e-31
2.164705553686253377e-31
2.164705553405642922e-31
2.164705553405642922e-31
2.164705553405642922e-31
2.164705553405642922e-31
2.164705553405642922e-31
1.340892070599255210e-31
1.338081311536813140e-31
1.338081311536813140e-31
1.338081311536812702e-31
1.338081311536812702e-31
1.338081311536812702e-31
1.338081311536812702e-31
1.338081311536812702e-31
1.242149695853065460e-31
1.242111281614598255e-31
1.224570841684168004e-31
1.224570841684168004e-31
1.224570841684168004e-31
1.224570841684168004e-31
1.224570836652707120e-31
8.899354960945471916e-32
8.899354960943791453e-32
8.899354949582148896e-32
8.899354949582148896e-32
8.899354949582148896e-32
8.899340091178632593e-32
8.899340091178632593e-32
8.899340091178415829e-32
8.899340091178415829e-32
8.899340091178415829e-32
8.899340091178415829e-32
6.261059777305983715e-32
6.258960825069673732e-32
6.258960825069673732e-32
6.258960825069673732e-32
6.258960825069673732e-32
6.257198295146744077e-32
6.257198295146744077e-32
5.934079621817752460e-32
5.934079621817752460e-32
5.934079121217288039e-32
5.934079121217288039e-32
5.804669827359321264e-32
3.748663399473377355e-32
3.748663399469616839e-32
3.748663399469616839e-32
3.748663399469616839e-32
3.748663399469616839e-32
3.748663399469616839e-32
3.748663399340306549e-32
3.748663399340296696e-32
3.080086530157856798e-32
3.080086530157856798e-32
3.080086530157856798e-32
3.080086530157856798e-32
3.080086304609363673e-32
3.080086304609363673e-32
3.074314773185244041e-32
3.074310477665488439e-32
3.074185696101089062e-32
2.672950880913622920e-32
2.672950880913622920e-32
2.672950880913622920e-32
2.672950880772252158e-32
2.672950880772252158e-32
2.672950880772252158e-32
2.672950880772252158e-32
2.672950880772252158e-32
1.699191707923180181e-32
1.694081125515703827e-32
1.694081125515703827e-32
1.694081125515703827e-32
1.694081125515703827e-32
1.694081125515703827e-32
1.694081125515703827e-32
1.694081125515703827e-32
1.557545032862159841e-32
1.542720238024125984e-32
1.542694205855853985e-32
1.542694205855853985e-32
1.542694205854860760e-32
1.542694205854860760e-32
1.542694205854860760e-32
1.542694203216357524e-32
1.174545331950176750e-32
1.174545328987184790e-32
1.174545328987184790e-32
1.174545328987184790e-32
1.174542103718501405e-32
1.174542103718501405e-32
1.174542103718501405e-32
1.174542103718501405e-32
1.174542103718501405e-32
1.174542103718494426e-32
8.270766711148903872e-33
8.266616477447449129e-33
8.266616477447449129e-33
8.266616477447449129e-33
8.266616477447449129e-33
8.266616477447449129e-33
8.265265573463327911e-33
8.265265573463327911e-33
7.958992702027509319e-33
7.958992404468974390e-33
7.958992404468974390e-33
7.751200319062042347e-33
5.221067779230746380e-33
5.221067779230746380e-33
5.221067779229422400e-33
5.221067779229422400e-33
5.221067779229422400e-33
5.221067779229422400e-33
5.221067778853875095e-33
5.221067778853838831e-33
5.221067778853838831e-33
4.250377316991317706e-33
4.250376781760939567e-33
4.250376781760939567e-33
4.250376781760939567e-33
4.250376781760939567e-33
4.245544789415021257e-33
4.245275103423020716e-33
4.245272396956040478e-33
3.821456837799261241e-33
3.821456837799261241e-33
3.821456837799261241e-33
3.821456837799261241e-33
3.821456837746827498e-33
3.821456837746827498e-33
2.478061728926928764e-33
2.478061728926928764e-33
2.468325836668303901e-33
2.468325836668303901e-33
2.468325836668303901e-33
2.468325836668303901e-33
2.468325836668303901e-33
2.468325836668303901e-33
2.251127179015444337e-33
2.237474916113934548e-33
2.237456822395617001e-33
2.237456822392488711e-33
2.237456822392488711e-33
2.237456808993502012e-33
2.237456808993502012e-33
2.237456808993502012e-33
1.799731982473751711e-33
1.799731981822142109e-33
1.799731981822142109e-33
1.799731981822142109e-33
1.799731981822142109e-33
1.799731981822142109e-33
1.799723399839227327e-33
1.799723399839227327e-33
1.799723399839226643e-33
1.262132040265454608e-33
1.261265721514581165e-33
1.261265721514581165e-33
1.261265721514581165e-33
1.261265721514581165e-33
1.261265721514581165e-33
1.261161803952125254e-33
1.261161803952125254e-33
1.229447161312512848e-33
1.229447148428535322e-33
1.192154242525661935e-33
1.192154242525661935e-33
1.192154242525661935e-33
8.522932510951928725e-34
8.522932510951928725e-34
8.522932510951759379e-34
8.522932510951759379e-34
8.522932510951615691e-34
8.522932509704531902e-34
8.522932509704531902e-34
8.522932509704531902e-34
8.522930070712770654e-34
6.836522328466752043e-34
6.836522328466752043e-34
6.836522328466752043e-34
6.836522328466752043e-34
6.836522328466752043e-34
6.832389523567317680e-34
6.831763354090812640e-34
6.831763354090812640e-34
6.831762082255484152e-34
6.335043673024180856e-34
6.335043673024180856e-34
6.335043673024180856e-34
6.335043673017289827e-34
6.287153458146987914e-34
4.256188469059755193e-34
4.256188469059755193e-34
4.256188469059755193e-34
4.256188469059755193e-34
4.256188469059755193e-34
4.256188469059755193e-34
4.256188469059755193e-34
3.834117601989630407e-34
3.834117601989630407e-34
3.820996805203576557e-34
3.820996805192207685e-34
3.820987230137776900e-34
3.820987230137776045e-34
3.820987185852401009e-34
3.820987185852401009e-34
3.820987185852401009e-34
3.231351223176925922e-34
3.231351223176925922e-34
3.231351223076484707e-34
3.231351223076484707e-34
3.231351223076484707e-34
3.231351223076484707e-34
3.231326419952610893e-34
2.293095808469309402e-34
2.293095808469309402e-34
2.293095808469309402e-34
2.290936157943907448e-34
2.290936157943907448e-34
2.290936157943907448e-34
2.290936157943907448e-34
2.290873942281036342e-34
2.255945389784366155e-34
2.255945389784366155e-34
2.255945389784366155e-34
2.173399301417323406e-34
2.173399299492113880e-34
1.647290953509953025e-34
1.647290953509953025e-34
1.647290953509953025e-34
1.647290953509953025e-34
1.647290953509952811e-34
1.647290953509885243e-34
1.647290952981921201e-34
1.647290952981921201e-34
1.647290136136069514e-34
1.312499985611302415e-34
1.312499985611302415e-34
1.312499985611302415e-34
1.312499985611302415e-34
1.312499985611302415e-34
1.312499985611302415e-34
1.312325439861470752e-34
1.312048998734258325e-34
1.312048998734258325e-34
1.312048976304001423e-34
1.249860329266071971e-34
1.249860329266071971e-34
1.249860329266071971e-34
1.249860329266063632e-34
1.237554429199399566e-34
8.760543375883665924e-35
8.760543375883665924e-35
8.760543375883665924e-35
8.760543375883665924e-35
8.760543375883665924e-35
8.760543375883665924e-35
7.813362431673627640e-35
7.813362431619754325e-35
7.803453725715108464e-35
7.803453725715105256e-35
7.803453725715105256e-35
7.803451816163442798e-35
7.803451650567383021e-35
7.803451650567383021e-35
6.947917617284091201e-35
6.947917617284091201e-35
6.947917617284091201e-35
6.947917617282650047e-35
6.947830995472732242e-35
6.947830995472732242e-35
6.947830995472732242e-35
5.011083557683322673e-35
5.011083557683322673e-35
5.011083557683322673e-35
5.004262299596989351e-35
5.004262299596989351e-35
5.004262299596989351e-35
5.004248104666772911e-35
4.973723832439566159e-35
4.760456892083820018e-35
4.760456892083820018e-35
4.760456892083820018e-35
4.760456892055165842e-35
4.760456892055165842e-35
4.760456892055165842e-35
3.866688741223310275e-35
3.866688741222887978e-35
3.866688738614876339e-35
3.866688738614876339e-35
3.866688738614876339e-35
3.866688738614876339e-35
3.866685338765287597e-35
3.061403056493266616e-35
3.061403056493266616e-35
3.061403056493266616e-35
3.060774759783054459e-35
3.060774759783054459e-35
3.060774759783054459e-35
3.060702842644207788e-35
3.060702842644207788e-35
3.060702842644207788e-35
2.997568755922742661e-35
2.997568755559520352e-35
2.997568755559520352e-35
2.959804183631829321e-35
2.959804183631829321e-35
2.231965436306150904e-35
2.231965436306150904e-35
2.231965436306150904e-35
2.231965436306150904e-35
2.231965436306150904e-35
1.965300507264011075e-35
1.965300507264011075e-35
1.965300507233453356e-35
1.965300507233451218e-35
1.965300507233451218e-35
1.965300427889033982e-35
1.965000337216531200e-35
1.965000333460030160e-35
1.965000333460030160e-35
1.860330250812368826e-35
1.860289160605158330e-35
1.860289160605158330e-35
1.860289160605158330e-35
1.860289160605158330e-35
1.860289160605158330e-35
1.386273129646744103e-35
1.386273129646744103e-35
1.383482000498580600e-35
1.383482000498580600e-35
1.383482000498580600e-35
1.383482000498580600e-35
1.383481966839531432e-35
1.383481966839531432e-35
1.382360494816579106e-35
1.382360494816579106e-35
1.310665012929397946e-35
1.310665012929397946e-35
1.310665012929397946e-35
1.310665012929397411e-35
1.174979627902013807e-35
1.174979627901665145e-35
1.174979627901665145e-35
1.174979626082493549e-35
1.174979626082493549e-35
1.174979626082493549e-35
1.174977548845524996e-35
9.294876345169141134e-36
9.294876345169141134e-36
9.294876345169141134e-36
9.294876345169141134e-36
9.291778068551854573e-36
9.291778068551854573e-36
9.291778068551854573e-36
9.291778068551854573e-36
9.291776012292516978e-36
9.263454652331788212e-36
9.263454652331714711e-36
9.263454652331714711e-36
9.105720669361815522e-36
7.703377684621562795e-36
7.703377684621562795e-36
7.703377684621562795e-36
7.703377684621562795e-36
7.703377684621562795e-36
7.703377684621562795e-36
7.703377684266905627e-36
6.671093324530519893e-36
6.671093324530519893e-36
6.671093324530494501e-36
6.671092719611905818e-36
6.671081990725721848e-36
6.671081990725721848e-36
6.671081990724795735e-36
6.610703444262079399e-36
6.610703444262079399e-36
6.610425850448920053e-36
6.610425850448920053e-36
6.610425850448920053e-36
6.610425850448920053e-36
6.610425850448920053e-36
5.416255342632268190e-36
5.397564018043654291e-36
5.397564018043654291e-36
5.397564018043654291e-36
5.397564018043654291e-36
5.397564018043654291e-36
5.397564018043654291e-36
5.041745032221411013e-36
5.041745032211857884e-36
5.041698788587370589e-36
5.041698788587370589e-36
5.041698788587370589e-36
5.041698788587370589e-36
4.936839775499914449e-36
4.936839775495263170e-36
4.936839754245428633e-36
4.936839754245428633e-36
4.936820134773416876e-36
4.936820134773416876e-36
4.109345903959212712e-36
4.109345903959212712e-36
4.109345903959212712e-36
4.109345903959212712e-36
4.109345903959212712e-36
4.106686235518195019e-36
4.106686235518195019e-36
4.106686235432353167e-36
4.106514085167450987e-36
4.106514085167450987e-36
4.106514085167450987e-36
4.004895272578056999e-36
4.004895272578056999e-36
3.857224803044292174e-36
3.857224803044292174e-36
3.857224803044292174e-36
3.857224803044292174e-36
3.857224802455935810e-36
3.857224802455872332e-36
3.381765274277665852e-36
3.381765274277665852e-36
3.381764442600853188e-36
3.381764442600853188e-36
3.381764442600853188e-36
3.381764442011622831e-36
3.381764442011622831e-36
3.381445314736211730e-36
3.380959711549321348e-36
3.380959711549321348e-36
3.380959711549321348e-36
3.380959711549321348e-36
3.207986401306209973e-36
3.186391734809475793e-36
3.186391734809475793e-36
3.186391734809475793e-36
3.186391734809475793e-36
3.186391734809475793e-36
3.186391734809475793e-36
3.186391734809475793e-36
2.962431015621680401e-36
2.962431012209537096e-36
2.962431012209537096e-36
2.962431012198454477e-36
2.961284420826991466e-36
2.961284420826991466e-36
2.961284379921411384e-36
2.961284379921411050e-36
2.961253367748464165e-36
2.961253367748464165e-36
2.961253367748464165e-36
2.961253367748464165e-36
2.961253367748464165e-36
2.961253367748464165e-36
2.799568298125467136e-36
2.795492765384149355e-36
2.795492765384149355e-36
2.795492765384149355e-36
2.795492748335251794e-36
2.795492748335251794e-36
2.795492748335251794e-36
2.710536131357387757e-36
2.708358975937861265e-36
2.708358975937861265e-36
2.708358975937861265e-36
2.708358975937861265e-36
2.708358974385946496e-36
2.708358974385739357e-36
2.586278698190690968e-36
2.586276561195228956e-36
2.586276561195228956e-36
2.586276561195228956e-36
2.586276561195228956e-36
2.586276561195228956e-36
2.585659914741789905e-36
2.585659914741789905e-36
2.585659854051577216e-36
2.585659854051577216e-36
2.585659854051577216e-36
2.585659854051577216e-36
2.585659854051577216e-36
2.582356199826088072e-36
2.557043233708722505e-36
2.557043233708722505e-36
2.557043233708722505e-36
2.557043233708722505e-36
2.484957344579890310e-36
2.484957344579890310e-36
2.484957344579890310e-36
2.484957344538170457e-36
2.484957217992963043e-36
2.484957045506585269e-36
2.484957045506582596e-36
2.484957045506582596e-36
2.484957045506582596e-36
2.484884889358077565e-36
2.484884889358077565e-36
2.484884889358077565e-36
2.484884889358077565e-36
2.481154417084746279e-36
2.475350790014963616e-36
2.475350790014963616e-36
2.475350790014963616e-36
2.475350790014963616e-36
2.475350790014963616e-36
2.475350790014963616e-36
2.442931721601555863e-36
2.442931721601555863e-36
2.442931343344277379e-36
2.442931343344277379e-36
2.442931337797208804e-36
2.442931337796306412e-36
2.442931337796306412e-36
2.442931337796306412e-36
2.439708684014569528e-36
2.439702400540783393e-36
2.439702400540783393e-36
2.438706856840564555e-36
2.438706856840564555e-36
2.438706856840564555e-36
2.438706856840564555e-36
2.438706856840564555e-36
2.438706856840564555e-36
2.438706856840564555e-36
2.427854106444950267e-36
2.427853483156894412e-36
2.427853483156894412e-36
2.427853483156894412e-36
2.427853483156894412e-36
2.425780633933429418e-36
2.425780633933429418e-36
2.425780633758768254e-36
2.425780633758768254e-36
2.425780633758754222e-36
2.425780235300805922e-36
2.425780235300805922e-36
2.425780235300805922e-36
2.425780235300805922e-36
2.425780235300805922e-36
2.425655467432532715e-36
2.425655467432532715e-36
2.425654706583418911e-36
2.422999122870490828e-36
2.422999122870490828e-36
2.422999122870490828e-36
2.422999122870490828e-36
2.422999122870490828e-36
2.422023045057169797e-36
2.422023045057169797e-36
2.422023045057169797e-36
2.422023045057169129e-36
2.422023045057169129e-36
2.422023045057169129e-36
2.422023045057169129e-36
2.422023045053271569e-36
2.422023027036821491e-36
2.422023027036821157e-36
2.422011789955937454e-36
2.422011112074878325e-36
2.422011112074878325e-36
2.421541865837911300e-36
2.421541865837911300e-36
2.421541865837911300e-36
2.421541865837911300e-36
2.421541865837911300e-36
2.421541865837911300e-36
2.421208453046858815e-36
2.421208453046858815e-36
2.421208453046857813e-36
2.421208453046857813e-36
2.421208012091427095e-36
2.421208012091427095e-36
2.421208011516478655e-36
2.421208011516418184e-36
2.421208011516418184e-36
2.421208011516418184e-36
2.421207291209483344e-36
2.421207291209483344e-36
2.421207291209483344e-36
2.421207291209483344e-36
2.421207291209483344e-36
2.421147855933802242e-36
2.421147855933800572e-36
2.421147855933800572e-36
2.421065687291813563e-36
2.421065687291813563e-36
2.421065687291813563e-36
2.421065687291813563e-36
2.421065687291813563e-36
2.421065687291813563e-36
2.421065478937393094e-36
2.421065478937393094e-36
2.421065478937393094e-36
2.421065478937393094e-36
2.421065478937393094e-36
2.421065478924525069e-36
2.421065446258240008e-36
2.421065446258239340e-36
2.421060077425283332e-36
2.421060077425283332e-36
2.421060077425282330e-36
2.421060077425282330e-36
2.421045528139575304e-36
2.421045528139575304e-36
2.421045528139575304e-36
2.421045528139575304e-36
2.421045528139575304e-36
2.421045528139575304e-36
2.421045456903383782e-36
2.421045456903383782e-36
2.421045456903383782e-36
2.421045456903383782e-36
2.421045456903383114e-36
2.421045455860239130e-36
2.421045455860239130e-36
2.421045455860038005e-36
2.421045455860038005e-36
2.421045111487782191e-36
2.421045111487782191e-36
2.421045111487782191e-36
2.421045111487782191e-36
2.421043267759603832e-36
2.421043267759603832e-36
2.421043267759603832e-36
2.421043267759603832e-36
2.421043250199785247e-36
2.421043250199785247e-36
2.421043250199785247e-36
2.421043250199785247e-36
2.421043250199784579e-36
2.421043250199784579e-36
2.421043250199784579e-36
2.421043250199784579e-36
2.421043250199784579e-36
2.421043250176434972e-36
2.421043234557169521e-36
2.421043234557169521e-36
2.421043234557167516e-36
2.421043067996167447e-36
2.421043067996167447e-36
2.421043067996167447e-36
2.421043067996167447e-36
2.421043064886779894e-36
2.421043064886779894e-36
2.421043064886779894e-36
2.421043064886779894e-36
2.421043064886779894e-36
2.421043064886779894e-36
2.421043064886779894e-36
2.421043064886779894e-36
2.421043064886779894e-36
2.421043064387995894e-36
2.421043064387995894e-36
2.421043064387995894e-36
2.421043064387631396e-36
2.421043053703780333e-36
2.421043053703780333e-36
2.421043053309746660e-36
2.421043053309746660e-36
2.421043053309746660e-36
2.421043053309746660e-36
2.421043053309746660e-36
2.421043053309746660e-36
2.421043053309746660e-36
2.421043053309746660e-36
2.421043053309746660e-36
2.421043053309746660e-36
2.421043053309746660e-36
2.421043053309746660e-36
2.421043053309746660e-36
2.421043053298581853e-36
2.421043052814006939e-36
2.421043052814002595e-36
2.421043052778406381e-36
2.421043052778406381e-36
2.421043052778406381e-36
2.421043052778406381e-36
2.421043052778406381e-36
2.421043052778406381e-36
2.421043052778406381e-36
2.421043052778406381e-36
2.421043052778406381e-36
2.421043052778406381e-36
2.421043052778406381e-36
2.421043052778406381e-36
2.421043052778406381e-36
2.421043052762932075e-36
2.421043052762757343e-36
2.421043052762757343e-36
2.421043052762757343e-36
2.421043052760474468e-36
2.421043052760474468e-36
2.421043052760474468e-36
2.421043052760474468e-36
2.421043052760474468e-36
2.421043052760474468e-36
2.421043052760474468e-36
2.421043052760474468e-36
2.421043052760474468e-36
2.421043052760474468e-36
2.421043052760474468e-36
2.421043052760474468e-36
2.421043052760474468e-36
2.421043052760474468e-36
2.421043052760127677e-36
2.421043052760024442e-36
2.421043052760022103e-36
2.421043052760022103e-36
2.421043052760022103e-36
2.421043052760022103e-36
2.421043052760022103e-36
2.421043052760022103e-36
2.421043052760022103e-36
2.421043052760022103e-36
2.421043052760022103e-36
2.421043052760022103e-36
2.421043052760022103e-36
2.421043052760022103e-36
2.421043052760022103e-36
2.421043052760019096e-36
2.421043052760013751e-36
2.421043052760013751e-36
2.421043052760013751e-36
2.421043052760013751e-36
2.421043052760013751e-36
2.421043052760013751e-36
2.421043052760013751e-36
2.421043052760013751e-36
2.421043052760013751e-36
2.421043052760013751e-36
2.421043052760013751e-36
2.421043052760013751e-36
2.421043052760013751e-36
2.421043052760013751e-36
2.421043052760013751e-36
2.421043052760013751e-36
2.421043052760013751e-36
2.421043052760013751e-36
2.421043052760013751e-36
2.421043052760013751e-36
2.421043052760013751e-36
2.421043052760013751e-36
2.421043052760013751e-36
2.421043052760013751e-36
2.421043052760013751e-36
2.421043052760013751e-36
2.421043052760013751e-36
2.421043052760013751e-36
2.421043052760013751e-36
2.421043052760013751e-36
2.421043052760013751e-36
2.421043052760013751e-36
2.421043052760013751e-36
2.421043052760013751e-36
2.421043052760013751e-36
2.421043052760013751e-36
2.421043052760013751e-36
2.421043052760013751e-36
2.421043052760013751e-36
2.421043052760013751e-36
2.421043052760013751e-36
2.421043052760013751e-36
2.421043052760013751e-36
2.421043052760013751e-36
2.421043052760013751e-36
2.421043052760013751e-36
2.421043052760013751e-36
2.421043052760013751e-36
2.421043052760013751e-36
2.421043052760013751e-36
2.421043052760013751e-36
2.421043052760013751e-36
2.421043052760013751e-36
2.421043052760013751e-36
2.421043052760013751e-36
2.421043052760013751e-36
2.421043052760013751e-36
2.421043052760013751e-36
2.421043052760013751e-36
2.421043052760013751e-36
2.421043052760013751e-36
2.421043052760013751e-36
2.421043052760013751e-36
2.421043052760013751e-36
2.421043052760013751e-36
2.421043052760013751e-36
2.421043052760013751e-36
2.421043052760013751e-36
2.421043052760013751e-36
2.421043052760013751e-36
2.421043052760013751e-36
2.421043052760013751e-36
2.421043052760013751e-36
2.421043052760013751e-36
2.421043052760013751e-36
2.421043052760013751e-36
2.421043052760013751e-36
2.421043052760013751e-36
2.421043052760013751e-36
2.421043052760013751e-36
2.421043052760013751e-36
2.421043052760013751e-36
2.421043052760013751e-36
2.421043052760013751e-36
2.421043052760013751e-36
2.421043052760013751e-36
2.421043052760013751e-36
2.421043052760013751e-36
2.421043052760013751e-36
2.421043052760013751e-36
2.421043052760013751e-36
2.421043052760013751e-36
2.421043052760013751e-36
2.421043052760013751e-36
2.421043052760013751e-36
2.421043052760013751e-36
2.421043052760013751e-36
2.421043052760013751e-36
2.421043052760013751e-36
2.421043052760013751e-36
2.421043052760013751e-36
2.421043052760013751e-36
2.421043052760013751e-36
2.421043052760013751e-36
2.421043052760013751e-36
2.421043052760013751e-36
2.421043052760013751e-36
2.421043052760013751e-36
2.421043052760013751e-36
2.421043052760013751e-36
2.421043052760013751e-36
2.421043052760013751e-36
2.421043052760013751e-36
2.421043052760013751e-36
2.421043052760013751e-36
2.421043052760013751e-36
2.421043052760013751e-36
2.421043052760013751e-36
2.421043052760013751e-36
2.421043052760013751e-36
2.421043052760013751e-36
2.421043052760013751e-36
2.421043052760013751e-36
2.421043052760013751e-36
2.421043052760013751e-36
2.421043052760013751e-36
2.421043052760013751e-36
2.421043052760013751e-36
2.421043052760013751e-36
2.421043052760013751e-36
2.421043052760013751e-36
2.421043052760013751e-36
2.421043052760013751e-36
2.421043052760013751e-36
2.421043052760013751e-36
2.421043052760013751e-36
2.421043052760013751e-36
2.421043052760013751e-36
2.421043052760013751e-36
2.421043052760013751e-36
2.421043052760013751e-36
2.421043052760013751e-36
2.421043052760013751e-36
2.421043052760013751e-36
2.421043052760013751e-36
2.421043052760013751e-36
2.421043052760013751e-36
2.421043052760013751e-36
2.421043052760013751e-36
2.421043052760013751e-36
2.421043052760013751e-36
2.421043052760013751e-36
2.421043052760013751e-36
2.421043052760013751e-36
2.421043052760013751e-36
2.421043052760013751e-36
2.421043052760013751e-36
2.421043052760013751e-36
2.421043052760013751e-36
2.421043052760013751e-36
2.421043052760013751e-36
2.421043052760013751e-36
2.421043052760013751e-36
2.421043052760013751e-36
2.421043052760013751e-36
2.421043052760013751e-36
2.421043052760013751e-36
2.421043052760013751e-36
2.421043052760013751e-36
2.421043052760013751e-36
2.421043052760013751e-36
2.421043052760013751e-36
2.421043052760013751e-36
2.421043052760013751e-36
2.421043052760013751e-36
2.421043052760013751e-36
2.421043052760013751e-36
2.421043052760013751e-36
2.421043052760013751e-36
2.421043052760013751e-36
2.421043052760013751e-36
2.421043052760013751e-36
2.421043052760013751e-36
2.421043052760013751e-36
2.421043052760013751e-36
2.421043052760013751e-36
2.421043052760013751e-36
2.421043052760013751e-36
2.421043052760013751e-36
2.421043052760013751e-36
2.421043052760013751e-36
2.421043052760013751e-36
2.421043052760013751e-36
2.421043052760013751e-36
2.421043052760013751e-36
2.421043052760013751e-36
2.421043052760013751e-36
2.421043052760013751e-36
2.421043052760013751e-36
2.421043052760013751e-36
2.421043052760013751e-36
2.421043052760013751e-36
2.421043052760013751e-36
2.421043052760013751e-36
2.421043052760013751e-36
2.421043052760013751e-36
2.421043052760013751e-36
2.421043052760013751e-36
2.421043052760013751e-36
2.421043052760013751e-36
2.421043052760013751e-36
2.421043052760013751e-36
2.421043052760013751e-36
2.421043052760013751e-36
2.421043052760013751e-36
2.421043052760013751e-36
2.421043052760013751e-36
2.421043052760013751e-36
2.421043052760013751e-36
2.421043052760013751e-36
2.421043052760013751e-36
2.421043052760013751e-36
2.421043052760013751e-36
2.421043052760013751e-36
2.421043052760013751e-36
2.421043052760013751e-36
