9.999999762175949547e-01
9.999999734150362141e-01
9.999999474572673908e-01
9.999999311713494432e-01
9.999999251696417568e-01
9.999998378693372159e-01
9.999998375912593218e-01
9.999998002927031893e-01
9.999997910908979826e-01
9.999997373828753977e-01
9.999995302186329704e-01
9.999995302074630166e-01
9.999995301976036810e-01
9.999994486656781367e-01
9.999994378860872501e-01
9.999991414453494043e-01
9.999991393815679253e-01
9.999987102334925160e-01
9.999987102269446426e-01
9.999985579532261193e-01
9.999985485561205811e-01
9.999974455842812748e-01
9.999974365030244172e-01
9.999966154125674578e-01
9.999966154114081629e-01
9.999963882223403822e-01
9.999963882204303545e-01
9.999957233985560245e-01
9.999931295130364273e-01
9.999931293685162537e-01
9.999931290243186943e-01
9.999915536757814083e-01
9.999912875950021096e-01
9.999912875943532953e-01
9.999876388615387413e-01
9.999876238905310855e-01
9.999828815874342025e-01
9.999828815866509402e-01
9.999828814415082645e-01
9.999801264415368873e-01
9.999798908573735989e-01
9.999673033112407294e-01
9.999672483912916965e-01
9.999597241119910773e-01
9.999597241050103280e-01
9.999597241050071084e-01
9.999597241050042218e-01
9.999558771493080034e-01
9.999558771201138008e-01
9.999505501302540234e-01
9.999224681095119083e-01
9.999224676716061966e-01
9.999224613792037086e-01
9.999104151690653142e-01
9.999104151689929276e-01
9.999104151689923725e-01
9.999064514338039666e-01
9.999064514247907320e-01
9.998779228798552188e-01
9.998778509946536497e-01
9.998288710627947218e-01
9.998288710593298267e-01
9.998288686006899795e-01
9.998112929916231906e-01
9.998112929916233016e-01
9.998083837113530548e-01
9.997149427353952955e-01
9.997146635090367051e-01
9.997146635090368161e-01
9.997146629935055318e-01
9.996404546325957652e-01
9.996404546325639018e-01
9.996404546325564633e-01
9.996195573853499106e-01
9.996195568720676050e-01
9.996020767490281234e-01
9.993905343358862048e-01
9.993905312809721053e-01
9.993904310073766784e-01
9.992794674102639663e-01
9.992794674101006525e-01
9.992794674100942132e-01
9.992599069019327818e-01
9.992599069019326707e-01
9.992599067645823174e-01
9.991600904086883617e-01
9.991596095203448824e-01
9.987805404652756458e-01
9.987805404535140541e-01
9.987805089348675835e-01
9.986263095942976564e-01
9.986263095942974344e-01
9.986122800883989736e-01
9.982386617594082301e-01
9.982360887977519415e-01
9.982360887977517194e-01
9.982360864031160075e-01
9.976759857805823639e-01
9.976759857799566422e-01
9.976759857799432085e-01
9.974970686493749294e-01
9.974970638875939599e-01
9.974970638875941820e-01
9.974238929236026729e-01
9.965193178392816042e-01
9.965193015280623401e-01
9.965182656410636053e-01
9.957653531755471521e-01
9.957653531752785891e-01
9.957653531752787002e-01
9.957653531751662346e-01
9.956000303724457101e-01
9.956000303724458211e-01
9.951701019750265331e-01
9.951701011378464301e-01
9.951688595371674939e-01
9.936024933745251086e-01
9.936024933436550244e-01
9.936022344994299704e-01
9.926462756172803603e-01
9.926462756172800272e-01
9.925272217780595208e-01
9.925272217780595208e-01
9.909475171724898557e-01
9.909413053851475750e-01
9.909413053851443554e-01
9.909413053851443554e-01
9.909413018046608901e-01
9.888996467621663511e-01
9.888996467529684864e-01
9.888996467529258538e-01
9.878519095397675365e-01
9.878518839110682626e-01
9.878518839110682626e-01
9.876510678229715179e-01
9.840061156941608544e-01
9.840060948409680153e-01
9.839989451368765794e-01
9.816800475014664240e-01
9.816800475006813853e-01
9.816800475006813853e-01
9.816800475006812743e-01
9.816800474993923054e-01
9.807857821904814033e-01
9.807857821904815143e-01
9.795994544987925989e-01
9.795994496640122451e-01
9.795972720827532676e-01
9.736756028487764114e-01
9.736756027958185511e-01
9.736756027958185511e-01
9.736739733670216612e-01
9.711838998056450123e-01
9.711838998056444572e-01
9.706243999127144306e-01
9.706243999127143196e-01
9.705917270402144581e-01
9.663354264220614942e-01
9.663354264220614942e-01
9.663354264220236356e-01
9.663354264220236356e-01
9.663354171110681845e-01
9.588744532364282813e-01
9.588744532035956558e-01
9.588744532035547996e-01
9.565617843556205591e-01
9.565616054592986917e-01
9.565616054592986917e-01
9.562985156667818121e-01
9.465678693605147354e-01
9.465678115783858759e-01
9.465272608880965777e-01
9.384101471829512375e-01
9.384101471822765550e-01
9.384101471822765550e-01
9.384101471822765550e-01
9.384101471822764440e-01
9.384101471822764440e-01
9.384101471779293657e-01
9.366794446067061575e-01
9.366794446067059354e-01
9.352277223135833095e-01
9.352276884048115191e-01
9.352234125132830034e-01
9.197100773114232908e-01
9.197100772355778497e-01
9.197100772355778497e-01
9.197022120085120989e-01
9.114550009267170516e-01
9.114550009267167185e-01
9.104367526009453648e-01
9.103871591377111772e-01
9.103871591377112882e-01
9.047708152637189416e-01
9.047708152637189416e-01
9.047708152635202117e-01
9.047708152635202117e-01
9.047708023932615751e-01
8.850179227008673211e-01
8.850179224492573660e-01
8.850179224492249475e-01
8.776140209278811000e-01
8.776134580965174736e-01
8.776134580965174736e-01
8.772153916872913459e-01
8.627203394716868035e-01
8.627202357949698142e-01
8.625797642426950018e-01
8.417976623529139779e-01
8.417976623524155988e-01
8.417976623524155988e-01
8.417976623524155988e-01
8.417976623524147106e-01
8.417976623524147106e-01
8.417976623240623901e-01
8.363572821795900447e-01
8.363572821795901557e-01
8.340751871918316018e-01
8.340750731624604342e-01
8.340710165568894219e-01
8.098247942160364810e-01
8.098247941331594424e-01
8.098247941331594424e-01
7.903712945975990278e-01
7.903685458842942824e-01
7.903685458842938383e-01
7.872000847387887745e-01
7.871525347756846980e-01
7.780936001096216970e-01
7.780936001096216970e-01
7.780936001096216970e-01
7.780936001084888254e-01
7.780936001084888254e-01
7.780935920590545951e-01
7.485720264841787541e-01
7.485720264841787541e-01
7.485720251223190180e-01
7.485720251222767185e-01
7.323043974257471556e-01
7.323032453166615774e-01
7.323032453166615774e-01
7.323032453166615774e-01
7.318965013717739776e-01
7.085085110881734760e-01
7.085084500653574535e-01
7.081092114237174107e-01
6.806884174566663059e-01
6.806884174560448031e-01
6.806884174560448031e-01
6.806884174560448031e-01
6.806884174560389189e-01
6.806884174560389189e-01
6.806884173323356491e-01
6.694302832463168151e-01
6.694302832463169262e-01
6.694302832463169262e-01
6.670763311142107188e-01
6.670760892845514212e-01
6.670733377753341742e-01
6.307119112344619083e-01
6.307119111742283124e-01
6.307119111742283124e-01
6.087311593019695266e-01
6.087207098927088778e-01
6.087207098927086557e-01
6.027580423344870431e-01
6.027580423344870431e-01
6.027280159936262427e-01
5.933552166762747770e-01
5.933552166762747770e-01
5.933552166762747770e-01
5.933552166719677778e-01
5.933552166719677778e-01
5.933552088522114909e-01
5.512382235488739735e-01
5.512382235488739735e-01
5.512382215588769174e-01
5.512382215588598200e-01
5.355566187555039770e-01
5.355566187555039770e-01
5.355532372235496386e-01
5.355532372235496386e-01
5.355532372235496386e-01
5.353149598355497751e-01
5.110594845368466865e-01
5.110594200909462925e-01
5.102302403560522448e-01
4.722244287555317777e-01
4.722244287553061803e-01
4.722244287553061803e-01
4.722244287553061803e-01
4.722244287552925246e-01
4.722244287552925246e-01
4.722244285854831913e-01
4.628588391302647653e-01
4.628588391302647653e-01
4.628588391302647653e-01
4.616547924490385646e-01
4.616541826493068545e-01
4.616521659631047103e-01
4.255426013371663152e-01
4.255426013005622066e-01
4.255426013005622066e-01
3.962645734061397973e-01
3.962527199412830270e-01
3.962527199412829715e-01
3.917712376240822802e-01
3.917712376240822802e-01
3.917527169182219993e-01
3.871668661614539597e-01
3.871668661614536266e-01
3.871668661614536266e-01
3.871668661543206658e-01
3.871668661543206658e-01
3.871668626311750572e-01
3.461312882323057116e-01
3.461312882323057116e-01
3.461312819628457604e-01
3.461312819628395987e-01
3.261713805867768046e-01
3.261713805867768046e-01
3.261674407265034992e-01
3.261674407265034992e-01
3.261674407265034992e-01
3.260286964457969061e-01
3.131557450468899773e-01
3.131557085600238377e-01
3.122215365370271667e-01
2.750730389447882951e-01
2.750730389447083590e-01
2.750730389447083590e-01
2.750730389447083590e-01
2.750730389446843227e-01
2.750730389446843227e-01
2.750730384950885732e-01
2.634705923654991899e-01
2.634705923654991899e-01
2.634705923654991899e-01
2.627485586212516266e-01
2.627478114049288660e-01
2.627470719969444146e-01
2.413531404132319425e-01
2.413531404132319425e-01
2.413531403974644163e-01
2.413531403974644163e-01
2.413531403974644163e-01
2.412047618872161514e-01
2.136243171646244887e-01
2.136243171646244332e-01
2.081745411608441898e-01
2.081745411608441898e-01
2.081675726036257001e-01
2.053005536746216331e-01
2.053005536746211335e-01
2.053005536746211335e-01
2.053005536592622526e-01
2.053005536592622526e-01
2.053005527412642417e-01
1.802479503933293037e-01
1.802479503933293037e-01
1.802479373104008131e-01
1.802479373103975102e-01
1.625908263155117217e-01
1.625908263155117217e-01
1.625874924347068262e-01
1.625874924347068262e-01
1.625874924347068262e-01
1.625302733941630384e-01
1.539021517993630350e-01
1.539021418102512195e-01
1.539021418102512195e-01
1.527914127771994590e-01
1.313598669969141819e-01
1.313598669968711885e-01
1.313598669968711885e-01
1.313598669968711885e-01
1.313598669968711885e-01
1.313598669967979971e-01
1.313598669967979971e-01
1.313598662108337034e-01
1.217169059807761411e-01
1.217169059807761411e-01
1.217169059807761411e-01
1.214218457887881880e-01
1.214212187866993281e-01
1.214210124776069072e-01
1.079650150196046071e-01
1.079650150196046071e-01
1.079650150144552817e-01
1.079650150144552817e-01
1.079650150144552817e-01
1.078037494128035179e-01
9.375746530665934886e-02
9.375746530665934886e-02
8.953526941028394637e-02
8.953526941028394637e-02
8.953526941028257247e-02
8.953336307036978414e-02
8.835295654583973091e-02
8.835295654583973091e-02
8.835295652445913916e-02
8.835295652445913916e-02
8.835295617883549835e-02
7.356127016391030005e-02
7.356127016391030005e-02
7.356126167819740380e-02
7.356126167819680706e-02
6.581003156072356974e-02
6.581003156072356974e-02
6.580583039396806222e-02
6.580583039396806222e-02
6.580583039396806222e-02
6.579026779456062513e-02
6.211025642196907337e-02
6.211025233366238019e-02
6.211025233366238019e-02
6.123430904940979635e-02
4.911345434224471951e-02
4.911345434223769735e-02
4.911345434223769735e-02
4.911345434223769735e-02
4.911345434223769735e-02
4.911345434216692757e-02
4.911345434216692757e-02
4.911345387287079783e-02
4.546563314090618785e-02
4.546563314090618785e-02
4.546563314090618785e-02
4.539607438213106444e-02
4.539541648867738421e-02
4.539535174072216461e-02
3.998018687242559099e-02
3.998018687242559099e-02
3.998018687113866904e-02
3.998018687113866904e-02
3.998018687113866904e-02
3.985716668264721596e-02
3.214127546428355298e-02
3.214127546428355298e-02
3.073308694693454787e-02
3.073308694693454787e-02
3.073308694693454787e-02
3.073308694693319479e-02
3.073257439418461412e-02
3.048575862337810430e-02
3.048575862337810430e-02
3.048575860966645096e-02
3.048575860966645096e-02
3.048575854866933388e-02
2.477369950555694672e-02
2.477369950555694672e-02
2.477368846233228561e-02
2.477368846233218846e-02
2.067088898306956163e-02
2.067088898306956163e-02
2.066891942322665252e-02
2.066891942322665252e-02
2.066891942322665252e-02
2.066891942322665252e-02
2.066521630363904807e-02
1.992071964132863943e-02
1.992071887020414531e-02
1.992071887020414531e-02
1.958123287219501810e-02
1.496693442578022649e-02
1.496693442577904515e-02
1.496693442577904341e-02
1.496693442577904341e-02
1.496693442572352706e-02
1.496693442572352706e-02
1.496693442572352706e-02
1.496693390083553635e-02
1.310564693764301736e-02
1.310564693764301736e-02
1.310564693764301736e-02
1.308898453609887678e-02
1.308867083056807455e-02
1.308866113684057329e-02
1.186422508645005973e-02
1.186422508645005973e-02
1.186422508624535195e-02
1.186422508624535195e-02
1.186422508624535195e-02
1.180907283177004378e-02
8.862170951625730417e-03
8.862170951625730417e-03
8.862170951625730417e-03
8.162091267958644647e-03
8.162091267957890042e-03
8.162091267957890042e-03
8.100570527787415848e-03
8.100495397308704257e-03
8.100495397308704257e-03
8.100495385913853916e-03
8.100495385913853916e-03
8.100495379172780938e-03
6.688407504679980478e-03
6.688407504679980478e-03
6.688398689076497164e-03
6.688398689076477215e-03
6.688398689076477215e-03
5.167272132175976425e-03
5.166530585885226526e-03
5.166530585885226526e-03
5.166530585885226526e-03
5.166530585885226526e-03
5.165872413934002698e-03
4.953733185118830082e-03
4.953733185118830082e-03
4.953733087916480614e-03
4.786465052612739850e-03
3.634937849701071200e-03
3.634937849700803619e-03
3.634937849700801017e-03
3.634937849700801017e-03
3.634937849631298019e-03
3.634937849631298019e-03
3.634937849631298019e-03
3.634937470616788572e-03
2.984596931348201636e-03
2.984596931348201636e-03
2.984596931348201636e-03
2.984596931348201636e-03
2.984484999461868657e-03
2.981623741266146207e-03
2.981622563035545015e-03
2.650713734547033729e-03
2.650713734547033729e-03
2.650713734516834362e-03
2.650713734516834362e-03
2.650713734516834362e-03
2.624741531582458487e-03
1.938403077896212919e-03
1.938403077896212919e-03
1.938403077896212919e-03
1.709108792202847357e-03
1.709108792202170381e-03
1.709108792202170381e-03
1.709108792202170381e-03
1.698595646601020782e-03
1.698586470994126922e-03
1.698586470994126922e-03
1.698586464789058779e-03
1.698586464789058779e-03
1.698586463763492645e-03
1.338444191366448344e-03
1.338444191366448344e-03
1.338441492847760759e-03
1.338441492847759024e-03
1.338441492847759024e-03
1.025287443514088246e-03
1.024881052887603424e-03
1.024881052887603424e-03
1.024881052887603424e-03
1.024881052887603424e-03
1.024881052887603424e-03
1.024797153052919331e-03
9.857722583041642929e-04
9.857722583041642929e-04
9.857722420028656573e-04
9.326516216723103629e-04
6.557602400129136470e-04
6.557602400128931556e-04
6.557602400128914209e-04
6.557602399837022047e-04
6.557602399837022047e-04
6.557602399837022047e-04
6.557602399837022047e-04
6.557601362445082118e-04
5.403181723848302868e-04
5.403181723848302868e-04
5.403181723848302868e-04
5.403181723848302868e-04
5.402670145138296822e-04
5.399466663726415526e-04
5.399465010975182128e-04
4.837383197694979315e-04
4.837383197694979315e-04
4.837383197694979315e-04
4.837383197663967338e-04
4.837383197663967338e-04
4.757839652456243907e-04
3.176817078670013937e-04
3.176817078670013937e-04
3.176817078670013937e-04
2.821920889542029018e-04
2.821920889539104925e-04
2.821920889539104383e-04
2.811690831724728739e-04
2.811679475568756013e-04
2.811679475568756013e-04
2.811679457989341526e-04
2.811679457989341526e-04
2.811679457989341526e-04
2.811679457989341526e-04
2.233191619522775242e-04
2.233191619288159041e-04
2.233177524738828217e-04
2.233177524738826590e-04
2.233177524738826590e-04
1.531263312121330347e-04
1.530444361891390010e-04
1.530444361891390010e-04
1.530444361891390010e-04
1.530444361891390010e-04
1.530444361891390010e-04
1.530358839193233567e-04
1.530358839193233567e-04
1.497239740303446510e-04
1.497239728569275204e-04
1.416215711546202946e-04
9.867232945556254204e-05
9.867232945556095639e-05
9.867232945556003482e-05
9.867232944528376334e-05
9.867232944528376334e-05
9.867232944528376334e-05
9.867232944528376334e-05
9.867227999363157177e-05
7.366872450127154412e-05
7.366872450127154412e-05
7.366872450127154412e-05
7.366872450127154412e-05
7.365862561390772991e-05
7.362653488824524406e-05
7.362652424647377666e-05
6.857737019787156160e-05
6.857737019787156160e-05
6.857737019787156160e-05
6.857737019768829077e-05
6.857737019768829077e-05
6.725654515301033416e-05
6.725654515301033416e-05
4.278671997972550360e-05
4.278671997972550360e-05
4.278671997972550360e-05
4.278671997972550360e-05
3.533093785101979449e-05
3.533093785095090699e-05
3.533093785095090021e-05
3.522580263759773173e-05
3.522572730612801153e-05
3.522572730612801153e-05
3.522572672131858896e-05
3.522572672131858896e-05
3.522572672131858896e-05
3.522572672131858896e-05
2.944945901046476107e-05
2.944945900874390861e-05
2.944904335949328136e-05
2.944904335949328136e-05
2.944904335949327458e-05
1.848390123782238969e-05
1.846945608795515882e-05
1.846945608795515882e-05
1.846945608795515882e-05
1.846945608795515882e-05
1.846945608795515882e-05
1.846877085001019322e-05
1.846877085001019322e-05
1.805696553243692922e-05
1.805696546366597187e-05
1.638265934430156552e-05
1.180272071839525741e-05
1.180272071839511341e-05
1.180272071839477629e-05
1.180272071317137483e-05
1.180272071317137483e-05
1.180272071317137483e-05
1.180272071317137483e-05
1.180270594036318447e-05
1.180270594036318447e-05
8.013519772953743594e-06
8.013519772953743594e-06
8.013519772953743594e-06
8.011912719730798405e-06
8.009468131510407492e-06
8.009467539874185667e-06
7.414875146811104551e-06
7.414875146811104551e-06
7.414875146799091083e-06
7.414875146799091083e-06
7.414875146799091083e-06
7.148277131388603441e-06
4.567604372605719490e-06
4.567604372605719490e-06
4.567604372605719490e-06
4.567604372605719490e-06
4.567604372605719490e-06
3.501068983507006883e-06
3.501068983481252846e-06
3.501068983481252423e-06
3.493253092844943915e-06
3.493248971445323491e-06
3.493248838603671266e-06
3.493248838603671266e-06
3.493248838603671266e-06
3.493248838603671266e-06
3.493248838603671266e-06
2.843280178564558726e-06
2.843280178456678492e-06
2.843218818566244508e-06
2.843218818566244508e-06
2.843218818566244085e-06
1.765440915258879257e-06
1.765440915258879257e-06
1.761922805803344101e-06
1.761922805803344101e-06
1.761922805803344101e-06
1.761922805803344101e-06
1.761922805803344101e-06
1.761881491317710101e-06
1.727908399241079429e-06
1.500830198318131973e-06
1.500830195314555895e-06
1.013458412868751541e-06
1.013458412868643332e-06
1.013458412868638038e-06
1.013458411852712863e-06
1.013458411852712863e-06
1.013458411852712863e-06
1.013458411852712863e-06
1.013456466805804640e-06
1.013456466805804640e-06
1.013456466805804640e-06
6.888842564323584837e-07
6.888842564323584837e-07
6.888842564323584837e-07
6.885556423857075566e-07
6.884242358106202479e-07
6.884241982371051165e-07
6.438357144567522899e-07
6.438357144567522899e-07
6.438357144562212003e-07
6.438357144562212003e-07
6.096724832729735064e-07
6.096724832729735064e-07
3.515004314033350858e-07
3.515004314033350858e-07
3.515004314033350858e-07
3.515004314033350858e-07
3.515004314033350858e-07
3.515004313902563677e-07
2.723864878627171199e-07
2.723864878627168023e-07
2.723864701073367287e-07
2.720199465032462416e-07
2.720197159634383509e-07
2.720197159634383509e-07
2.720197159634383509e-07
2.720197159634383509e-07
2.269957072668174157e-07
2.269957072668174157e-07
2.269957072620288473e-07
2.269829336627763186e-07
2.269829336627763186e-07
1.232293277591050969e-07
1.232293277591050969e-07
1.232293277591050969e-07
1.229077774452984978e-07
1.229077774452984978e-07
1.229077774452984978e-07
1.229077774452984978e-07
1.229059062650605697e-07
1.229059062650605697e-07
1.215954618076190775e-07
1.062555620163257872e-07
1.062555619174525709e-07
7.418564523817484792e-08
7.418564523815011192e-08
7.418564523814993986e-08
7.418564508131147970e-08
7.418564508131147970e-08
7.418564508131147970e-08
7.418564508131147970e-08
7.418564508131147970e-08
7.418525695871588358e-08
7.418525695871588358e-08
4.393711123941202680e-08
4.393711123941202680e-08
4.393711123941202680e-08
4.393711123941202680e-08
4.390861108444591389e-08
4.390287854342540929e-08
4.390287745619695352e-08
4.218954701031316922e-08
4.218954701031316922e-08
4.218954701030045710e-08
4.218954701030045710e-08
3.989823795638665149e-08
2.322818039344873538e-08
2.322818039344873538e-08
2.322818039344873538e-08
2.322818039344873538e-08
2.322818039344873538e-08
2.322818039344873538e-08
2.322818039159107301e-08
2.322818039159091419e-08
1.602277002331050892e-08
1.602276754513528312e-08
1.600662270850128869e-08
1.600661594336681038e-08
1.600661594336681038e-08
1.600661594336681038e-08
1.600661594336681038e-08
1.414255064299640189e-08
1.414255064299640189e-08
1.414255064286208596e-08
1.414115247738775536e-08
1.414115247738775536e-08
1.414115247738775536e-08
7.300649937277156916e-09
7.300649937277156916e-09
7.273400513739715939e-09
7.273400513739715939e-09
7.273400513739715939e-09
7.273400513739715939e-09
7.273400513739715939e-09
7.273330843529819315e-09
7.273330843529819315e-09
7.200274206788435219e-09
5.825807465414788834e-09
5.825807463131052350e-09
4.359791600220281909e-09
4.359791600216516583e-09
4.359791568712264310e-09
4.359791568712258520e-09
4.359791568712257692e-09
4.359791568712257692e-09
4.359791568712257692e-09
4.359744296007092691e-09
4.359744296007092691e-09
4.359744296007092691e-09
4.359744296007092691e-09
2.337486515568968994e-09
2.337486515568968994e-09
2.337486515568968994e-09
2.335323001140474320e-09
2.335119417667655073e-09
2.335119388740099360e-09
2.335119388740099360e-09
2.244371618663598270e-09
2.244371618663222730e-09
2.042353109935841889e-09
2.042353109935841889e-09
1.244456023215985696e-09
1.244456023215985696e-09
1.244456023215985696e-09
1.244456023215985696e-09
1.244456023215985696e-09
1.244456023215985696e-09
1.244456023215985696e-09
1.244456022848127724e-09
1.244456022848104150e-09
7.747150351372109601e-10
7.747147807827017661e-10
7.741596393329770549e-10
7.741596393329770549e-10
7.741594635616585817e-10
7.741594635616585817e-10
6.789792563778695465e-10
6.789792563778695465e-10
6.788786084268424216e-10
6.788786084268424216e-10
6.788786084229349238e-10
6.788786084229349238e-10
6.788786084229349238e-10
3.512720350402006006e-10
3.512720350402006006e-10
3.512720350402006006e-10
3.482134872276568375e-10
3.482134872276568375e-10
3.482134872276568375e-10
3.482134872276568375e-10
3.482114403875050457e-10
3.482114403875050457e-10
3.453771655993970816e-10
2.599886280124647926e-10
2.599886279470003748e-10
1.876514999016810598e-10
1.876514999011015940e-10
1.876514968900044667e-10
1.876514968900044667e-10
1.876514968900043375e-10
1.876514968900043375e-10
1.876514968900043375e-10
1.876483449863093472e-10
1.876483449863093472e-10
1.876483449863093472e-10
1.876483449863093472e-10
1.000861400987581482e-10
1.000861400987581482e-10
1.000861400987581482e-10
9.987791035733055120e-11
9.987243822976743070e-11
9.987243822976743070e-11
9.987243736339706868e-11
9.664285882723933964e-11
8.484467284008350258e-11
8.484467284007789326e-11
8.484467284007789326e-11
4.758428301563261113e-11
4.758428301563261113e-11
4.758428301563261113e-11
4.758428301563261113e-11
4.758428301563261113e-11
4.758428301563261113e-11
4.758428301563261113e-11
4.758428298446774791e-11
4.758428298446456197e-11
2.975147819968205986e-11
2.975146115264370073e-11
2.975146115264370073e-11
2.973822677184894629e-11
2.973822206427520357e-11
2.973822206427520357e-11
2.665443597084460868e-11
2.664538019582283991e-11
2.664538019582283991e-11
2.664538019574542097e-11
2.664538019574542097e-11
2.664538019574542097e-11
2.664538019574542097e-11
2.664538019574542097e-11
1.206451079859365030e-11
1.206451079859365030e-11
1.192536301671231318e-11
1.192536301671231318e-11
1.192536301671231318e-11
1.192536301671231318e-11
1.192531861394235856e-11
1.187055013713017092e-11
1.187055013713017092e-11
9.009649330207893694e-12
9.009649329153732782e-12
9.009649329153732782e-12
6.831675248147038598e-12
6.831675248089565701e-12
6.831675038137431711e-12
6.831675038137429288e-12
6.831675038137429288e-12
6.831675038137426864e-12
6.831675038137426864e-12
6.831404268617063425e-12
6.831404268617063425e-12
6.831404268617063425e-12
6.831404268617063425e-12
3.133619539844697837e-12
3.133619539844697837e-12
3.133619539844697837e-12
3.124934784479014054e-12
3.124934784479014054e-12
3.124934784479014054e-12
3.124822780671957663e-12
3.124822768509764809e-12
3.065372438346062067e-12
2.697079725045216949e-12
2.697079725045216949e-12
2.697079725045152729e-12
1.612692829514807604e-12
1.612692829514807604e-12
1.612692829514807604e-12
1.612692829514807604e-12
1.612692829514807604e-12
1.612692829514807604e-12
1.612692829514807604e-12
1.612692827408261918e-12
1.612692827407957582e-12
8.703566342587331764e-13
8.703555390065815393e-13
8.703555390065815393e-13
8.700859877691618525e-13
8.700859217238747987e-13
8.700859217238747987e-13
8.116852554053846130e-13
8.112730970333030084e-13
8.112730970323636455e-13
8.112730970323636455e-13
8.112730970323636455e-13
8.112730970323636455e-13
8.112730970323636455e-13
8.112730970323636455e-13
3.793407465028635939e-13
3.734837753258430718e-13
3.734837753258430718e-13
3.734837753258430718e-13
3.734837753258430718e-13
3.734837753258430718e-13
3.734829630305761153e-13
3.720337256802723570e-13
2.521768657041777544e-13
2.521768657041777544e-13
2.521768656921366825e-13
2.521768656921366825e-13
2.521768656860182521e-13
2.064783840165403385e-13
2.064783666606057268e-13
2.064783666606057268e-13
2.064783666606054239e-13
2.064783666606054239e-13
2.064783666606053734e-13
2.064642657164314774e-13
2.064642657164314774e-13
9.082019658326561664e-14
9.082019658326561664e-14
9.082019658326561664e-14
9.082019658326561664e-14
9.047513924625737811e-14
9.047513924625737811e-14
9.047513924625737811e-14
9.047513924625737811e-14
9.047311053663086037e-14
8.892273350621105354e-14
8.892273334223414700e-14
8.892273334223414700e-14
7.326586063402444844e-14
7.326586063402361540e-14
4.790743879261701443e-14
4.790743879261701443e-14
4.790743879261701443e-14
4.790743879261701443e-14
4.790743879261701443e-14
4.790743879261701443e-14
4.790743879259480011e-14
4.790743859900666790e-14
4.790743859900666790e-14
2.360199825423675740e-14
2.360193953507176462e-14
2.360193953507176462e-14
2.359707591620556444e-14
2.359707498736223507e-14
2.357847345194608287e-14
2.206545348477904776e-14
2.206545348477904776e-14
2.206545348477904776e-14
2.206545348476523323e-14
2.206545348476523323e-14
2.206545348476523323e-14
2.206545348476523323e-14
2.206545348476523323e-14
1.087621975936898454e-14
1.053979242179002754e-14
1.053979242179002754e-14
1.053979242179002754e-14
1.053979242179002754e-14
1.053979242179002754e-14
1.053977921777617941e-14
6.538429334703710302e-15
6.527880748942665024e-15
6.527880748942665024e-15
6.527880748764122136e-15
6.527880748262879128e-15
6.527880748262879128e-15
6.527880748262879128e-15
5.325851180767188666e-15
5.325851180767169733e-15
5.325850250479262491e-15
5.325850250479262491e-15
5.325850250479262491e-15
5.325305623929984086e-15
5.325305623929984086e-15
2.401751101366962461e-15
2.401751101366962461e-15
2.401751101366962461e-15
2.401751101366962461e-15
2.383203351308096983e-15
2.383203351308096983e-15
2.383203351308096983e-15
2.383203351308096983e-15
2.383170838573027020e-15
2.351492886450834075e-15
2.351492883690235059e-15
2.351492883690235059e-15
1.835783578138460797e-15
1.163286945741201256e-15
1.163286945741198100e-15
1.163286945741198100e-15
1.163286945741198100e-15
1.163286945741198100e-15
1.163286945741198100e-15
1.163286945741198100e-15
1.163286945739404625e-15
1.163286935699413915e-15
1.163286935699413915e-15
5.794413501839813529e-16
5.794413501839813529e-16
5.794388589482343487e-16
5.793650510545843517e-16
5.793650363287354098e-16
5.784518677181585182e-16
5.784518677181585182e-16
5.489643411387811215e-16
5.489643411387811215e-16
5.489643411387811215e-16
5.489643411387811215e-16
5.489643411386198981e-16
5.489643411386198981e-16
5.489643411386198981e-16
2.486171120808662322e-16
2.386126879034874685e-16
2.386126879034874685e-16
2.386126879034874685e-16
2.386126879034874685e-16
2.386126879034874685e-16
2.386126879034874685e-16
1.496059816316635407e-16
1.496059138754994135e-16
1.494583788159336975e-16
1.494583788159336975e-16
1.494583788159336975e-16
1.494583787898757482e-16
1.494583787880051125e-16
1.494583787880026966e-16
1.270893435040505544e-16
1.270893041798374019e-16
1.270893041798374019e-16
1.270893041798374019e-16
1.270893041798374019e-16
1.270623103283003573e-16
1.270623103283003573e-16
1.270623103283003573e-16
5.146600128571952936e-17
5.146600128571952936e-17
5.146600128571952936e-17
5.094975005060189222e-17
5.094975005060189222e-17
5.094975005060189222e-17
5.094975005060189222e-17
5.094932171870947196e-17
5.055044130753909282e-17
5.055044130753909282e-17
5.055044128111236959e-17
3.970690150205513462e-17
3.970690150205513462e-17
2.736550725219022727e-17
2.736550725219022727e-17
2.736550725219019645e-17
2.736550725219019645e-17
2.736550725219019645e-17
2.736550725219019645e-17
2.736550725208463084e-17
2.736550681907917579e-17
2.736550681907917579e-17
2.736550681907916962e-17
1.208066047430149476e-17
1.208055586865803368e-17
1.207957664546422524e-17
1.207957650484064922e-17
1.207957650484064922e-17
1.205450947709116890e-17
1.205450947709116890e-17
1.167580517014222857e-17
1.167580517014222857e-17
1.167580517014222857e-17
1.167580517014093434e-17
1.167580517014093434e-17
1.167580517014093434e-17
5.922484885064651951e-18
5.639409376289902425e-18
5.639409376289902425e-18
5.639409376289902425e-18
5.639409376289902425e-18
5.639409376289902425e-18
5.639409376289902425e-18
3.161401035437146684e-18
3.161400339587339471e-18
3.159301038657525563e-18
3.159301038657525563e-18
3.159301038657525563e-18
3.159301037686036425e-18
3.159301037686036425e-18
3.159301037685915861e-18
3.159301037685915861e-18
3.159301037670399799e-18
3.159298597265477039e-18
2.839284782527729283e-18
2.839284782527729283e-18
2.839284782527729283e-18
2.838396515641577965e-18
2.838396515641577965e-18
2.838396515641577965e-18
1.235842485272848453e-18
1.235842485272848453e-18
1.235842485272848453e-18
1.220423158119744581e-18
1.220423158119744581e-18
1.220423158119744581e-18
1.220423158119744581e-18
1.220417368515548013e-18
1.220417368515548013e-18
1.212949213819230412e-18
1.212949213528736813e-18
8.805316556409428127e-19
8.805316556409428127e-19
8.805316556409428127e-19
6.700811228088423180e-19
6.700811228088420291e-19
6.700811228088420291e-19
6.700811228088420291e-19
6.700811228033546695e-19
6.700810960563964766e-19
6.700810960563964766e-19
6.700810960563961878e-19
6.700579868353568963e-19
2.963532906348155436e-19
2.963532906348155436e-19
2.963532906348155436e-19
2.963532906348155436e-19
2.963389846339122727e-19
2.963389846339122727e-19
2.955422593808615756e-19
2.955422577220333181e-19
2.955422577220333181e-19
2.878662031597124644e-19
2.878662031597124644e-19
2.878662031596976348e-19
2.878662031596976348e-19
2.878662031596976348e-19
1.626026552885166543e-19
1.501050137564829727e-19
1.501050137564829727e-19
1.501050137564829727e-19
1.501050137564829727e-19
1.501050137564829727e-19
1.501050137564829727e-19
8.047661536596911292e-20
8.047661536596911292e-20
8.047660631418789393e-20
8.044302232128791338e-20
8.044302225386344121e-20
8.044302225386344121e-20
8.044302225386344121e-20
8.044302225385637546e-20
8.044302225385637546e-20
8.044290988377310182e-20
8.044290988357954586e-20
7.327074449911619084e-20
7.327074449911619084e-20
7.327074449911619084e-20
7.327074449911619084e-20
7.323905115672200256e-20
7.323905115672200256e-20
3.496225860442799376e-20
3.496225860442799376e-20
3.421487366082865760e-20
3.421487366082865760e-20
3.421487366082865760e-20
3.421487366082865760e-20
3.421487366082865760e-20
3.421478196113835727e-20
3.421478196113835727e-20
3.406917224926605456e-20
3.406917224482780317e-20
3.406917224482780317e-20
2.358381940414334548e-20
2.358381940414334548e-20
1.828292118958690526e-20
1.828292118958690225e-20
1.828292118958690225e-20
1.828292118914589138e-20
1.828292118914589138e-20
1.828291976046742386e-20
1.828291976046739978e-20
1.828291976046739978e-20
1.828198861729304832e-20
8.561791054243838959e-21
8.561791054243838959e-21
8.561791054243838959e-21
8.561791054243838959e-21
8.561791054243838959e-21
8.561791054243838959e-21
8.561548231481016089e-21
8.520833321852423576e-21
8.520833294883298554e-21
8.360284839145085661e-21
8.360284839145085661e-21
8.360284839144899087e-21
8.360284839144899087e-21
8.360284839144899087e-21
8.360284839144899087e-21
7.074104231439214687e-21
4.272662957335105649e-21
4.272662957335105649e-21
4.272662957335105649e-21
4.272662957335105649e-21
4.272662957335105649e-21
2.352867647910370212e-21
2.352867647910370212e-21
2.352867643728203181e-21
2.352281820950937511e-21
2.352281669093550261e-21
2.352281669093550261e-21
2.352281669092892360e-21
2.352281669092892360e-21
2.352276409838409556e-21
2.352276409838409556e-21
2.352276409835940078e-21
2.194786015848307211e-21
2.194786015848307211e-21
2.194786015848307211e-21
2.193037850346390185e-21
2.193037850346390185e-21
2.193037850346390185e-21
1.024730686887593252e-21
1.024730686887593252e-21
9.975801101626273580e-22
9.975801101626273580e-22
9.975801101626273580e-22
9.975801101626273580e-22
9.975801101626273580e-22
9.975785797339821588e-22
9.975785797339821588e-22
9.975785797339821588e-22
9.950495562181005366e-22
9.950495561615699789e-22
9.950495561615699789e-22
6.953218189176815130e-22
6.953218189176815130e-22
5.724423990005400651e-22
5.724423990005400651e-22
5.724423989691674375e-22
5.724423221991173042e-22
5.724423221991173042e-22
5.724423221991173042e-22
5.724423221991147651e-22
5.723860967044454945e-22
2.557602867620780634e-22
2.557602867620780634e-22
2.557602867620780634e-22
2.557602867620780634e-22
2.557602867620780634e-22
2.557602867620780634e-22
2.557602867620780634e-22
2.542170421078783843e-22
2.542128320775646924e-22
2.542128317184500397e-22
2.512717462843595958e-22
2.512717462843575270e-22
2.512717462843575270e-22
2.512717462843575270e-22
2.512717462843575270e-22
2.126569595747826275e-22
2.126569595747826275e-22
1.422094014739248531e-22
1.422094014739248531e-22
1.422094014739248531e-22
1.422094014739248531e-22
1.422094014739248531e-22
1.422094014739248531e-22
7.306275556395755798e-23
7.306275534255176290e-23
7.306275534250560124e-23
7.305163974946931906e-23
7.305163755706147040e-23
7.305132453738004580e-23
7.305132453738004580e-23
7.305132453738004580e-23
7.305132453738004580e-23
7.305132453738004580e-23
6.986869553525835920e-23
6.986869553525835920e-23
6.986869553523121703e-23
6.979335485033280574e-23
6.979335485033280574e-23
6.979335485033280574e-23
6.979335485033280574e-23
3.649808942047967190e-23
3.535774774227648965e-23
3.535774774227648965e-23
3.535774774227648965e-23
3.535774774227648965e-23
3.535774774227648965e-23
3.535771896416008412e-23
3.535771896416008412e-23
3.535771896416008412e-23
3.535771896416008412e-23
3.529516651624692060e-23
3.529516651624692060e-23
3.529516651536083296e-23
2.302400418604229101e-23
2.010262619453199441e-23
2.010262619453199441e-23
2.010262619240788787e-23
2.010262034927115413e-23
2.010262034927093079e-23
2.010262034927093079e-23
2.010262034927093079e-23
2.010262034927093079e-23
2.009967028569840299e-23
9.602586237890627235e-24
9.602586237890627235e-24
9.602586237890627235e-24
9.602586237890627235e-24
9.602586237890627235e-24
9.602586237890627235e-24
9.530319065171166124e-24
9.530230480957725222e-24
9.530230474668416083e-24
9.448645885033882646e-24
9.448645885033882646e-24
9.448645885033882646e-24
9.448645885033848850e-24
9.448645885033848850e-24
7.631983626300630066e-24
5.597280624372590857e-24
5.597280624372590857e-24
5.597280624372590857e-24
5.597280624372590857e-24
5.597280624372590857e-24
5.597280624372590857e-24
5.597280624372590857e-24
2.890082845657101417e-24
2.890082824271960480e-24
2.890082824267994288e-24
2.890082824267994288e-24
2.889822411600575017e-24
2.889801565333848983e-24
2.889801522579961214e-24
2.889801522579961214e-24
2.889801522579960479e-24
2.790840694577663874e-24
2.790840694577663874e-24
2.790840694577663874e-24
2.790840694577173106e-24
2.786842868905781281e-24
2.786842868905781281e-24
2.786842868905781281e-24
2.786842868905781281e-24
1.597214608841067619e-24
1.597214608841067619e-24
1.522306748496157305e-24
1.522306748496157305e-24
1.522306748496157305e-24
1.522306748496157305e-24
1.522306748496157305e-24
1.522306748496157305e-24
1.522306748496157305e-24
1.522306083737089022e-24
1.522306083737089022e-24
1.520569028523548831e-24
9.639638065631998270e-25
9.639638065631998270e-25
9.639638065557093566e-25
8.608896669048379529e-25
8.608896666643758897e-25
8.608892106222887940e-25
8.608892106222887940e-25
8.608892106222662025e-25
8.608892106222662025e-25
8.607092243281283329e-25
8.607092243281283329e-25
8.607092243281283329e-25
8.607092243281283329e-25
8.607092243281283329e-25
4.397727368652440954e-25
4.397727368652440954e-25
4.397727368652440954e-25
4.397727368652440954e-25
4.345119222351747996e-25
4.345096275704007792e-25
4.345096274222371550e-25
4.319636857023371350e-25
4.319636857023371350e-25
4.319636857023371350e-25
4.319636857023364921e-25
3.391522630752320606e-25
3.391522630752320606e-25
2.573460183329827071e-25
2.573460183329827071e-25
2.573460183329827071e-25
2.573460183329827071e-25
2.573460183329827071e-25
2.573460183329827071e-25
2.573460183329827071e-25
2.573460111169243834e-25
2.573460111169243834e-25
1.368407690009439349e-25
1.368407690003951030e-25
1.368392138700682956e-25
1.368319385627795801e-25
1.368319374764493227e-25
1.368319374764492997e-25
1.368319374764492997e-25
1.334767226602733010e-25
1.331582105946674554e-25
1.331582105946674554e-25
1.331582105946574224e-25
1.331582105946574224e-25
1.331582105946574224e-25
1.331582105946574224e-25
1.331582105946574224e-25
7.831402606058988996e-26
7.831402606058988996e-26
7.831402606058988996e-26
7.383427685891152991e-26
7.383427685891152991e-26
7.383427685891152991e-26
7.383427685891152991e-26
7.383427685891152991e-26
7.383427685891152991e-26
7.383425913651673235e-26
7.378331513218478994e-26
7.378331513218478994e-26
4.690909270137064726e-26
4.690909270121161688e-26
4.690909270121161688e-26
4.314551346801934112e-26
4.314551344231569351e-26
4.314551344231569351e-26
4.314547533294362858e-26
4.314547533294012162e-26
4.314547533294012162e-26
4.314547533294012162e-26
4.314547533294012162e-26
4.312971652079057158e-26
4.312971652079057158e-26
2.218795341506278998e-26
2.218795341506278998e-26
2.218795341506278998e-26
2.218795341506278998e-26
2.185226944393892932e-26
2.185226944393892932e-26
2.185220366959571281e-26
2.185220366959571281e-26
2.185220366959571281e-26
2.177178390372859878e-26
2.177178390039358126e-26
1.698228657924137472e-26
1.698228657924136898e-26
1.371411375673892303e-26
1.371411375673892303e-26
1.371411375673892303e-26
1.371411375673892303e-26
1.371411375673892303e-26
1.371411375673892303e-26
1.371411375673892303e-26
1.371411375673892303e-26
1.371411307494787180e-26
1.371411307471326655e-26
7.129838353539138391e-27
7.129838353539138391e-27
7.129691167304295249e-27
7.129691167304290944e-27
7.129467332480476317e-27
7.129467306040051176e-27
7.129467306040051176e-27
7.014973454853428291e-27
7.014973454853428291e-27
6.992866578269080099e-27
6.992866578268872034e-27
6.992866578268872034e-27
6.992866578268872034e-27
6.992866578268872034e-27
6.992866578268872034e-27
4.509748277640264315e-27
4.509748277640264315e-27
4.509748277640264315e-27
4.209048771851066881e-27
4.209048771851066881e-27
4.209048771851066881e-27
4.209048771851066881e-27
4.209048771851066881e-27
4.209048771851066881e-27
4.209048255504069079e-27
4.207171543494018868e-27
2.560923981754396012e-27
2.560923981754396012e-27
2.560923981750815503e-27
2.560923981750815503e-27
2.560923981750815503e-27
2.417462117248679694e-27
2.417462114563993803e-27
2.417457943416656981e-27
2.417457943416189552e-27
2.417457943416189552e-27
2.417457943416189552e-27
2.417457943416189552e-27
2.416214002834236810e-27
2.416214002834236810e-27
1.348613080610621427e-27
1.348613080610621427e-27
1.348613080610621427e-27
1.323348121558684286e-27
1.323348121558684286e-27
1.323348121558684286e-27
1.323348121558684286e-27
1.323348121558684286e-27
1.323345958941872397e-27
1.319999640404010218e-27
1.319999640311404344e-27
9.876677804460975672e-28
9.876677804460975672e-28
8.422079611059603913e-28
8.422079611059602120e-28
8.422079611059602120e-28
8.422079611059602120e-28
8.422079611059602120e-28
8.422079611059602120e-28
8.422079611059602120e-28
8.422079611059602120e-28
8.422078714600482838e-28
8.422078714306114199e-28
8.422078714306114199e-28
4.554749680863602880e-28
4.554598629337382045e-28
4.554598629337374871e-28
4.554598629337374871e-28
4.554598629337374871e-28
4.554516733919213672e-28
4.554516725768026867e-28
4.535481757898394890e-28
4.482733044443874647e-28
4.482733044443874647e-28
4.482733044443874647e-28
4.482733044443818146e-28
4.482733044443818146e-28
4.482733044443818146e-28
4.482733044443818146e-28
4.482733044443818146e-28
4.482733044443818146e-28
3.113333670832145576e-28
2.837905950918094581e-28
2.837905950918094581e-28
2.837905950918094581e-28
2.837905950918094581e-28
2.837905950918094581e-28
2.837905773600542419e-28
1.720785823343835069e-28
1.720785823343835069e-28
1.720504520914071944e-28
1.720504520914071944e-28
1.720504520914071944e-28
1.720504520913002473e-28
1.720504516172091618e-28
1.646126326418620752e-28
1.646121462843124757e-28
1.646121462842403481e-28
1.646121462842403481e-28
1.646121462842403481e-28
1.646121462842403481e-28
1.644942342373661810e-28
1.644942342373661810e-28
1.644942342373661810e-28
9.840545392261030572e-29
9.840545392261030572e-29
9.840545392261030572e-29
9.840545392261030572e-29
9.577979845799920262e-29
9.577979845799920262e-29
9.577979845799920262e-29
9.577979845799920262e-29
9.577971288012664678e-29
9.562241580360544924e-29
9.562241580038989526e-29
9.562241580038989526e-29
7.005646327337548325e-29
7.005646327337548325e-29
6.151575475347705316e-29
6.151575475347705316e-29
6.151575475347705316e-29
6.151575475347705316e-29
6.151575475347705316e-29
6.151575475347705316e-29
6.151575475347705316e-29
6.151575474800185495e-29
6.151574272097787606e-29
6.151574272097787606e-29
6.151574272097787606e-29
3.469913127064661837e-29
3.469913127064647263e-29
3.469733874420944088e-29
3.469733874420944088e-29
3.469697970904026400e-29
3.469697967773883803e-29
3.448004278551674484e-29
3.448004278551674484e-29
3.420570899701367164e-29
3.420570899701367164e-29
3.420570899701367164e-29
3.420570899701349228e-29
3.420570899701349228e-29
3.420570899701349228e-29
3.420570899701349228e-29
3.420570899701349228e-29
2.478009479621058741e-29
2.221130907868319109e-29
2.221130907868319109e-29
2.221130907868319109e-29
2.221130907868319109e-29
2.221130907868319109e-29
1.360011393354800618e-29
1.360011393354800618e-29
1.360011366409358284e-29
1.359878622228319883e-29
1.359878622228319883e-29
1.359878614780243102e-29
1.359878614780243102e-29
1.359878614780243102e-29
1.359878614779885771e-29
1.359878614778169461e-29
1.359871827915623104e-29
1.317682489443097888e-29
1.317682489443097888e-29
1.317682489443097888e-29
1.317682489443097888e-29
1.316196332768091520e-29
1.316196332768091520e-29
1.316196332768091520e-29
8.180157830819475412e-30
7.910281347107458290e-30
7.910281347107458290e-30
7.910281347107458290e-30
7.910281347107458290e-30
7.910281347107458290e-30
7.910277484841600604e-30
7.910277484841600604e-30
7.902167737327707379e-30
7.902167737327707379e-30
7.902167737210219713e-30
7.902167737210219713e-30
5.743634248618043412e-30
5.211772342145291637e-30
5.211772342145291637e-30
5.211772342145291637e-30
5.211772342145291637e-30
5.211772342145291637e-30
5.211772342145291637e-30
5.211772342145291637e-30
5.211772341156984556e-30
5.211770575946153335e-30
5.211770575946153335e-30
5.211770575946039830e-30
5.210974888335553033e-30
2.991490326123853242e-30
2.991490326123853242e-30
2.991472667116991079e-30
2.991472667116991079e-30
2.967373723172995118e-30
2.967373721948124685e-30
2.967373721948124685e-30
2.951982225199166747e-30
2.951982225199166747e-30
2.951982225199166747e-30
2.951982225199161141e-30
2.951982225199161141e-30
2.951982225199161141e-30
2.951982225199161141e-30
2.280757092319501536e-30
2.013649960909744048e-30
2.013649960909744048e-30
2.013649960909744048e-30
2.013649960909744048e-30
2.013649960909744048e-30
1.219991077827334118e-30
1.219920396379858460e-30
1.219920396379858460e-30
1.219920384780657715e-30
1.219920384780657715e-30
1.219920372524703062e-30
1.219920372521229944e-30
1.219920372521229944e-30
1.219920372521229944e-30
1.219909624770170934e-30
1.219909624770170934e-30
1.219909624770044467e-30
1.194003107003374442e-30
1.194003107003374092e-30
1.192176916457546407e-30
1.192176916457546407e-30
1.192176916457546407e-30
1.192176916457546407e-30
1.192176916457546407e-30
7.976814923966828307e-31
7.976814923966828307e-31
7.659273607267399326e-31
7.659273607267399326e-31
7.659273607267399326e-31
7.659273607267399326e-31
7.659273607267399326e-31
7.659273607267399326e-31
7.659271669960544405e-31
7.654238943339216579e-31
7.654238943339216579e-31
7.654238943290790332e-31
5.418746740986692340e-31
5.418746740986692340e-31
5.418746740986692340e-31
5.051366047866528605e-31
5.051366047866528605e-31
5.051366047866528605e-31
5.051366045968168556e-31
5.051362782865168775e-31
5.051362782865168775e-31
5.051362782865168775e-31
5.051362782864899025e-31
5.050243793371322889e-31
3.070706923629690466e-31
3.070706923629690466e-31
3.070706923629690466e-31
3.070706923629690466e-31
3.070706923629690466e-31
3.070706923629690466e-31
3.039135017639633608e-31
3.039125266461929485e-31
3.039125266461929485e-31
3.039125265897475954e-31
3.028424749470360239e-31
3.028424749470358488e-31
3.028424749470358488e-31
3.028424749470358488e-31
3.028424749470358488e-31
2.524504387153447965e-31
2.121213887867288522e-31
2.121213887867288522e-31
2.121213887867288522e-31
2.121213887867288522e-31
2.121213887867288522e-31
1.313940371318270933e-31
1.313940343339862811e-31
1.313940343339862811e-31
1.313896478259891967e-31
1.313896472348729407e-31
1.313896472340491086e-31
1.313896472340491086e-31
1.313877806766068179e-31
1.313877806766068179e-31
1.293871517869084110e-31
1.293871517869084110e-31
1.293871517869037035e-31
1.293871517869036598e-31
1.293871517869036598e-31
1.291200624700587253e-31
1.291200624700587253e-31
1.291200624700587253e-31
9.192525722798790141e-32
9.192525722798790141e-32
8.720355386189516088e-32
8.720355386189516088e-32
8.720355386189516088e-32
8.720355386189516088e-32
8.720355386189516088e-32
8.720354282931211058e-32
8.720354282931211058e-32
8.720354282931211058e-32
8.716863096452199844e-32
8.716863096452199844e-32
8.716863096452199844e-32
8.716863096431446394e-32
6.133404688886904401e-32
6.133404688886904401e-32
5.816577631163708021e-32
5.816577631163708021e-32
5.816577626210533960e-32
5.816571148601469020e-32
5.816571148600735528e-32
5.816571148600735528e-32
5.816571148600735528e-32
5.814722421320672515e-32
3.725735093619590236e-32
3.725735093619590236e-32
3.725735093619590236e-32
3.725735093619590236e-32
3.725735093619590236e-32
3.725735093619590236e-32
3.725735093619590236e-32
3.673263647762644784e-32
3.673257389591001608e-32
3.673257389318539375e-32
3.664883721031384710e-32
3.664883721031384710e-32
3.664883721031383615e-32
3.012474725303296340e-32
3.012474725303296340e-32
2.619280366217204917e-32
2.619280366217204917e-32
2.619280366217204917e-32
2.619280366217204917e-32
2.619280366217204917e-32
2.619280366217204917e-32
2.619280366217204917e-32
1.665051979280079753e-32
1.665051912014320832e-32
1.665051911988285692e-32
1.665020965231103675e-32
1.664983612133894629e-32
1.664983608997416994e-32
1.664983608997416994e-32
1.664983608997416994e-32
1.664983608997415078e-32
1.664983608997415078e-32
1.647710279341758315e-32
1.647710279341758315e-32
1.647710279341744631e-32
1.647710279341744631e-32
1.642805886405625653e-32
1.642805886405625653e-32
1.225397315500197864e-32
1.225397315500197864e-32
1.225397315500197864e-32
1.150920797827409994e-32
1.150920797827409994e-32
1.150920797827409994e-32
1.150920797827409994e-32
1.150920797827409994e-32
1.150920797827409994e-32
1.150920734327748393e-32
1.150653523402127802e-32
1.150653523402127802e-32
1.150653523402127802e-32
8.103100719462731827e-33
8.103100719459479008e-33
7.802691251704035344e-33
7.802691238359479648e-33
7.802676712564568620e-33
7.802676712564568620e-33
7.802676712561975397e-33
7.798907065456983059e-33
7.798907065456983059e-33
7.798907065456983059e-33
7.798907065456983059e-33
5.207632632319839246e-33
5.207632632319839246e-33
5.207632632319839246e-33
5.207632632319839246e-33
5.207632632319839246e-33
5.116052425155522643e-33
5.116048413853992591e-33
5.116048413758087122e-33
5.108905880474996783e-33
5.108905880474996783e-33
5.108905880474996783e-33
4.160148751026718582e-33
4.160148751026718582e-33
3.744807489804742021e-33
3.744807489804742021e-33
3.744807489804742021e-33
3.744807489804742021e-33
3.744807489804742021e-33
3.744807489804742021e-33
3.744807489804742021e-33
3.744807065801547517e-33
2.428308606408323917e-33
2.428308606325419802e-33
2.428308606325419802e-33
2.428218566400775362e-33
2.428218566400775362e-33
2.428196818817984729e-33
2.428196817607486598e-33
2.428196817607478730e-33
2.411996210564729881e-33
2.411996210564729881e-33
2.402582940799685395e-33
2.402582940799683684e-33
2.402582940799683684e-33
2.402582940799683684e-33
2.402582940799683684e-33
2.402582940799683684e-33
1.896984982786108322e-33
1.896984982786108322e-33
1.763532595999438431e-33
1.763532595999438431e-33
1.763532595999438431e-33
1.763532595999438431e-33
1.763532595999438431e-33
1.763532595999438431e-33
1.763532595999438431e-33
1.763532568946057860e-33
1.763325243884004306e-33
1.236647965966843682e-33
1.236647965966843682e-33
1.236647965966807418e-33
1.205528854596770961e-33
1.205528850627212288e-33
1.205524920992386330e-33
1.205524920991459714e-33
1.205524920991459714e-33
1.205524920991459714e-33
1.204718331821101606e-33
1.204718331821101606e-33
1.204718331821101606e-33
1.204718331821101606e-33
8.536626730921287571e-34
8.536626730921287571e-34
8.536626730921287571e-34
8.351504210605574837e-34
8.351504210605574837e-34
8.351502270975142621e-34
8.351502270975142621e-34
8.351502270975142621e-34
8.345209191371222820e-34
8.345209191359021328e-34
6.694964705430670614e-34
6.694964705430670614e-34
6.208150977906972385e-34
6.208150977906972385e-34
6.208150977906972385e-34
6.208150977906972385e-34
6.208150977906972385e-34
6.208150977906972385e-34
6.208150977906972385e-34
6.208150977906972385e-34
6.208149657276992781e-34
6.208149657276992781e-34
6.208149656601742083e-34
4.192274102650411034e-34
4.192033508412591076e-34
4.192033508412556009e-34
4.192021746942474701e-34
4.192021746769965486e-34
4.176021425782649379e-34
4.154731549255162385e-34
4.154731549255162385e-34
4.154731549255162385e-34
4.154731549255162385e-34
4.154731549255162385e-34
4.154731549255162385e-34
4.154731549255162385e-34
3.455123086948467826e-34
3.166356600309755750e-34
3.166356600309755750e-34
3.166356600309755750e-34
3.166356600309755750e-34
3.166356600309755750e-34
3.166356600309755750e-34
3.166356596139689006e-34
2.246985260877102439e-34
2.246924180945743772e-34
2.246924180945743772e-34
2.246924180945743345e-34
2.212633737104478549e-34
2.212633721949596451e-34
2.212633721949596451e-34
2.212621853815208964e-34
2.212621853811318274e-34
2.212621853811318274e-34
2.212621853811318274e-34
2.210569822082695686e-34
2.210569822082695686e-34
2.210569822082695259e-34
1.660200253110034160e-34
1.660200253110034160e-34
1.614157722902647952e-34
1.614157722902647952e-34
1.614157722902647952e-34
1.614157722902647952e-34
1.614157688256861843e-34
1.613730899989163328e-34
1.613730899989149216e-34
1.613730899989149216e-34
1.285830196727205692e-34
1.285830196727205692e-34
1.224876527224939294e-34
1.224876527224939294e-34
1.224876527224939294e-34
1.224876527224939294e-34
1.224876527224939294e-34
1.224876527224939294e-34
1.224876066323034760e-34
1.224876066025133323e-34
1.224876066025133323e-34
8.645359526356460209e-35
8.644586632139632993e-35
8.644586632139444830e-35
8.644586632139444830e-35
8.644584240638882516e-35
8.644584240636606390e-35
8.584333467077041327e-35
8.572129198901990305e-35
8.572129198901990305e-35
8.572129198901990305e-35
8.572129198901990305e-35
8.572129198901990305e-35
8.572129198901990305e-35
7.532353562984184011e-35
7.532353562984184011e-35
6.808168932210171060e-35
6.808168932210171060e-35
6.808168932210171060e-35
4.910335998393631025e-35
4.910335998362517906e-35
4.910322050749290474e-35
4.910322050749290474e-35
4.910321983834705843e-35
4.910321983834705843e-35
4.910321983834705843e-35
4.880329785199540077e-35
4.880286169569348985e-35
4.880286169547900583e-35
4.880286169547900583e-35
4.880286169547900583e-35
4.873683497478324991e-35
4.873683497478323921e-35
4.873683497478323921e-35
3.925638421618539498e-35
3.925638421618539498e-35
3.925638421618539498e-35
3.788915054992204964e-35
3.788915054992204964e-35
3.788915054992204964e-35
3.788915054992204964e-35
3.788915054992204964e-35
3.788915054399977501e-35
3.788802588450505259e-35
3.788802588450505259e-35
3.788802588450505259e-35
2.999758290852342334e-35
2.937868845110739453e-35
2.937868845110739453e-35
2.937868845110739453e-35
2.937868845110739453e-35
2.937868845110739453e-35
2.937868845110739453e-35
2.937868843574283554e-35
2.937866840622407674e-35
2.208383127210818149e-35
2.208383127210677829e-35
2.208383127210677829e-35
2.208049454672783017e-35
2.208049454672783017e-35
2.208049449832172261e-35
2.187072193145799692e-35
2.187072193145799692e-35
2.187072193145799692e-35
2.186692933893607116e-35
2.186692933893607116e-35
2.186692933893607116e-35
2.186692933893607116e-35
2.186692933893607116e-35
2.186692933893607116e-35
2.055361054185127138e-35
1.822912066567527389e-35
1.822912066567527389e-35
1.822912066567527389e-35
1.822912066567527389e-35
1.358412348882294413e-35
1.358412315765949051e-35
1.358412315765948784e-35
1.358412277080644771e-35
1.358412277080644771e-35
1.358412277065745978e-35
1.358389918279691505e-35
1.358389918279691505e-35
1.358389918279691505e-35
1.357286566569043665e-35
1.357286566569043665e-35
1.357286566569042328e-35
1.354556014400054096e-35
1.354556014400054096e-35
1.354556014400054096e-35
1.354556014400054096e-35
1.207488924736235944e-35
1.151346358450001740e-35
1.151346358450001740e-35
1.151346358450001740e-35
1.151346358449990247e-35
1.151346358449990247e-35
1.151346358449990247e-35
1.151346036256668824e-35
1.151346036256668824e-35
1.151346036256668824e-35
9.107932077009173607e-36
9.107932077009173607e-36
9.107932077009173607e-36
9.080161806657031620e-36
9.080161806657031620e-36
9.080161795569763476e-36
9.080149135472200946e-36
9.080149135472200946e-36
9.080149135470074761e-36
9.077131660293160181e-36
7.658759651490780329e-36
7.658759651490780329e-36
7.658759651490780329e-36
7.548433721179107827e-36
7.548433721177898401e-36
7.548433721177898401e-36
7.548433721177898401e-36
7.548433721177898401e-36
7.548433721177898401e-36
7.548419702772551553e-36
7.548419702772551553e-36
6.536901977978583967e-36
6.477737860998850739e-36
6.477737860998850739e-36
6.477737860998850739e-36
6.477737860998850739e-36
5.307497030545933527e-36
5.307497030545933527e-36
5.307496639788929642e-36
5.307496639778125659e-36
5.307496639778125659e-36
5.307496639606315666e-36
5.307496639606315666e-36
5.307314030879858535e-36
5.307261735451137187e-36
5.307261735451137187e-36
5.307261735451137187e-36
5.307261735451120482e-36
5.288946724172943876e-36
5.288946724172943876e-36
5.288946724172943876e-36
5.171354743452108840e-36
5.171354743452108840e-36
5.171354743452108840e-36
4.837541317990377002e-36
4.837541317990377002e-36
4.837541317990377002e-36
4.837541317990377002e-36
4.837541317868816990e-36
4.837541317868816990e-36
4.026704802108852843e-36
4.026704802108852843e-36
4.026704802108852843e-36
4.026535894750930900e-36
4.026535894750930900e-36
4.026535894750930900e-36
4.026535880324962681e-36
4.026522561158836318e-36
4.026522561155678446e-36
4.023916607237953783e-36
3.871922243021015433e-36
3.871922243021015433e-36
3.871922243021015433e-36
3.871922243021015433e-36
3.871922243021015433e-36
3.779641472284678258e-36
3.779641472284678258e-36
3.779641472284678258e-36
3.779641471533533150e-36
3.779641471533533150e-36
3.779641471533533150e-36
3.313745226771971265e-36
3.313269300848713227e-36
3.313269300848713227e-36
3.313269300848713227e-36
3.313269300848713227e-36
3.143743883760107056e-36
3.143743150283379357e-36
3.143743150283379357e-36
3.143743149884530029e-36
3.143743149884530029e-36
3.143461702136930074e-36
3.143461702136930074e-36
3.143461702136930074e-36
3.143461702136887310e-36
3.143461698216115878e-36
3.143461698216115878e-36
3.143461698216115878e-36
3.122301381917239206e-36
3.122301381917239206e-36
3.122301381917239206e-36
3.121001591118274200e-36
2.901721828449401096e-36
2.901721828449401096e-36
2.901721828449401096e-36
2.901721828449401096e-36
2.901721828449401096e-36
2.901721828449401096e-36
2.901721828449401096e-36
2.743285622947805987e-36
2.743285622947805987e-36
2.743285622947805987e-36
2.743285606192747501e-36
2.743285570367540873e-36
2.743258409815221520e-36
2.743258409805523059e-36
2.739264851439271136e-36
2.736995715612124397e-36
2.736995715612124397e-36
2.736995715612124397e-36
2.736995715612123729e-36
2.736995715612123729e-36
2.653883667659194647e-36
2.653883667659194647e-36
2.653883667659194647e-36
2.653883667659194647e-36
2.653883667659194647e-36
2.653883667659194647e-36
2.534258885871121020e-36
2.534258826373150490e-36
2.534258826373150490e-36
2.534258826373150490e-36
2.534258826373150490e-36
2.534258826373150490e-36
2.534256732360818926e-36
2.531017983811124665e-36
2.531017982427971600e-36
2.530415282347953702e-36
2.530415282347953702e-36
2.530415282347953702e-36
2.530415282347769615e-36
2.530415282347769615e-36
2.530415282347769615e-36
2.530415282347769615e-36
2.505611455397309774e-36
2.505611455397309774e-36
2.505611455397309774e-36
2.505611276432038086e-36
2.434975316212592229e-36
2.434975316212592229e-36
2.434975316212592229e-36
2.434975316212592229e-36
2.434975316212592229e-36
2.434975316212592229e-36
2.434975316212592229e-36
2.431319665289541527e-36
2.431319665289541527e-36
2.431319541661697554e-36
2.431249048982472388e-36
2.431249048941716401e-36
2.431249048941716401e-36
2.425562154689321979e-36
2.425562154689321979e-36
2.425562154689321979e-36
2.425562154689319307e-36
2.425561774137506397e-36
2.393794785297642107e-36
2.393794785297642107e-36
2.393794785297642107e-36
2.393794785297642107e-36
2.393794785297642107e-36
2.390636951217050404e-36
2.390636951217050404e-36
2.390636951217050404e-36
2.390636951217050404e-36
2.390636951217050404e-36
2.390636951217050404e-36
2.390630794127580267e-36
2.390630788706443345e-36
2.390630788706443345e-36
2.390630171979397756e-36
2.390630171979397756e-36
2.389654652918953077e-36
2.389654652918072067e-36
2.389654652918072067e-36
2.379020197715252812e-36
2.379020197715252812e-36
2.379020197715252812e-36
2.379020197715252812e-36
2.379020197715252812e-36
2.379020197715252812e-36
2.376989041303363183e-36
2.376989041303363183e-36
2.376989041303363183e-36
2.376989041303363183e-36
2.376988295680849278e-36
2.376988295680849278e-36
2.376987905237637325e-36
2.376987905237637325e-36
2.376865646998194053e-36
2.376865646998194053e-36
2.376865646827063945e-36
2.376865646827063945e-36
2.376865646827063945e-36
2.374263476912936585e-36
2.374263476912922887e-36
2.374263476912922553e-36
2.373307031703793322e-36
2.373307031703793322e-36
2.373307031703793322e-36
2.373307031703793322e-36
2.373307031703793322e-36
2.373306367451303775e-36
2.373306367451303775e-36
2.373306367451303775e-36
2.373306367451303775e-36
2.373306367451303775e-36
2.373306367451303775e-36
2.373306367451303775e-36
2.373295356396475240e-36
2.373295338742577342e-36
2.373295338742576340e-36
2.372835530816277116e-36
2.372835530812459071e-36
2.372835530812459071e-36
2.372508824209448640e-36
2.372508824209448306e-36
2.372508824209448306e-36
2.372508824209448306e-36
2.372508824209448306e-36
2.372508824209448306e-36
2.372508824209448306e-36
2.372508392123293274e-36
2.372508392123293274e-36
2.372508392123293274e-36
2.372508392123291938e-36
2.372508392123291938e-36
2.372507686304444378e-36
2.372507685741060992e-36
2.372449445932817659e-36
2.372449445932817659e-36
2.372449445932817659e-36
2.372449445932817659e-36
2.372449445932817659e-36
2.372368930011959082e-36
2.372368930011899613e-36
2.372368930011899613e-36
2.372368930011899613e-36
2.372368930011899613e-36
2.372368725848271642e-36
2.372368725848271642e-36
2.372368725848271642e-36
2.372368725848271642e-36
2.372368725848271642e-36
2.372368725848270640e-36
2.372368725848270640e-36
2.372368725848270640e-36
2.372368725848270640e-36
2.372368725848270640e-36
2.372368725848270640e-36
2.372368693839027653e-36
2.372363432993540337e-36
2.372363432980931235e-36
2.372349176336203920e-36
2.372349176336203920e-36
2.372349176336203920e-36
2.372349176336203586e-36
2.372349106532840131e-36
2.372349106532840131e-36
2.372349106532840131e-36
2.372349106532840131e-36
2.372349106532839797e-36
2.372349106532839797e-36
2.372349106532839797e-36
2.372349106532839797e-36
2.372349106532839797e-36
2.372349106532839797e-36
2.372348769087207414e-36
2.372348769087207414e-36
2.372348768065045301e-36
2.372346961421190975e-36
2.372346961421190975e-36
2.372346961420993858e-36
2.372346961420993858e-36
2.372346944214369102e-36
2.372346944214369102e-36
2.372346944214369102e-36
2.372346944214369102e-36
2.372346944214369102e-36
2.372346944214369102e-36
2.372346944214368768e-36
2.372346944214368768e-36
2.372346944214368768e-36
2.372346944214368768e-36
2.372346944214368768e-36
2.372346944214368768e-36
2.372346944214368768e-36
2.372346928909266428e-36
2.372346765698435601e-36
2.372346765698435601e-36
2.372346765675555065e-36
2.372346762628709203e-36
2.372346762628709203e-36
2.372346762628709203e-36
2.372346762628706865e-36
2.372346762628706865e-36
2.372346762628706865e-36
2.372346762628706865e-36
2.372346762628706865e-36
2.372346762628706865e-36
2.372346762628706865e-36
2.372346762628706865e-36
2.372346762628706865e-36
2.372346762628706865e-36
2.372346762628706865e-36
2.372346752159748424e-36
2.372346752159748424e-36
2.372346751670997314e-36
2.372346751670997314e-36
2.372346751284889390e-36
2.372346751284531574e-36
2.372346751284531574e-36
2.372346751284531574e-36
2.372346751284531574e-36
2.372346751284531574e-36
2.372346751284531574e-36
2.372346751284531574e-36
2.372346751284531574e-36
2.372346751284531574e-36
2.372346751284531574e-36
2.372346751284531574e-36
2.372346751284531574e-36
2.372346751284531574e-36
2.372346751284531574e-36
2.372346750809703564e-36
2.372346750774822648e-36
2.372346750763882354e-36
2.372346750763882354e-36
2.372346750763878679e-36
2.372346750763878679e-36
2.372346750763878679e-36
2.372346750763878679e-36
2.372346750763878679e-36
2.372346750763878679e-36
2.372346750763878679e-36
2.372346750763878679e-36
2.372346750763878679e-36
2.372346750763878679e-36
2.372346750763878679e-36
2.372346750763878679e-36
2.372346750761640907e-36
2.372346750746477978e-36
2.372346750746477978e-36
2.372346750746477978e-36
2.372346750746307255e-36
2.372346750746307255e-36
2.372346750746307255e-36
2.372346750746307255e-36
2.372346750746307255e-36
2.372346750746307255e-36
2.372346750746307255e-36
2.372346750746307255e-36
2.372346750746307255e-36
2.372346750746307255e-36
2.372346750746307255e-36
2.372346750746307255e-36
2.372346750746205690e-36
2.372346750746205690e-36
2.372346750745866249e-36
2.372346750745866249e-36
2.372346750745866249e-36
2.372346750745866249e-36
2.372346750745866249e-36
2.372346750745864245e-36
2.372346750745864245e-36
2.372346750745864245e-36
2.372346750745864245e-36
2.372346750745864245e-36
2.372346750745864245e-36
2.372346750745864245e-36
2.372346750745864245e-36
2.372346750745864245e-36
2.372346750745864245e-36
2.372346750745860904e-36
2.372346750745860904e-36
2.372346750745860904e-36
2.372346750745855892e-36
2.372346750745855892e-36
2.372346750745855892e-36
2.372346750745855892e-36
2.372346750745855892e-36
2.372346750745855892e-36
2.372346750745855892e-36
2.372346750745855892e-36
2.372346750745855892e-36
2.372346750745855892e-36
2.372346750745855892e-36
2.372346750745855892e-36
2.372346750745855892e-36
2.372346750745855892e-36
2.372346750745855892e-36
2.372346750745855892e-36
2.372346750745855892e-36
2.372346750745855892e-36
2.372346750745855892e-36
2.372346750745855892e-36
2.372346750745855892e-36
2.372346750745855892e-36
2.372346750745855892e-36
2.372346750745855892e-36
2.372346750745855892e-36
2.372346750745855892e-36
2.372346750745855892e-36
2.372346750745855892e-36
2.372346750745855892e-36
2.372346750745855892e-36
2.372346750745855892e-36
2.372346750745855892e-36
2.372346750745855892e-36
2.372346750745855892e-36
2.372346750745855892e-36
2.372346750745855892e-36
2.372346750745855892e-36
2.372346750745855892e-36
2.372346750745855892e-36
2.372346750745855892e-36
2.372346750745855892e-36
2.372346750745855892e-36
2.372346750745855892e-36
2.372346750745855892e-36
2.372346750745855892e-36
2.372346750745855892e-36
2.372346750745855892e-36
2.372346750745855892e-36
2.372346750745855892e-36
2.372346750745855892e-36
2.372346750745855892e-36
2.372346750745855892e-36
2.372346750745855892e-36
2.372346750745855892e-36
2.372346750745855892e-36
2.372346750745855892e-36
2.372346750745855892e-36
2.372346750745855892e-36
2.372346750745855892e-36
2.372346750745855892e-36
2.372346750745855892e-36
2.372346750745855892e-36
2.372346750745855892e-36
2.372346750745855892e-36
2.372346750745855892e-36
2.372346750745855892e-36
2.372346750745855892e-36
2.372346750745855892e-36
2.372346750745855892e-36
2.372346750745855892e-36
2.372346750745855892e-36
2.372346750745855892e-36
2.372346750745855892e-36
2.372346750745855892e-36
2.372346750745855892e-36
2.372346750745855892e-36
2.372346750745855892e-36
2.372346750745855892e-36
2.372346750745855892e-36
2.372346750745855892e-36
2.372346750745855892e-36
2.372346750745855892e-36
2.372346750745855892e-36
2.372346750745855892e-36
2.372346750745855892e-36
2.372346750745855892e-36
2.372346750745855892e-36
2.372346750745855892e-36
2.372346750745855892e-36
2.372346750745855892e-36
2.372346750745855892e-36
2.372346750745855892e-36
2.372346750745855892e-36
2.372346750745855892e-36
2.372346750745855892e-36
2.372346750745855892e-36
2.372346750745855892e-36
2.372346750745855892e-36
2.372346750745855892e-36
2.372346750745855892e-36
2.372346750745855892e-36
2.372346750745855892e-36
2.372346750745855892e-36
2.372346750745855892e-36
2.372346750745855892e-36
2.372346750745855892e-36
2.372346750745855892e-36
2.372346750745855892e-36
2.372346750745855892e-36
2.372346750745855892e-36
2.372346750745855892e-36
2.372346750745855892e-36
2.372346750745855892e-36
2.372346750745855892e-36
2.372346750745855892e-36
2.372346750745855892e-36
2.372346750745855892e-36
2.372346750745855892e-36
2.372346750745855892e-36
2.372346750745855892e-36
2.372346750745855892e-36
2.372346750745855892e-36
2.372346750745855892e-36
2.372346750745855892e-36
2.372346750745855892e-36
2.372346750745855892e-36
2.372346750745855892e-36
2.372346750745855892e-36
2.372346750745855892e-36
2.372346750745855892e-36
2.372346750745855892e-36
2.372346750745855892e-36
2.372346750745855892e-36
2.372346750745855892e-36
2.372346750745855892e-36
2.372346750745855892e-36
2.372346750745855892e-36
2.372346750745855892e-36
2.372346750745855892e-36
2.372346750745855892e-36
2.372346750745855892e-36
2.372346750745855892e-36
2.372346750745855892e-36
2.372346750745855892e-36
2.372346750745855892e-36
2.372346750745855892e-36
2.372346750745855892e-36
2.372346750745855892e-36
2.372346750745855892e-36
2.372346750745855892e-36
2.372346750745855892e-36
2.372346750745855892e-36
2.372346750745855892e-36
2.372346750745855892e-36
2.372346750745855892e-36
2.372346750745855892e-36
2.372346750745855892e-36
2.372346750745855892e-36
2.372346750745855892e-36
2.372346750745855892e-36
2.372346750745855892e-36
2.372346750745855892e-36
2.372346750745855892e-36
2.372346750745855892e-36
2.372346750745855892e-36
2.372346750745855892e-36
2.372346750745855892e-36
2.372346750745855892e-36
2.372346750745855892e-36
2.372346750745855892e-36
2.372346750745855892e-36
2.372346750745855892e-36
2.372346750745855892e-36
2.372346750745855892e-36
2.372346750745855892e-36
2.372346750745855892e-36
2.372346750745855892e-36
2.372346750745855892e-36
2.372346750745855892e-36
2.372346750745855892e-36
2.372346750745855892e-36
2.372346750745855892e-36
2.372346750745855892e-36
2.372346750745855892e-36
2.372346750745855892e-36
2.372346750745855892e-36
2.372346750745855892e-36
2.372346750745855892e-36
2.372346750745855892e-36
2.372346750745855892e-36
2.372346750745855892e-36
2.372346750745855892e-36
2.372346750745855892e-36
2.372346750745855892e-36
2.372346750745855892e-36
2.372346750745855892e-36
2.372346750745855892e-36
2.372346750745855892e-36
2.372346750745855892e-36
2.372346750745855892e-36
2.372346750745855892e-36
2.372346750745855892e-36
2.372346750745855892e-36
2.372346750745855892e-36
2.372346750745855892e-36
2.372346750745855892e-36
2.372346750745855892e-36
2.372346750745855892e-36
2.372346750745855892e-36
2.372346750745855892e-36
2.372346750745855892e-36
2.372346750745855892e-36
2.372346750745855892e-36
2.372346750745855892e-36
2.372346750745855892e-36
2.372346750745855892e-36
2.372346750745855892e-36
2.372346750745855892e-36
2.372346750745855892e-36
2.372346750745855892e-36
2.372346750745855892e-36
2.372346750745855892e-36
2.372346750745855892e-36
2.372346750745855892e-36
2.372346750745855892e-36
2.372346750745855892e-36
2.372346750745855892e-36
2.372346750745855892e-36
2.372346750745855892e-36
