1.000000000000018874e+00
1.000000000000010658e+00
1.000000000000009992e+00
1.000000000000007772e+00
1.000000000000002220e+00
9.999999999999990008e-01
9.999999999999986677e-01
9.999999999999910072e-01
9.999999999999862332e-01
9.999999999999863443e-01
9.999999999999297229e-01
9.999999999999241718e-01
9.999999999999235056e-01
9.999999999999225064e-01
9.999999999999226175e-01
9.999999999999226175e-01
9.999999999995564659e-01
9.999999999995332622e-01
9.999999999995283773e-01
9.999999999995258237e-01
9.999999999995256017e-01
9.999999999995256017e-01
9.999999999976328935e-01
9.999999999975786036e-01
9.999999999974702458e-01
9.999999999974663600e-01
9.999999999974625853e-01
9.999999999974625853e-01
9.999999999892249525e-01
9.999999999892249525e-01
9.999999999877103862e-01
9.999999999876465484e-01
9.999999999873514511e-01
9.999999999873507850e-01
9.999999999873466772e-01
9.999999999476938406e-01
9.999999999417175101e-01
9.999999999411499640e-01
9.999999999411500751e-01
9.999999999405572160e-01
9.999999999405430051e-01
9.999999999405430051e-01
9.999999999405396744e-01
9.999999997629585025e-01
9.999999997546895614e-01
9.999999997389589224e-01
9.999999997386972428e-01
9.999999997378804517e-01
9.999999997378804517e-01
9.999999997378798966e-01
9.999999990405554762e-01
9.999999989539946066e-01
9.999999989539944956e-01
9.999999989539944956e-01
9.999999989501359154e-01
9.999999989144364720e-01
9.999999989144187085e-01
9.999999989136737488e-01
9.999999989136737488e-01
9.999999989136736378e-01
9.999999961161426532e-01
9.999999958377082665e-01
9.999999958098885200e-01
9.999999958098886310e-01
9.999999957533383110e-01
9.999999957529627226e-01
9.999999957529622785e-01
9.999999957525110839e-01
9.999999852254953803e-01
9.999999849571303834e-01
9.999999843100663144e-01
9.999999843043209102e-01
9.999999843043207992e-01
9.999999842423877849e-01
9.999999842423877849e-01
9.999999842423693552e-01
9.999999521731149921e-01
9.999999456718801083e-01
9.999999456718786650e-01
9.999999456718785540e-01
9.999999456013776156e-01
9.999999443320368719e-01
9.999999443315373826e-01
9.999999442836177144e-01
9.999999442836177144e-01
9.999999442836176033e-01
9.999998322425193154e-01
9.999998152442005628e-01
9.999998147804128878e-01
9.999998147804114446e-01
9.999998147700247531e-01
9.999998129326631569e-01
9.999998129326631569e-01
9.999998129326556073e-01
9.999998129062253049e-01
9.999994497462360021e-01
9.999994438289652177e-01
9.999994072230797837e-01
9.999994072230798947e-01
9.999994070761777376e-01
9.999994070761777376e-01
9.999994051657328242e-01
9.999994051657322691e-01
9.999994051654575999e-01
9.999985998463385428e-01
9.999982700193027485e-01
9.999982700191752949e-01
9.999982700191751839e-01
9.999982680249700495e-01
9.999982025824837306e-01
9.999982025751412706e-01
9.999982025751412706e-01
9.999982011594171771e-01
9.999982011594171771e-01
9.999982011594170661e-01
9.999982011594156228e-01
9.999955858928784025e-01
9.999949181159466516e-01
9.999949063338788857e-01
9.999949063337867372e-01
9.999949061781012727e-01
9.999948177055403287e-01
9.999948177055403287e-01
9.999948177054739373e-01
9.999948169566343914e-01
9.999948169566343914e-01
9.999873011495291619e-01
9.999870861009786394e-01
9.999859296331279346e-01
9.999859296331279346e-01
9.999859275875286890e-01
9.999859275875288001e-01
9.999858413430048332e-01
9.999858413429785209e-01
9.999858413406768065e-01
9.999858413406768065e-01
9.999700264611520728e-01
9.999652064040988053e-01
9.999652063996795626e-01
9.999652063996796736e-01
9.999651770480864066e-01
9.999634354013106075e-01
9.999634354013106075e-01
9.999634353445536750e-01
9.999634353445536750e-01
9.999633780873360411e-01
9.999633780873360411e-01
9.999633780873314892e-01
9.999633780873158351e-01
9.999198054945845904e-01
9.999121067293814669e-01
9.999119616240113029e-01
9.999119616218398177e-01
9.999119605425024204e-01
9.999100373715557044e-01
9.999100373715558154e-01
9.999100373709248757e-01
9.999100121896475901e-01
9.999100121896475901e-01
9.999100121896475901e-01
9.998037150330129075e-01
9.998021471245588376e-01
9.997908060675742004e-01
9.997908060675742004e-01
9.997908060675739783e-01
9.997907943747441628e-01
9.997907943747442738e-01
9.997892998977404577e-01
9.997892998795256947e-01
9.997892998790570696e-01
9.997892998790570696e-01
9.996221282117767615e-01
9.995435446742393371e-01
9.995435446742392260e-01
9.995435445660230123e-01
9.995434163134213623e-01
9.995288610964917497e-01
9.995288610964917497e-01
9.995288607108065992e-01
9.995288607108067103e-01
9.995280445192843422e-01
9.995280445192843422e-01
9.995280445192239460e-01
9.995280445191596641e-01
9.991150365583384430e-01
9.991115340046046178e-01
9.990030246358795329e-01
9.990030245882068893e-01
9.990030180810380855e-01
9.989885712088714120e-01
9.989885712088714120e-01
9.989885712088714120e-01
9.989885712066246537e-01
9.989882532384543046e-01
9.989882532384543046e-01
9.989882532384543046e-01
9.981006207113032325e-01
9.980909311693236807e-01
9.979422537603060972e-01
9.979422537603060972e-01
9.979421857957069264e-01
9.979421857957068154e-01
9.979421857957068154e-01
9.979315311874084049e-01
9.979315311244828512e-01
9.979315311147667344e-01
9.979315311147667344e-01
9.970065316570670966e-01
9.961453573440002263e-01
9.961453573440001152e-01
9.961453555003364491e-01
9.961444359945381688e-01
9.959706162905321847e-01
9.959706162905321847e-01
9.959706162905321847e-01
9.959706149743360326e-01
9.959706149743360326e-01
9.959649728812889347e-01
9.959649728812889347e-01
9.959649728811592606e-01
9.959649728798822821e-01
9.936750024037674933e-01
9.936386816437495773e-01
9.926273881639630092e-01
9.926273643272244263e-01
9.926273636931925992e-01
9.924668440439269324e-01
9.924668440439269324e-01
9.924668440439269324e-01
9.924668440391164470e-01
9.924647164760047602e-01
9.924647164760047602e-01
9.924647164760047602e-01
9.924647164760047602e-01
9.878959607698356571e-01
9.878028728537214809e-01
9.866515894990277591e-01
9.866515894990277591e-01
9.866513571855843878e-01
9.866513571855815012e-01
9.866513571855816123e-01
9.865395184121825700e-01
9.865395182791740769e-01
9.865395181654575962e-01
9.865395181654575962e-01
9.818534508577546616e-01
9.782504271293640530e-01
9.782504271293637199e-01
9.782504105949813011e-01
9.782466731976467988e-01
9.770958142269841051e-01
9.770958142269841051e-01
9.770958142269841051e-01
9.770958115278337575e-01
9.770958115278337575e-01
9.770958115278334244e-01
9.770404535538628199e-01
9.770404535538628199e-01
9.770404535538628199e-01
9.770404535535023305e-01
9.770404535395840195e-01
9.668944348983613546e-01
9.668088484842954911e-01
9.634499417184935188e-01
9.634498934927945291e-01
9.634498894192278229e-01
9.625500697926646643e-01
9.625500697926646643e-01
9.625500697926646643e-01
9.625500697804475481e-01
9.625316030430727254e-01
9.625316030430727254e-01
9.625316030430727254e-01
9.451648009934823236e-01
9.451648009934822126e-01
9.449833037472299413e-01
9.418629715041106909e-01
9.418629715041106909e-01
9.418625775493658647e-01
9.418625775493392194e-01
9.418625775493393304e-01
9.413497558441186186e-01
9.413497555529500849e-01
9.413497549952239973e-01
9.413497549952239973e-01
9.413497549952239973e-01
9.287913964555423174e-01
9.145746882049110571e-01
9.145746882049109461e-01
9.145745914737517523e-01
9.145701330288157349e-01
9.119446401922215450e-01
9.119446401922215450e-01
9.119446401922215450e-01
9.119446351434286058e-01
9.119446351434286058e-01
9.119446351434264963e-01
9.119446351434264963e-01
9.117383241825143259e-01
9.117383241825143259e-01
9.117383241821256368e-01
9.117383241270050620e-01
8.867467057386101414e-01
8.865856686967286127e-01
8.739275333451557159e-01
8.739274584175136251e-01
8.739274364429103770e-01
8.721270803573036856e-01
8.721270803573036856e-01
8.721270803573036856e-01
8.721270803456311338e-01
8.720683518124068279e-01
8.720683518124068279e-01
8.720683518124068279e-01
8.334388159615263580e-01
8.334388159615262470e-01
8.331068958092027188e-01
8.331068958092027188e-01
8.331068958092027188e-01
8.224074855796811301e-01
8.224068984493747569e-01
8.224068984492850509e-01
8.224068984492850509e-01
8.214532817679272014e-01
8.214532815057857817e-01
8.214532786592549929e-01
8.214532786592549929e-01
8.214532786592549929e-01
8.050946350068267643e-01
7.686274375275671256e-01
7.686274375275670145e-01
7.686270082579094165e-01
7.686178758300259428e-01
7.604390345100288107e-01
7.604390345100288107e-01
7.604390300379705314e-01
7.604390300379705314e-01
7.604390300379705314e-01
7.604390300379637591e-01
7.604390300379637591e-01
7.600670426637313737e-01
7.600670426637313737e-01
7.600670426637313737e-01
7.600670426635034449e-01
7.600670423946123133e-01
7.252134869184272414e-01
7.248077017159364477e-01
6.941168236905704836e-01
6.941167469886686536e-01
6.941166713104023334e-01
6.889378654510116551e-01
6.889378654510116551e-01
6.889378654510116551e-01
6.889378654441594696e-01
6.888344482190151830e-01
6.888344482190151830e-01
6.888344482190151830e-01
6.356877835104837171e-01
6.356877835104836061e-01
6.348406292807731166e-01
6.348406292807731166e-01
6.348406292807731166e-01
6.122709498904485015e-01
6.122703883739940567e-01
6.122703883739941677e-01
6.122703883735091113e-01
6.122703883735091113e-01
6.097003023134800470e-01
6.097003021604037176e-01
6.097002939492898177e-01
6.097002939492898177e-01
6.097002939492898177e-01
5.872538318824459536e-01
5.418687386640510528e-01
5.418687386640508308e-01
5.418676287389757595e-01
5.418566210117949922e-01
5.270012699320358873e-01
5.270012699320358873e-01
5.270012673064113917e-01
5.270012673064113917e-01
5.270012673064113917e-01
5.270012673063783071e-01
5.270012673063783071e-01
5.260537534397377035e-01
5.260537534397377035e-01
5.260537534397377035e-01
5.260537534395687276e-01
5.260537527000860303e-01
4.820550239861544628e-01
4.817617362378182611e-01
4.501041304345569927e-01
4.501040818653430642e-01
4.501039375492053018e-01
4.419863884954099431e-01
4.419863884954099431e-01
4.419863884954099431e-01
4.419863884954099431e-01
4.419863884905385620e-01
4.417431160740008522e-01
4.417431160740008522e-01
4.417431160740008522e-01
3.829182626748153795e-01
3.829182626748152685e-01
3.824112451149966341e-01
3.824112451149966341e-01
3.824112451149966341e-01
3.636135663768479964e-01
3.636132619266094212e-01
3.636132619253262810e-01
3.636132619253262810e-01
3.636132619253262810e-01
3.636132619253262810e-01
3.602197453489950907e-01
3.602197452508564823e-01
3.602197333503875387e-01
3.602197333503875387e-01
3.602197333503875387e-01
3.437552445336028439e-01
2.958943481890259353e-01
2.958943481890259353e-01
2.958925704498374665e-01
2.958885906141880962e-01
2.856350031616992635e-01
2.856350031616992635e-01
2.856350016855077611e-01
2.856350016855077611e-01
2.856350016855077611e-01
2.856350016854407037e-01
2.856350016854407037e-01
2.846075910768333106e-01
2.846075910768333106e-01
2.846075910768333106e-01
2.846075910767776329e-01
2.846075901925972373e-01
2.546564383624713712e-01
2.545020617860527801e-01
2.224937664559698824e-01
2.224937451488626095e-01
2.224935337683406622e-01
2.176816718120253569e-01
2.176816718120253569e-01
2.176816718120253569e-01
2.176816718120253569e-01
2.176816718106344695e-01
2.174619369402549518e-01
2.174619369402549518e-01
2.174619369402549518e-01
1.805235180121227967e-01
1.805235180121225746e-01
1.802524872867011241e-01
1.802524872867011241e-01
1.802524872867011241e-01
1.622459396975432788e-01
1.622458121990425495e-01
1.622458121978360146e-01
1.622458121978360146e-01
1.622458121978360146e-01
1.622458121978360146e-01
1.604288229549801215e-01
1.604288229295086354e-01
1.604288064388768864e-01
1.604288064388768864e-01
1.604288064388768864e-01
1.548468482423012993e-01
1.238242955742062251e-01
1.238242955742061974e-01
1.238220351731655483e-01
1.238195903434514827e-01
1.147781056853789672e-01
1.147781056853789672e-01
1.147781056853789811e-01
1.147781053159876302e-01
1.147781053159876302e-01
1.147781053159276782e-01
1.147781053159276782e-01
1.142538156844214864e-01
1.142538156844214864e-01
1.142538156844214864e-01
1.142538156844119246e-01
1.142538156844119246e-01
1.142538145375641273e-01
1.033660502882909338e-01
1.032754754591664742e-01
8.257906395731687277e-02
8.257906395731687277e-02
8.257905728301936921e-02
8.257884681406520155e-02
7.868019740331275158e-02
7.868019740331275158e-02
7.868019740331275158e-02
7.868019740331275158e-02
7.868019740307310994e-02
7.857042796118314520e-02
7.857042796118314520e-02
7.857042796118314520e-02
6.450150114503774845e-02
6.450150114503738763e-02
6.432292456225502386e-02
6.432292456225502386e-02
5.342908114020766125e-02
5.342908114020766125e-02
5.342904368855189851e-02
5.342904368669319781e-02
5.342904368669319781e-02
5.342904368669319781e-02
5.342904368669319781e-02
5.206472448016286059e-02
5.206472447575143797e-02
5.206471163418488479e-02
5.206471163418488479e-02
5.206471163418488479e-02
4.993104954864749367e-02
3.842491903284298016e-02
3.842491903284298016e-02
3.842491903284297322e-02
3.842316407434420017e-02
3.842227548343843391e-02
3.358324351736319269e-02
3.358324351736319269e-02
3.358324351736318575e-02
3.358324345077397244e-02
3.358324345077397244e-02
3.358324345069454292e-02
3.321394909930107386e-02
3.321394909930107386e-02
3.321394909930107386e-02
3.321394909930107386e-02
3.321394909929908934e-02
3.321394909929908934e-02
3.321394824307510873e-02
2.919626601551737061e-02
2.917570989736446505e-02
2.233024512311302182e-02
2.233024512311302182e-02
2.233024374419400465e-02
2.233011731780678785e-02
2.051098727711186606e-02
2.051098727711186606e-02
2.051098727711186606e-02
2.051098727711186606e-02
2.051098727706247501e-02
2.043839964168620363e-02
2.043839964168620363e-02
2.043839964168620363e-02
2.043839964168428155e-02
1.569471188219834917e-02
1.565927625344396695e-02
1.565927625344396695e-02
1.266386350581830134e-02
1.266386350581830134e-02
1.266385673290313686e-02
1.266385673141553862e-02
1.266385673141553862e-02
1.266385673141553862e-02
1.266385673141553862e-02
1.211724296466410410e-02
1.211724296381256998e-02
1.211723724087380473e-02
1.211723724087380473e-02
1.211723724087380473e-02
1.166139287573583413e-02
8.108324147549972327e-03
8.108324147549972327e-03
8.108324147549972327e-03
8.107464912085256270e-03
8.107358540146996848e-03
8.107358540146996848e-03
7.018588736604180513e-03
7.018588736604180513e-03
7.018588736604179645e-03
7.018588724810746228e-03
7.018588724810746228e-03
7.018588724761807077e-03
6.894860033163209209e-03
6.894860033163209209e-03
6.894860033163209209e-03
6.894860033163209209e-03
6.894860033163000175e-03
6.894859708232546971e-03
6.894859708232546971e-03
6.099520691073120372e-03
6.096427167218409007e-03
4.136646141446076105e-03
4.136646141446076105e-03
4.136591810692828199e-03
4.136591628062277759e-03
3.792572511568705496e-03
3.792572511568705496e-03
3.792572511568705496e-03
3.792572511568705496e-03
3.792572511564193047e-03
3.772421874788190865e-03
3.772421874788190865e-03
3.772421874788190865e-03
3.772421874788190865e-03
3.772421874787238935e-03
2.901505803484837227e-03
2.896073387470158265e-03
2.896073387470158265e-03
2.075024619775647002e-03
2.075024619775647002e-03
2.075024619352639019e-03
2.075023775564810349e-03
2.075023775564810349e-03
2.075023775564810349e-03
2.075023775564810349e-03
1.984135480308733910e-03
1.984135480240028452e-03
1.984133153483593360e-03
1.984133153483593360e-03
1.984133153483593360e-03
1.938616570423526766e-03
1.938616570423526766e-03
1.304266199088578628e-03
1.304266199088578411e-03
1.303947377676080042e-03
1.303928020483575327e-03
1.303928020483575327e-03
1.020811301032342223e-03
1.020811301032342223e-03
1.020811301032341790e-03
1.020811300144051480e-03
1.020811300144051480e-03
1.020811300131039103e-03
1.001689601316142113e-03
1.001689601316142113e-03
1.001689601316142113e-03
1.001689601316142113e-03
1.001689481627387546e-03
1.001689481627376487e-03
1.001689481627376487e-03
9.218217889994909271e-04
5.743364207547532480e-04
5.742970153887560049e-04
5.742970153887560049e-04
5.742802517051664047e-04
5.742802333814630645e-04
4.910827342334229744e-04
4.910827342334229744e-04
4.910827342334229744e-04
4.910827342334229744e-04
4.910827342331831489e-04
4.910827342331831489e-04
4.880577732578163588e-04
4.880577732578163588e-04
4.880577732578163588e-04
4.880577732575727928e-04
3.944124671996814663e-04
3.935154323999141487e-04
3.935154323999141487e-04
2.494708695661779154e-04
2.494708695661779154e-04
2.494708693657662880e-04
2.494707893979147199e-04
2.494707893979147199e-04
2.494707893979147199e-04
2.494707893979147199e-04
2.291540686400673392e-04
2.291540686363445955e-04
2.291535419814378987e-04
2.291535419814378987e-04
2.291535419814378987e-04
2.291535419814378987e-04
2.291535419814378987e-04
2.241253582253420083e-04
1.536429577893564833e-04
1.535690195132379963e-04
1.535690195132379963e-04
1.535669355076010184e-04
1.070938224849378087e-04
1.070938224849378087e-04
1.070938224849378087e-04
1.070938224849376597e-04
1.070938224326758488e-04
1.070938224326758488e-04
1.070938224275615045e-04
1.031226212948623249e-04
1.031226212948623249e-04
1.031226212948623249e-04
1.031226212948623249e-04
1.031226212948623249e-04
1.031225952901364051e-04
1.031225952901357139e-04
1.031225952901357139e-04
9.437100709914955079e-05
5.756769757164413131e-05
5.756357895933966886e-05
5.756357895933966886e-05
5.756027964913605329e-05
5.756027838931320693e-05
4.535293470239293415e-05
4.535293470239293415e-05
4.535293470239293415e-05
4.535293470239293415e-05
4.535293470237794505e-05
4.535293470237794505e-05
4.476347374605708446e-05
4.476347374605708446e-05
4.476347374605708446e-05
4.476347374597269287e-05
3.493026297623981653e-05
3.487031652010495617e-05
3.487031652010495617e-05
2.134948289669641705e-05
2.134948289669641705e-05
2.134948284480927256e-05
2.134947788886900217e-05
2.134947788886900217e-05
2.134947788886900217e-05
2.134947788886900217e-05
1.874806703982451509e-05
1.874799152699095303e-05
1.874799152676772258e-05
1.874799152676772258e-05
1.874799152676772258e-05
1.874799152676772258e-05
1.841656050691827147e-05
1.841656050691827147e-05
1.156017411342914193e-05
1.154811767066492633e-05
1.154811767066492633e-05
1.154802898640164282e-05
7.905064909745113284e-06
7.905064909745113284e-06
7.905064909745113284e-06
7.905064909745064156e-06
7.905064909745064156e-06
7.905064906712674347e-06
7.905064905693617478e-06
7.472767706026836765e-06
7.472767706026836765e-06
7.472767706026836765e-06
7.472767706026836765e-06
7.472767706026836765e-06
7.472764450662884017e-06
7.472764450662860300e-06
7.472764450662860300e-06
6.936588409892829044e-06
3.705477773872862032e-06
3.705324350884390428e-06
3.705324350884390428e-06
3.704871339851870982e-06
3.704871285695382932e-06
2.914208994210982140e-06
2.914208994210982140e-06
2.914208994210982140e-06
2.914208994210982140e-06
2.914208994210520931e-06
2.914208994210520931e-06
2.914208994210520508e-06
2.860791148343598774e-06
2.860791148343598774e-06
2.860791148330259699e-06
2.307422030403560592e-06
2.304703788299337963e-06
2.304703788299337963e-06
1.200855103726813447e-06
1.200855098879498000e-06
1.200855098879498000e-06
1.200854904452731180e-06
1.200854904452731180e-06
1.200854904452731180e-06
1.200854904452731180e-06
1.056938907861196178e-06
1.056929254391970448e-06
1.056929254386016441e-06
1.056929254386016441e-06
1.056929254386016441e-06
1.056929254386016441e-06
1.056929254386016441e-06
1.046099616137892848e-06
6.818215692945196827e-07
6.818215692945196827e-07
6.805205072765532343e-07
6.805205072765532343e-07
6.805158191821047605e-07
3.954164382672773017e-07
3.954164382672773017e-07
3.954164382672773017e-07
3.954164382672710019e-07
3.954164382672710019e-07
3.954164381946051042e-07
3.954164381080627421e-07
3.737771297561392352e-07
3.737771297561392352e-07
3.737771297561392352e-07
3.737771297561392352e-07
3.737771297561392352e-07
3.737767648322184634e-07
3.737767648322179870e-07
3.737767648322179870e-07
3.573627510236926152e-07
1.907694887999102570e-07
1.907613178170993672e-07
1.907613178170993672e-07
1.907166551148491897e-07
1.313487750458568532e-07
1.313487745344106040e-07
1.313487745344106040e-07
1.313487745344106040e-07
1.313487745344106040e-07
1.313487745344106040e-07
1.313487745344106040e-07
1.313487745344026101e-07
1.313487745344025836e-07
1.287779807473237462e-07
1.287779807473237462e-07
1.287779807462407087e-07
1.287779807462407087e-07
1.111378942472289044e-07
1.111378942472289044e-07
1.110220204160145208e-07
5.351997700816351305e-08
5.351997626513509441e-08
5.351997626513509441e-08
5.351997013328983499e-08
5.351997013328983499e-08
5.351997013328983499e-08
5.351997013328983499e-08
4.327555177368412489e-08
4.327486243624582148e-08
4.327486243624582148e-08
4.327486243613882401e-08
4.327486243613882401e-08
4.327486243613882401e-08
4.327486243613882401e-08
4.290596988906228591e-08
3.034596545659272440e-08
3.025586489157862773e-08
3.025586489157862773e-08
3.025586489157862773e-08
3.025571579168511610e-08
1.537463508066907845e-08
1.537463508066907845e-08
1.537463508066907845e-08
1.537463508066844317e-08
1.537463508066844317e-08
1.537463507916646516e-08
1.537463506802758155e-08
1.537463506802758155e-08
1.392425892307176891e-08
1.392425892307176891e-08
1.392425892307176891e-08
1.392425892307176891e-08
1.392423348767655351e-08
1.392423348767654524e-08
1.392423348767654524e-08
1.335482291780397670e-08
7.481391299922087808e-09
7.481391299922087808e-09
7.481116967879349471e-09
7.478104491197791854e-09
4.528150330192211487e-09
4.528150319859748736e-09
4.528150319859748736e-09
4.528150319859748736e-09
4.528150319859748736e-09
4.528150319859748736e-09
4.528150319859748736e-09
4.528150319859582473e-09
4.528150319859578337e-09
4.528150319859578337e-09
4.364802394807168980e-09
4.364802394686874585e-09
4.364802394686874585e-09
3.751265753949060646e-09
3.751265753949060646e-09
3.748563719334681010e-09
1.806848036283626789e-09
1.806847968331541833e-09
1.806847968331541833e-09
1.806847829603366557e-09
1.806847829603366557e-09
1.806847829603366557e-09
1.806847829603366557e-09
1.341820529857076950e-09
1.341820529857076950e-09
1.341784968371980243e-09
1.341784968369789455e-09
1.341784968369789455e-09
1.341784968369789455e-09
1.341784968369789455e-09
1.333346115608287027e-09
9.046356558887939578e-10
8.992374308013676313e-10
8.992374308013676313e-10
8.992374308013676313e-10
8.992349553135930142e-10
4.474537908025903104e-10
4.474537908025903104e-10
4.474537908025126588e-10
4.474537908025126588e-10
4.474537908025126588e-10
4.474537907706846617e-10
4.474537899472939322e-10
4.474537899472939322e-10
4.474537899472939322e-10
4.474537899472939322e-10
3.891851480995721178e-10
3.891851480995721178e-10
3.891851480995721178e-10
3.891839608579623348e-10
3.891839608579621798e-10
3.767238615804831892e-10
3.767238615804831892e-10
3.767238615804831892e-10
1.913518666786188145e-10
1.913477292967063944e-10
1.911910540995777490e-10
1.146189594923465997e-10
1.146189592997968797e-10
1.146189592997968797e-10
1.146189592997968797e-10
1.146189592997968797e-10
1.146189592997968797e-10
1.146189592997968797e-10
1.146189592997964661e-10
1.146189592997944886e-10
1.146189592997944886e-10
1.089831857574845372e-10
1.089831857503835018e-10
1.089831857503835018e-10
9.648648249524206002e-11
9.648648249524206002e-11
9.644309582722296843e-11
4.012500426097700137e-11
4.012500172056383417e-11
4.012500172056383417e-11
4.012499967317357005e-11
4.012499967317357005e-11
4.012499967317357005e-11
4.012499967317357005e-11
2.985107097206825957e-11
2.985107097206825957e-11
2.984935863511582392e-11
2.984935863509294720e-11
2.984935863509294720e-11
2.984935863509294720e-11
2.984935863509294720e-11
2.973993671528464771e-11
2.933936075685536912e-11
2.134956552664340080e-11
2.134956552664340080e-11
2.134956552664340080e-11
2.134952185005402478e-11
8.921227828985112541e-12
8.921227828985112541e-12
8.921227828981388613e-12
8.921227828981388613e-12
8.921227828981388613e-12
8.921227801725650104e-12
8.921227801434199801e-12
8.921227801434199801e-12
8.921227801434199801e-12
8.921227801434199801e-12
7.774787283883733457e-12
7.774787283883733457e-12
7.774787283883733457e-12
7.774737945418741843e-12
7.774737945418740227e-12
7.628365675530839589e-12
7.628365675530839589e-12
7.628365675530839589e-12
4.223252511920372613e-12
4.223177380314851807e-12
4.217553213169505946e-12
2.136121799705634187e-12
2.136121797921542526e-12
2.136121797921542526e-12
2.136121797921542526e-12
2.136121797921542526e-12
2.136121797921542526e-12
2.136121797921542526e-12
2.136121797921542526e-12
2.136121797921524351e-12
2.136121797921524351e-12
2.136121797921510619e-12
2.029372479087169362e-12
2.029372478861011801e-12
2.029372478861011801e-12
1.881484055448307996e-12
1.880875525669600485e-12
1.880875525669600485e-12
1.880874640736353126e-12
8.222739940735787499e-13
8.222739940735787499e-13
8.222739688256001458e-13
8.222739688256001458e-13
8.222739688256001458e-13
8.222739688256001458e-13
8.222739688256001458e-13
5.393607663441372876e-13
5.393126243184412949e-13
5.393126243182724660e-13
5.393126243182724660e-13
5.393126243182724660e-13
5.313678027821287194e-13
5.299625043103849837e-13
4.240773840679350481e-13
4.240773840679350481e-13
4.240773840679350481e-13
4.240773840679350481e-13
4.240768855165414210e-13
4.240768855165413705e-13
1.715706627378886914e-13
1.715706627377223364e-13
1.715706627377223364e-13
1.715706627377223364e-13
1.715706627377223364e-13
1.715706612496243891e-13
1.715706612496243891e-13
1.715706612469077794e-13
1.715706612469077794e-13
1.392258961184015446e-13
1.392244266171031012e-13
1.392244266171031012e-13
1.392244266171031012e-13
1.392244266171031012e-13
1.392244266171031012e-13
1.370975258281136156e-13
1.370975258281136156e-13
8.548429672003640287e-14
8.548326575309810875e-14
8.531926727189126932e-14
3.950856342547643350e-14
3.950856342547643350e-14
3.950856340827831282e-14
3.950856340827831282e-14
3.950856340827831282e-14
3.950856340827831282e-14
3.950856340827831282e-14
3.950856340827752396e-14
3.950856340827752396e-14
3.950856340827752396e-14
3.638378586714992785e-14
3.638378586714982687e-14
3.638378585571959839e-14
3.638378585571959839e-14
3.401395704880178098e-14
3.400717487541383630e-14
3.400717487541383630e-14
3.400714591522563192e-14
1.641685668574040404e-14
1.641685668574040404e-14
1.641685639535491774e-14
1.641685639535491774e-14
1.641685639535491774e-14
1.641685639535491774e-14
1.641685639535491774e-14
9.867586739384053133e-15
9.866270940906275663e-15
9.866270940906275663e-15
9.866270940904544902e-15
9.866270940904544902e-15
9.866270940904544902e-15
9.619923880379699682e-15
9.603121666338648275e-15
7.738485411379940266e-15
7.738485411379940266e-15
7.738485411379940266e-15
7.738485411379940266e-15
7.738485411379938688e-15
7.738480648256362749e-15
3.325455479886585299e-15
3.325455479875175609e-15
3.325455479875175609e-15
3.325455479875175609e-15
3.325455479875175609e-15
3.325455479875175609e-15
3.325455415476681272e-15
3.325455415476681272e-15
3.325455415444088695e-15
2.558523646765391962e-15
2.558481991135894770e-15
2.558481991135894770e-15
2.558481991135894770e-15
2.558481991135894770e-15
2.558481991135894770e-15
2.530714012784818353e-15
1.553423571465989578e-15
1.553423571465989578e-15
1.553413100302029169e-15
1.547982086089072158e-15
7.415558924016413849e-16
7.415558924016413849e-16
7.415558921980361880e-16
7.415558921980361880e-16
7.415558921980361880e-16
7.415558921980361880e-16
7.415558921980361880e-16
7.415558921979850107e-16
7.415558921979850107e-16
7.415558921979850107e-16
6.677530504595607780e-16
6.677530500037699632e-16
6.677530500037691743e-16
6.677530500037691743e-16
6.352788104811119265e-16
6.352048873457673934e-16
6.352040157542013293e-16
2.918519271834688197e-16
2.918519271834688197e-16
2.918519271834688197e-16
2.918519241086797675e-16
2.918519241086797675e-16
2.918519241086797675e-16
2.918519241086797675e-16
1.794631908144671614e-16
1.794631908144671614e-16
1.794631908144671614e-16
1.794167221232479331e-16
1.794167221232479331e-16
1.794167221232339802e-16
1.794167221232339802e-16
1.737639960223401984e-16
1.474055507213628607e-16
1.472794652023216922e-16
1.472794652023216922e-16
1.472794652023215690e-16
1.472794652023215690e-16
1.472794652023215690e-16
1.472794072704792997e-16
5.841927154157673770e-17
5.841927154114026343e-17
5.841927154114026343e-17
5.841927154114026343e-17
5.841927154114026343e-17
5.841926974786266670e-17
5.841926974786266670e-17
5.841926974786266670e-17
5.841926974761497670e-17
4.551339131628351841e-17
4.551197830922001890e-17
4.551197830922001890e-17
4.551197830922001890e-17
4.551197830922001890e-17
4.551197830922001890e-17
4.522515142441293820e-17
3.078371984079721355e-17
3.078371984079721355e-17
3.078357876749902491e-17
3.063152114954920249e-17
3.063152114954920249e-17
1.324268614914426173e-17
1.324268614752071819e-17
1.324268614752071819e-17
1.324268614752071819e-17
1.324268614752071819e-17
1.324268614752071819e-17
1.324268614752071819e-17
1.324268614751868749e-17
1.324268614751868749e-17
1.196139908836368178e-17
1.196139907506222043e-17
1.196139907506222043e-17
1.196139907506222043e-17
1.196139907506221581e-17
1.161224399819076814e-17
1.161221257393213011e-17
1.161136284878053911e-17
1.161136284878053911e-17
6.088447963999634209e-18
6.088447963999634209e-18
6.088447963999634209e-18
6.088447930558236551e-18
6.088447930558236551e-18
6.088447930558236551e-18
6.088447930558236551e-18
3.377864752938396537e-18
3.376671115355870701e-18
3.376671115355870701e-18
3.376671115355870701e-18
3.376671115355770168e-18
3.376671115355770168e-18
3.267578735159484330e-18
2.940734323782773600e-18
2.938994816781805886e-18
2.938994816781805886e-18
2.938994816781798952e-18
2.938994816781798952e-18
2.938994816680066325e-18
2.938994816680066325e-18
1.284844843380348089e-18
1.284844843380348089e-18
1.284844733367784947e-18
1.284844733367784947e-18
1.284844733367784947e-18
1.284844638675553090e-18
1.284844638675553090e-18
1.284844638675553090e-18
1.284844638673109277e-18
9.282409934495141824e-19
9.281983683575577773e-19
9.281983683575577773e-19
9.281983683575577773e-19
9.281983683575577773e-19
9.281983683575577773e-19
9.240449702095494518e-19
9.240449702095494518e-19
7.010782662778139973e-19
7.010764303652839133e-19
7.010764303652839133e-19
7.010764303652839133e-19
6.967619766615071577e-19
3.069731792573028791e-19
3.069731792573028791e-19
3.069731792394610159e-19
3.069731792394610159e-19
3.069731792394610159e-19
3.069731792394610159e-19
3.069731792393608194e-19
3.069731792393608194e-19
3.069731792393608194e-19
3.069731792393608194e-19
2.662102396049640328e-19
2.662102388851630273e-19
2.662102388851630273e-19
2.662102388851629791e-19
2.601491442882443529e-19
2.601479995142050991e-19
2.601479995142050991e-19
2.601372900033657205e-19
1.552549021656409960e-19
1.552549021656409960e-19
1.552549021656409960e-19
1.552549021656409960e-19
1.552549017212800151e-19
1.552549017212800151e-19
8.299744640983162178e-20
8.299744640983162178e-20
8.295787036442264727e-20
8.295787036442264727e-20
8.295787036442264727e-20
8.295787036442146764e-20
8.295787036442146764e-20
7.896202057700857910e-20
7.220444013978138103e-20
7.217807528210978662e-20
7.217807528210943754e-20
7.217807528210943754e-20
7.217807528210943754e-20
7.217807527540381892e-20
7.217807527540381892e-20
3.517956013007109503e-20
3.517955844332750619e-20
3.517955844332750619e-20
3.517955844332750619e-20
3.517955844332750619e-20
3.517955844332750619e-20
3.517955328337899641e-20
3.517955328337899641e-20
3.517955328334295143e-20
2.430163120697173996e-20
2.430163120697173996e-20
2.430002710631816253e-20
2.430002710631816253e-20
2.430002710631816253e-20
2.430002710631816253e-20
2.430002710631816253e-20
2.422834587257950338e-20
2.422834587257950338e-20
1.877184422034006100e-20
1.877184422034006100e-20
1.877181731054378119e-20
1.858167491182364423e-20
1.858167491182364423e-20
8.737762287065441837e-21
8.737762287065441837e-21
8.737762287065441837e-21
8.737762286780956406e-21
8.737762286780956406e-21
8.737762286772080577e-21
8.737762286772080577e-21
8.737762286772080577e-21
8.737762286772080577e-21
8.737762286772080577e-21
8.737762230405393871e-21
7.370644819253739753e-21
7.370644819253739753e-21
7.370644819253738248e-21
7.370644819253738248e-21
7.370594364164821469e-21
7.252945926476390243e-21
7.252775721166491994e-21
7.252775721166491994e-21
4.378038704054544028e-21
4.378038704054544028e-21
4.378038704054544028e-21
4.378038697101444914e-21
4.378038697101444914e-21
4.371248217571648338e-21
2.407724643648765620e-21
2.407724643648765620e-21
2.407724643648765620e-21
2.407724643648765620e-21
2.407724643648750574e-21
2.407724643648750574e-21
2.266086477003949014e-21
2.122715159797165706e-21
2.122715159797131851e-21
2.122249169632131048e-21
2.122249169632131048e-21
2.122249169632131048e-21
2.122249169210751494e-21
2.122249169210751494e-21
2.122249169210751494e-21
1.021244973261802886e-21
1.021244945289861377e-21
1.021244945289861377e-21
1.021244945289861377e-21
1.021244945289861377e-21
1.021244706522036364e-21
1.021244706522036364e-21
1.021244706522036364e-21
7.130022654724135226e-22
7.130022654721918714e-22
7.129170332524315022e-22
7.129170332524315022e-22
7.129170332524315022e-22
7.129170332524315022e-22
7.129170332524315022e-22
7.116539847300513268e-22
7.116539847300513268e-22
5.858652908455436073e-22
5.858652908455436073e-22
5.780094932502710335e-22
5.780089911942463212e-22
5.780089911942463212e-22
5.780089911942463212e-22
2.601556373970445798e-22
2.601556373970445798e-22
2.601556373932688920e-22
2.601556373932688450e-22
2.601556373926968024e-22
2.601556373926968024e-22
2.601556373926968024e-22
2.601556373926968024e-22
2.601556346489904374e-22
2.601556346489904374e-22
2.197758476398062913e-22
2.197758476398062913e-22
2.197758476398062913e-22
2.197758476398062913e-22
2.197730785715900151e-22
2.176208732078678194e-22
2.176208732078678194e-22
2.176178578702545413e-22
1.455197255572990801e-22
1.455197255572990801e-22
1.455197255572990801e-22
1.455197254422907111e-22
1.452006618387034419e-22
7.467526940999885998e-23
7.467526940999885998e-23
7.467526940999885998e-23
7.467526940999885998e-23
7.467526940999885998e-23
7.467526940999868365e-23
7.467526940999868365e-23
7.015090459801547785e-23
7.015090459801547785e-23
7.015090459801279773e-23
7.015090459801279773e-23
6.727470362479081215e-23
6.727470362479081215e-23
6.726549234262124778e-23
6.726549234262124778e-23
6.726549231937706951e-23
6.726549231937706951e-23
3.617770872424367273e-23
3.617770819869619985e-23
3.617770819869619985e-23
3.617770819869619985e-23
3.617770819869619985e-23
3.617768970255209767e-23
3.617768970255209767e-23
2.358488589128440592e-23
2.358488589128440592e-23
2.358488589128138784e-23
2.358488589128138784e-23
2.358091726264058975e-23
2.358091726264058975e-23
2.358091726264058975e-23
2.358091726264058975e-23
2.355370782295218174e-23
2.056548214082068677e-23
2.056548214082068677e-23
2.056548214082068677e-23
2.024415547092164208e-23
2.024414625054889285e-23
2.024414625054889285e-23
2.024414625054889285e-23
2.024414625054889285e-23
9.751051404706279144e-24
9.751051404640179627e-24
9.751051404640178158e-24
9.751051404596051569e-24
9.751051404596051569e-24
9.751051166661709768e-24
9.751051166661709768e-24
7.863165378734731609e-24
7.863165378734731609e-24
7.863165378734731609e-24
7.863165378734731609e-24
7.863165378734731609e-24
7.863165378734731609e-24
7.863165378734731609e-24
7.863014531393351659e-24
7.808644334747546350e-24
7.808644334747546350e-24
7.808586210722694673e-24
5.726813284393342978e-24
5.726813284393342978e-24
5.726813284393342978e-24
5.726813282173698138e-24
5.710384103411156157e-24
2.952588516017847128e-24
2.952588516017847128e-24
2.952588516017847128e-24
2.952588516017847128e-24
2.952588516017847128e-24
2.952588516017843822e-24
2.711520602984591280e-24
2.711520602984591280e-24
2.711520602984372344e-24
2.711520602984372344e-24
2.711520602984372344e-24
2.711520602984372344e-24
2.626122243129818521e-24
2.626122240942850587e-24
2.625912086843693312e-24
1.557549417284936961e-24
1.557549417284936961e-24
1.557549417284936961e-24
1.557549405145872021e-24
1.557547946148334021e-24
1.557547946148334021e-24
1.557547946148334021e-24
1.557547946148334021e-24
9.869933742839833227e-25
9.869933742839833227e-25
9.869933742839234459e-25
9.867621553306338224e-25
9.867621553306338224e-25
9.867621553306338224e-25
9.867621553306338224e-25
9.860485186415457827e-25
9.860485186415457827e-25
8.806348578106541882e-25
8.806348578106541882e-25
8.602501324893030228e-25
8.602501324893030228e-25
8.602501324893030228e-25
8.602501324893030228e-25
8.602499250120677892e-25
4.445706226555022289e-25
4.445706226555022289e-25
4.445706226555019534e-25
4.445706226498399277e-25
4.445706226482827650e-25
4.445706226482827650e-25
4.445706016004332179e-25
3.486085812064738560e-25
3.486085812064738560e-25
3.486085812064738560e-25
3.486085812064738560e-25
3.486085812064738560e-25
3.486085812064738560e-25
3.485987169183998967e-25
3.485987169183998967e-25
3.485987169183998967e-25
3.485987169183998967e-25
3.469950578803366171e-25
2.632985695963662973e-25
2.632977460747913475e-25
2.632977460747913475e-25
2.620890709258567908e-25
2.620890708731700320e-25
2.620890708731700320e-25
1.396644270753500379e-25
1.396644270753500379e-25
1.396644270753500379e-25
1.396644270753500379e-25
1.396644270753500379e-25
1.396644270753499920e-25
1.396644270753499920e-25
1.263067863068883297e-25
1.263067863068590112e-25
1.263067863068590112e-25
1.263067863068590112e-25
1.263067860915620780e-25
1.263067860915620780e-25
1.235058533042183162e-25
1.235000607625080082e-25
1.235000607625080082e-25
7.554346922279374814e-26
7.554346922279374814e-26
7.554335503617463230e-26
7.554335503617463230e-26
7.554335471255071751e-26
7.554335471255071751e-26
7.554335471255071751e-26
7.554335471255071751e-26
4.801601599420716716e-26
4.799694064848717082e-26
4.799694064848590234e-26
4.799694064848590234e-26
4.799694064848590234e-26
4.799694064848590234e-26
4.799694064848590234e-26
4.799694064848590234e-26
4.797589439736542674e-26
4.412813285081255819e-26
4.284866096559821144e-26
4.284866096559821144e-26
4.284866096559821144e-26
4.284866096559821144e-26
4.284865513192589915e-26
2.235812743653496077e-26
2.235812743653496077e-26
2.235812743653492059e-26
2.235812743592547728e-26
2.235812743592547728e-26
2.235812743589016940e-26
2.235812566477107180e-26
1.742547024559214634e-26
1.742547024559214634e-26
1.742547024559214634e-26
1.742547024559214634e-26
1.742547024559214634e-26
1.742547024559214634e-26
1.742547024559214634e-26
1.742547024559214634e-26
1.742461098376766460e-26
1.742461098376766460e-26
1.737459458193651983e-26
1.737459458193651983e-26
1.403105024827218870e-26
1.403102374463976700e-26
1.403102374463976700e-26
1.394484300325631045e-26
7.271373018955627870e-27
7.271373018592045401e-27
7.271373018592045401e-27
7.271373018592045401e-27
7.271373018592045401e-27
7.271373018592045401e-27
7.271373018592045401e-27
7.271373018592045401e-27
7.271373018592043966e-27
7.271373018592043966e-27
7.271373018587908499e-27
6.535576229753900442e-27
6.535576229753900442e-27
6.535576210575913869e-27
6.441382234613522511e-27
6.441382234613522511e-27
6.441203665196719059e-27
6.441203665196719059e-27
6.441203665196719059e-27
4.306483967672988788e-27
4.306471030409739172e-27
4.306471030409739172e-27
4.306471020980894794e-27
4.306471020980894794e-27
4.306471020980894794e-27
4.306471020980894794e-27
2.620913498822073697e-27
2.619484489852097404e-27
2.619484489852069064e-27
2.619484489852069064e-27
2.619484489852069064e-27
2.619484489852069064e-27
2.619484489852069064e-27
2.618773933587596069e-27
2.618773933587596069e-27
2.472147070383664654e-27
2.390383447533290059e-27
2.390383447533290059e-27
2.390383447533290059e-27
2.390383284764912604e-27
2.390383284764912604e-27
1.353982282512666807e-27
1.353982282512660170e-27
1.353982282438300323e-27
1.353982282438300323e-27
1.353982282438300323e-27
1.353982282437322060e-27
1.353982055983911869e-27
1.012447986822773601e-27
1.012447986822773601e-27
1.012447986822773601e-27
1.012447986822773601e-27
1.012447986822773601e-27
1.012447986822773601e-27
1.012447986822773601e-27
1.012447986822773601e-27
1.012375043462135447e-27
1.012375043462135447e-27
1.010459722189314020e-27
1.010459722189314020e-27
8.616521819789213042e-28
8.616521819789213042e-28
8.616512858783988286e-28
8.550160956718409959e-28
8.550160956718409959e-28
4.640556640552421833e-28
4.640556640440556513e-28
4.640556640440556513e-28
4.640556640440556513e-28
4.640556640440556513e-28
4.640556640440556513e-28
4.640556640440556513e-28
4.640556640440556513e-28
4.640556640434953113e-28
4.640556640434953113e-28
4.640556640434953113e-28
4.065710485122999428e-28
4.065710459247771723e-28
4.065710459247771723e-28
4.065710459247771723e-28
4.024222211272828631e-28
4.024159724876447500e-28
4.024159724876447500e-28
2.903600572452792451e-28
2.903585782619388511e-28
2.903585779381463977e-28
2.903585779381463977e-28
2.903585779381463977e-28
2.903585779381463977e-28
2.903585779381463977e-28
1.760614886070475877e-28
1.759296598438785118e-28
1.759296598438785118e-28
1.759296598438776598e-28
1.759296598438776598e-28
1.759296598438776598e-28
1.759296598438776598e-28
1.678876679064384922e-28
1.678614968136324565e-28
1.609277224221113235e-28
1.609277224221113235e-28
1.609277224221113235e-28
1.609277224221113235e-28
1.609277168492454218e-28
9.799700321077298703e-29
9.799700321077184357e-29
9.799700321077184357e-29
9.799700319719141173e-29
9.799700319719141173e-29
9.799700319719141173e-29
9.799697336589484171e-29
9.799697336589484171e-29
9.799697336586093028e-29
9.799697336586093028e-29
9.799697336586093028e-29
9.799697336586093028e-29
7.176457663947290238e-29
7.175708310293682237e-29
7.175708310293682237e-29
7.175708310293682237e-29
7.175708310293682237e-29
7.175708310293682237e-29
7.167075438628420130e-29
7.167075438628420130e-29
6.293404162513197426e-29
6.293404162513197426e-29
6.293400551357973326e-29
6.293400551357973326e-29
6.223979909260126296e-29
3.527858344661969678e-29
3.527858344619191959e-29
3.527858344619191959e-29
3.527858344619191959e-29
3.527858344619191959e-29
3.527858344619191959e-29
3.527858344619191959e-29
3.527858344607901978e-29
3.527858344607901417e-29
3.527858344607901417e-29
3.038834467151118140e-29
3.038834467151118140e-29
3.038834430799891745e-29
3.038834430799891745e-29
3.038834430799891745e-29
3.017984811930603985e-29
3.017958263395850805e-29
3.017925593043829989e-29
2.272529281602763523e-29
2.272529281602763523e-29
2.272529281602763523e-29
2.272529280290379968e-29
2.272529280290379968e-29
2.272529280290379968e-29
2.272529280290379968e-29
1.391487318562914571e-29
1.391487318562914571e-29
1.389867572457938894e-29
1.389867572457938894e-29
1.389867572457935811e-29
1.389867572457935811e-29
1.389867572457935811e-29
1.389867572457935811e-29
1.315345354688941932e-29
1.276701170785415285e-29
1.276586837271689004e-29
1.276586837271689004e-29
1.276586837271622022e-29
1.276586837271622022e-29
1.276586837271622022e-29
1.276586814067663684e-29
8.093396301199149467e-30
8.093396298869752813e-30
8.093396298869752813e-30
8.093396298869752813e-30
8.093396298869752813e-30
8.093392138342504217e-30
8.093392138342504217e-30
8.093392138342504217e-30
8.093392138342504217e-30
8.093392138342504217e-30
8.093392138341266870e-30
5.880975753050508388e-30
5.879985548091022663e-30
5.879985548091022663e-30
5.879985548091022663e-30
5.879985548091022663e-30
5.879985548091022663e-30
5.879985548091022663e-30
5.875604688621314522e-30
5.875604688621314522e-30
5.331605362932506681e-30
5.331603648045568339e-30
5.331603648045568339e-30
5.257230405374757648e-30
3.036083179546077402e-30
3.036083179546077402e-30
3.036083179529126595e-30
3.036083179529126595e-30
3.036083179529126595e-30
3.036083179529126595e-30
3.036083179529126595e-30
3.036083179508100112e-30
3.036083179508098710e-30
3.036083179508098710e-30
2.589227333578859891e-30
2.589227279617155911e-30
2.589227279617155911e-30
2.589227279617155911e-30
2.589227279617155911e-30
2.577765039616360297e-30
2.577718136863082705e-30
2.577705321720199326e-30
2.060233911191252088e-30
2.060233911191252088e-30
2.060233911191252088e-30
2.060233910614167252e-30
2.060233910614167252e-30
2.060233910614167252e-30
2.060233910614167252e-30
1.248221617966942815e-30
1.246271031311876279e-30
1.246271031311876279e-30
1.246271031311876279e-30
1.246271031311876279e-30
1.246271031311876279e-30
1.246271031311875053e-30
1.246271031311875053e-30
1.172069939860432014e-30
1.148666244481548592e-30
1.148605003382776673e-30
1.148605003382640046e-30
1.148605003382640046e-30
1.148605002423320051e-30
7.836578030227010208e-31
7.836578030227010208e-31
7.836577983444975393e-31
7.836577983444975393e-31
7.836577983444975393e-31
7.836577983444975393e-31
7.836577983444975393e-31
7.836577983444975393e-31
7.836570307585781689e-31
7.836570307585781689e-31
7.836570307585781689e-31
7.836570307585271091e-31
5.546762547502949945e-31
5.545443859313772226e-31
5.545443859313772226e-31
5.545443859313772226e-31
5.545443859313772226e-31
5.545443859313772226e-31
5.545443859313772226e-31
5.542864893529627974e-31
5.542864893529627974e-31
5.167152653718390127e-31
5.167151791957075826e-31
5.080352019348239410e-31
5.080352019348239410e-31
5.080352019348239410e-31
3.109487896996541907e-31
3.109487896988730982e-31
3.109487896988730982e-31
3.109487896988730982e-31
3.109487896943632818e-31
3.109487896943629315e-31
3.109487896943629315e-31
3.109487896943629315e-31
3.109487896943629315e-31
2.590554402787679825e-31
2.590554296491358924e-31
2.590554296491358924e-31
2.590554296491358924e-31
2.590554296491358924e-31
2.582950870570142029e-31
2.582880367700051662e-31
2.582880367700051662e-31
2.582873483919386638e-31
2.170267977554446539e-31
2.170267977554446539e-31
2.170267977554446539e-31
2.170267977273114853e-31
2.170267977273114853e-31
2.170267977273114853e-31
1.344337624681874206e-31
1.341519643097519292e-31
1.341519643097519292e-31
1.341519643097519292e-31
1.341519643097519292e-31
1.341519643097519292e-31
1.341519643097518635e-31
1.341519643097518635e-31
1.245341521690217181e-31
1.227754929818595277e-31
1.227717496926252747e-31
1.227717496925933732e-31
1.227717496925933732e-31
1.227717496925933732e-31
1.227717494769150599e-31
1.227717494769150599e-31
8.922222744220395326e-32
8.922222744220395326e-32
8.922222717578946144e-32
8.922222717578946144e-32
8.922222717578946144e-32
8.922222717578946144e-32
8.922207820995300462e-32
8.922207820995300462e-32
6.277148186321425069e-32
6.277148186321316688e-32
6.277148186321316688e-32
6.275043840620756883e-32
6.275043840620756883e-32
6.275043840620756883e-32
6.275043840620756883e-32
6.275043840620756883e-32
6.273276781703804829e-32
5.949327823157627884e-32
5.949327823157627884e-32
5.949327823157627884e-32
5.819585977737326077e-32
5.819585497501940996e-32
5.819585497501940996e-32
3.758295958844578495e-32
3.758295958844578495e-32
3.758295958844578495e-32
3.758295958840808127e-32
3.758295958840798274e-32
3.758295958711155723e-32
3.758295958711155723e-32
3.758295623759976542e-32
3.758295623759976542e-32
3.758295623759976542e-32
3.088000889365557306e-32
3.088000889365557306e-32
3.088000889365557306e-32
3.088000889365557306e-32
3.087875316661889067e-32
3.087875316661889067e-32
3.082089424871191448e-32
3.082085118663261709e-32
2.679819291147606957e-32
2.679819291147606957e-32
2.679819291147606957e-32
2.679819291147606957e-32
2.679819291005872733e-32
2.679819291005872733e-32
2.667162190873910494e-32
1.698434233619102512e-32
1.698434233619102512e-32
1.698434233619102512e-32
1.698434233619102512e-32
1.698434233619102512e-32
1.698434233619102512e-32
1.561547298044057026e-32
1.561547298044057026e-32
1.561547298044057026e-32
1.561547298043041632e-32
1.546684409436335387e-32
1.546658310375846026e-32
1.546658310375846026e-32
1.546658305251185054e-32
1.546658305251185054e-32
1.546658305251185054e-32
1.177563440286636245e-32
1.177563440286636245e-32
1.177563438753248432e-32
1.177563438753248432e-32
1.177563438753248432e-32
1.177560205196919866e-32
1.177560205196919866e-32
8.292019259831140804e-33
8.292019259831140804e-33
8.292019259831106593e-33
8.292019259831106593e-33
8.287858361695885998e-33
8.287858361695885998e-33
8.287858361695885998e-33
8.287858361695885998e-33
8.286503986431087144e-33
8.286503986431087144e-33
7.979444116723214218e-33
7.979444116723214218e-33
7.771118073737952544e-33
7.771117790788612333e-33
7.771117790788612333e-33
5.234483826500173141e-33
5.234483826500173141e-33
5.234483826500173141e-33
5.234483826498845739e-33
5.234483826498808791e-33
5.234483826122296726e-33
5.234483826122296726e-33
5.234483016431943480e-33
5.234483016431943480e-33
4.261298543022843618e-33
4.261298543022843618e-33
4.261298543022843618e-33
4.261298543022843618e-33
4.261298543022843618e-33
4.261027548261333593e-33
4.261027548261333593e-33
4.261027548261333593e-33
4.256183755420569792e-33
3.831278645761276500e-33
3.831276447071130063e-33
3.831276447071130063e-33
3.831276447071130063e-33
3.808113172518998854e-33
3.808113172467063914e-33
3.808113172467063914e-33
2.474668442721575953e-33
2.474668442721575953e-33
2.474668442721575953e-33
2.474668442721575953e-33
2.474668442721575953e-33
2.474668442721575953e-33
2.256911671751452401e-33
2.256911671748277927e-33
2.256911671748277927e-33
2.256911671748277927e-33
2.243224328014270656e-33
2.243224314580636715e-33
2.243224314580636715e-33
2.243206174368947033e-33
1.804356570847267648e-33
1.804356570847267648e-33
1.804356570847267648e-33
1.804347966812097722e-33
1.804347966158819973e-33
1.804347966158819973e-33
1.804347966158819973e-33
1.804347966158819973e-33
1.265375212702292477e-33
1.265375212702292477e-33
1.264506667860166279e-33
1.264506667860166108e-33
1.264506667860166108e-33
1.264506667860166108e-33
1.264402483271310752e-33
1.232606346737579783e-33
1.195217612272639216e-33
1.195217612272639216e-33
1.195217612272639216e-33
1.195217612272639216e-33
1.195217612272639216e-33
1.195217600127299760e-33
8.544833024462963579e-34
8.544833024462963579e-34
8.544833024462819891e-34
8.544833023212532205e-34
8.544833023212362859e-34
8.544833023212362859e-34
8.544833023212362859e-34
8.544830577953369495e-34
6.854089445117116931e-34
6.854089445117116931e-34
6.854089445117116931e-34
6.854089445117116931e-34
6.854089445117116931e-34
6.853460906975046232e-34
6.853460906975046232e-34
6.853460906975046232e-34
6.853460906975046232e-34
6.849318242088365246e-34
6.849318242088365246e-34
6.351323287363165191e-34
6.351322190937559793e-34
6.351322190937559793e-34
6.303308917448952324e-34
4.267125164027002955e-34
4.267125164023885442e-34
4.267125164023885442e-34
4.267125164023885442e-34
4.267125164023885442e-34
4.267125164023885442e-34
4.267125164023885442e-34
4.267125164023885442e-34
3.843969744340560355e-34
3.843969744329083717e-34
3.843969744329083717e-34
3.843969744329083717e-34
3.843969699624243277e-34
3.830815187965644458e-34
3.830805588307391168e-34
3.830805588307391168e-34
3.239654498021721681e-34
3.239629631163778831e-34
3.239629631163778831e-34
3.239629631063081886e-34
3.239629631063081886e-34
3.239629631063081886e-34
3.239629631063081886e-34
3.239629631063081886e-34
2.298988143727267333e-34
2.296822943767389677e-34
2.296822943767389677e-34
2.296822943767389677e-34
2.296822943767389677e-34
2.296822943767389677e-34
2.296822943767389677e-34
2.296760568235252326e-34
2.261742263386924971e-34
2.261742263386924971e-34
2.178984064725538904e-34
2.178984064725538904e-34
2.178984064725538904e-34
2.178984062795382411e-34
1.651523829663505755e-34
1.651523829663505755e-34
1.651523829663438188e-34
1.651523829134117664e-34
1.651523829134117664e-34
1.651523829134117236e-34
1.651523010189299803e-34
1.315872583438537989e-34
1.315872583438537989e-34
1.315872583438537989e-34
1.315872583438537989e-34
1.315872583438537989e-34
1.315872583438537989e-34
1.315697589176231549e-34
1.315697589176231549e-34
1.315697589176231549e-34
1.315420437706348666e-34
1.253071988740941372e-34
1.253071968334294503e-34
1.253071968334294503e-34
1.240734447046843806e-34
8.783054453886610726e-35
8.783054453886571169e-35
8.783054453886571169e-35
8.783054453886571169e-35
8.783054453886571169e-35
8.783054453886571169e-35
8.783054453818669047e-35
8.783054453818669047e-35
7.833439635009597429e-35
7.833439635009597429e-35
7.833439635009594221e-35
7.833439468566048864e-35
7.823505301688726540e-35
7.823505301688726540e-35
7.823503387230362001e-35
7.823503387230362001e-35
6.965770975087329688e-35
6.965684130694149015e-35
6.965684130692705722e-35
6.965684130692705722e-35
6.965684130692705722e-35
6.965684130692705722e-35
5.023960029838761970e-35
5.017121243858750636e-35
5.017121243858750636e-35
5.017121243858750636e-35
5.017121243858750636e-35
5.017121243858750636e-35
5.017121243858750636e-35
4.800729572074571456e-35
4.800716541812859713e-35
4.772689354367172257e-35
4.772689354367172257e-35
4.772689354367172257e-35
4.772689354367172257e-35
4.772689354338444313e-35
3.876624578320612917e-35
3.876624578320189551e-35
3.876624575705476756e-35
3.876624575705476756e-35
3.876621167119639569e-35
3.876621167119639569e-35
3.069269632805504003e-35
3.069269632805504003e-35
3.069269632805504003e-35
3.069269632805504003e-35
3.069269632805504003e-35
3.068639721625087636e-35
3.068639721625087636e-35
3.068567619688077850e-35
3.068567619688077850e-35
3.068567619688077850e-35
3.005271303720109445e-35
3.005271303355953806e-35
2.967409691645690493e-35
2.967409691645690493e-35
2.237700691059273980e-35
2.237700691059273980e-35
2.237700691059273980e-35
2.237700691059273980e-35
2.237700691059273980e-35
2.237700691059273980e-35
2.237700691019759827e-35
2.237700691019756887e-35
1.970350540218764580e-35
1.970350460670464041e-35
1.970350460670464041e-35
1.970350460670464041e-35
1.970350460670464041e-35
1.970049598885457563e-35
1.970049595119304100e-35
1.970003633271200207e-35
1.865069356605057476e-35
1.865069356605057476e-35
1.865069356605057476e-35
1.865069356605057476e-35
1.865069356605057476e-35
1.389835294824844405e-35
1.389835294824844405e-35
1.387036993595763730e-35
1.387036993595763730e-35
1.387036993595763730e-35
1.387036993595763730e-35
1.387036993595763730e-35
1.387036993595763730e-35
1.315043633443115728e-35
1.314032925900573684e-35
1.314032895613816166e-35
1.314032895613816166e-35
1.314032895613380772e-35
1.177998853641513088e-35
1.177998853641512687e-35
1.177998853641512687e-35
1.177998851817666559e-35
1.177998851817666559e-35
1.177996769243033330e-35
1.177996769243033330e-35
1.177996769243033330e-35
1.177996769243033330e-35
1.177996769243033330e-35
1.177996769243033330e-35
9.318760444300418287e-36
9.315654206356577094e-36
9.315654206356577094e-36
9.315654206356577094e-36
9.315652144813479008e-36
9.315652144813479008e-36
9.287258010332283332e-36
9.287258010332283332e-36
9.287258010332208494e-36
9.129118714376345768e-36
7.723172271384493950e-36
7.723172271384493950e-36
7.723172271384493950e-36
7.723172271384493950e-36
7.723172271028926706e-36
7.723172271028891960e-36
7.723172271028891960e-36
6.688235355081542632e-36
6.688235355081542632e-36
6.688234748608555513e-36
6.688234748608555513e-36
6.688234748608555513e-36
6.688234748608555513e-36
6.688223992153443685e-36
6.687940578118273790e-36
6.687940578117346341e-36
6.627411989957290169e-36
6.627411989957290169e-36
6.627411989957290169e-36
6.627411989957290169e-36
6.627411989957290169e-36
5.430172943546988654e-36
5.411433589761129204e-36
5.411433589761129204e-36
5.411433589761129204e-36
5.411433589761129204e-36
5.411433589761129204e-36
5.411433589761129204e-36
5.054700292051929870e-36
5.054653929599900392e-36
5.054653929590323208e-36
5.054653929585459444e-36
5.054653907366392891e-36
5.054653907366392891e-36
4.949525449644370318e-36
4.949525449644370318e-36
4.949525449644370318e-36
4.949525449644370318e-36
4.949525449644370318e-36
4.949525449644370318e-36
4.949505779758194848e-36
4.949505779758194848e-36
4.119905272507012644e-36
4.119905272507012644e-36
4.117238769786297520e-36
4.117238769786297520e-36
4.117238769786297520e-36
4.117238769700234496e-36
4.117066177078292425e-36
4.117066177078292425e-36
4.117066177078292425e-36
4.015186244953429488e-36
4.015186244953429488e-36
3.867136321621450890e-36
3.867136321621450890e-36
3.867136321621450890e-36
3.867136321031582410e-36
3.867136321031518263e-36
3.867136321031518263e-36
3.867136321031518263e-36
3.867135236275444887e-36
3.390454219009517767e-36
3.390454219009517767e-36
3.390454219009517767e-36
3.390134271705067635e-36
3.390134271114434744e-36
3.390134271114434744e-36
3.390134271114434744e-36
3.390134271114434744e-36
3.389647420122385855e-36
3.389647420122385855e-36
3.389647420122385855e-36
3.389647420122385855e-36
3.365608310233101222e-36
3.194579481826124166e-36
3.194579481826124166e-36
3.194579481826124166e-36
3.194579481826124166e-36
2.970043273538748113e-36
2.970043270117837137e-36
2.970043270106725786e-36
2.970043270106725786e-36
2.970043270106725118e-36
2.970043229064270751e-36
2.970043229064270751e-36
2.968893691445249152e-36
2.968893691445249152e-36
2.968893691445249152e-36
2.968893691445249152e-36
2.968862599583473305e-36
2.968862599583473305e-36
2.806762064268678086e-36
2.806762064268678086e-36
2.802676059045060004e-36
2.802676059045060004e-36
2.802676059045060004e-36
2.802676059045060004e-36
2.802676041952354159e-36
2.802676041952354159e-36
2.717501120589750885e-36
2.717501120589750885e-36
2.715318370755201198e-36
2.715318370755201198e-36
2.715318370755201198e-36
2.715318370755201198e-36
2.715318370755201198e-36
2.715318370754993391e-36
2.715318369199090856e-36
2.715318369199090856e-36
2.715316019674896145e-36
2.592922253238307169e-36
2.592922253238307169e-36
2.592304022251144586e-36
2.592304022251144586e-36
2.592304022251144586e-36
2.592304022251144586e-36
2.592303961404982758e-36
2.592303961404982758e-36
2.592303961404982758e-36
2.566861295572791163e-36
2.566861295572791163e-36
2.566861295572791163e-36
2.563613807841061942e-36
2.563613807841061942e-36
2.491342686928827555e-36
2.491342686928827555e-36
2.491342686887000123e-36
2.491342686886997451e-36
2.491342686886997451e-36
2.491342560016619811e-36
2.491342560016619811e-36
2.491342560016619811e-36
2.491342560016619811e-36
2.491342387087021474e-36
2.491342387087021474e-36
2.491270045526194829e-36
2.491270045526194829e-36
2.487529987437379955e-36
2.487529987437379955e-36
2.481711447376923261e-36
2.481711447376923261e-36
2.481711447376923261e-36
2.481711447376923261e-36
2.481711447376923261e-36
2.449209074978074874e-36
2.449209074978074874e-36
2.449209074978074874e-36
2.449208695748826794e-36
2.449208695748826794e-36
2.449208695748826794e-36
2.449208695747922063e-36
2.449208690186599968e-36
2.449208690186599968e-36
2.449202373913284102e-36
2.449202373913284102e-36
2.445971455859159849e-36
2.445971455859159849e-36
2.444973354011468754e-36
2.444973354011468754e-36
2.444973354011468754e-36
2.444973354011468754e-36
2.444973354011468754e-36
2.444973354011468754e-36
2.444973354011468754e-36
2.434092716406098292e-36
2.434092716406098292e-36
2.434092091516442308e-36
2.434092091516442308e-36
2.432013915902986006e-36
2.432013915727875817e-36
2.432013915727875817e-36
2.432013915727861785e-36
2.432013915727861785e-36
2.432013516246036794e-36
2.432013516246036794e-36
2.432013516246036794e-36
2.432013516246036794e-36
2.432013516246036794e-36
2.431888427774452116e-36
2.431888427774452116e-36
2.431887664970261709e-36
2.431887664970261709e-36
2.429225257473746250e-36
2.429225257473746250e-36
2.429225257473746250e-36
2.429225257473746250e-36
2.429225257473746250e-36
2.429225257473746250e-36
2.428246671532464256e-36
2.428246671532464256e-36
2.428246671532464256e-36
2.428246671532463588e-36
2.428246671528556340e-36
2.428246653465810970e-36
2.428246653465810970e-36
2.428246653465810636e-36
2.428235387510142366e-36
2.428234707887201048e-36
2.428234707887201048e-36
2.428234707887201048e-36
2.427764255875867157e-36
2.427764255875867157e-36
2.427764255875867157e-36
2.427764255875867157e-36
2.427764255875867157e-36
2.427764255875867157e-36
2.427429986347849378e-36
2.427429986347848376e-36
2.427429986347848376e-36
2.427429986347848376e-36
2.427429985771422565e-36
2.427429543682913340e-36
2.427429543682913340e-36
2.427429543682852535e-36
2.427428821525018445e-36
2.427428821525018445e-36
2.427428821525018445e-36
2.427428821525018445e-36
2.427428821525018445e-36
2.427369233524549602e-36
2.427369233524549602e-36
2.427369233524549602e-36
2.427369233524549602e-36
2.427369233524547932e-36
2.427286853742152420e-36
2.427286853742152420e-36
2.427286853742152420e-36
2.427286853742152420e-36
2.427286853742152420e-36
2.427286644852344438e-36
2.427286644852344438e-36
2.427286644852344438e-36
2.427286644852344438e-36
2.427286644852344438e-36
2.427286644839443337e-36
2.427286612089219099e-36
2.427286612089218430e-36
2.427281229460518090e-36
2.427281229460516754e-36
2.427281229460516754e-36
2.427281229460516754e-36
2.427281229460516754e-36
2.427281229460516754e-36
2.427266642788989150e-36
2.427266642788989150e-36
2.427266642788989150e-36
2.427266642788989150e-36
2.427266571369749328e-36
2.427266571369749328e-36
2.427266571369749328e-36
2.427266571369749328e-36
2.427266571369749328e-36
2.427266570323925229e-36
2.427266570323723769e-36
2.427266570323722433e-36
2.427266225066568347e-36
2.427266225066568347e-36
2.427266225066568347e-36
2.427264376600749162e-36
2.427264376600749162e-36
2.427264376600749162e-36
2.427264376600749162e-36
2.427264376600749162e-36
2.427264376600749162e-36
2.427264358995808629e-36
2.427264358995808629e-36
2.427264358995808629e-36
2.427264358995808629e-36
2.427264358995808629e-36
2.427264358995807961e-36
2.427264358995807961e-36
2.427264358972398217e-36
2.427264358972398217e-36
2.427264358972398217e-36
2.427264343312997863e-36
2.427264343312995858e-36
2.427264176324000631e-36
2.427264176324000631e-36
2.427264176324000631e-36
2.427264176324000631e-36
2.427264176324000631e-36
2.427264176324000631e-36
2.427264173206623182e-36
2.427264173206623182e-36
2.427264173206623182e-36
2.427264173206623182e-36
2.427264173206623182e-36
2.427264173206623182e-36
2.427264173206623182e-36
2.427264173206623182e-36
2.427264172706557591e-36
2.427264172706192090e-36
2.427264172706192090e-36
2.427264161994887725e-36
2.427264161994887725e-36
2.427264161994887725e-36
2.427264161994887725e-36
2.427264161599841742e-36
2.427264161599841742e-36
2.427264161599841742e-36
2.427264161599841742e-36
2.427264161599841742e-36
2.427264161599841742e-36
2.427264161599841742e-36
2.427264161599841742e-36
2.427264161599841742e-36
2.427264161599841742e-36
2.427264161599841742e-36
2.427264161588648203e-36
2.427264161102828448e-36
2.427264161102824105e-36
2.427264161102824105e-36
2.427264161067136014e-36
2.427264161067136014e-36
2.427264161067136014e-36
2.427264161067136014e-36
2.427264161067136014e-36
2.427264161067136014e-36
2.427264161067136014e-36
2.427264161067136014e-36
2.427264161067136014e-36
2.427264161067136014e-36
2.427264161067136014e-36
2.427264161067136014e-36
2.427264161051622286e-36
2.427264161051446886e-36
2.427264161051446886e-36
2.427264161049157997e-36
2.427264161049157997e-36
2.427264161049157997e-36
2.427264161049157997e-36
2.427264161049157997e-36
2.427264161049157997e-36
2.427264161049157997e-36
2.427264161049157997e-36
2.427264161049157997e-36
2.427264161049157997e-36
2.427264161049157997e-36
2.427264161049157997e-36
2.427264161049157997e-36
2.427264161049157997e-36
2.427264161049157997e-36
2.427264161048810537e-36
2.427264161048808867e-36
2.427264161048704629e-36
2.427264161048704629e-36
2.427264161048704629e-36
2.427264161048704629e-36
2.427264161048704629e-36
2.427264161048704629e-36
2.427264161048704629e-36
2.427264161048704629e-36
2.427264161048704629e-36
2.427264161048704629e-36
2.427264161048704629e-36
2.427264161048704629e-36
2.427264161048704629e-36
2.427264161048704629e-36
2.427264161048704629e-36
2.427264161048699283e-36
2.427264161048696277e-36
2.427264161048696277e-36
2.427264161048696277e-36
2.427264161048696277e-36
2.427264161048696277e-36
2.427264161048696277e-36
2.427264161048696277e-36
2.427264161048696277e-36
2.427264161048696277e-36
2.427264161048696277e-36
2.427264161048696277e-36
2.427264161048696277e-36
2.427264161048696277e-36
2.427264161048696277e-36
2.427264161048696277e-36
2.427264161048696277e-36
2.427264161048696277e-36
2.427264161048696277e-36
2.427264161048696277e-36
2.427264161048696277e-36
2.427264161048696277e-36
2.427264161048696277e-36
2.427264161048696277e-36
2.427264161048696277e-36
2.427264161048696277e-36
2.427264161048696277e-36
2.427264161048696277e-36
2.427264161048696277e-36
2.427264161048696277e-36
2.427264161048696277e-36
2.427264161048696277e-36
2.427264161048696277e-36
2.427264161048696277e-36
2.427264161048696277e-36
2.427264161048696277e-36
2.427264161048696277e-36
2.427264161048696277e-36
2.427264161048696277e-36
2.427264161048696277e-36
2.427264161048696277e-36
2.427264161048696277e-36
2.427264161048696277e-36
2.427264161048696277e-36
2.427264161048696277e-36
2.427264161048696277e-36
2.427264161048696277e-36
2.427264161048696277e-36
2.427264161048696277e-36
2.427264161048696277e-36
2.427264161048696277e-36
2.427264161048696277e-36
2.427264161048696277e-36
2.427264161048696277e-36
2.427264161048696277e-36
2.427264161048696277e-36
2.427264161048696277e-36
2.427264161048696277e-36
2.427264161048696277e-36
2.427264161048696277e-36
2.427264161048696277e-36
2.427264161048696277e-36
2.427264161048696277e-36
2.427264161048696277e-36
2.427264161048696277e-36
2.427264161048696277e-36
2.427264161048696277e-36
2.427264161048696277e-36
2.427264161048696277e-36
2.427264161048696277e-36
2.427264161048696277e-36
2.427264161048696277e-36
2.427264161048696277e-36
2.427264161048696277e-36
2.427264161048696277e-36
2.427264161048696277e-36
2.427264161048696277e-36
2.427264161048696277e-36
2.427264161048696277e-36
2.427264161048696277e-36
2.427264161048696277e-36
2.427264161048696277e-36
2.427264161048696277e-36
2.427264161048696277e-36
2.427264161048696277e-36
2.427264161048696277e-36
2.427264161048696277e-36
2.427264161048696277e-36
2.427264161048696277e-36
2.427264161048696277e-36
2.427264161048696277e-36
2.427264161048696277e-36
2.427264161048696277e-36
2.427264161048696277e-36
2.427264161048696277e-36
2.427264161048696277e-36
2.427264161048696277e-36
2.427264161048696277e-36
2.427264161048696277e-36
2.427264161048696277e-36
2.427264161048696277e-36
2.427264161048696277e-36
2.427264161048696277e-36
2.427264161048696277e-36
2.427264161048696277e-36
2.427264161048696277e-36
2.427264161048696277e-36
2.427264161048696277e-36
2.427264161048696277e-36
2.427264161048696277e-36
2.427264161048696277e-36
2.427264161048696277e-36
2.427264161048696277e-36
2.427264161048696277e-36
2.427264161048696277e-36
2.427264161048696277e-36
2.427264161048696277e-36
2.427264161048696277e-36
2.427264161048696277e-36
2.427264161048696277e-36
2.427264161048696277e-36
2.427264161048696277e-36
2.427264161048696277e-36
2.427264161048696277e-36
2.427264161048696277e-36
2.427264161048696277e-36
2.427264161048696277e-36
2.427264161048696277e-36
2.427264161048696277e-36
2.427264161048696277e-36
2.427264161048696277e-36
2.427264161048696277e-36
2.427264161048696277e-36
2.427264161048696277e-36
2.427264161048696277e-36
2.427264161048696277e-36
2.427264161048696277e-36
2.427264161048696277e-36
2.427264161048696277e-36
2.427264161048696277e-36
2.427264161048696277e-36
2.427264161048696277e-36
2.427264161048696277e-36
2.427264161048696277e-36
2.427264161048696277e-36
2.427264161048696277e-36
2.427264161048696277e-36
2.427264161048696277e-36
2.427264161048696277e-36
2.427264161048696277e-36
2.427264161048696277e-36
2.427264161048696277e-36
2.427264161048696277e-36
2.427264161048696277e-36
2.427264161048696277e-36
2.427264161048696277e-36
2.427264161048696277e-36
2.427264161048696277e-36
2.427264161048696277e-36
2.427264161048696277e-36
2.427264161048696277e-36
2.427264161048696277e-36
2.427264161048696277e-36
2.427264161048696277e-36
2.427264161048696277e-36
2.427264161048696277e-36
2.427264161048696277e-36
2.427264161048696277e-36
2.427264161048696277e-36
2.427264161048696277e-36
2.427264161048696277e-36
2.427264161048696277e-36
2.427264161048696277e-36
2.427264161048696277e-36
2.427264161048696277e-36
2.427264161048696277e-36
2.427264161048696277e-36
2.427264161048696277e-36
2.427264161048696277e-36
2.427264161048696277e-36
2.427264161048696277e-36
2.427264161048696277e-36
2.427264161048696277e-36
2.427264161048696277e-36
2.427264161048696277e-36
2.427264161048696277e-36
2.427264161048696277e-36
2.427264161048696277e-36
2.427264161048696277e-36
2.427264161048696277e-36
2.427264161048696277e-36
2.427264161048696277e-36
2.427264161048696277e-36
2.427264161048696277e-36
2.427264161048696277e-36
2.427264161048696277e-36
2.427264161048696277e-36
2.427264161048696277e-36
2.427264161048696277e-36
2.427264161048696277e-36
2.427264161048696277e-36
2.427264161048696277e-36
2.427264161048696277e-36
2.427264161048696277e-36
2.427264161048696277e-36
2.427264161048696277e-36
2.427264161048696277e-36
2.427264161048696277e-36
2.427264161048696277e-36
2.427264161048696277e-36
2.427264161048696277e-36
2.427264161048696277e-36
2.427264161048696277e-36
2.427264161048696277e-36
2.427264161048696277e-36
2.427264161048696277e-36
2.427264161048696277e-36
2.427264161048696277e-36
2.427264161048696277e-36
2.427264161048696277e-36
2.427264161048696277e-36
2.427264161048696277e-36
2.427264161048696277e-36
2.427264161048696277e-36
2.427264161048696277e-36
