1.000000000000034861e+00
1.000000000000033973e+00
1.000000000000032863e+00
1.000000000000032863e+00
1.000000000000032863e+00
1.000000000000032863e+00
1.000000000000032863e+00
1.000000000000032863e+00
1.000000000000032863e+00
1.000000000000021094e+00
1.000000000000021094e+00
1.000000000000021094e+00
1.000000000000018874e+00
1.000000000000018874e+00
1.000000000000018430e+00
1.000000000000018430e+00
1.000000000000018430e+00
1.000000000000018430e+00
1.000000000000018430e+00
1.000000000000018430e+00
1.000000000000018430e+00
1.000000000000018430e+00
1.000000000000018430e+00
1.000000000000018430e+00
1.000000000000018430e+00
1.000000000000018430e+00
1.000000000000018430e+00
1.000000000000018430e+00
1.000000000000018430e+00
1.000000000000018430e+00
1.000000000000018430e+00
1.000000000000018208e+00
1.000000000000018208e+00
1.000000000000012879e+00
1.000000000000012879e+00
1.000000000000012879e+00
1.000000000000012879e+00
1.000000000000012879e+00
1.000000000000012879e+00
1.000000000000012879e+00
1.000000000000012879e+00
1.000000000000012879e+00
1.000000000000009548e+00
1.000000000000009548e+00
1.000000000000009548e+00
1.000000000000009548e+00
1.000000000000007994e+00
1.000000000000008216e+00
1.000000000000007994e+00
1.000000000000008216e+00
1.000000000000008216e+00
1.000000000000007994e+00
1.000000000000007994e+00
1.000000000000007994e+00
1.000000000000007994e+00
1.000000000000007994e+00
1.000000000000007994e+00
1.000000000000007994e+00
9.999999999999906741e-01
9.999999999999906741e-01
9.999999999999906741e-01
9.999999999999907851e-01
9.999999999999880096e-01
9.999999999999872324e-01
9.999999999999872324e-01
9.999999999999872324e-01
9.999999999999872324e-01
9.999999999999008571e-01
9.999999999999008571e-01
9.999999999998682165e-01
9.999999999998623323e-01
9.999999999998623323e-01
9.999999999998617772e-01
9.999999999998615552e-01
9.999999999998616662e-01
9.999999999998616662e-01
9.999999999998615552e-01
9.999999999991219246e-01
9.999999999991027178e-01
9.999999999990319965e-01
9.999999999990321076e-01
9.999999999990313304e-01
9.999999999990265565e-01
9.999999999990264454e-01
9.999999999990263344e-01
9.999999999990264454e-01
9.999999999946028728e-01
9.999999999940224482e-01
9.999999999939854778e-01
9.999999999939134243e-01
9.999999999939134243e-01
9.999999999939126472e-01
9.999999999939126472e-01
9.999999999939113149e-01
9.999999999939114259e-01
9.999999999669054729e-01
9.999999999657070981e-01
9.999999999657070981e-01
9.999999999657070981e-01
9.999999999648687687e-01
9.999999999647875004e-01
9.999999999647513071e-01
9.999999999647508631e-01
9.999999999647507520e-01
9.999999999647507520e-01
9.999999999647506410e-01
9.999999998239923471e-01
9.999999998180871819e-01
9.999999998108711763e-01
9.999999998108711763e-01
9.999999998107467203e-01
9.999999998100140841e-01
9.999999998100139731e-01
9.999999998100109755e-01
9.999999998100104204e-01
9.999999991186738768e-01
9.999999990617353118e-01
9.999999990498550373e-01
9.999999990498550373e-01
9.999999990498550373e-01
9.999999990390124882e-01
9.999999990390123772e-01
9.999999990388847015e-01
9.999999990388844795e-01
9.999999990387740123e-01
9.999999990387740123e-01
9.999999958596484939e-01
9.999999955895548798e-01
9.999999955895548798e-01
9.999999955895548798e-01
9.999999954727698537e-01
9.999999954512248657e-01
9.999999954484420917e-01
9.999999954484420917e-01
9.999999954483526077e-01
9.999999954483526077e-01
9.999999954483526077e-01
9.999999954483497211e-01
9.999999818238627380e-01
9.999999808570945170e-01
9.999999800060597188e-01
9.999999800060597188e-01
9.999999799574427195e-01
9.999999799304842840e-01
9.999999799304842840e-01
9.999999799304843950e-01
9.999999799303617154e-01
9.999999799303205261e-01
9.999999257238663120e-01
9.999999257238663120e-01
9.999999195733533242e-01
9.999999182985911395e-01
9.999999182985911395e-01
9.999999182985911395e-01
9.999999177245653126e-01
9.999999177245653126e-01
9.999999177027945052e-01
9.999999177027943942e-01
9.999999176993262795e-01
9.999999176993265015e-01
9.999997044123373202e-01
9.999996928508705363e-01
9.999996928508702032e-01
9.999996928508700922e-01
9.999996879281213280e-01
9.999996861280491256e-01
9.999996860589845937e-01
9.999996860589845937e-01
9.999996860474721361e-01
9.999996860474722471e-01
9.999996860474722471e-01
9.999996860474722471e-01
9.999996860473682192e-01
9.999989448091115563e-01
9.999989118558290091e-01
9.999988824782745089e-01
9.999988824782746200e-01
9.999988814796396674e-01
9.999988797008318997e-01
9.999988797008318997e-01
9.999988797008317887e-01
9.999988796973541261e-01
9.999988796932245405e-01
9.999964639134937272e-01
9.999964639134937272e-01
9.999962955874659443e-01
9.999962521085078437e-01
9.999962521085078437e-01
9.999962416774460516e-01
9.999962416774460516e-01
9.999962416774460516e-01
9.999962404703135466e-01
9.999962403830463531e-01
9.999962403830463531e-01
9.999962403830463531e-01
9.999889824733619870e-01
9.999883006731771218e-01
9.999883006731771218e-01
9.999883006731588031e-01
9.999883006731581370e-01
9.999882186977664400e-01
9.999881636185526945e-01
9.999881619921768827e-01
9.999881619921768827e-01
9.999881619921768827e-01
9.999881614252186246e-01
9.999881614252187356e-01
9.999881614252187356e-01
9.999881614238494976e-01
9.999881614238492755e-01
9.999670820006678618e-01
9.999655980734879490e-01
9.999651448462155701e-01
9.999651448462082426e-01
9.999651224773700164e-01
9.999650733257349211e-01
9.999650733257349211e-01
9.999650733257349211e-01
9.999650732819461707e-01
9.999650730977800439e-01
9.999650730977800439e-01
9.999079012224586505e-01
9.999079012224586505e-01
9.999051694334863960e-01
9.999032684232839197e-01
9.999032684232839197e-01
9.999030458969442314e-01
9.999030458969442314e-01
9.999030458969441204e-01
9.999030155759727201e-01
9.999030145264872216e-01
9.999030145264858893e-01
9.999030145264858893e-01
9.997717279926557898e-01
9.997499049045408537e-01
9.997499049045408537e-01
9.997499049045359687e-01
9.997499049036344676e-01
9.997481956864531227e-01
9.997461002065468616e-01
9.997460816983035903e-01
9.997460816983035903e-01
9.997460816983035903e-01
9.997460816983035903e-01
9.997460688072824508e-01
9.997460688072823398e-01
9.997460688072823398e-01
9.997460687977656191e-01
9.997460687977655081e-01
9.994212417316358232e-01
9.994043967050583177e-01
9.993765942999119911e-01
9.993763604413109514e-01
9.993763604410389467e-01
9.993747369312178108e-01
9.993747369312178108e-01
9.993747369312179218e-01
9.993747366501778417e-01
9.993747329672311164e-01
9.993747329672311164e-01
9.986402176911386430e-01
9.985887530025425729e-01
9.985887530025425729e-01
9.985552112883937514e-01
9.985552112883937514e-01
9.985532302311491692e-01
9.985532302311490582e-01
9.985532302311477260e-01
9.985532302311477260e-01
9.985523987974829208e-01
9.985523929702989632e-01
9.985523929702611046e-01
9.985523929702611046e-01
9.970557081605211369e-01
9.970557081605211369e-01
9.968879238726544578e-01
9.968879238726213732e-01
9.968879238583011615e-01
9.968751960768692522e-01
9.968464141479683738e-01
9.968463300790368908e-01
9.968463300790368908e-01
9.968463300790368908e-01
9.968463300790368908e-01
9.968460520379666123e-01
9.968460520379666123e-01
9.968460520379666123e-01
9.968460519804829278e-01
9.968460519804798192e-01
9.938162097562144304e-01
9.937303369472626491e-01
9.935440062403632089e-01
9.935431351977582759e-01
9.935431351945331890e-01
9.935256997434022130e-01
9.935256997434022130e-01
9.935256997434019910e-01
9.935256997434019910e-01
9.935256983596413294e-01
9.935256365551689006e-01
9.935256365551689006e-01
9.878685917718993403e-01
9.878685917718993403e-01
9.876364651895785940e-01
9.876364651895785940e-01
9.874459921257239259e-01
9.874459921257239259e-01
9.874396536442349159e-01
9.874396536442316963e-01
9.874396536442315853e-01
9.874396536442315853e-01
9.874323308596804072e-01
9.874323062513932214e-01
9.874323062510332871e-01
9.874323062510332871e-01
9.787305386002727037e-01
9.787305386002727037e-01
9.770794530522713961e-01
9.770794530521906829e-01
9.770794528454008754e-01
9.770426939617778972e-01
9.768970151006890479e-01
9.768966893997328427e-01
9.768966893997328427e-01
9.768966893997328427e-01
9.768966893997328427e-01
9.768966893997328427e-01
9.768945424593378224e-01
9.768945424593377114e-01
9.768945424593377114e-01
9.768945423317892951e-01
9.768945423317647592e-01
9.617898659171018050e-01
9.614784070220802059e-01
9.598888046486431236e-01
9.598855843987319503e-01
9.598855843573319557e-01
9.598048238224345940e-01
9.598048238224345940e-01
9.598048238224345940e-01
9.598048238224345940e-01
9.598048208800583625e-01
9.598043843954727761e-01
9.598043843954727761e-01
9.358966754786036679e-01
9.351612643886165754e-01
9.351612643886165754e-01
9.351612643886165754e-01
9.337772300335303033e-01
9.337772300335303033e-01
9.337546115360123578e-01
9.337546115360074728e-01
9.337546115360073617e-01
9.337546115360073617e-01
9.337232785601269347e-01
9.337232281366319997e-01
9.337232281324556737e-01
9.337232281324556737e-01
9.061501313195882146e-01
9.061501313195882146e-01
8.971919395170738776e-01
8.971919395169469791e-01
8.971919378906217934e-01
8.970564529704442291e-01
8.961270054329913970e-01
8.961263656508381414e-01
8.961263656508381414e-01
8.961263656508381414e-01
8.961263656508381414e-01
8.961263656508381414e-01
8.961179187741434848e-01
8.961179187741434848e-01
8.961179187741434848e-01
8.961179186131351670e-01
8.961179186131351670e-01
8.961179186128778174e-01
8.536541980007182895e-01
8.522723478217218984e-01
8.455511239991009287e-01
8.455450424710071466e-01
8.455450422074288763e-01
8.450873563662039123e-01
8.450873563662039123e-01
8.450873563662036902e-01
8.450873563662036902e-01
8.450873528446870564e-01
8.450857934794008264e-01
8.450857934794008264e-01
7.874969768498421008e-01
7.847829060255905320e-01
7.847829060255905320e-01
7.847829060255905320e-01
7.801675247107546785e-01
7.801675247107546785e-01
7.801292473161730578e-01
7.801292473161730578e-01
7.801292473161656194e-01
7.801292473161652863e-01
7.801292473161652863e-01
7.799748381327973323e-01
7.799747831831740363e-01
7.799747831607215520e-01
7.799747831607215520e-01
7.189229732667226092e-01
7.189229732667226092e-01
7.043352493368879585e-01
7.043352493367093237e-01
7.043352441390609009e-01
7.041289009191483705e-01
7.016809158207196750e-01
7.016809158207196750e-01
7.016803169220889869e-01
7.016803169220889869e-01
7.016803169220889869e-01
7.016803169220889869e-01
7.016803169220889869e-01
7.016459397093767203e-01
7.016459397093767203e-01
7.016459397093767203e-01
7.016459395189533765e-01
7.016459395189533765e-01
7.016459395178253899e-01
6.241119870653889512e-01
6.227456165656556353e-01
6.138726255188310388e-01
6.138678684269055497e-01
6.138678678043557602e-01
6.129228457989127632e-01
6.129228457989127632e-01
6.129228457989126522e-01
6.129228457989126522e-01
6.129228423578827467e-01
6.129178066745910591e-01
6.129178066745910591e-01
5.258356893828624035e-01
5.235000917646560614e-01
5.235000917646560614e-01
5.235000917646560614e-01
5.184057813724388675e-01
5.184057813724388675e-01
5.183807423895222533e-01
5.183807423895222533e-01
5.183807423895181454e-01
5.183807423895170352e-01
5.183807423895170352e-01
5.181248082293421486e-01
5.181247632656627022e-01
5.181247632241363643e-01
5.181247632241363643e-01
4.509857514984354498e-01
4.509857514984354498e-01
4.248848372592344269e-01
4.248848372591491063e-01
4.248848240290200584e-01
4.247679767640362147e-01
4.223970697994415269e-01
4.223970697994415269e-01
4.223966340526822405e-01
4.223966340526822405e-01
4.223966340526822405e-01
4.223966340526822405e-01
4.223966340526821295e-01
4.223480888934270094e-01
4.223480888934270094e-01
4.223480888934270094e-01
4.223480888118346654e-01
4.223480888118346654e-01
4.223480888118346654e-01
4.223480888100805131e-01
3.473007499395266429e-01
3.462353665026061122e-01
3.319748671568107379e-01
3.319716043499140734e-01
3.319716029266691071e-01
3.311364036342227535e-01
3.311364036342227535e-01
3.311364036342226425e-01
3.311364036342226425e-01
3.311364022431109166e-01
3.311299665182121932e-01
3.311299665182121932e-01
2.581449359743606675e-01
2.565383285444130523e-01
2.565383285444130523e-01
2.565383285444130523e-01
2.494756662498684163e-01
2.494756662498684163e-01
2.494588431413197471e-01
2.494588431413197471e-01
2.494588431413185259e-01
2.494588431413166940e-01
2.494588431413166940e-01
2.492482208176459435e-01
2.492482031928187625e-01
2.492482031928187625e-01
2.492482031059765901e-01
2.492482031059765901e-01
2.492482031059765901e-01
2.091204426177053488e-01
2.091204426177053488e-01
1.826688622945134288e-01
1.826688622944841744e-01
1.826688423854155308e-01
1.825827624045788244e-01
1.797107848236201844e-01
1.797107848236201844e-01
1.797106191341770465e-01
1.797106191341770465e-01
1.797106191341770465e-01
1.797106191341770465e-01
1.797106191341769910e-01
1.796735294478929157e-01
1.796735294478929157e-01
1.796735294478929157e-01
1.796735294271907812e-01
1.796735294271907812e-01
1.796735294271907812e-01
1.796735294238290259e-01
1.377937500557754047e-01
1.368468220103051525e-01
1.246876279935811155e-01
1.246863886203673777e-01
1.246863869010316206e-01
1.237874873664157604e-01
1.237874873664157604e-01
1.237874873664157327e-01
1.237874873664157327e-01
1.237874870277445721e-01
1.237829620601649527e-01
1.237829620601649527e-01
8.775524310794061145e-02
8.652477132248698188e-02
8.652477132248698188e-02
8.652477132248698188e-02
8.162346891431920826e-02
8.162346891431920826e-02
8.161756847174367335e-02
8.161756847174367335e-02
8.161756847174329865e-02
8.161756847174000962e-02
8.161756847174000962e-02
8.141613493490504339e-02
8.141613089735010023e-02
8.141613089735010023e-02
8.141613080791160195e-02
8.141613080791160195e-02
8.141613080791160195e-02
6.274296920481120532e-02
6.274296920481120532e-02
5.269399291363793120e-02
5.269399291362868165e-02
5.269397865191458030e-02
5.266464273151744840e-02
5.106378964919564695e-02
5.106378964919564695e-02
5.106375543231361780e-02
5.106375543231361780e-02
5.106375543231361780e-02
5.106375543231361780e-02
5.106375543231354841e-02
5.103326897012634700e-02
5.103326897012634700e-02
5.103326897012634700e-02
5.103326896505241267e-02
5.103326896505241267e-02
5.103326896209749164e-02
5.103326896209749164e-02
3.467607970198802181e-02
3.446826849860663150e-02
3.084804176907654516e-02
3.084781865919686283e-02
3.084781775929372818e-02
3.045150908188222830e-02
3.045150908188222830e-02
3.045150908188222830e-02
3.045150908188223177e-02
3.045150908188223177e-02
3.045150901113063968e-02
3.044846213180082972e-02
3.044846213180082972e-02
3.044846213180082972e-02
1.878204746868302258e-02
1.878204746868302258e-02
1.855439603847651789e-02
1.855439603847651789e-02
1.737369755651883146e-02
1.737369755651883146e-02
1.737282414035389022e-02
1.737282414035389022e-02
1.737282414035171488e-02
1.737282414035167671e-02
1.737282414035167671e-02
1.730232981803086004e-02
1.730232911465821519e-02
1.730232911465821519e-02
1.730232907861698963e-02
1.730232907861698963e-02
1.730232907861698963e-02
1.315497550342577954e-02
1.315497550342577954e-02
9.706577357721990137e-03
9.706577357721065530e-03
9.706570257357684944e-03
9.703020094583117081e-03
9.373340481679374309e-03
9.373340481679374309e-03
9.373335329080505901e-03
9.373335329080505901e-03
9.373335329080505901e-03
9.373335329080505901e-03
9.373335329080466002e-03
9.364500619551231059e-03
9.364500619551231059e-03
9.364500619551231059e-03
9.364500619086885483e-03
9.364500619086885483e-03
9.364500618109417376e-03
9.364500618109417376e-03
6.102580754981352419e-03
6.067230282097685334e-03
4.902289567002050992e-03
4.902258757784175303e-03
4.902258355107636488e-03
4.828742819146143728e-03
4.828742819146143728e-03
4.828742819146143728e-03
4.828742819146143728e-03
4.828742819146143728e-03
4.828742813194630140e-03
4.827961973873353026e-03
4.827961973873353026e-03
4.827961973873353026e-03
2.760634767292287524e-03
2.760634767292287524e-03
2.725247406635820154e-03
2.725247406635820154e-03
2.384697355069321460e-03
2.384697355069321460e-03
2.384577612072058973e-03
2.384577612072058973e-03
2.384577612071382430e-03
2.384577612071379395e-03
2.384577612071379395e-03
2.372374539237668417e-03
2.372374481876366077e-03
2.372374467045854259e-03
2.372374467045854259e-03
2.372374467045854259e-03
2.372374467045854259e-03
1.882737071370837404e-03
1.882737071370837404e-03
1.195517898117400869e-03
1.195517898117327794e-03
1.195515590530411322e-03
1.194946951251650265e-03
1.194946951251650265e-03
1.111263615919691472e-03
1.111263615919691472e-03
1.111263201640831774e-03
1.111263201640831774e-03
1.111263201640831774e-03
1.111263201640831774e-03
1.111263201640820932e-03
1.109828350839202728e-03
1.109828350839202728e-03
1.109828350839202728e-03
1.109828350839202728e-03
1.109828350813604281e-03
1.109828350440690342e-03
1.109828350440690342e-03
7.282467058084747015e-04
5.116718562367764686e-04
5.106223754642143708e-04
5.106197893663561591e-04
5.106196857924537747e-04
5.106196857924537747e-04
4.941101785306318715e-04
4.941101785306318715e-04
4.941101785306318715e-04
4.941101785306318715e-04
4.941101785306318715e-04
4.941101782119992729e-04
4.939923015958770256e-04
4.939923015958770256e-04
4.939923015958770256e-04
2.704342202151949898e-04
2.704342202151949898e-04
2.704342202151949898e-04
2.646327345058911641e-04
2.117463377356182961e-04
2.117463377356182961e-04
2.117463377356182961e-04
2.117369443420659371e-04
2.117369443418019880e-04
2.117369443418017983e-04
2.117369443418017983e-04
2.092862061407849313e-04
2.092862031857035206e-04
2.092862031857035206e-04
2.092861999872441738e-04
2.092861999872441738e-04
2.092861999872441738e-04
1.589955770779432568e-04
9.519533953291644352e-05
9.519533953291644352e-05
9.519493793605347419e-05
9.519493793604813449e-05
9.514872311874965750e-05
9.514872311874965750e-05
8.439890264053356676e-05
8.439890264053356676e-05
8.439890264053356676e-05
8.439888253976957728e-05
8.439888253976957728e-05
8.439888253976957728e-05
8.439888253976605362e-05
8.414429032077673650e-05
8.414429032077673650e-05
8.414429032077673650e-05
8.414429032077673650e-05
8.414429031940283551e-05
8.414429024849701632e-05
8.414429024849701632e-05
4.984632229664133729e-05
3.379869303733138439e-05
3.372838886960475679e-05
3.372837562669282209e-05
3.372825959521790721e-05
3.372825959521790721e-05
3.202249608733986723e-05
3.202249608733986723e-05
3.202249608733986723e-05
3.202249608733986723e-05
3.202249608733986723e-05
3.202249607217527374e-05
3.200476683586400733e-05
3.200476683586400733e-05
3.200476683586400733e-05
1.512718333978496449e-05
1.512718333978496449e-05
1.512718333978496111e-05
1.486629157834420541e-05
1.486629157834420541e-05
1.173868931892054900e-05
1.173868931892054900e-05
1.173868931892054900e-05
1.173834393612746919e-05
1.173834393608718600e-05
1.173834393608717922e-05
1.173834393608717922e-05
1.153773987777843705e-05
1.153773987777843705e-05
1.153773975879112295e-05
1.153773944992306595e-05
1.153773944992306595e-05
1.153773944992306595e-05
9.089762910756867258e-06
4.503309644297754509e-06
4.503309644297754509e-06
4.503265648034393402e-06
4.503265648034270582e-06
4.501945912344802274e-06
4.501945912344802274e-06
3.977870728502012047e-06
3.977870728502012047e-06
3.977870728502012047e-06
3.977870728502012047e-06
3.977870040373890736e-06
3.977870040373890736e-06
3.977870040373473996e-06
3.960996236093286455e-06
3.960996236093286455e-06
3.960996236093286455e-06
3.960996236093286455e-06
3.960996230565924677e-06
3.960996230536397109e-06
3.960996230536397109e-06
3.960996230536397109e-06
2.459347851609370268e-06
1.380622777319310139e-06
1.378721101524798133e-06
1.378719822560297620e-06
1.378719822560297620e-06
1.378716316908982532e-06
1.305532551465556261e-06
1.305532551465556261e-06
1.305532551465556261e-06
1.305532551465556261e-06
1.305532551465556261e-06
1.305532551173473678e-06
1.304517819064854468e-06
1.304517819064854468e-06
1.304517819064854468e-06
6.314611980601310501e-07
6.314611980601307325e-07
6.314611980601307325e-07
6.314611980601307325e-07
6.220846848721042424e-07
4.224560082000446814e-07
4.224560082000446814e-07
4.224560082000446814e-07
4.224560081971460288e-07
4.224455876938158644e-07
4.224455876938157585e-07
4.224455876938157585e-07
4.143775454334314943e-07
4.143775454334314943e-07
4.143775177291031190e-07
4.143775155103664881e-07
4.143775155103664881e-07
4.143775155103664881e-07
3.521685495606246780e-07
1.583567269126197987e-07
1.583567269126197987e-07
1.583533171379821439e-07
1.583533171379797617e-07
1.583533171379797617e-07
1.583035201938965537e-07
1.273361856254760536e-07
1.273361856254760536e-07
1.273361856254760536e-07
1.273361856254760536e-07
1.273361725785220585e-07
1.273361725785220585e-07
1.273361725784942123e-07
1.266794188142374196e-07
1.266794188142374196e-07
1.266794188142374196e-07
1.266794188142374196e-07
1.266794188142374196e-07
1.266794183405626989e-07
1.266794183405626989e-07
1.266794183401674257e-07
8.643904916729417171e-08
8.643904916729417171e-08
4.132547038357264851e-08
4.125844162920870670e-08
4.125844162920870670e-08
4.125835946745693961e-08
4.125828482658080979e-08
3.729928263550217774e-08
3.729928263550217774e-08
3.729928263550217774e-08
3.729928263550217774e-08
3.729928263550217774e-08
3.729928263155444172e-08
3.726109444928684435e-08
3.726109444928684435e-08
3.726109444928684435e-08
3.726109444928684435e-08
3.726109444928667891e-08
1.921349501493548746e-08
1.885321846575500915e-08
1.885321846575500915e-08
1.100969361001094568e-08
1.100969361001094568e-08
1.100969360972748577e-08
1.100969360972748577e-08
1.100948195914022843e-08
1.100948195914022677e-08
1.100948195914022677e-08
1.060645417595692348e-08
1.060645417595692348e-08
1.060645267768046299e-08
1.060645264757635784e-08
1.060645264757635784e-08
1.060645264757635784e-08
1.060645264757635784e-08
8.990275210298042751e-09
4.039042193404354639e-09
4.038875179242466391e-09
4.038875179242466391e-09
4.038875179242466391e-09
4.038875179242420069e-09
4.037759266645516448e-09
2.945926855190589993e-09
2.945926855190589993e-09
2.945926855190589993e-09
2.945926855190589993e-09
2.945926677245779807e-09
2.945926677245779807e-09
2.945926677243408694e-09
2.915343815454897350e-09
2.915343815454897350e-09
2.915343815454897350e-09
2.915343815454897350e-09
2.915343815454897350e-09
2.915343815454897350e-09
2.915343791487075231e-09
2.915343791481457434e-09
1.915335702550414136e-09
1.915335702550414136e-09
8.915092112686966935e-10
8.901847724684558110e-10
8.901847724684558110e-10
8.901815284128248789e-10
7.691418953783097684e-10
7.691411579942004323e-10
7.691411579942004323e-10
7.691411579942004323e-10
7.691411579942004323e-10
7.691411579942004323e-10
7.691411579404424812e-10
7.675153057932848451e-10
7.675153057932848451e-10
7.675153057932848451e-10
7.675153057932848451e-10
7.675153057932719204e-10
3.603494256746835844e-10
3.551549417698749213e-10
3.551549417698749213e-10
3.551549417698749213e-10
2.039024577642858359e-10
2.039024577506961632e-10
2.038999225435443696e-10
2.038999225435443696e-10
2.038999225435443696e-10
2.038999225435443696e-10
1.935190256823294939e-10
1.935190256823294939e-10
1.935189791352803547e-10
1.935189787640656581e-10
1.935189787640656581e-10
1.935189787640656581e-10
1.698710643118975983e-10
1.698710643118975983e-10
6.547844705815871166e-11
6.547273354411042626e-11
6.547273354411042626e-11
6.547273354411042626e-11
6.547273354411009022e-11
6.546215201429281589e-11
4.767085060754528479e-11
4.767085060754528479e-11
4.767085060754528479e-11
4.767085060754528479e-11
4.767085060754528479e-11
4.767084866449866568e-11
4.767084866440799893e-11
4.700906756013836578e-11
4.700906756013836578e-11
4.700906756013836578e-11
4.700906756013836578e-11
4.700906756013836578e-11
4.700906756013836578e-11
4.700906693235443494e-11
4.700906693231423914e-11
3.345924835048761720e-11
3.345924835048761720e-11
1.299918091677331569e-11
1.298740393003806471e-11
1.298740393003806471e-11
1.298730486504419894e-11
1.123067059197822758e-11
1.123066330040497884e-11
1.123066330040497884e-11
1.123066330040497884e-11
1.123066330040497884e-11
1.123066330040497884e-11
1.123066330005427042e-11
1.119957849552907886e-11
1.119957849552907886e-11
1.119957849552907886e-11
1.119957849552907886e-11
1.119957849552864911e-11
5.924740243727442764e-12
5.864664542959633137e-12
5.864664542959633137e-12
5.864664542959633137e-12
2.830336738483961196e-12
2.830336738148649721e-12
2.830312006527653220e-12
2.830312006527653220e-12
2.830312006527653220e-12
2.830312006527653220e-12
2.830312006527653220e-12
2.683416446068964958e-12
2.683415055310410130e-12
2.683415052902404972e-12
2.683415052902404972e-12
2.683415052902404972e-12
2.479113586970840260e-12
2.479113586970840260e-12
1.033432522955878796e-12
1.033432522955878796e-12
1.033276700867975530e-12
1.033276700867975530e-12
1.033276700867973106e-12
1.033136779444755799e-12
6.619564430809865851e-13
6.619564430809865851e-13
6.619564430809865851e-13
6.619564430809865851e-13
6.619564430809865851e-13
6.619564430809865851e-13
6.619564293160951451e-13
6.619564293137677908e-13
6.519655135981950839e-13
6.519655135981950839e-13
6.519655135981950839e-13
6.519655135981950839e-13
6.519655135981950839e-13
6.519655135981950839e-13
6.519654937310979552e-13
6.519654937308820724e-13
5.169610426255356505e-13
5.169610426255356505e-13
1.999551682805184833e-13
1.997934091569916362e-13
1.997934091569916362e-13
1.997907045392578926e-13
1.608232798810036575e-13
1.608232209824762411e-13
1.608232209824762411e-13
1.608232209824762411e-13
1.608232209824762411e-13
1.608232209824762411e-13
1.608232209824762411e-13
1.608232209803235975e-13
1.608232209803235975e-13
1.602971951007984906e-13
1.602971951007984906e-13
1.602971951007984906e-13
1.602971951007862475e-13
9.800245683136109424e-14
9.706562780481652741e-14
9.706562780481652741e-14
9.706562780481652741e-14
4.369655210792153143e-14
4.369655209275345909e-14
4.369630992529937929e-14
4.369630992529937929e-14
4.369630992529937929e-14
4.369630992529937929e-14
4.369630992529937929e-14
4.016399592196038502e-14
4.016395880991895063e-14
4.016395879294634320e-14
4.016395879294634320e-14
4.016395879294634320e-14
4.016395879294634320e-14
3.749553896632125570e-14
1.777771492353544010e-14
1.777358699153555789e-14
1.777358699153555789e-14
1.777358699153555789e-14
1.777358699153553264e-14
1.777188407588465586e-14
1.054932488278404467e-14
1.054932488278404467e-14
1.054932488278404467e-14
1.054932488278403836e-14
1.054932488278403836e-14
1.054932488278403836e-14
1.054932476934802375e-14
1.054932476923558110e-14
1.028285762257624898e-14
1.028285762257624898e-14
1.028285762257624898e-14
1.028285762257624898e-14
1.028285702374067089e-14
1.028285702374067089e-14
1.028285702374067089e-14
1.028285702373886755e-14
8.257312338185091812e-15
3.492546371491883278e-15
3.492546371491883278e-15
3.490455476717084688e-15
3.490455476717084688e-15
3.490380409587901878e-15
2.675235836386507076e-15
2.675235298121758984e-15
2.675235298121758984e-15
2.675235298121758984e-15
2.675235298121758984e-15
2.675235298121758984e-15
2.675235298121758984e-15
2.675235298121758984e-15
2.675235298121758984e-15
2.675235298101346025e-15
2.659635949682497195e-15
2.659635949682497195e-15
2.659635949681851907e-15
1.621277094464298876e-15
1.621277094464298876e-15
1.610482779988902091e-15
7.648742468680229855e-16
7.648742468680229855e-16
7.648742462840729406e-16
7.648717814389182012e-16
7.648717814389182012e-16
7.648717814389182012e-16
7.648717814389182012e-16
7.648717814389182012e-16
6.882235219977415563e-16
6.882225247182213578e-16
6.882225247182213578e-16
6.882225245455976869e-16
6.882225245455976869e-16
6.882225245455976869e-16
6.875478071348542339e-16
6.539611181209511481e-16
2.990204621496127769e-16
2.990204621496127769e-16
2.990204621496127769e-16
2.990204621496125797e-16
2.990044947128265830e-16
1.832827261197958397e-16
1.832827261197958397e-16
1.832827261197958397e-16
1.832827261197956179e-16
1.832827261197956179e-16
1.832827261197956179e-16
1.832827261155436083e-16
1.832827249241047718e-16
1.774904300197890908e-16
1.774904300197890908e-16
1.774904300197890908e-16
1.774904300197890908e-16
1.774904136691115836e-16
1.774904136691115836e-16
1.774904136691115836e-16
1.774904136691115836e-16
1.774904136690981236e-16
1.504840013375743099e-16
5.943034111194383093e-17
5.943034111194383093e-17
5.941018964068847952e-17
5.941018964068847952e-17
5.940781346974132426e-17
4.624470551634897717e-17
4.624469990917106551e-17
4.624469990917106551e-17
4.624469990917106551e-17
4.624469990917106551e-17
4.624469990917106551e-17
4.624469990917106551e-17
4.624469990917106551e-17
4.624469990917106551e-17
4.590692474609138850e-17
4.590692474609138850e-17
4.590692474594046955e-17
4.590692474591636615e-17
4.590692474591636615e-17
3.123443461432721060e-17
3.110097780268593453e-17
1.342030068774331631e-17
1.342030067119599432e-17
1.342030067119599432e-17
1.342027421226817124e-17
1.342027421226817124e-17
1.342027421226817124e-17
1.342027421226817124e-17
1.212007624766888403e-17
1.212007624766888403e-17
1.212004243406746650e-17
1.212004243406746650e-17
1.212004243272176532e-17
1.212004243272176532e-17
1.212004243272176532e-17
1.210484878196777100e-17
6.256817792038996892e-18
6.161095660563946095e-18
6.161095660563946095e-18
6.161095660563946095e-18
6.161095660563943784e-18
6.160859381233476113e-18
3.416909856355052457e-18
3.416909856355052457e-18
3.416909856355043598e-18
3.416909856355043598e-18
3.416909856355043598e-18
3.416909856219099521e-18
3.416909856219099521e-18
3.416909845806490714e-18
3.306465885527256325e-18
3.306465885527256325e-18
3.306465885527256325e-18
3.306465885527256325e-18
3.306465265177352659e-18
3.306465265177352659e-18
3.306465265177352659e-18
3.306465265177352659e-18
2.975587797340936132e-18
2.975587797340858710e-18
2.975587797340858710e-18
1.299851410808576799e-18
1.299515262887115406e-18
1.299515262887115406e-18
1.299432625102871098e-18
9.386724749507636927e-19
9.386724168522995218e-19
9.386724168522995218e-19
9.386724168522995218e-19
9.386724168522995218e-19
9.386724168522995218e-19
9.386724168522995218e-19
9.386724168522995218e-19
9.386724168522995218e-19
9.310378025265735413e-19
9.310378025265735413e-19
9.310378025253043535e-19
9.310378025243924256e-19
9.310378025243924256e-19
7.069709314371941122e-19
7.045852267399184891e-19
7.045852217518844445e-19
3.103640741596280507e-19
3.103640741596280507e-19
3.103640741596280507e-19
3.103637182829766199e-19
3.103637182829766199e-19
3.103637182829766199e-19
2.691455336456252522e-19
2.691443215926091760e-19
2.691443215926091760e-19
2.691443215926091760e-19
2.691443215790401811e-19
2.691443215790401811e-19
2.691443215790401811e-19
2.691443215790401811e-19
2.691443215790401811e-19
2.687330382364365571e-19
1.589818112295865788e-19
1.568233919964156144e-19
1.568233919964156144e-19
1.568195422952418904e-19
1.568195422952418904e-19
8.386457029808802936e-20
8.386457029808802936e-20
8.386457029808802936e-20
8.386457029808754788e-20
8.386457029808754788e-20
8.386457029808754788e-20
8.386457028913232271e-20
8.386457028913232271e-20
8.386457016087232176e-20
8.386457016087232176e-20
8.386457016087232176e-20
8.386457016087232176e-20
7.982491138753894211e-20
7.982488510626336352e-20
7.982488510626336352e-20
7.982488510626336352e-20
7.982488510626336352e-20
7.982488510626336352e-20
7.299325803925863986e-20
7.299325803925772505e-20
3.556938801916417864e-20
3.556305768710293792e-20
3.556305768710293792e-20
3.555965947483251648e-20
2.456471069586143998e-20
2.456470988227872021e-20
2.456470988227872021e-20
2.456470988227872021e-20
2.456470988227872021e-20
2.456470988227872021e-20
2.456470988227872021e-20
2.456470988227872021e-20
2.456470988227872021e-20
2.424356825489087481e-20
2.424356825482326564e-20
2.424356825480633250e-20
2.424356825480633250e-20
2.424356825480633250e-20
1.882663615350606158e-20
1.878404332225646078e-20
1.878404306456337195e-20
8.832843100636109645e-21
8.832843100636109645e-21
8.832843100636109645e-21
8.832837206791433755e-21
8.832837206791433755e-21
8.832837206791433755e-21
7.450836442833678213e-21
7.450836442833678213e-21
7.450785438615134075e-21
7.450785438615134075e-21
7.450785438615134075e-21
7.450785438410505523e-21
7.450785438410505523e-21
7.450785438410505523e-21
7.450785438410505523e-21
7.431350305622459590e-21
4.461783700736394851e-21
4.418860699639269256e-21
4.418860699639269256e-21
4.418860699639269256e-21
2.433929877439248716e-21
2.433910916101744975e-21
2.433910916101701717e-21
2.433910916101701717e-21
2.433910916101701717e-21
2.433910916101701717e-21
2.433910916101701717e-21
2.433910915553433848e-21
2.433910915553433848e-21
2.433910915553433848e-21
2.433910915553433848e-21
2.433910915553433848e-21
2.433910913427591247e-21
2.290732114673962688e-21
2.290730926260588151e-21
2.290730926260588151e-21
2.290730926260588151e-21
2.290730926260588151e-21
2.145800309880652774e-21
2.145800309880652774e-21
2.145800309880640737e-21
1.032459761530805665e-21
1.032350694940214002e-21
1.032173945899592482e-21
1.032173945899592482e-21
7.206697542262315170e-22
7.206697542262315170e-22
7.206697404465697073e-22
7.206697404465697073e-22
7.206697404465697073e-22
7.206697404465695192e-22
7.206697404465695192e-22
7.206697404465695192e-22
7.206697404465695192e-22
7.089448407390601125e-22
7.089448407348577672e-22
7.089448407348577672e-22
7.089448407348577672e-22
7.089448407346409120e-22
7.089448407346409120e-22
5.851370776711735182e-22
5.851370639405804161e-22
5.842950780017588471e-22
2.629847485942538842e-22
2.629847485942538842e-22
2.629847485942538842e-22
2.629846457816327173e-22
2.629846457816327173e-22
2.629846457816327173e-22
2.221657502662029313e-22
2.221629510861010799e-22
2.221629510861010799e-22
2.221629510861010799e-22
2.221629510861010799e-22
2.221629510861010799e-22
2.221629510833773184e-22
2.221629510833773184e-22
2.221629510833773184e-22
2.214281088877910107e-22
1.477463446148699354e-22
1.467809651654816209e-22
1.467809651654816209e-22
1.467809651654816209e-22
1.467809651654700775e-22
7.548766107485077672e-23
7.548766107485077672e-23
7.548730215818152604e-23
7.548730215818152604e-23
7.548730215818152604e-23
7.548730212922274076e-23
7.548730212922274076e-23
7.548730212922274076e-23
7.548730212922274076e-23
7.548730212922274076e-23
7.091373840429742021e-23
7.091373837727965821e-23
7.091373837727965821e-23
7.091366807610834434e-23
7.091366807610834434e-23
7.091366807610834434e-23
7.091366807610834434e-23
6.800619634747630158e-23
3.657378583947049394e-23
3.657378583947049394e-23
3.657378583947045280e-23
3.657109252710575734e-23
3.656165381661930937e-23
3.656165381661930937e-23
2.383734020386762428e-23
2.383734020386762428e-23
2.383733997815890568e-23
2.383733997815890568e-23
2.383733997815888511e-23
2.383733997815888511e-23
2.383733997815888511e-23
2.383733997815888511e-23
2.383733997815888511e-23
2.383733997815888511e-23
2.341125752189689862e-23
2.341125752164526936e-23
2.341125752164526936e-23
2.341125752164232475e-23
2.341125752164232475e-23
2.048460915590194738e-23
2.048460811714845510e-23
2.046429264478831905e-23
9.857087797586075058e-24
9.857087797586075058e-24
9.857087797586075058e-24
9.857087797586075058e-24
9.857085635119470754e-24
7.948670675161462648e-24
7.948518187482158196e-24
7.948518187482158196e-24
7.948518187482158196e-24
7.948518187482158196e-24
7.948518187482158196e-24
7.948518187482158196e-24
7.948518187438710455e-24
7.948518187438710455e-24
7.917242953935110581e-24
7.917242953935110581e-24
5.801849126483315860e-24
5.772511140241954119e-24
5.772511140241954119e-24
5.772511140240972582e-24
5.772511140240972582e-24
2.984703826120654587e-24
2.984703826120654587e-24
2.984695425491818039e-24
2.984695425491818039e-24
2.984695425491818039e-24
2.984695425491818039e-24
2.984695425491818039e-24
2.984695422697245156e-24
2.984695422697245156e-24
2.984695422697245156e-24
2.741006099778085266e-24
2.741006099275071029e-24
2.741006099275071029e-24
2.741001629419346464e-24
2.741001629419346464e-24
2.741001629419346464e-24
2.654674911702821726e-24
2.654674911702821726e-24
1.574559716243173123e-24
1.574559716243172205e-24
1.574559716243172205e-24
1.573977670230816443e-24
1.573902987158020485e-24
1.573902987158020485e-24
9.974923659105006729e-25
9.974923659105006729e-25
9.974923659105006729e-25
9.974923609853033209e-25
9.974923609853020352e-25
9.974923609853020352e-25
9.974923609853020352e-25
9.974923609853020352e-25
9.974923609571044971e-25
9.716920246634536958e-25
9.716920246634536958e-25
9.716920246634536958e-25
9.716920246634536958e-25
9.716920246633962068e-25
9.716920246633962068e-25
9.716919251947137894e-25
8.701535655159401131e-25
8.701535655159401131e-25
8.696045469738063791e-25
4.494049876972046574e-25
4.494049876972046574e-25
4.494049316828045322e-25
4.494049316828045322e-25
4.494049316828045322e-25
4.493887148965765755e-25
3.523894337517500579e-25
3.523894337517500579e-25
3.523894337517500579e-25
3.523894337517500579e-25
3.523894337517500579e-25
3.523894337507822036e-25
3.502508878838869893e-25
3.502508878838869893e-25
3.502508878838869893e-25
2.658636810585964421e-25
2.658636810585964421e-25
2.649398932220756205e-25
2.649398932219480610e-25
2.649398932219480610e-25
1.411833940920150114e-25
1.411833940920150114e-25
1.411831598586471948e-25
1.411831598586471948e-25
1.411831598586471948e-25
1.411831598586471948e-25
1.411831595925420668e-25
1.411831595925420668e-25
1.411831595925420668e-25
1.411831595925420668e-25
1.276802658002160321e-25
1.276802657878464795e-25
1.276802657878464795e-25
1.276799431083390904e-25
1.276799431083390904e-25
1.276799431083390904e-25
1.276799431083390904e-25
1.248485666934525791e-25
7.636701613353497973e-26
7.636701613353497973e-26
7.636701613353496825e-26
7.631929444366071198e-26
7.631929444366071198e-26
7.631929444366071198e-26
7.631710631121406355e-26
4.851886700081782399e-26
4.851886700081782399e-26
4.851886700081782399e-26
4.851886686875751955e-26
4.851886686875751955e-26
4.851886686875751955e-26
4.851886686875733588e-26
4.851886686875733588e-26
4.851886686591820134e-26
4.699263235332647729e-26
4.699263235332647729e-26
4.699263235332647729e-26
4.699263235332647729e-26
4.699263235332527769e-26
4.699262461335440231e-26
4.699262461335440231e-26
4.699262461335440231e-26
4.333156732762848132e-26
4.331459741138860073e-26
2.260125301680695397e-26
2.260125301680695397e-26
2.260125301680695397e-26
2.260125141121386508e-26
2.259982146954878148e-26
1.761408892191321995e-26
1.761408892191321995e-26
1.761408892191321995e-26
1.761408892191321995e-26
1.761408892191321995e-26
1.761408892191321995e-26
1.761408892189153816e-26
1.747993292528189493e-26
1.747993292528189493e-26
1.747993292528189493e-26
1.412905871640237385e-26
1.409650786523501943e-26
1.409650786523501943e-26
1.409650786523501943e-26
1.409650786521964559e-26
1.409650786521964559e-26
7.350450258934589751e-27
7.350450258934589751e-27
7.350450258934589751e-27
7.350443063513287571e-27
7.350443063513287571e-27
7.350443039515832991e-27
7.350443039515832991e-27
7.350443039515832991e-27
6.606645086154068224e-27
6.606645086154068224e-27
6.606645085857151150e-27
6.606614965443588815e-27
6.606614965443588815e-27
6.606614965443588815e-27
6.606614965443588815e-27
6.606614965443588815e-27
6.511397571454304267e-27
4.353380956258200970e-27
4.353380956258200970e-27
4.353380956258200970e-27
4.349482132833489187e-27
4.349482132833487752e-27
4.349401589250714637e-27
4.349401589250714637e-27
2.647969176367859161e-27
2.647969176367859161e-27
2.647969176367859161e-27
2.647969176367859161e-27
2.647969176367859161e-27
2.647969172841356737e-27
2.647969172841331985e-27
2.647969172841331985e-27
2.647969172559986409e-27
2.555353379869640998e-27
2.555353379869640998e-27
2.555353379869640998e-27
2.555353379869640998e-27
2.555353379869640998e-27
2.555352581952709991e-27
2.555352581952682727e-27
2.416974581213533910e-27
2.416974581213533910e-27
2.416974581213533910e-27
1.368897506404062512e-27
1.368705520877254282e-27
1.368705520877254282e-27
1.368573648839981475e-27
1.368573596059402103e-27
1.023383767618517987e-27
1.023383767618517987e-27
1.023383767618517987e-27
1.023383767618517987e-27
1.023383767618517987e-27
1.023383767618517987e-27
1.023383767617965180e-27
1.014137091543702207e-27
1.014137091543702027e-27
1.014137091543702027e-27
8.657004394675178923e-28
8.657004394655889881e-28
8.657004394655889881e-28
8.657004394655889881e-28
8.643145660266156407e-28
8.643145660266156407e-28
8.643145660266156407e-28
4.691021404822601995e-28
4.691021404822601995e-28
4.691021370746569413e-28
4.691018743319415819e-28
4.691018743319415819e-28
4.691018743319415819e-28
4.691018743319415819e-28
4.109921629130171118e-28
4.109921629130171118e-28
4.109892316240222352e-28
4.109892316240222352e-28
4.109892316153422562e-28
4.109892316153422562e-28
4.109892316153422562e-28
4.109892316153422562e-28
4.067953513685796327e-28
4.067953513685796327e-28
2.935192712519348199e-28
2.931569894451160805e-28
2.931569894451160805e-28
2.931569894451160805e-28
2.931537090446238665e-28
2.931537090446238665e-28
1.778427465306832220e-28
1.778427465306832220e-28
1.778427465306832220e-28
1.778427465306832220e-28
1.778427465306832220e-28
1.778427465306795226e-28
1.778427464105160493e-28
1.778427464105160493e-28
1.778427463662711377e-28
1.697133045578847205e-28
1.697133045578847205e-28
1.697133045578847205e-28
1.697133045578847205e-28
1.697133045578847205e-28
1.697132160501691070e-28
1.697132160501691070e-28
1.697132160501683447e-28
1.627019092779629813e-28
1.627019092779629813e-28
1.627019092779629813e-28
9.907162583166509182e-29
9.906260983107044586e-29
9.904848535210973812e-29
9.904848535210973812e-29
7.253738193897975662e-29
7.253738081891396834e-29
7.253738081891396834e-29
7.253738081891396834e-29
7.253738081891396834e-29
7.253738081891396834e-29
7.253738081891396834e-29
7.253738081889559452e-29
7.162647510570997802e-29
7.162647510570995560e-29
7.162647510570995560e-29
7.162647510570995560e-29
7.162647510524961224e-29
7.162647510524961224e-29
6.298244168056744769e-29
6.291664008049612194e-29
6.291664008049612194e-29
6.291664008049612194e-29
3.566221973728318462e-29
3.566221973728318462e-29
3.566221924203303034e-29
3.566220777120792573e-29
3.566220777120792573e-29
3.566220777120792573e-29
3.566220777120792573e-29
3.566220777120792573e-29
3.071879190498818990e-29
3.071879190498818990e-29
3.071845706409404494e-29
3.071845706377319803e-29
3.071845706377319803e-29
3.071845706377319803e-29
3.071845706377319803e-29
3.050769823393696753e-29
2.297256336537983899e-29
2.292892280827660598e-29
2.292892280827660598e-29
2.292892280827660598e-29
2.292892280827660598e-29
2.292892280827660598e-29
2.292892280827660598e-29
2.292877121581083166e-29
1.404981209760149209e-29
1.404981209760149209e-29
1.404981209760149209e-29
1.404981209760068775e-29
1.404981209760068775e-29
1.404981209760068775e-29
1.404981209263835357e-29
1.404981208569409852e-29
1.329648624651209746e-29
1.329648624651209746e-29
1.329648624651209746e-29
1.329648624651209746e-29
1.329647513781046632e-29
1.329647513781046632e-29
1.329647513781046632e-29
1.329647513781046632e-29
1.329647513781043830e-29
1.290583171343899611e-29
8.181865574634353763e-30
8.181401041325733035e-30
8.181401041325733035e-30
8.181401041325733035e-30
8.179505396013939635e-30
5.943925477998648658e-30
5.943925428235142041e-30
5.943925428235142041e-30
5.943925428235142041e-30
5.943925428235142041e-30
5.943925428235142041e-30
5.943925428235142041e-30
5.852613409072274565e-30
5.852613409071633471e-30
5.852613409071630668e-30
5.852613409071630668e-30
5.852613409071630668e-30
5.852613409071630668e-30
5.852613408994337847e-30
5.317945158939153547e-30
5.314400034389403506e-30
5.314400034389403506e-30
3.069098583795878739e-30
3.069098583795878739e-30
3.069098508794392629e-30
3.069098508794392629e-30
3.069097946654866953e-30
3.069097946654866953e-30
3.069097946654866953e-30
3.069097946654866953e-30
3.069097946654866953e-30
2.617382940994576960e-30
2.617382940994576960e-30
2.617335105630358532e-30
2.617335105617896435e-30
2.617335105617896435e-30
2.617335105617896435e-30
2.617335105617896435e-30
2.617335105617896435e-30
2.608865270874848108e-30
2.597353513818131382e-30
2.077279201010268106e-30
2.077279201010268106e-30
2.077279201010268106e-30
2.077279201010268106e-30
2.077270968245853036e-30
2.077270968245853036e-30
1.259823177141451723e-30
1.259823177141451723e-30
1.259823177141289173e-30
1.259823177141289173e-30
1.259823177141289173e-30
1.259823177141289173e-30
1.259823175999609625e-30
1.259823175786143699e-30
1.184815210222607419e-30
1.184815210222607419e-30
1.184815210222607419e-30
1.184813474509203284e-30
1.184813474509203284e-30
1.184813474509203284e-30
1.184813474509203284e-30
1.184813474509203284e-30
1.161155352360423824e-30
1.161155352360422773e-30
7.922074609350813826e-31
7.921786442927118137e-31
7.921786442927118137e-31
7.921786442927118137e-31
7.919125904636432103e-31
5.605745904625102409e-31
5.605745880944327570e-31
5.605745880944327570e-31
5.605745880944327570e-31
5.605745880944327570e-31
5.605745880944327570e-31
5.605745880944327570e-31
5.605745880944317936e-31
5.504808486618397737e-31
5.504808486618397737e-31
5.504808486618397737e-31
5.504808486618148131e-31
5.504808486618148131e-31
5.504808486478329198e-31
5.137787406113301996e-31
5.137787406113301996e-31
5.135597401744316865e-31
3.143301268902284751e-31
3.143301114089181529e-31
3.143301114089181529e-31
3.143301114089181529e-31
3.143300798618272169e-31
3.143300798618272169e-31
3.143300798618272169e-31
3.143300798618272169e-31
2.618724388050306192e-31
2.618652698317326743e-31
2.618652698317326743e-31
2.618652698317326743e-31
2.618652698311846790e-31
2.618652698311846790e-31
2.618652698311846790e-31
2.618652698311846790e-31
2.618652698311846790e-31
2.608095781303359440e-31
2.191845206391067398e-31
2.186458114018309998e-31
2.186458114018309998e-31
1.356109414289435734e-31
1.356107537085888477e-31
1.356107537085888477e-31
1.356107537085888477e-31
1.356107537085888477e-31
1.356107537085503339e-31
1.356107537085503339e-31
1.356107537085503339e-31
1.356107534482344025e-31
1.356107534373680335e-31
1.356107534373680335e-31
1.258883557430082685e-31
1.258883557430082685e-31
1.258883557430082685e-31
1.258883557430082685e-31
1.258883557430082685e-31
1.258880623739535646e-31
1.258880623739535646e-31
1.258880623739535646e-31
1.241102874860697865e-31
1.241102874860697865e-31
1.241102874860697208e-31
9.019429173283760452e-32
9.019429173283760452e-32
9.019229327660222317e-32
9.019229327660222317e-32
9.014932254529388125e-32
6.343279659588619024e-32
6.343279659588619024e-32
6.343279646267449958e-32
6.343279646267449958e-32
6.343279646267449958e-32
6.343279646267449958e-32
6.343279646267449958e-32
6.343279646267449958e-32
6.343279646267422589e-32
6.343279646267422589e-32
6.197547057652294914e-32
6.197547057303551137e-32
6.197547057303447135e-32
6.197547057303447135e-32
6.197547057303447135e-32
5.884406278008883264e-32
5.884406278008883264e-32
5.882869063216015446e-32
5.882868251356646635e-32
3.799164119145312121e-32
3.799164119145312121e-32
3.799164119145312121e-32
3.799163916680755092e-32
3.799163916680755092e-32
3.121580292775514949e-32
3.121580292775514949e-32
3.121453354574677343e-32
3.121453354574677343e-32
3.121453354574677343e-32
3.121453354572104099e-32
3.121453354572104099e-32
3.121453354572104099e-32
3.121453354572104099e-32
3.104477659112416638e-32
2.700547509430660561e-32
2.696168588643779087e-32
2.696168588643779087e-32
2.696168588643779087e-32
1.716904594397670223e-32
1.716903272493325368e-32
1.716903272492111274e-32
1.716903272492111274e-32
1.716903272492111274e-32
1.716903272492111274e-32
1.716903266245119162e-32
1.716903266245119162e-32
1.716903266245119162e-32
1.716903266187567670e-32
1.578527801686923833e-32
1.578527801686923833e-32
1.578527801686923833e-32
1.578527801686923833e-32
1.578522053660014098e-32
1.578522053660014098e-32
1.578522053660014098e-32
1.578522053660014098e-32
1.563497652683102718e-32
1.190380473297377790e-32
1.190380473297377790e-32
1.190380473297377790e-32
1.190365180120836148e-32
1.189517097290327921e-32
1.189517097290327921e-32
1.189517097290327921e-32
8.377981834127440914e-33
8.377981826449139561e-33
8.377981826449139561e-33
8.377981826449139561e-33
8.377981826449045137e-33
8.377981826449045137e-33
8.377981826449045137e-33
8.377981826449045137e-33
8.377981826449045137e-33
8.151025653254373895e-33
8.151025652351227456e-33
8.151025652351227456e-33
8.151025652351195981e-33
8.151025652351195981e-33
8.151025652351195981e-33
7.856826505026485428e-33
7.856824700478473552e-33
7.855620619153144481e-33
5.291403731120966965e-33
5.291403731120966965e-33
5.291403601347358673e-33
5.291403601347358673e-33
4.307636568154568197e-33
4.307362626553745788e-33
4.307362626553745788e-33
4.307362626553745788e-33
4.307362626553745788e-33
4.307362626553745788e-33
4.307362626553745788e-33
4.307362626553745788e-33
4.307362626552856976e-33
4.278419574013653655e-33
4.278419574013653655e-33
3.853444699177732022e-33
3.849525385038175511e-33
3.849525385038174826e-33
3.849525385029038333e-33
2.501579300714986205e-33
2.501579300714986205e-33
2.501579300714986205e-33
2.501578373440957642e-33
2.501578373440957642e-33
2.501578373440957642e-33
2.501578356914520802e-33
2.501578356914520802e-33
2.501578356914520802e-33
2.501578356914520802e-33
2.501578356914520802e-33
2.281453667623647570e-33
2.281453667605207290e-33
2.281453667605207290e-33
2.281440059954908437e-33
2.281440059954908437e-33
2.281440059954908437e-33
2.267604042625967107e-33
2.267604042625967107e-33
1.823980592354736787e-33
1.823980592354736787e-33
1.823980592354736787e-33
1.823968728086335305e-33
1.822184031758694490e-33
1.278257110957247249e-33
1.278257110957247249e-33
1.278257110957247249e-33
1.278257110632909946e-33
1.278257110632909946e-33
1.278257110632877958e-33
1.278257110632877958e-33
1.238511378050965516e-33
1.238511378050965516e-33
1.238511377791125745e-33
1.238511377791125745e-33
1.238511377791125745e-33
1.238511377791125745e-33
1.238511377791125574e-33
1.238511377791125574e-33
1.238510869607628355e-33
1.208308218092940483e-33
1.208214111173364307e-33
8.637748461425561049e-34
8.637748461425561049e-34
8.637748461425561049e-34
8.637748398674699088e-34
6.928621882999769982e-34
6.927986510035889236e-34
6.927986510035889236e-34
6.927986510035889236e-34
6.927986510035889236e-34
6.927986510035889236e-34
6.927986510035889236e-34
6.927986510035778904e-34
6.927986510035778904e-34
6.871507052486683779e-34
6.375399662459538454e-34
6.371853173604761375e-34
6.371853173604759664e-34
6.371853173604759664e-34
6.371853173573566576e-34
6.371853173573566576e-34
4.313527049015726701e-34
4.313527049015726701e-34
4.313526548729308045e-34
4.313526548729308045e-34
4.313526548729308045e-34
4.313526493041199033e-34
4.313526493041199033e-34
4.313526493041199033e-34
4.313526493041199033e-34
4.313526493041199033e-34
3.885769625810100096e-34
3.885769625807541939e-34
3.885734235861206019e-34
3.885734235861206019e-34
3.885734235861206019e-34
3.885734235861206019e-34
3.885734235861206019e-34
3.872436921792178993e-34
3.274864809223542579e-34
3.274864809223542579e-34
3.274864809223542579e-34
3.270520238364545488e-34
3.270513316706674667e-34
3.270513316706674667e-34
2.321798954819622159e-34
2.321798954819622159e-34
2.321798954819622159e-34
2.321798954768456462e-34
2.321798954768324321e-34
2.321798954768324321e-34
2.321798954768324321e-34
2.321798953733416996e-34
2.235574485714204594e-34
2.235574485714204594e-34
2.235574485714204594e-34
2.235574485714204594e-34
2.235574485714204594e-34
2.235573001262500379e-34
2.202733988096043710e-34
2.202733988096043710e-34
2.202733988096043710e-34
1.669514532286015210e-34
1.669481930164976781e-34
1.669481930164976781e-34
1.669203287411759463e-34
1.669203286291274916e-34
1.330004690013287301e-34
1.330004690013287301e-34
1.330004690013287301e-34
1.330004690013287301e-34
1.330004690013287301e-34
1.330004690013287301e-34
1.330004690013287301e-34
1.330004690013287087e-34
1.316262008381550737e-34
1.316262008381549668e-34
1.254475658607137798e-34
1.254226407206274059e-34
1.254226407206274059e-34
1.254226407192576675e-34
1.254226407192576675e-34
8.878562859475875892e-35
8.878562859475875892e-35
8.878562859475875892e-35
8.878562758129584838e-35
8.878562546610188723e-35
8.878562546610188723e-35
8.878562546610188723e-35
8.878562546610188723e-35
8.878562546610188723e-35
7.918621511384838109e-35
7.918510490469164898e-35
7.918510490469131755e-35
7.918510490469131755e-35
7.918510490469131755e-35
7.908468579318660417e-35
7.041431600747387273e-35
7.041431600747387273e-35
7.028149001411158049e-35
7.028149001411158049e-35
7.028149001411158049e-35
7.028149001411158049e-35
7.028147473042926100e-35
5.071678202949600302e-35
5.071678202949600302e-35
5.071678202949600302e-35
5.071678202949600302e-35
5.071678202948885070e-35
5.071678202948128143e-35
5.071678202948128143e-35
5.071678198520992751e-35
4.852933450313866188e-35
4.852933450313866188e-35
4.852933450313866188e-35
4.852928166126201820e-35
4.852928166126201820e-35
4.852928166126201820e-35
4.824596114888329281e-35
4.824596114888329281e-35
3.918784739512920406e-35
3.918776150473360113e-35
3.918776150473360113e-35
3.917760393982751016e-35
3.102008588686073320e-35
3.102008588674067796e-35
3.102008588674067796e-35
3.102008588674067796e-35
3.102008588674067796e-35
3.102008588674067796e-35
3.102008588674067796e-35
3.062114800882539630e-35
3.062114800882533750e-35
3.062114800882533750e-35
3.062114800882533750e-35
3.062114800809336881e-35
2.999745927489415724e-35
2.999677767845169050e-35
2.999677767845169050e-35
2.999677767845169050e-35
2.262033797625305989e-35
2.262033797625305989e-35
2.262033693909488745e-35
2.262033693705399372e-35
2.262033693705399372e-35
2.262033693705399372e-35
1.991776358959752496e-35
1.991729883123199348e-35
1.991729883123199348e-35
1.991729883123199348e-35
1.991729883123199348e-35
1.991729883123199348e-35
1.991425763912172599e-35
1.885350415156774726e-35
1.880259967576348115e-35
1.880259967576348115e-35
1.880259967576348115e-35
1.880259967576348115e-35
1.880259964182577595e-35
1.880259964182577595e-35
1.402119850245615691e-35
1.402119850245615691e-35
1.402119850245615691e-35
1.402119850245125773e-35
1.402119850245125773e-35
1.402119850245125773e-35
1.402119847689062256e-35
1.329343620765462056e-35
1.329343620765462056e-35
1.329343620765462056e-35
1.329343620765462056e-35
1.329340997222571286e-35
1.329340997222571286e-35
1.329340997222571286e-35
1.329340997222571286e-35
1.328319303123286354e-35
1.190806514487564748e-35
1.190806514487564748e-35
1.190806489882438549e-35
1.190806489882438549e-35
1.190304765178693137e-35
1.190304765178693137e-35
9.416954083463547064e-36
9.416954083463544391e-36
9.416954083463544391e-36
9.416954083463544391e-36
9.416954083463544391e-36
9.256124483598973889e-36
9.256124483598973889e-36
9.256124483598925780e-36
9.256124483598925780e-36
9.256124483598925780e-36
9.256124483093691730e-36
9.256124483093691730e-36
9.228392176280456763e-36
9.228390174941298243e-36
9.228390174941298243e-36
7.807155251139704279e-36
7.807154433660151358e-36
7.807154433660097903e-36
7.807154433660097903e-36
7.807154433660097903e-36
7.807154433660097903e-36
6.760963656647487317e-36
6.760963656647487317e-36
6.760677159802379753e-36
6.760677159802379753e-36
6.760677159802379753e-36
6.731965150950321991e-36
6.671294445617223800e-36
6.671283858705604410e-36
6.671283858705604410e-36
6.671283858705604410e-36
6.671283858705604410e-36
6.671283858704691661e-36
6.671283858704691661e-36
5.470278362814347908e-36
5.470278362814347908e-36
5.470278362808712384e-36
5.470278362808712384e-36
5.470278337065384389e-36
5.470278337065384389e-36
5.470278337065384389e-36
5.109665869108498985e-36
5.109665869108498985e-36
5.109645131312559818e-36
5.109645131312559818e-36
5.109645131312559818e-36
5.109645131312559818e-36
5.109598265088824551e-36
5.109598265088824551e-36
5.003327477752746625e-36
5.003327477752746625e-36
5.003327477743464114e-36
5.003327477743464114e-36
4.999437637742156574e-36
4.162010266469246323e-36
4.162010266469246323e-36
4.162010266469246323e-36
4.162010266469246323e-36
4.162010266469173491e-36
4.059013947972369777e-36
4.059013947972369777e-36
4.059013947972369777e-36
4.059013947972369777e-36
4.059013947972369777e-36
4.059013947329503713e-36
4.058848006000735035e-36
4.058848006000735035e-36
4.058848005917995594e-36
3.909188164670055224e-36
3.909187068118174470e-36
3.909187068118174470e-36
3.909187068118174470e-36
3.909187068118174470e-36
3.427322547106980506e-36
3.427322547106980506e-36
3.426999120645629053e-36
3.426999120645629053e-36
3.426999120645629053e-36
3.426999120645629053e-36
3.402691649467585105e-36
3.402691649467585105e-36
3.402206460630948428e-36
3.402206460042500522e-36
3.229317837474470379e-36
3.229317837474470379e-36
3.229317837474470379e-36
3.229317837474470379e-36
3.229317837461475397e-36
3.229317837461475397e-36
3.229317837461475397e-36
3.229317789462467313e-36
3.229317789462467313e-36
3.002339945929937119e-36
3.002339945929937119e-36
3.002339945929937119e-36
3.002308491626769508e-36
3.002308491626769508e-36
3.002308491626769508e-36
3.002308488168731492e-36
3.001146474641873566e-36
3.001146474641873566e-36
3.001146474641873566e-36
3.001146474641873566e-36
2.996525554106822834e-36
2.833152795736099502e-36
2.833152795736099502e-36
2.833152795736099502e-36
2.833152795736099502e-36
2.833152795735875992e-36
2.833152795735875992e-36
2.833152795735875992e-36
2.747051667956619332e-36
2.747051666381268091e-36
2.747051666381268091e-36
2.747051666381268091e-36
2.747051650136946209e-36
2.747049271243648118e-36
2.747049271243648118e-36
2.744842789669423849e-36
2.744842789669423849e-36
2.744842789669423849e-36
2.744842789669423849e-36
2.621118094322847435e-36
2.620493140595484906e-36
2.620493140595484906e-36
2.620493140595484906e-36
2.620493140595484906e-36
2.620493140595484906e-36
2.594773806044474288e-36
2.594773745738097339e-36
2.594773745738097339e-36
2.594773745738093998e-36
2.591490944318154072e-36
2.591490944318154072e-36
2.591490944273383259e-36
2.591490944273383259e-36
2.591490944273383259e-36
2.591490808474689229e-36
2.591490808474689229e-36
2.518433807670363043e-36
2.518433807670363043e-36
2.518433807670363043e-36
2.518433807670363043e-36
2.518433807670363043e-36
2.518360679445966650e-36
2.518360679445966650e-36
2.518360679445966650e-36
2.518360504646056438e-36
2.518360504646056438e-36
2.512461013448292884e-36
2.508697964809342951e-36
2.508697964809342951e-36
2.508697964809342951e-36
2.508697964809342951e-36
2.508697964809342951e-36
2.508697964808403809e-36
2.508697964808403809e-36
2.475842156541657343e-36
2.475842150919858600e-36
2.475842150919858600e-36
2.475842150919858600e-36
2.475842150919858600e-36
2.475835765960424328e-36
2.475835765960424328e-36
2.475835382609357450e-36
2.475835382609357450e-36
2.475835382609357450e-36
2.472569331048280514e-36
2.471560375685391257e-36
2.471560375685391257e-36
2.471560375685391257e-36
2.471560375685391257e-36
2.471560375685391257e-36
2.460561420329291274e-36
2.460561420329291274e-36
2.460561420329291274e-36
2.460561420329291274e-36
2.460561420329277242e-36
2.460561420151960686e-36
2.460560788467157241e-36
2.460560788467157241e-36
2.460560788467157241e-36
2.460560383950864866e-36
2.460560383950864866e-36
2.460560383950864866e-36
2.460560383950864866e-36
2.460560383950864866e-36
2.458459610622328565e-36
2.458333161919190061e-36
2.458333161919190061e-36
2.458333161919190061e-36
2.458333161919190061e-36
2.458333161919190061e-36
2.455641801300754019e-36
2.455641801300754019e-36
2.455641031889172192e-36
2.455641031889172192e-36
2.455641031889172192e-36
2.455641031885218839e-36
2.455641031885218505e-36
2.455641013611336081e-36
2.454651786388589904e-36
2.454651786388589904e-36
2.454651786388589904e-36
2.454640397925162189e-36
2.454640397925162189e-36
2.454640397925162189e-36
2.454640397925161855e-36
2.454640397925161855e-36
2.454640397925161855e-36
2.454640397925161855e-36
2.454164829879083775e-36
2.454164143131997706e-36
2.454164143131997706e-36
2.454164143131997706e-36
2.454164143131997706e-36
2.453826238704985401e-36
2.453826238704923928e-36
2.453826238704923928e-36
2.453826238704923928e-36
2.453826238122230150e-36
2.453826238122230150e-36
2.453826238122228814e-36
2.453825508111272107e-36
2.453825508111272107e-36
2.453825508111272107e-36
2.453825508111272107e-36
2.453825508111272107e-36
2.453825061215689308e-36
2.453764825246007678e-36
2.453764825246007678e-36
2.453764825246007678e-36
2.453764825246007678e-36
2.453764825246007678e-36
2.453764825246007678e-36
2.453681549653006116e-36
2.453681549653006116e-36
2.453681549653004780e-36
2.453681549653004780e-36
2.453681549639963024e-36
2.453681549639962356e-36
2.453681549639962356e-36
2.453681516533601574e-36
2.453681516533601574e-36
2.453681305372299401e-36
2.453675864212054813e-36
2.453675864212054813e-36
2.453675864212054813e-36
2.453675864212054813e-36
2.453675864212054813e-36
2.453675864212054813e-36
2.453675864212054813e-36
2.453661118922785072e-36
2.453661118922785072e-36
2.453661118922784070e-36
2.453661118922784070e-36
2.453661118922784070e-36
2.453661046726920342e-36
2.453661046726716543e-36
2.453661046726716543e-36
2.453661045669519831e-36
2.453661045669519831e-36
2.453661045669519831e-36
2.453661045669519831e-36
2.453661045669519831e-36
2.453661045669519831e-36
2.453661045669519831e-36
2.453660696657985610e-36
2.453660696657985610e-36
2.453660696657984274e-36
2.453658828091659468e-36
2.453658828091659468e-36
2.453658828091659468e-36
2.453658828091659468e-36
2.453658828091659468e-36
2.453658810295280159e-36
2.453658810295280159e-36
2.453658810295280159e-36
2.453658810295280159e-36
2.453658810295278154e-36
2.453658810271613161e-36
2.453658810271613161e-36
2.453658810271613161e-36
2.453658794441930633e-36
2.453658794441929965e-36
2.453658794441929965e-36
2.453658625637070420e-36
2.453658625637070420e-36
2.453658625637070420e-36
2.453658625637070420e-36
2.453658625637070420e-36
2.453658625637070420e-36
2.453658622485794296e-36
2.453658622485794296e-36
2.453658622485794296e-36
2.453658622485794296e-36
2.453658622485794296e-36
2.453658622485424453e-36
2.453658622485424453e-36
2.453658622485424453e-36
2.453658621979921456e-36
2.453658621979921456e-36
2.453658621979921456e-36
2.453658621979921456e-36
2.453658621979921456e-36
2.453658621979921456e-36
2.453658611152140678e-36
2.453658611152140678e-36
2.453658611152140678e-36
2.453658610752798893e-36
2.453658610752798893e-36
2.453658610752798893e-36
2.453658610752798893e-36
2.453658610752798893e-36
2.453658610752798893e-36
2.453658610752798893e-36
2.453658610752798893e-36
2.453658610752795218e-36
2.453658610741479735e-36
2.453658610741479735e-36
2.453658610250376258e-36
2.453658610250376258e-36
2.453658610250376258e-36
2.453658610250376258e-36
2.453658610214300617e-36
2.453658610214300617e-36
2.453658610214300617e-36
2.453658610214300617e-36
2.453658610214300617e-36
2.453658610214300617e-36
2.453658610214300617e-36
2.453658610214300617e-36
2.453658610214300617e-36
2.453658610214123546e-36
2.453658610214123546e-36
2.453658610214123546e-36
2.453658610214123546e-36
2.453658610198440765e-36
2.453658610198440765e-36
2.453658610198440765e-36
2.453658610196126819e-36
2.453658610196126819e-36
2.453658610196126819e-36
2.453658610196126819e-36
2.453658610196126819e-36
2.453658610196126819e-36
2.453658610196126819e-36
2.453658610196126819e-36
2.453658610196126819e-36
2.453658610196126819e-36
2.453658610196126819e-36
2.453658610196124814e-36
2.453658610195773680e-36
2.453658610195773680e-36
2.453658610195668774e-36
2.453658610195668774e-36
2.453658610195668774e-36
2.453658610195668774e-36
2.453658610195668774e-36
2.453658610195668774e-36
2.453658610195668774e-36
2.453658610195668774e-36
2.453658610195668774e-36
2.453658610195668774e-36
2.453658610195668774e-36
2.453658610195668774e-36
2.453658610195668774e-36
2.453658610195663094e-36
2.453658610195663094e-36
2.453658610195663094e-36
2.453658610195663094e-36
2.453658610195663094e-36
2.453658610195660087e-36
2.453658610195660087e-36
2.453658610195660087e-36
2.453658610195660087e-36
2.453658610195660087e-36
2.453658610195660087e-36
2.453658610195660087e-36
2.453658610195660087e-36
2.453658610195660087e-36
2.453658610195660087e-36
2.453658610195660087e-36
2.453658610195660087e-36
2.453658610195660087e-36
2.453658610195660087e-36
2.453658610195660087e-36
2.453658610195660087e-36
2.453658610195660087e-36
2.453658610195660087e-36
2.453658610195660087e-36
2.453658610195660087e-36
2.453658610195660087e-36
2.453658610195660087e-36
2.453658610195660087e-36
2.453658610195660087e-36
2.453658610195660087e-36
2.453658610195660087e-36
2.453658610195660087e-36
2.453658610195660087e-36
2.453658610195660087e-36
2.453658610195660087e-36
2.453658610195660087e-36
2.453658610195660087e-36
2.453658610195660087e-36
2.453658610195660087e-36
2.453658610195660087e-36
2.453658610195660087e-36
2.453658610195660087e-36
2.453658610195660087e-36
2.453658610195660087e-36
2.453658610195660087e-36
2.453658610195660087e-36
2.453658610195660087e-36
2.453658610195660087e-36
2.453658610195660087e-36
2.453658610195660087e-36
2.453658610195660087e-36
2.453658610195660087e-36
2.453658610195660087e-36
2.453658610195660087e-36
2.453658610195660087e-36
2.453658610195660087e-36
2.453658610195660087e-36
2.453658610195660087e-36
2.453658610195660087e-36
2.453658610195660087e-36
2.453658610195660087e-36
2.453658610195660087e-36
2.453658610195660087e-36
2.453658610195660087e-36
2.453658610195660087e-36
2.453658610195660087e-36
2.453658610195660087e-36
2.453658610195660087e-36
2.453658610195660087e-36
2.453658610195660087e-36
2.453658610195660087e-36
2.453658610195660087e-36
2.453658610195660087e-36
2.453658610195660087e-36
2.453658610195660087e-36
2.453658610195660087e-36
2.453658610195660087e-36
2.453658610195660087e-36
2.453658610195660087e-36
2.453658610195660087e-36
2.453658610195660087e-36
2.453658610195660087e-36
2.453658610195660087e-36
2.453658610195660087e-36
2.453658610195660087e-36
2.453658610195660087e-36
2.453658610195660087e-36
2.453658610195660087e-36
2.453658610195660087e-36
2.453658610195660087e-36
2.453658610195660087e-36
2.453658610195660087e-36
2.453658610195660087e-36
2.453658610195660087e-36
2.453658610195660087e-36
2.453658610195660087e-36
2.453658610195660087e-36
2.453658610195660087e-36
2.453658610195660087e-36
2.453658610195660087e-36
2.453658610195660087e-36
2.453658610195660087e-36
2.453658610195660087e-36
2.453658610195660087e-36
2.453658610195660087e-36
2.453658610195660087e-36
2.453658610195660087e-36
2.453658610195660087e-36
2.453658610195660087e-36
2.453658610195660087e-36
2.453658610195660087e-36
2.453658610195660087e-36
2.453658610195660087e-36
2.453658610195660087e-36
2.453658610195660087e-36
2.453658610195660087e-36
2.453658610195660087e-36
2.453658610195660087e-36
2.453658610195660087e-36
2.453658610195660087e-36
2.453658610195660087e-36
2.453658610195660087e-36
2.453658610195660087e-36
2.453658610195660087e-36
2.453658610195660087e-36
2.453658610195660087e-36
2.453658610195660087e-36
2.453658610195660087e-36
2.453658610195660087e-36
2.453658610195660087e-36
2.453658610195660087e-36
2.453658610195660087e-36
2.453658610195660087e-36
2.453658610195660087e-36
2.453658610195660087e-36
2.453658610195660087e-36
2.453658610195660087e-36
2.453658610195660087e-36
2.453658610195660087e-36
2.453658610195660087e-36
2.453658610195660087e-36
2.453658610195660087e-36
2.453658610195660087e-36
2.453658610195660087e-36
2.453658610195660087e-36
2.453658610195660087e-36
2.453658610195660087e-36
2.453658610195660087e-36
2.453658610195660087e-36
2.453658610195660087e-36
2.453658610195660087e-36
2.453658610195660087e-36
2.453658610195660087e-36
2.453658610195660087e-36
2.453658610195660087e-36
2.453658610195660087e-36
2.453658610195660087e-36
2.453658610195660087e-36
2.453658610195660087e-36
2.453658610195660087e-36
2.453658610195660087e-36
2.453658610195660087e-36
2.453658610195660087e-36
2.453658610195660087e-36
2.453658610195660087e-36
2.453658610195660087e-36
2.453658610195660087e-36
2.453658610195660087e-36
2.453658610195660087e-36
2.453658610195660087e-36
2.453658610195660087e-36
2.453658610195660087e-36
2.453658610195660087e-36
2.453658610195660087e-36
2.453658610195660087e-36
2.453658610195660087e-36
2.453658610195660087e-36
2.453658610195660087e-36
2.453658610195660087e-36
2.453658610195660087e-36
2.453658610195660087e-36
2.453658610195660087e-36
2.453658610195660087e-36
2.453658610195660087e-36
2.453658610195660087e-36
2.453658610195660087e-36
2.453658610195660087e-36
2.453658610195660087e-36
2.453658610195660087e-36
2.453658610195660087e-36
2.453658610195660087e-36
2.453658610195660087e-36
2.453658610195660087e-36
2.453658610195660087e-36
2.453658610195660087e-36
2.453658610195660087e-36
2.453658610195660087e-36
2.453658610195660087e-36
2.453658610195660087e-36
2.453658610195660087e-36
2.453658610195660087e-36
2.453658610195660087e-36
2.453658610195660087e-36
2.453658610195660087e-36
2.453658610195660087e-36
2.453658610195660087e-36
2.453658610195660087e-36
2.453658610195660087e-36
2.453658610195660087e-36
2.453658610195660087e-36
2.453658610195660087e-36
2.453658610195660087e-36
2.453658610195660087e-36
2.453658610195660087e-36
2.453658610195660087e-36
2.453658610195660087e-36
2.453658610195660087e-36
2.453658610195660087e-36
2.453658610195660087e-36
2.453658610195660087e-36
2.453658610195660087e-36
2.453658610195660087e-36
2.453658610195660087e-36
