9.999999999197837219e-01
9.999999999129666195e-01
9.999999997650237393e-01
9.999999997014448194e-01
9.999999996795487789e-01
9.999999990640472403e-01
9.999999988848701227e-01
9.999999988844675558e-01
9.999999988383633243e-01
9.999999988360335212e-01
9.999999965567610838e-01
9.999999965420002246e-01
9.999999960390065779e-01
9.999999960389363007e-01
9.999999959661162174e-01
9.999999922613399539e-01
9.999999879930002722e-01
9.999999879929888369e-01
9.999999879910065337e-01
9.999999867332164394e-01
9.999999866485334010e-01
9.999999697730722614e-01
9.999999602390208242e-01
9.999999602275326804e-01
9.999999602275169153e-01
9.999999602274461941e-01
9.999999577305780374e-01
9.999999576589123640e-01
9.999998973526904589e-01
9.999998965162060216e-01
9.999998748797364057e-01
9.999998748786227409e-01
9.999998710369029098e-01
9.999998710368960264e-01
9.999997758467166209e-01
9.999996775572355112e-01
9.999996775564462537e-01
9.999996775100173929e-01
9.999996296881358271e-01
9.999996296881176194e-01
9.999996252670733110e-01
9.999996252670709795e-01
9.999992309943507296e-01
9.999990567154086740e-01
9.999990564734807519e-01
9.999990564728700182e-01
9.999990564721268349e-01
9.999989707641075976e-01
9.999989707641074865e-01
9.999989671915594514e-01
9.999977332108310746e-01
9.999977246452123048e-01
9.999974004388404447e-01
9.999974004388404447e-01
9.999974004288526563e-01
9.999972871956740450e-01
9.999972871954816434e-01
9.999972871954756481e-01
9.999958541848098514e-01
9.999938468364042432e-01
9.999938468103092282e-01
9.999938465535441745e-01
9.999932539390311570e-01
9.999932539388349806e-01
9.999932539388349806e-01
9.999931478563818255e-01
9.999931478563307552e-01
9.999931478563306442e-01
9.999876420141911026e-01
9.999842565458854082e-01
9.999842554386771942e-01
9.999842554201214817e-01
9.999842554141912254e-01
9.999833607499347687e-01
9.999833607499341026e-01
9.999832904699452740e-01
9.999675934503854391e-01
9.999675179853337870e-01
9.999617072566274745e-01
9.999617072566272524e-01
9.999617071844583149e-01
9.999606502491931170e-01
9.999606502435630651e-01
9.999606502435357536e-01
9.999514400569035066e-01
9.999215758742543425e-01
9.999215758742543425e-01
9.999215750849698159e-01
9.999215723070878914e-01
9.999117758255676724e-01
9.999117758247151322e-01
9.999117758247149101e-01
9.999108267300749198e-01
9.999108267286807017e-01
9.999108267286808127e-01
9.998706856870444026e-01
9.998703445385342947e-01
9.998209735359142591e-01
9.998209731377035725e-01
9.998209731056374450e-01
9.998069243759633018e-01
9.998069243759613034e-01
9.998062991264939914e-01
9.998062991264939914e-01
9.996864981966826491e-01
9.996852104768600977e-01
9.996109680026044053e-01
9.996109680026010746e-01
9.996109676492053175e-01
9.996109676492053175e-01
9.995949390612426377e-01
9.995949390611683638e-01
9.995949389641322069e-01
9.995248318211891192e-01
9.993066329462961805e-01
9.993066329462962916e-01
9.993066184633551119e-01
9.993065969679127969e-01
9.991976482062502329e-01
9.991976482062502329e-01
9.991976482038201768e-01
9.991976482038193996e-01
9.991834986743082236e-01
9.991834986743080016e-01
9.991834986501612059e-01
9.988882541943387983e-01
9.988868188203637866e-01
9.985764922944291300e-01
9.985764873297047206e-01
9.985764872111017043e-01
9.984344471726699366e-01
9.984344471726699366e-01
9.984344471726621650e-01
9.984344471726621650e-01
9.984252606756462978e-01
9.984252606756461867e-01
9.976269220246121172e-01
9.976224320654116795e-01
9.972407770483021627e-01
9.972407770482251133e-01
9.972407758847948722e-01
9.972407758847948722e-01
9.970951098012390545e-01
9.970951098009449565e-01
9.970951089358576214e-01
9.967759628258667792e-01
9.954013855702038560e-01
9.954013855702039670e-01
9.954012407160499620e-01
9.954011999631836582e-01
9.949362040926604811e-01
9.949362040926604811e-01
9.949362040926604811e-01
9.949362040833995557e-01
9.949362040833857890e-01
9.949362040833857890e-01
9.948267010956939327e-01
9.948267010956937106e-01
9.948267009085812740e-01
9.935437720876197920e-01
9.935396059418520887e-01
9.916678482178062914e-01
9.916678479095993870e-01
9.916678012236955775e-01
9.911587665748868847e-01
9.911587665748868847e-01
9.911587665748730069e-01
9.911587665748730069e-01
9.911003438999368420e-01
9.911003438999368420e-01
9.911003438999356208e-01
9.878428074227681988e-01
9.878291963904666240e-01
9.856307315646444245e-01
9.856307288573118441e-01
9.856307288568921798e-01
9.856307288568921798e-01
9.851776773498219786e-01
9.851776773493600148e-01
9.851776692054823314e-01
9.851776692054823314e-01
9.845680108443667367e-01
9.788421878349985450e-01
9.788421878349984340e-01
9.788408767716622050e-01
9.788407181796803247e-01
9.763522676127969202e-01
9.763522676127969202e-01
9.763522676127968092e-01
9.763522676000452316e-01
9.763522675999728451e-01
9.763522675999728451e-01
9.760364745366486572e-01
9.760364745366483241e-01
9.760364729623305369e-01
9.733979494586183501e-01
9.733824432533174642e-01
9.654015283958202742e-01
9.654015278043924786e-01
9.654012056317013979e-01
9.628343881421447259e-01
9.628343881421447259e-01
9.628343881421322914e-01
9.628343881421322914e-01
9.626683166175418194e-01
9.626683166175418194e-01
9.626683166175362683e-01
9.551896210649561958e-01
9.551249305824367486e-01
9.460913605297509577e-01
9.460913556873206121e-01
9.460913556873206121e-01
9.460913556827131865e-01
9.438969070314209286e-01
9.438969070310010423e-01
9.438968658821322855e-01
9.438968658821322855e-01
9.424351243490685093e-01
9.424351243490685093e-01
9.287967333625581912e-01
9.287892136360266226e-01
9.287887950179359864e-01
9.196552084682849681e-01
9.196552084682849681e-01
9.196552084682850792e-01
9.196552084553232254e-01
9.196552084553232254e-01
9.196552084546492090e-01
9.196552084546492090e-01
9.181694419934561813e-01
9.181694419934557372e-01
9.181694339361324841e-01
9.117860763725108564e-01
9.117636679546919920e-01
8.939073841482418903e-01
8.939073833250534840e-01
8.939059766913581839e-01
8.854311289239300553e-01
8.854311289239300553e-01
8.854311289239128469e-01
8.854311289239128469e-01
8.846617617839972469e-01
8.846617617839972469e-01
8.846617617839486192e-01
8.673624520406991723e-01
8.672774505578960680e-01
8.672774505578960680e-01
8.672774505578960680e-01
8.498816346511819386e-01
8.498816283841930108e-01
8.498816283841930108e-01
8.498816283512274916e-01
8.432567910253749854e-01
8.432567910248159881e-01
8.432566678194683973e-01
8.432566678194683973e-01
8.410880428391677155e-01
8.410880428391673824e-01
8.115710224179736310e-01
8.115444141708604286e-01
8.115441069484468084e-01
7.968990568214497916e-01
7.968990568214497916e-01
7.968990568214499026e-01
7.968990568030093202e-01
7.968990568030093202e-01
7.968990567993775587e-01
7.968990567993775587e-01
7.929121698065911827e-01
7.929121698065911827e-01
7.929121698065908497e-01
7.929121474529486902e-01
7.836858282916367990e-01
7.836638838025888898e-01
7.475794452966424419e-01
7.475794445324502879e-01
7.475749223255770959e-01
7.475749223255770959e-01
7.361430001851980709e-01
7.361430001851980709e-01
7.361430001851861915e-01
7.361430001851861915e-01
7.343944352810127807e-01
7.343944352810127807e-01
7.343944352808060572e-01
7.104444002431944405e-01
7.103572590315659907e-01
7.103572590315659907e-01
7.103572590315659907e-01
6.764304410353547681e-01
6.764304358399642059e-01
6.764304358399642059e-01
6.764304357780317467e-01
6.687853211479865001e-01
6.687853211476519899e-01
6.687849062913171494e-01
6.687849062913171494e-01
6.672926406219353845e-01
6.672926406219353845e-01
6.274050132306409067e-01
6.273265849245948100e-01
6.273261565092661529e-01
6.000418120340512695e-01
6.000418120340512695e-01
6.000418120340510475e-01
6.000418120250806675e-01
6.000418120250806675e-01
6.000418120185658788e-01
6.000418120185658788e-01
5.959255516094230654e-01
5.959255516094230654e-01
5.959255516094228433e-01
5.959254874902083499e-01
5.898386041274447100e-01
5.898163631955274377e-01
5.416874609906363602e-01
5.416874604314102504e-01
5.416764467591946852e-01
5.416764467591946852e-01
5.216498101027715606e-01
5.216498101027715606e-01
5.216498101027676748e-01
5.216498101027676748e-01
5.199240738362467251e-01
5.199240738362467251e-01
5.199240738358836822e-01
5.027771402682600366e-01
5.026671588926008294e-01
5.026671588926008294e-01
5.026671588926008294e-01
4.570384020896731125e-01
4.570383983893287483e-01
4.570383983893287483e-01
4.570383981445853561e-01
4.570383981445853561e-01
4.442811083054641341e-01
4.442811083053547216e-01
4.442804356716119063e-01
4.442804356716119063e-01
4.430873380135345596e-01
4.430873380135345596e-01
4.116257170367648710e-01
4.114833450057361341e-01
4.114829764749263763e-01
3.763791875557362943e-01
3.763791875557362943e-01
3.763791875557357391e-01
3.763791875521426689e-01
3.763791875521426689e-01
3.763791875310886215e-01
3.763791875310886215e-01
3.763791875310886215e-01
3.697652077431340945e-01
3.697652077431340945e-01
3.697652077431340389e-01
3.697651015144060027e-01
3.647714955882656040e-01
3.647603304967101945e-01
3.262666511109824086e-01
3.262666511109824086e-01
3.262666508119881903e-01
3.262490821999637913e-01
3.262490821999637913e-01
3.027818341412126246e-01
3.027818341412126246e-01
3.027818341412107928e-01
3.027818341412107372e-01
3.000858912497132991e-01
3.000858912497132991e-01
3.000858912486905616e-01
2.860040855067932930e-01
2.859493231025402316e-01
2.859493231025402316e-01
2.859493231025402316e-01
2.520720381441508562e-01
2.520720362151493421e-01
2.520720362151493421e-01
2.520720356014379826e-01
2.520720356014379826e-01
2.384268135860439786e-01
2.384268135859923254e-01
2.384260964454276155e-01
2.384260964454276155e-01
2.384260964454276155e-01
2.378101592268435094e-01
2.378101592268435094e-01
2.127572390035231409e-01
2.125630885153979577e-01
2.125629757252454621e-01
1.900956926770442368e-01
1.900956926770442368e-01
1.900956926770424882e-01
1.900956926750726195e-01
1.900956926750726195e-01
1.900956926342583231e-01
1.900956926342583231e-01
1.900956926342583231e-01
1.836651197280138592e-01
1.836651197280138592e-01
1.836651197280138315e-01
1.836650112656892375e-01
1.811276002594318091e-01
1.811236808791997499e-01
1.528992638562449435e-01
1.528992638562449435e-01
1.528992637492939122e-01
1.528782934277644612e-01
1.528782934277644612e-01
1.402266463890531611e-01
1.402266463890531611e-01
1.402266463890526338e-01
1.402266463890525783e-01
1.379263007976478383e-01
1.379263007976478383e-01
1.379263007960831178e-01
1.310022222628123012e-01
1.309826297455582711e-01
1.309826297455582711e-01
1.309826297455582711e-01
1.075378118784724030e-01
1.075378112673379960e-01
1.075378112673379960e-01
1.075378108310210967e-01
1.075378108310210967e-01
1.012760997221862636e-01
1.012760997221737180e-01
1.012751815229601254e-01
1.012751815229601254e-01
1.012751815229601254e-01
1.012751815229601254e-01
1.011045222173114627e-01
1.011045222173114627e-01
8.912758874440204759e-02
8.893740451205157937e-02
8.893735019870657732e-02
7.389894376818549604e-02
7.389894376818549604e-02
7.389894376818356703e-02
7.389894376781745711e-02
7.389894376781745711e-02
7.389894374050075265e-02
7.389894374050075265e-02
7.389894374050075265e-02
7.131956631000031799e-02
7.131956631000031799e-02
7.131956631000031799e-02
7.131945128322246530e-02
7.069585895714849966e-02
7.069454341886484416e-02
5.775364414661818269e-02
5.775364414661818269e-02
5.775364411647007645e-02
5.773492643838694371e-02
5.773492643838694371e-02
4.963195596268885068e-02
4.963195596268885068e-02
4.963195596268878823e-02
4.963195596268872578e-02
4.878165571641417120e-02
4.878165571641417120e-02
4.878165571539781753e-02
4.710305340649894451e-02
4.709599161192291189e-02
4.709599161192291189e-02
4.709599161192291189e-02
3.645908507206085947e-02
3.645908507206085947e-02
3.645908489813754622e-02
3.645908489813754622e-02
3.645908425081915288e-02
3.645908425081915288e-02
3.265257030402934912e-02
3.265257030402778093e-02
3.265205497908214155e-02
3.265205497908214155e-02
3.265205497908214155e-02
3.265205497908214155e-02
3.260413944679584064e-02
2.943002831047109719e-02
2.943002831047109719e-02
2.932361577071942657e-02
2.932360135065288642e-02
2.248959908663463597e-02
2.248959908663463597e-02
2.248959908663299492e-02
2.248959908657197082e-02
2.248959908657197082e-02
2.248959905385615118e-02
2.248959905385615118e-02
2.248959905385615118e-02
2.099106856996469164e-02
2.099106856996469164e-02
2.099106856996469164e-02
2.099100274687908455e-02
2.081134556934558996e-02
2.081110863412069176e-02
1.711480619040101417e-02
1.711480619040101417e-02
1.711480618440200038e-02
1.710399331016625515e-02
1.358335381686835361e-02
1.358335381686835361e-02
1.358335381686835361e-02
1.358335381686833973e-02
1.358335381686833973e-02
1.358335381686830157e-02
1.310854673310932889e-02
1.310854673310932889e-02
1.310854673212153917e-02
1.261395542885081385e-02
1.261264606778627131e-02
1.261264606778627131e-02
1.261264606778627131e-02
9.591441573486314889e-03
9.591441573486314889e-03
9.591440982371850221e-03
9.591440946534739165e-03
9.591440946534739165e-03
9.591440946534739165e-03
8.067583340486182350e-03
8.067583340485903060e-03
8.067374222795225397e-03
8.067374222795225397e-03
8.067374222795225397e-03
8.067374222795225397e-03
8.058228177227859737e-03
7.100210805075707517e-03
7.100210805075707517e-03
7.043640818124577083e-03
7.043638975634355925e-03
5.262452706243328504e-03
5.262452706243328504e-03
5.262452706241231223e-03
5.262452706241231223e-03
5.262452706228141867e-03
5.262452682310434643e-03
5.262452682310434643e-03
5.262452682310434643e-03
5.262452682310434643e-03
4.713970501525300075e-03
4.713970501525300075e-03
4.713970501525300075e-03
4.713945081561967884e-03
4.680341296689051120e-03
4.680309837340345183e-03
3.643210314543730930e-03
3.643210314543730930e-03
3.638115366102303780e-03
3.638115365238083192e-03
2.846648529207485793e-03
2.846648529207485793e-03
2.846648529207485793e-03
2.846648529207485793e-03
2.846648529207485793e-03
2.846648529207484925e-03
2.846648529207443726e-03
2.846648529207443726e-03
2.690620946209781438e-03
2.690620945651209153e-03
2.600506926715013579e-03
2.600506926715013579e-03
2.600333279058068998e-03
2.600333279058068998e-03
1.814895962475669006e-03
1.814895789562650900e-03
1.814895789562650900e-03
1.814895784968720413e-03
1.814895784968720413e-03
1.814895784968720413e-03
1.524174617738218319e-03
1.524174617738190129e-03
1.524069804791182555e-03
1.524069804791182555e-03
1.524069804791182555e-03
1.524069804791182555e-03
1.523005295524379292e-03
1.351992830687523753e-03
1.351992830687523753e-03
1.332956572474049009e-03
1.332956266170481864e-03
8.941237536180889718e-04
8.941237536180888634e-04
8.941237536172341868e-04
8.941237536172341868e-04
8.941237536162564533e-04
8.941237472673795169e-04
8.941237472673795169e-04
8.941237472673795169e-04
8.941237472673795169e-04
8.941237472673795169e-04
8.039794338050246930e-04
8.039794338050246930e-04
8.039689577894505723e-04
8.005882481583265426e-04
8.005842549631416545e-04
8.005842549631416545e-04
6.266188239158376923e-04
6.249645901649984563e-04
6.249645900740114510e-04
4.364305189247561054e-04
4.364305189247561054e-04
4.364305189247561054e-04
4.364305189247561054e-04
4.364305189247561054e-04
4.364305189247560512e-04
4.364305189247403302e-04
4.364305189247403302e-04
4.134686887182125663e-04
4.134686885746605123e-04
4.052053161493644534e-04
4.052053161493644534e-04
4.051844546325234701e-04
4.051844546325234701e-04
2.780072317216491216e-04
2.780071364691877669e-04
2.780071359665087054e-04
2.780071359665087054e-04
2.780071359665087054e-04
2.780071359665087054e-04
2.780071359665087054e-04
2.114135935028209486e-04
2.114135935028195663e-04
2.113917789662604011e-04
2.113917789662604011e-04
2.113917789662604011e-04
2.113917789662604011e-04
2.112817025684199845e-04
1.953758351629795911e-04
1.953758351629795911e-04
1.919943164432840843e-04
1.919942907773358493e-04
1.210815786691905155e-04
1.210815786691904884e-04
1.210815786688939456e-04
1.210815786688939456e-04
1.210815786688253427e-04
1.210815786688253427e-04
1.210815757331307950e-04
1.210815757331307950e-04
1.013491418740909071e-04
1.013491418740909071e-04
1.013491418740909071e-04
1.013491418740909071e-04
1.013469574517601837e-04
1.013469574517601837e-04
1.009919723689941569e-04
1.009919723689941569e-04
1.009917033231864432e-04
8.319566620995499245e-05
8.286316856897374405e-05
8.286316856259333624e-05
5.234774097320473520e-05
5.234774097320473520e-05
5.234774097320473520e-05
5.234774097320473520e-05
5.234774097320473520e-05
5.234774097320472842e-05
5.234774097320014767e-05
5.234774097320014767e-05
4.754274954198556659e-05
4.754274949171897232e-05
4.754274949171897232e-05
4.664914719394318461e-05
4.664768819251153859e-05
4.664768819251153859e-05
3.293618860960967858e-05
3.293615715256413269e-05
3.293615711312673268e-05
3.293615711312673268e-05
3.293615711312673268e-05
3.293615711312673268e-05
3.293615711312673268e-05
2.260910297109182765e-05
2.260549922484183594e-05
2.260549922484173768e-05
2.260549922484173768e-05
2.260549922484173768e-05
2.260549922484173768e-05
2.259727778017448362e-05
2.074360637360355507e-05
2.005354538862605502e-05
2.005354538862605502e-05
2.005354405534346654e-05
1.258907167506069006e-05
1.258907167506068329e-05
1.258907167491440747e-05
1.258907167491440747e-05
1.258907167490866120e-05
1.258907167490866120e-05
1.258907083715817861e-05
1.258907083715817861e-05
9.758162408895611157e-06
9.758162408895611157e-06
9.758162408895611157e-06
9.757829202676370880e-06
9.757829202676370880e-06
9.757829202676370880e-06
9.732188037611359883e-06
9.732188037611359883e-06
7.770351168060080115e-06
7.770345047797734352e-06
7.707145196519976077e-06
7.707145196143202269e-06
4.786606783296833149e-06
4.786606783296833149e-06
4.786606783296833149e-06
4.786606783296833149e-06
4.786606783296833149e-06
4.786606783296833149e-06
4.786606783296833149e-06
4.786606783294988312e-06
4.786606783294988312e-06
4.160260023249636851e-06
4.160260012405324749e-06
4.160260012405324749e-06
4.097297351430390948e-06
4.097221321527023130e-06
2.688399596859374829e-06
2.688399596859374829e-06
2.688395536014470994e-06
2.688395533877936687e-06
2.688395533877936687e-06
2.688395533877936687e-06
2.688395533877936687e-06
2.688395533877936687e-06
1.834852905968278671e-06
1.834124602364033194e-06
1.834124602364029171e-06
1.834124602364029171e-06
1.834124602364029171e-06
1.834124602364029171e-06
1.833713974503654886e-06
1.703065782882478326e-06
1.617386316299458423e-06
1.617386316299458423e-06
1.617386235874533890e-06
9.065107149888077652e-07
9.065107149888064947e-07
9.065107149645400595e-07
9.065107149645400595e-07
9.065107149643585827e-07
9.065107149643585827e-07
9.065106210475876991e-07
9.065106210475876991e-07
7.072556441457828631e-07
7.072556441457828631e-07
7.072556441457828631e-07
7.072004443348893011e-07
7.072004443348893011e-07
7.072004443348893011e-07
7.072004443348893011e-07
7.060942573598120013e-07
5.797059376770750182e-07
5.797055578357948027e-07
5.722047089804671398e-07
5.722047089657028261e-07
3.087010715344048642e-07
3.087010715344048642e-07
3.087010715344048642e-07
3.087010715344048642e-07
3.087010715344048642e-07
3.087010715344048642e-07
3.087010715344048642e-07
3.087010715341304785e-07
3.087010715341304785e-07
2.701353618030081079e-07
2.701353606398938579e-07
2.701353606398938579e-07
2.677522505235106268e-07
2.677487910537904638e-07
1.819745759500354691e-07
1.819737710608970915e-07
1.819737710608970915e-07
1.819737709736502628e-07
1.819737709736502628e-07
1.819737709736502628e-07
1.819737709736502628e-07
1.819737709736502628e-07
1.072428504026303630e-07
1.071830858157059945e-07
1.071830858157059283e-07
1.071830858157059283e-07
1.071830858157059283e-07
1.071830858157059283e-07
1.071667171042913172e-07
1.025524402389665881e-07
9.716311561718518515e-08
9.716311561718518515e-08
9.716311324609201013e-08
9.716311324609018371e-08
5.476313543271548845e-08
5.476313543271548845e-08
5.476313542925965358e-08
5.476313542925965358e-08
5.476313542925965358e-08
5.476313542925965358e-08
5.476313542925438609e-08
5.476311846528401566e-08
5.476311846528401566e-08
3.783296451449029417e-08
3.783296451449029417e-08
3.783296451449029417e-08
3.782852328819930510e-08
3.782852328819930510e-08
3.782852328819930510e-08
3.782852328819930510e-08
3.778431682116839010e-08
3.300530276849178452e-08
3.300528989050076522e-08
3.248145647438277866e-08
3.248145647438277866e-08
1.650590685472465709e-08
1.650590685468369511e-08
1.650590685468369511e-08
1.650590685468369511e-08
1.650590685468369511e-08
1.650590685468369511e-08
1.650590685464992298e-08
1.650590685464991967e-08
1.650590685464991967e-08
1.333775273481146823e-08
1.333775258028730722e-08
1.333775258028730722e-08
1.323915740906506821e-08
1.323906213447153466e-08
1.323882728127690233e-08
9.686911141131318496e-09
9.686911141131318496e-09
9.686911141131318496e-09
9.686911138585569245e-09
9.686911138585569245e-09
9.686911138585569245e-09
9.686911138585569245e-09
9.686911138585569245e-09
5.101800859668754703e-09
5.097514217407894606e-09
5.097514217407892124e-09
5.097514217407892124e-09
5.097514217407892124e-09
5.097004204690606010e-09
5.097004204690606010e-09
4.613130351588869903e-09
4.446440846676978558e-09
4.446440846676978558e-09
4.446440795767056707e-09
4.446440795766871419e-09
2.623634066786065935e-09
2.623634066786065935e-09
2.623634066120861762e-09
2.623634066120861762e-09
2.623634066120861762e-09
2.623634066120861762e-09
2.623634066120688882e-09
2.623632120231038887e-09
2.623632120231038887e-09
1.620995793219843494e-09
1.620995793219843494e-09
1.620995793219843494e-09
1.620707002024317087e-09
1.620707002024317087e-09
1.620707002024317087e-09
1.620707002024317087e-09
1.619381046132212198e-09
1.403884187584880525e-09
1.403883893160868956e-09
1.362993020125976791e-09
1.362993020125976791e-09
6.967019878818293583e-10
6.967019878804894291e-10
6.967019878804894291e-10
6.967019878804894291e-10
6.967019878804894291e-10
6.967019878804894291e-10
6.967019878748448520e-10
6.967019878748445418e-10
6.967019878748445418e-10
5.216950155260154123e-10
5.216950017535690555e-10
5.216950017535690555e-10
5.187967929028260379e-10
5.187946771653396053e-10
5.187801625491810485e-10
3.651148930645989223e-10
3.651148930645989223e-10
3.651148930645989223e-10
3.651148930035842192e-10
3.651148930035842192e-10
3.651148930035842192e-10
3.651148930035842192e-10
3.651148930035842192e-10
1.899662145122552624e-10
1.895908424613516594e-10
1.895908424613515819e-10
1.895908424613515819e-10
1.895908424613515819e-10
1.653338118151595542e-10
1.653255358993143295e-10
1.605719266392692509e-10
1.605719266392692509e-10
1.605719266392692509e-10
1.605719254044279763e-10
1.605719254044026956e-10
8.663099180397676090e-11
8.663099180397676090e-11
8.663099175323529200e-11
8.663099175323529200e-11
8.663099175323529200e-11
8.663099175323529200e-11
8.663088884002072828e-11
8.663088884002072828e-11
8.663088884001816919e-11
5.346389825210354152e-11
5.346389825210354152e-11
5.346389825210354152e-11
5.344295213578270218e-11
5.344295213578270218e-11
5.344295213578270218e-11
5.344295213578270218e-11
5.341635712828044115e-11
4.747164240879222232e-11
4.747163518984184637e-11
4.747163518984184637e-11
4.550181400343878191e-11
2.035025304761022209e-11
2.035025304759207905e-11
2.035025304759207905e-11
2.035025304759207905e-11
2.035025304759207905e-11
2.035025304759207905e-11
2.035025304759207905e-11
2.035025304759205966e-11
2.035025304721968621e-11
2.035025304721968621e-11
1.534277040261812225e-11
1.534277040261812225e-11
1.534276971775412796e-11
1.529208022124375762e-11
1.529203861383385615e-11
1.529114560015274267e-11
1.529114560015274267e-11
1.137411714643970516e-11
1.137411714643970516e-11
1.137411714643970516e-11
1.137411714544150496e-11
1.137411714544150496e-11
1.137411714544150496e-11
1.137411714544150496e-11
5.035427628153610661e-12
5.021780556536930852e-12
5.021780556536930852e-12
5.021780556536930045e-12
5.021780556536930045e-12
5.021780556536930045e-12
4.396882131433434127e-12
4.396736383574945638e-12
4.321185132622030815e-12
4.321185132622030815e-12
4.321185132622030815e-12
4.321185132620425729e-12
4.321185117313944479e-12
4.321185117313944479e-12
4.321185117313944479e-12
2.503450072722427496e-12
2.503450069645356410e-12
2.503450069645356410e-12
2.503450069645356410e-12
2.503442464880291671e-12
2.503442464880291671e-12
2.503442464880260167e-12
1.321864207319091550e-12
1.321864207319091550e-12
1.321131621464850968e-12
1.321131621464850968e-12
1.321131621464850968e-12
1.321131621464850968e-12
1.321131621464850968e-12
1.320680722219602813e-12
1.226148087162689527e-12
1.226147992908295899e-12
1.226147992908295899e-12
1.171430070327720626e-12
5.427573244515348982e-13
5.427573244512977099e-13
5.427573244512977099e-13
5.427573244512977099e-13
5.427573244512977099e-13
5.427573244512977099e-13
5.427573244512960943e-13
5.427573244299820571e-13
5.427573244299820571e-13
5.427573244299820571e-13
3.635508821801875247e-13
3.635508821801875247e-13
3.635508431244226324e-13
3.626481434239083918e-13
3.626476337971905347e-13
3.626156287958764190e-13
3.626156287958764190e-13
2.934039443606088313e-13
2.934039443606088313e-13
2.934039443606088313e-13
2.934039443606088313e-13
2.934039443487250772e-13
2.934039443487250772e-13
2.934039443487250772e-13
1.245011567306129240e-13
1.240249141409693902e-13
1.240249141409693902e-13
1.240249141409693902e-13
1.240249141409693902e-13
1.014177846966229020e-13
1.014177846966229020e-13
1.014158603810273137e-13
9.996441780875965408e-14
9.996441780875965408e-14
9.996441780868280010e-14
9.996441780868280010e-14
9.996441780868280010e-14
9.996441780868280010e-14
9.996441765139542141e-14
9.996441697486813239e-14
9.996441697486813239e-14
6.397919399311927975e-14
6.397919399311927975e-14
6.397919399311927975e-14
6.397880352092543794e-14
6.397880352092497094e-14
3.074933374587109884e-14
3.072493149381779749e-14
3.072493149381779749e-14
3.072493149381779749e-14
3.072493149381779749e-14
3.072493149381779749e-14
3.071814632578484312e-14
3.071814632578484312e-14
2.864725159636650581e-14
2.864725159636650581e-14
2.864725047552387004e-14
2.659116489845557313e-14
1.328670630925421009e-14
1.328670630925421009e-14
1.328670630925421009e-14
1.328670630925053715e-14
1.328670630925053715e-14
1.328670630925053715e-14
1.328670630925043144e-14
1.328670630747685440e-14
1.328670630747685440e-14
1.328670630747685440e-14
1.328670113207702671e-14
8.139889113376947859e-15
8.139889113376947859e-15
8.125949706565070345e-15
8.125949706565070345e-15
8.124888990402725679e-15
8.124882860142118694e-15
8.124882860142118694e-15
6.570171413529410005e-15
6.570171413529410005e-15
6.570171413529410005e-15
6.570171413378422028e-15
6.570171413378422028e-15
6.570171413378422028e-15
2.882451819869930442e-15
2.859759282770583511e-15
2.859759282770583511e-15
2.859759282770583511e-15
2.859759282770583511e-15
2.214960993525230279e-15
2.191744469271881756e-15
2.191721032227805375e-15
2.191721032227805375e-15
2.191721032227805375e-15
2.191721032222180008e-15
2.191721032222180008e-15
2.191721032222180008e-15
2.191721032222180008e-15
2.191721000579654857e-15
2.191721000579654857e-15
2.191720998531679256e-15
1.366104642989472024e-15
1.366104642989472024e-15
1.366091561883485079e-15
1.366091561883485079e-15
1.366091561883485079e-15
1.366091561883481332e-15
6.675100377650810946e-16
6.675100377650810946e-16
6.664436532166784277e-16
6.664436532166784277e-16
6.664436532166784277e-16
6.664436532166784277e-16
6.664436532166784277e-16
6.663552411278769498e-16
6.663552411278769498e-16
6.313071463831197041e-16
6.313071305853122315e-16
5.724995849015289681e-16
5.724995849015289681e-16
5.724995849015289681e-16
2.681472040771417409e-16
2.681472040771088059e-16
2.681472040771016569e-16
2.681472040771016569e-16
2.681472039992414307e-16
2.681472039992414307e-16
2.681472039992414307e-16
2.681470387874594244e-16
2.681470387874594244e-16
1.665377894470554366e-16
1.665377894470554366e-16
1.665377894470554366e-16
1.663676186825324634e-16
1.663676186825324634e-16
1.663251724291091768e-16
1.663251724291091768e-16
1.663250941975368929e-16
1.408336744886665407e-16
1.408336744871340058e-16
1.408336744871340058e-16
1.408336744871340058e-16
5.587895377184568973e-17
5.530775223366237471e-17
5.530775223366237471e-17
5.530775223366237471e-17
5.530775223366237471e-17
5.530775223366237471e-17
4.322414756763706511e-17
4.322414756763706511e-17
4.295558946039192352e-17
4.295530401029279143e-17
4.295530401004685172e-17
4.295530401004685172e-17
4.295530401004685172e-17
4.295530401004684556e-17
4.295530299943645579e-17
4.295530299943645579e-17
4.295530299943645579e-17
2.937952232706205022e-17
2.937952231879333964e-17
2.937952231879333964e-17
2.937891231114405015e-17
2.937891231114405015e-17
2.937891231114405015e-17
2.937891231114401934e-17
1.279379511089200149e-17
1.279379511089200149e-17
1.276693939810214913e-17
1.276693939810214913e-17
1.276693939810214913e-17
1.276693939810214913e-17
1.276693939810214913e-17
1.276588344208491571e-17
1.235792681618591525e-17
1.235792681618591525e-17
1.235792667422917355e-17
1.235792667422917355e-17
1.120469979669553959e-17
1.120469979669553959e-17
5.907394544312212394e-18
5.907394544311898082e-18
5.907394544311485163e-18
5.907394540993259632e-18
5.907394540993259632e-18
5.907394540993259632e-18
5.907394540993259632e-18
5.907386210524102249e-18
3.290940361107953464e-18
3.290940361107953464e-18
3.290940361107953464e-18
3.290940361107953464e-18
3.290940361107953464e-18
3.290940361107953464e-18
3.289783712084952362e-18
3.287563049297330536e-18
3.287562313429077603e-18
2.950773831413406184e-18
2.950773831413406184e-18
2.950773831400230127e-18
2.950773831400230127e-18
2.950773831400230127e-18
2.950773831400230127e-18
2.865300645266485657e-18
1.257970111510929298e-18
1.257970111510929298e-18
1.257970111510929298e-18
1.257970111510929298e-18
1.257970111510929298e-18
1.257970111510929298e-18
9.098527244068358360e-19
9.098527243969311635e-19
9.098527243969311635e-19
9.057961010840798539e-19
9.057929855640903892e-19
9.057929855640896189e-19
9.057929376974246782e-19
9.057929376974246782e-19
9.057929376974246782e-19
6.878050858554741820e-19
6.878050858554741820e-19
6.878050857644587772e-19
6.878050857644587772e-19
6.878050857644587772e-19
6.877812933750206741e-19
6.877812933750206741e-19
6.877812933750201926e-19
3.026506851308846721e-19
3.026506851308846721e-19
3.018329860537322209e-19
3.018329860537322209e-19
3.018329860537322209e-19
3.018329860537322209e-19
3.018183502225278502e-19
3.018183502225278502e-19
3.018183502225278502e-19
2.939350526103828197e-19
2.939350526103828197e-19
2.939350526103828197e-19
2.939350509928184780e-19
2.558465615630388019e-19
1.528235890371813507e-19
1.528235890371772340e-19
1.528235890371520284e-19
1.528235887964952374e-19
1.528235887964952374e-19
1.528235887964952374e-19
1.528235887964952374e-19
1.528231878752441097e-19
8.176294520972916952e-20
8.176294520972916952e-20
8.176294520972916952e-20
8.176294520972916952e-20
8.176294520972916952e-20
8.176294520972916952e-20
8.172399864431560687e-20
8.168975079698634390e-20
8.168974157256110543e-20
7.438559957240552264e-20
7.438559957240552264e-20
7.438559957240552264e-20
7.438559957224203526e-20
7.438559957224203526e-20
7.111225346396929557e-20
3.468018758816520584e-20
3.468018758816520584e-20
3.468018758816520584e-20
3.468018758816520584e-20
3.468018758816520584e-20
3.468018758816520584e-20
3.468018758816520584e-20
2.396122724812152365e-20
2.396122724812152365e-20
2.396122724737247533e-20
2.396122724737243922e-20
2.389057676185182293e-20
2.389053257809917987e-20
2.389053016575898980e-20
2.389053016575898980e-20
2.389053016575898980e-20
2.389053016575898980e-20
1.851183419876977802e-20
1.851183419876977802e-20
1.851183419747543573e-20
1.851183419747543573e-20
1.851089061645493867e-20
1.851089061645493867e-20
1.851089061645493867e-20
8.659858052592025010e-21
8.659858052592022001e-21
8.618627857750540525e-21
8.618627857750540525e-21
8.618627857750540525e-21
8.618627857750540525e-21
8.618627857750540525e-21
8.618384248969396258e-21
8.618384248969396258e-21
8.455818009758574356e-21
8.455818009758574356e-21
7.154175591002754965e-21
7.154175572183368013e-21
7.154175572183368013e-21
4.318917415061277856e-21
4.318917415059080340e-21
4.318917415059031440e-21
4.318917401101574134e-21
4.318917401101574134e-21
4.318899842074413247e-21
4.318899842074413247e-21
4.318899842074413247e-21
2.377427936691921747e-21
2.377427936691921747e-21
2.377427936691921747e-21
2.377427936691921747e-21
2.377427936691921747e-21
2.377427936691921747e-21
2.377427936691921747e-21
2.375397083693517247e-21
2.374805685928883722e-21
2.374805532625137001e-21
2.215843583593648055e-21
2.215843583593648055e-21
2.215843583593648055e-21
2.215843583591477623e-21
2.215843583591477623e-21
2.093773413632694001e-21
1.007599076097645304e-21
1.007599076097645304e-21
1.007599076097645304e-21
1.007599076097645304e-21
1.007599076097645304e-21
1.007599076097645304e-21
1.007599076097645304e-21
1.007599076097645304e-21
7.034871469526269246e-22
7.034871469057020365e-22
7.034871469056982749e-22
7.034870320786414351e-22
7.022405957171278655e-22
7.022398446636273255e-22
7.022398446636273255e-22
7.022398446636273255e-22
7.022398446636273255e-22
5.781069667625122435e-22
5.781069667436165009e-22
5.781069667436165009e-22
5.781069667436165009e-22
5.780501775719612272e-22
5.780501775719612272e-22
2.582499273245226605e-22
2.582499273245226605e-22
2.582499273245226605e-22
2.566913940080636621e-22
2.566913940080636621e-22
2.566913940080636621e-22
2.566913940080636621e-22
2.566913940080636621e-22
2.566913940080636621e-22
2.566871422183801133e-22
2.537169936096326947e-22
2.537169936096326947e-22
2.147232559567508549e-22
2.147232557029699001e-22
2.147232557029699001e-22
1.435842747853074896e-22
1.435842747851308833e-22
1.435842739381012984e-22
1.435842739381005931e-22
1.435842739381005931e-22
1.435842739381005931e-22
1.435830760822113672e-22
1.435830760822113672e-22
7.376507894705318211e-23
7.376507894705318211e-23
7.376507894705318211e-23
7.376507894705318211e-23
7.376507894705318211e-23
7.376507894705318211e-23
7.376507894705318211e-23
7.368190046622143153e-23
7.367070235341677556e-23
7.367070014473490115e-23
7.046434237359838037e-23
7.046434237359838037e-23
7.046434237359838037e-23
7.046434237359838037e-23
6.637071944287607198e-23
6.637071944285180977e-23
3.569656576196455498e-23
3.569656576196455498e-23
3.569656576196455498e-23
3.569656576196455498e-23
3.569656576196455498e-23
3.569656576196455498e-23
3.569656576196455498e-23
3.569656575533024119e-23
2.327125339580137589e-23
2.327125339580108202e-23
2.327125339580108202e-23
2.327125339580108202e-23
2.327124563955106565e-23
2.324438906851198116e-23
2.324437674885460974e-23
2.324437674885460974e-23
2.029496875701027557e-23
2.029496875701027557e-23
2.029199043016790800e-23
2.029199042987779600e-23
2.029199042987779600e-23
2.029199042987779600e-23
2.029199042987779600e-23
9.694348680768451638e-24
9.694348680768451638e-24
9.694348680768451638e-24
9.621389889397504010e-24
9.621389889397504010e-24
9.621389889397504010e-24
9.621389889397504010e-24
9.621389889397504010e-24
9.621389889397504010e-24
9.621389889397504010e-24
9.621300457469109170e-24
9.538935352929527159e-24
7.704901950025511863e-24
7.704901950025511863e-24
7.704901945953537718e-24
7.704901945953537718e-24
5.650743457697469262e-24
5.650743457682451587e-24
5.650743376702272539e-24
5.650743376702271805e-24
5.650743376702271805e-24
5.650743376702260050e-24
5.650664423517960194e-24
5.650664423517960194e-24
5.650664423517960194e-24
2.917656754969449170e-24
2.917656754969449170e-24
2.917656754969449170e-24
2.917656754969449170e-24
2.913328881946896496e-24
2.913328881946896496e-24
2.913328881946896496e-24
2.913066764445640992e-24
2.913066764445640992e-24
2.813451722427087858e-24
2.813451682285566939e-24
2.813451682285566939e-24
2.590996174386998544e-24
2.590996174386998544e-24
2.590996174386579775e-24
1.536839298796882344e-24
1.536839298796882344e-24
1.536839298796882344e-24
1.536839298796882344e-24
1.536839298796882344e-24
1.536839298796882344e-24
1.536839298796882344e-24
1.536839298037810541e-24
1.536839298037739276e-24
1.536839298037739276e-24
9.738703315662983201e-25
9.738697534880304688e-25
9.738697534880304688e-25
9.738697534880304688e-25
9.731652758462962893e-25
9.731650067501465870e-25
8.691069344938540913e-25
8.689252300000875121e-25
8.689252300000875121e-25
8.689252299940588791e-25
8.689252299940588791e-25
8.689252299940588791e-25
8.689252299940588791e-25
8.689252299940588791e-25
4.439704059904442756e-25
4.386593728660116601e-25
4.386593728660116601e-25
4.386593728660116601e-25
4.386593728660116601e-25
4.386593728660116601e-25
4.386593728660116601e-25
4.386593728660116601e-25
4.386570562971439566e-25
4.386570562971439566e-25
4.360868121555292959e-25
3.423894714695475341e-25
3.423894714695475341e-25
3.423894713784182529e-25
2.598023593002369943e-25
2.598023592982773167e-25
2.598023592982773167e-25
2.598023520133414065e-25
2.598023520133414065e-25
2.598023520133412688e-25
2.598023520133410851e-25
2.598023520133410851e-25
2.598023520133410851e-25
2.597967994680967679e-25
2.597967994680967679e-25
1.381453121430661116e-25
1.381453121430661116e-25
1.381453121430661116e-25
1.378073753380403690e-25
1.378073753380403690e-25
1.378073753380403690e-25
1.378073753380403690e-25
1.378073753380403690e-25
1.378000664772952067e-25
1.344291750522308386e-25
1.344291740136304273e-25
1.218579383342885486e-25
7.453900336290821486e-26
7.453900336290821486e-26
7.453900336290511541e-26
7.453900336290511541e-26
7.453900336290511541e-26
7.453900336290511541e-26
7.453900336290511541e-26
7.453900336290511541e-26
7.453900336290511541e-26
7.453900328691359563e-26
7.453900328690325265e-26
7.453900328690325265e-26
4.737761538874694769e-26
4.737756987093884992e-26
4.737756987093884992e-26
4.737756987093884992e-26
4.735678695584987818e-26
4.735677973405226639e-26
4.733797453585632234e-26
4.354137595795016510e-26
4.354137595795016510e-26
4.354137595795016510e-26
4.354137595781445520e-26
4.354137595781445520e-26
4.354137595781445520e-26
4.354137595781445520e-26
2.239973003000439344e-26
2.239973003000439344e-26
2.206084206050241778e-26
2.206084206050241778e-26
2.206084206050241778e-26
2.206084206050241778e-26
2.206084206050241778e-26
2.206084206050241778e-26
1.719377312660468854e-26
1.719373279174348708e-26
1.714437679888048793e-26
1.714437679888048793e-26
1.714437679888048793e-26
1.714437679683202257e-26
1.714437679683202257e-26
1.714437679646884762e-26
1.384501033410843265e-26
1.384500964580991530e-26
1.384500964580990095e-26
1.384500964580990095e-26
1.384500964580990095e-26
1.384500964580990095e-26
1.384445990175480275e-26
1.384445990175479701e-26
1.384445990175479701e-26
7.197741634402628796e-27
7.197741634402628796e-27
7.197741634402628796e-27
7.174689034390110427e-27
7.174689034390110427e-27
7.174689034390110427e-27
7.174689034390110427e-27
7.174464508258690841e-27
7.174464508258690841e-27
7.059611126609605011e-27
7.059611100929883418e-27
6.355558045129306168e-27
6.355558045129306168e-27
4.249222700193798255e-27
4.249222700193721486e-27
4.249222700193721486e-27
4.249222700193721486e-27
4.249222700193721486e-27
4.249222700193721486e-27
4.249222700193721486e-27
4.249222691977587076e-27
4.249222691976155734e-27
4.249222691976155734e-27
2.586069188377354413e-27
2.586069188377354413e-27
2.586064460231360128e-27
2.586064460231360128e-27
2.586064460231360128e-27
2.585362586838236417e-27
2.585362586838236417e-27
2.585362393867636660e-27
2.583953151016601587e-27
2.439275936364255290e-27
2.439275936364255290e-27
2.439275936364255290e-27
2.439275936364255290e-27
2.439275936361037460e-27
2.439275936361037460e-27
2.439275936361037460e-27
2.439275936361037460e-27
1.361485129354668504e-27
1.361485129354668504e-27
1.335979024935528731e-27
1.335979024935528731e-27
1.335979024935528731e-27
1.335979024935528731e-27
9.989860730973759127e-28
9.989848523525942633e-28
9.970947302504949441e-28
9.970947302504949441e-28
9.970947302504949441e-28
9.970947302504949441e-28
9.970947302096254578e-28
9.970947302096254578e-28
9.970947301572847854e-28
8.502465467897899932e-28
8.502465467897874821e-28
8.502464562882359854e-28
8.502464562882359854e-28
8.502464562882359854e-28
8.502464562882359854e-28
8.501943190542021823e-28
8.501943190542021823e-28
8.501943190542021823e-28
4.598070708668784696e-28
4.598070708668784696e-28
4.578853368863453997e-28
4.578853368863453997e-28
4.578853368863453997e-28
4.578853368863453997e-28
4.578853368863453997e-28
4.578771381418372544e-28
4.578771381418372544e-28
4.525519199422949023e-28
4.525519191451311375e-28
4.525519191451311375e-28
3.970652408405365071e-28
2.864992788313547213e-28
2.864992788313524344e-28
2.864992788313524344e-28
2.864992788313524344e-28
2.864992788313524344e-28
2.864992788313524344e-28
2.864992788313524344e-28
2.864992788311359842e-28
2.864992775289539835e-28
2.864992775289539835e-28
1.737210193904431564e-28
1.737210193904431564e-28
1.737204828425596225e-28
1.737204828425596225e-28
1.737204828425596225e-28
1.736920842794901369e-28
1.735620508889356110e-28
1.735620443193231521e-28
1.735620443193231521e-28
1.735620443193231521e-28
1.660642751935686213e-28
1.660642751935686213e-28
1.660642751935686213e-28
1.660642751934699475e-28
1.660642751934699475e-28
1.660642751934699475e-28
1.660642751934699475e-28
9.934470017426890979e-29
9.934470017426890979e-29
9.669398373025164209e-29
9.669398373025164209e-29
9.669398373025164209e-29
9.669398373025164209e-29
9.669398373025164209e-29
7.081037303439231589e-29
7.072517437062670150e-29
7.072512814995296061e-29
7.072512814995296061e-29
7.072512814278413067e-29
7.072512814278413067e-29
7.072512814278353652e-29
7.072512814278353652e-29
7.072511239543632351e-29
7.072511239543632351e-29
6.210288935354056233e-29
6.210288935219706463e-29
6.210288935219706463e-29
6.210288935219706463e-29
6.209720201332811029e-29
6.209720201332811029e-29
6.209720201332811029e-29
3.502851292262419940e-29
3.502851292262419940e-29
3.480950092358129024e-29
3.480950092358129024e-29
3.480950092358129024e-29
3.480950092358129024e-29
3.480914297986167180e-29
3.480914297986167180e-29
3.453219076909707605e-29
3.453219076909707605e-29
3.453219076909707605e-29
3.453219073838540054e-29
2.977829942775340167e-29
2.242330839338029623e-29
2.242330839338029623e-29
2.242330839338029623e-29
2.242330839338022056e-29
2.242330839338022056e-29
2.242330839333399453e-29
2.242330819274010640e-29
2.242330819274010640e-29
2.242330819274010640e-29
2.242330819274010640e-29
2.242330819274010360e-29
2.242312540745515184e-29
1.372985374385710906e-29
1.372985374385710906e-29
1.372985374385710906e-29
1.372985374385710906e-29
1.372851364540929882e-29
1.371253467217220531e-29
1.371253467217220531e-29
1.371253440083448728e-29
1.328758974599397756e-29
1.328758974599397756e-29
1.328758974599397756e-29
1.328758974599397756e-29
1.328758974599059763e-29
1.328758974599059763e-29
1.328758974599059763e-29
1.259612647176976766e-29
7.985782265072156867e-30
7.985782265072156867e-30
7.985782265072156867e-30
7.985782265072156867e-30
7.985782265072156867e-30
7.985782265072156867e-30
5.802781388065867085e-30
5.802781388065867085e-30
5.798457320109624504e-30
5.798457318897855160e-30
5.798455263207220665e-30
5.798455263207080535e-30
5.798455263207080535e-30
5.798455263207080535e-30
5.798453098870587447e-30
5.261515135696396979e-30
5.261515135696396979e-30
5.261515135644803972e-30
5.261515135644803972e-30
5.261515135644803972e-30
5.260711853469425324e-30
5.260711853469425324e-30
5.260711853469425324e-30
5.260711853469425324e-30
3.020043073591848731e-30
3.020043073591848731e-30
2.995713827429675901e-30
2.995713827429675901e-30
2.995713827429675901e-30
2.995713827429675901e-30
2.995713827429675901e-30
2.995696285950828923e-30
2.995696285950828923e-30
2.980157882640193189e-30
2.980157881416426278e-30
2.543477132239358833e-30
2.543477132239358833e-30
2.543477132239358833e-30
2.543477132239358833e-30
2.032869558018486639e-30
2.032869558018484187e-30
2.032869558018484187e-30
2.032869558008930834e-30
2.032869524297464180e-30
2.032869524297463129e-30
2.032869524297463129e-30
2.032869524297463129e-30
2.032839961493933558e-30
1.231624609580080468e-30
1.231624609580080468e-30
1.231624609580080468e-30
1.231624609580080468e-30
1.231624609580080468e-30
1.229699958946796751e-30
1.229699958946796751e-30
1.229628826958577684e-30
1.229628826958577684e-30
1.229628815285439879e-30
1.203555835565487021e-30
1.203555835565487021e-30
1.203555835565365108e-30
1.203555835565365108e-30
1.133332539760979130e-30
1.133332539760979130e-30
7.732378742586341714e-31
7.732378742586341714e-31
7.732378742586341714e-31
7.732378742586341714e-31
7.732378742586341714e-31
7.732378742586341714e-31
7.732378742586341714e-31
5.473013684147947048e-31
5.473013681940509603e-31
5.473013681940509603e-31
5.473013681940196062e-31
5.470467793813909497e-31
5.470466814895091908e-31
5.470463024047521160e-31
5.470463024047521160e-31
5.099576305306385612e-31
5.099576305306385612e-31
5.099576305285092882e-31
5.099576305285092882e-31
5.099576305285092882e-31
5.098446635421217041e-31
5.098446635421217041e-31
3.100015766306854090e-31
3.100015766306854090e-31
3.100015766306854090e-31
3.100015766306854090e-31
3.068142517320316657e-31
3.068142517320316657e-31
3.068142517320316657e-31
3.068142517320316657e-31
3.068142517320316657e-31
3.068132673070971008e-31
3.057330023886602060e-31
3.057330023886602060e-31
3.057330023886602060e-31
3.057330023886602060e-31
2.548599914655246528e-31
2.548599914262050499e-31
2.548599914262050499e-31
2.141460145706389974e-31
2.141460145706389974e-31
2.141460145684712325e-31
2.141460145684711011e-31
2.141460072069741769e-31
2.141460072069740455e-31
2.141410957572392172e-31
2.141410957572392172e-31
2.141410957572392172e-31
1.326462607529103200e-31
1.326462607529103200e-31
1.326462607529103200e-31
1.326462607529103200e-31
1.326462607529103200e-31
1.326462607529103200e-31
1.326462607529103200e-31
1.323682095303807896e-31
1.323637998255982195e-31
1.323637992313559732e-31
1.303524691085085138e-31
1.303524691085085138e-31
1.303524691085038063e-31
1.211393117094396742e-31
8.803588182564844968e-32
8.803588182564844968e-32
8.803588182564844968e-32
8.803588182564844968e-32
8.803588182564844968e-32
8.803588182564844968e-32
8.803588182564844968e-32
6.193691217290849399e-32
6.193691217290849399e-32
6.193691211727682453e-32
6.193691211726859190e-32
6.193683936388173276e-32
6.191939203767517127e-32
6.191938652786439425e-32
6.191938652786439425e-32
6.191938652786439425e-32
5.872088322001970114e-32
5.872088322001970114e-32
5.870221949255122748e-32
5.870221949245799734e-32
5.870221949245799734e-32
5.870221949245799734e-32
5.870221949245799734e-32
3.761295955151310304e-32
3.761295955151310304e-32
3.761295955151310304e-32
3.708323687369669960e-32
3.708323687369669960e-32
3.708323687369669960e-32
3.708323687369669960e-32
3.708323687369669960e-32
3.708323687369669960e-32
3.708323687369669960e-32
3.708317369465928118e-32
3.699863777390405399e-32
3.041227761837493213e-32
3.041227761837493213e-32
3.041227761837493213e-32
3.041227761652491710e-32
2.644280497486685652e-32
2.644280497486685652e-32
2.644280497421643508e-32
2.644280329375730643e-32
2.644280329375726264e-32
2.644280329375726264e-32
2.644187010160954067e-32
1.680906549455781634e-32
1.680906549455781634e-32
1.680906549455781634e-32
1.680906549455781634e-32
1.680906549455781634e-32
1.680906549455781634e-32
1.680906549455781634e-32
1.675850962496285474e-32
1.675850962496285474e-32
1.675850962496285474e-32
1.675819909403052350e-32
1.658485907305419579e-32
1.658485904222797237e-32
1.658485904222797237e-32
1.658485904222797237e-32
1.526093128811777397e-32
1.526093128811765354e-32
1.161905941456007095e-32
1.161905941456007095e-32
1.161905941456007095e-32
1.161905941456007095e-32
1.161905941456007095e-32
1.161905941456007095e-32
1.161905941456007095e-32
1.161905938524900150e-32
8.181780049353995425e-33
8.181780049351172301e-33
8.181764228818593065e-33
8.181764228818593065e-33
8.180426519970519193e-33
8.180426519970519193e-33
8.180426202204901873e-33
8.180426202204901873e-33
7.877150581259378970e-33
7.873344954167790083e-33
7.873344954167790083e-33
7.873344954164746638e-33
7.873344954164746638e-33
7.873344954164746638e-33
7.873344954164746638e-33
7.873344954164746638e-33
5.257337696768228535e-33
5.164883387987939705e-33
5.164883387987939705e-33
5.164883387987939705e-33
5.164883387987939705e-33
5.164883387987939705e-33
5.164883387987939705e-33
5.164883387987939705e-33
5.164879338399914741e-33
5.157668632090109249e-33
4.199855941744192800e-33
4.199855941744192800e-33
4.199855941744192800e-33
4.199855941680171661e-33
3.780550390805928220e-33
3.780550390606881574e-33
3.780549962556722052e-33
3.780549962556703578e-33
3.780549962556703578e-33
3.780549962556703578e-33
3.780333788753181203e-33
3.780333788753181203e-33
3.780333788753181203e-33
3.780333788753181203e-33
2.451395078428260231e-33
2.451395078428260231e-33
2.451395078428260231e-33
2.441763955002922232e-33
2.441763955002922232e-33
2.441742172023574948e-33
2.441742172023574948e-33
2.425514770784070004e-33
2.425514769587663886e-33
2.425514769587663886e-33
2.213379342459969695e-33
1.780364908785285922e-33
1.780364908785284895e-33
1.780364908785284895e-33
1.780364908785284895e-33
1.780364908785284895e-33
1.780364908785284895e-33
1.780364908785284895e-33
1.780364900209388927e-33
1.780364900207386876e-33
1.780364900207386876e-33
1.248554296422079882e-33
1.248554296422079882e-33
1.248554296422079882e-33
1.248550121135657593e-33
1.248550121135657593e-33
1.248447180578598240e-33
1.248447167148803843e-33
1.247590312213290203e-33
1.216216954430129393e-33
1.216216954430129393e-33
1.216216954430094498e-33
1.216216954430094498e-33
1.216216954430094498e-33
1.216216954430094498e-33
1.216216954430094498e-33
1.216216954430094498e-33
8.618105900400117792e-34
8.431216449224875807e-34
8.431216449224875807e-34
8.431216449224875807e-34
8.431216449224875807e-34
8.431216449224875807e-34
6.762955435230417953e-34
6.762954175327396488e-34
6.758865843567627881e-34
6.758865843567627881e-34
6.758865843567627881e-34
6.758865843567627881e-34
6.758865843559701103e-34
6.758865842766900075e-34
6.267405645564797566e-34
6.267404312329860308e-34
6.267404312329781621e-34
6.267404312329781621e-34
6.267404312329781621e-34
6.267404312329781621e-34
6.266871684583689674e-34
6.266871684583689674e-34
6.266871684583689674e-34
4.232045028121585128e-34
4.210387232942028910e-34
4.210387232942028910e-34
4.210387232942028910e-34
4.210387232942028910e-34
4.210387232942028910e-34
4.210387232942028910e-34
4.210375480430948855e-34
4.194387034749799319e-34
4.194387034578727838e-34
3.779869234507178995e-34
3.196578386291395501e-34
3.196578386291395501e-34
3.196578386291395501e-34
3.196578386291395501e-34
3.196578386291395501e-34
3.196578386291395501e-34
3.196578386291395501e-34
3.196578386291395501e-34
3.196578354960076685e-34
3.196578354952033159e-34
2.268431949601897622e-34
2.268431949601897622e-34
2.268419593276359318e-34
2.268419593276358891e-34
2.268357931030536277e-34
2.268357928910609213e-34
2.268357928910609213e-34
2.266221634678839157e-34
2.231668951616595405e-34
2.231668951616595405e-34
2.231668951616594978e-34
2.231668951616594978e-34
2.231668951616594978e-34
2.231668951616594978e-34
1.676046294181733666e-34
1.676046294181733666e-34
1.629564303840942416e-34
1.629564303840942416e-34
1.629564303840942416e-34
1.629564303840942416e-34
1.298376565693370289e-34
1.298103026416415277e-34
1.298103004221613337e-34
1.298103004221613337e-34
1.298103003890191582e-34
1.298103003890191582e-34
1.298103003890191582e-34
1.298103003890182602e-34
1.236567552583182165e-34
1.236567087282127582e-34
1.236567087282089094e-34
1.236567087282089094e-34
1.236567087282089094e-34
1.236410467148575955e-34
1.236410467148575955e-34
1.236410467148575955e-34
8.727096241786920086e-35
8.666270361754881691e-35
8.666270361754881691e-35
8.666270361754881691e-35
8.666270361754881691e-35
8.666267980965598217e-35
8.666267980965598217e-35
8.653947227243457568e-35
8.653947227243457568e-35
8.653947227241199617e-35
7.719478152509929392e-35
7.719478152509929392e-35
6.873150565793696607e-35
6.873150565793696607e-35
6.873150565793696607e-35
6.873150565793696607e-35
6.873150565793696607e-35
6.873150565751555660e-35
6.873150435888082862e-35
6.873150435888082862e-35
4.957203401028740639e-35
4.957158825989802494e-35
4.957158825989800356e-35
4.957158825989800356e-35
4.957158825989800356e-35
4.957144745505007147e-35
4.950396929912719128e-35
4.950396929912719128e-35
4.950396929881395394e-35
4.920201132159343093e-35
4.920201132159343093e-35
4.920201132159343093e-35
4.920201132159343093e-35
4.920201132159343093e-35
4.920201132159343093e-35
3.963107291741334007e-35
3.825078947550417131e-35
3.825078947550417131e-35
3.825078947550417131e-35
3.028461126119451706e-35
3.028461126119451706e-35
3.028389953578061355e-35
3.028389953203298047e-35
3.028389951586135879e-35
3.028389951586135879e-35
3.028389951585874483e-35
3.028387843424945669e-35
3.028387843424945669e-35
2.965907770342820458e-35
2.965907770342820458e-35
2.965907770342820458e-35
2.965907770342820458e-35
2.965907770342820458e-35
2.965311642099779687e-35
2.965311642099779687e-35
2.229124528165600776e-35
2.229124528165600776e-35
2.207947050678259576e-35
2.207947050678259576e-35
2.207947050678259576e-35
2.207947050678259576e-35
2.207947045883858248e-35
2.207947045883858248e-35
2.207564166732394015e-35
2.207564166732394015e-35
2.207564166732394015e-35
1.943854862388642432e-35
1.943854862388642432e-35
1.840311136000756251e-35
1.840311136000756251e-35
1.840311136000756251e-35
1.840311136000756251e-35
1.840311135973670186e-35
1.840311065643808633e-35
1.840311065643808633e-35
1.840311065643806495e-35
1.840311065643806495e-35
1.840270417612099974e-35
1.371355316820509717e-35
1.371355316820509717e-35
1.371355316820509717e-35
1.368594223270177470e-35
1.368594189973336298e-35
1.368594189973336298e-35
1.368594189973336031e-35
1.367484786214111858e-35
1.367484786214111858e-35
1.367484786214111858e-35
1.367484786214111858e-35
1.296560826010794152e-35
1.162335563908544525e-35
1.162335563908544525e-35
1.162335563908544525e-35
1.162335563908544525e-35
1.162335563908544525e-35
9.194866195244775177e-36
9.194866183983109135e-36
9.194866183983109135e-36
9.194864148488913561e-36
9.194864148488838724e-36
9.194864148486680466e-36
9.194851289256326733e-36
9.194851289256326733e-36
9.166816039578947304e-36
9.166816039578947304e-36
9.166816039578947304e-36
9.166816039578947304e-36
9.163769763638090320e-36
9.163769763638090320e-36
7.731859881278391778e-36
7.731859881278391778e-36
7.731859881278391778e-36
7.620480927863202184e-36
7.620480927863202184e-36
7.620480927863202184e-36
7.620480927861982067e-36
7.620480927861982067e-36
7.620466775655769999e-36
7.620466775655769999e-36
6.599294461674859288e-36
6.599294461674859288e-36
6.599294461674859288e-36
6.599294461674859288e-36
6.539565643523760986e-36
6.539565643265390167e-36
6.539565643265390167e-36
6.539565055641402629e-36
6.539565055641402629e-36
6.539565055641377237e-36
6.539290449040808204e-36
5.357970520043899930e-36
5.357970520043899930e-36
5.357970520043899930e-36
5.357970520043899930e-36
5.339480334520688553e-36
5.339480334520688553e-36
5.339480334520688553e-36
5.339480334509857842e-36
5.339480334509857842e-36
5.339427903693472917e-36
5.339427903693472917e-36
4.987444603574374272e-36
4.987444603574374272e-36
4.883713987984445464e-36
4.883713987984445464e-36
4.883713987984445464e-36
4.883713987984445464e-36
4.065138316198170422e-36
4.065138301633289267e-36
4.065138301633289267e-36
4.065138301630101327e-36
4.065124854208982257e-36
4.065124854123953593e-36
4.065124854123953593e-36
4.065124854123953593e-36
4.064954335732674909e-36
4.064954335732674909e-36
4.062323508880053943e-36
4.062323508880053943e-36
4.062323508880053943e-36
4.062323508880053943e-36
4.062323508880053943e-36
3.908878410672721221e-36
3.815716851681788377e-36
3.815716851681788377e-36
3.815716851681788377e-36
3.815716851681788377e-36
3.815716851681788377e-36
3.815716851681788377e-36
3.815716850923473578e-36
3.815716850923473578e-36
3.345373786559389081e-36
3.345373786559389081e-36
3.344893318086692966e-36
3.344893318086692966e-36
3.344893317639438533e-36
3.344892495148682975e-36
3.344892495148634197e-36
3.344892495148634197e-36
3.344576892701217250e-36
3.173464964180767094e-36
3.173464964180767094e-36
3.173464964180767094e-36
3.173464964180767094e-36
3.173464964180767094e-36
3.152102679879110059e-36
3.152102679879110059e-36
3.152102675974026420e-36
3.152102675974026420e-36
3.152102675974026420e-36
2.930552019242230983e-36
2.929417766446110163e-36
2.929417766446110163e-36
2.929417766446110163e-36
2.929417766446110163e-36
2.929417766446110163e-36
2.929417725980719728e-36
2.769469305624938477e-36
2.769469305615147472e-36
2.769469305615147472e-36
2.769441885824352522e-36
2.769441885824352522e-36
2.769441885824351854e-36
2.769441885824351854e-36
2.769441885824351854e-36
2.769441868909707599e-36
2.765410193400794511e-36
2.765410193400794511e-36
2.765410193400794511e-36
2.765410193400794511e-36
2.763119399451714832e-36
2.679214075553340444e-36
2.679214075553340444e-36
2.679214075553340444e-36
2.679214075553340444e-36
2.679214075553340444e-36
2.679214075553340444e-36
2.679214075553340444e-36
2.558447516318927451e-36
2.558447516318927451e-36
2.558447516318927451e-36
2.558447456253069258e-36
2.558447454853135908e-36
2.558445340854178546e-36
2.558445340853991787e-36
2.557835330218471912e-36
2.557835330218471912e-36
2.557835330218471912e-36
2.554567226920374602e-36
2.554567226920374602e-36
2.554567226920374602e-36
2.529526655962766015e-36
2.529526655962766015e-36
2.529526655962766015e-36
2.529526655962766015e-36
2.529526655962766015e-36
2.529526655962766015e-36
2.458216489726081746e-36
2.458216319095828143e-36
2.458216319095828143e-36
2.458216319095828143e-36
2.458216319095828143e-36
2.458216193912403035e-36
2.458216193871131873e-36
2.454525651391600658e-36
2.454454485883971577e-36
2.454454485883971577e-36
2.454454485883968904e-36
2.454454485883968904e-36
2.454454485883968904e-36
2.454454485883968904e-36
2.448713312179608385e-36
2.448713312179608385e-36
2.448713312179608385e-36
2.448713312179608385e-36
2.448712927995558684e-36
2.448712927995558684e-36
2.416642734160430962e-36
2.416642734160430962e-36
2.416642734160430962e-36
2.416642734160430962e-36
2.413454759638380738e-36
2.413454759638380738e-36
2.413454759638380738e-36
2.413454754165473031e-36
2.413454754165473031e-36
2.413448538308726813e-36
2.413448538307836114e-36
2.413448538307836114e-36
2.412463707745066405e-36
2.412463707745066405e-36
2.412463707745066405e-36
2.412463707745066405e-36
2.412463085639596010e-36
2.401727128215221251e-36
2.401727128215221251e-36
2.401727128215221251e-36
2.401727128215221251e-36
2.401727128215221251e-36
2.399676585113162358e-36
2.399676585113162358e-36
2.399676585113162358e-36
2.399676585113162358e-36
2.399676585113162358e-36
2.399676190943055980e-36
2.399676190770275105e-36
2.399676190770275105e-36
2.399676190770275105e-36
2.399675438031298309e-36
2.399552012878977560e-36
2.399552012878963862e-36
2.399552012878963862e-36
2.396925006146953599e-36
2.396925006146953599e-36
2.396925006146953599e-36
2.396925006146953599e-36
2.396925006146953599e-36
2.396925006146953265e-36
2.395959431996880058e-36
2.395959431996880058e-36
2.395959431996880058e-36
2.395959431996880058e-36
2.395958761404328015e-36
2.395958761404328015e-36
2.395958743581764965e-36
2.395947627430366131e-36
2.395947627426510668e-36
2.395947627426510668e-36
2.395947627426510668e-36
2.395947627426510668e-36
2.395947627426510668e-36
2.395483430791518218e-36
2.395483430791517884e-36
2.395483430791516882e-36
2.395153605886217244e-36
2.395153605886217244e-36
2.395153605886217244e-36
2.395153605886217244e-36
2.395153605886217244e-36
2.395153605886217244e-36
2.395153169675947844e-36
2.395153169675947844e-36
2.395153169675947844e-36
2.395153169675947844e-36
2.395153169675947844e-36
2.395153169675947844e-36
2.395153169675947844e-36
2.395153169107187189e-36
2.395152456551541294e-36
2.395093660864335919e-36
2.395093660864275781e-36
2.395093660864274779e-36
2.395093660864274779e-36
2.395012376446611484e-36
2.395012376446611484e-36
2.395012376446611484e-36
2.395012376446611484e-36
2.395012376446611484e-36
2.395012376446611484e-36
2.395012170334311857e-36
2.395012170334311857e-36
2.395012170334311857e-36
2.395012170334311857e-36
2.395012170334310855e-36
2.395012170334310855e-36
2.395012138019551150e-36
2.395012138006821106e-36
2.395006826948370792e-36
2.395006826948370792e-36
2.395006826948370792e-36
2.395006826948370792e-36
2.395006826948370792e-36
2.395006826948370458e-36
2.394992434228867552e-36
2.394992434228867552e-36
2.394992434228867552e-36
2.394992363759255352e-36
2.394992363759255352e-36
2.394992363759255352e-36
2.394992363759255352e-36
2.394992363759255352e-36
2.394992363759254015e-36
2.394992363759254015e-36
2.394992363759254015e-36
2.394992363759254015e-36
2.394992363759254015e-36
2.394992363759254015e-36
2.394992362727335977e-36
2.394992022060901510e-36
2.394992022060702723e-36
2.394990198173052499e-36
2.394990198173052499e-36
2.394990198173052499e-36
2.394990198173052499e-36
2.394990180802196709e-36
2.394990180802196709e-36
2.394990180802196709e-36
2.394990180802196709e-36
2.394990180802196709e-36
2.394990180802196709e-36
2.394990180802196709e-36
2.394990180802196709e-36
2.394990180802196709e-36
2.394990180802196709e-36
2.394990165351011741e-36
2.394990165351011741e-36
2.394990165327913375e-36
2.394990000559291370e-36
2.394990000559291370e-36
2.394990000559289366e-36
2.394989997483361820e-36
2.394989997483361820e-36
2.394989997483361820e-36
2.394989997483361820e-36
2.394989997483361820e-36
2.394989997483361820e-36
2.394989997483361820e-36
2.394989997483361820e-36
2.394989997483361820e-36
2.394989997483361820e-36
2.394989997483361820e-36
2.394989997483361820e-36
2.394989997483361820e-36
2.394989996989945734e-36
2.394989986421064314e-36
2.394989986421064314e-36
2.394989986420703825e-36
2.394989986030910826e-36
2.394989986030910826e-36
2.394989986030910826e-36
2.394989986030910826e-36
2.394989986030910826e-36
2.394989986030910826e-36
2.394989986030910826e-36
2.394989986030910826e-36
2.394989986030910826e-36
2.394989986030910826e-36
2.394989986030910826e-36
2.394989986030910826e-36
2.394989986030910826e-36
2.394989986030910826e-36
2.394989985551549807e-36
2.394989985551549807e-36
2.394989985540505275e-36
2.394989985505291934e-36
2.394989985505287591e-36
2.394989985505287591e-36
2.394989985505287591e-36
2.394989985505287591e-36
2.394989985505287591e-36
2.394989985505287591e-36
2.394989985505287591e-36
2.394989985505287591e-36
2.394989985505287591e-36
2.394989985505287591e-36
2.394989985505287591e-36
2.394989985505287591e-36
2.394989985505287591e-36
2.394989985505287591e-36
2.394989985489979999e-36
2.394989985487721179e-36
2.394989985487548452e-36
2.394989985487548452e-36
2.394989985487548452e-36
2.394989985487548452e-36
2.394989985487548452e-36
2.394989985487548452e-36
2.394989985487548452e-36
2.394989985487548452e-36
2.394989985487548452e-36
2.394989985487548452e-36
2.394989985487548452e-36
2.394989985487548452e-36
2.394989985487548452e-36
2.394989985487446552e-36
2.394989985487103436e-36
2.394989985487103436e-36
2.394989985487103436e-36
2.394989985487101766e-36
2.394989985487101766e-36
2.394989985487101766e-36
2.394989985487101766e-36
2.394989985487101766e-36
2.394989985487101766e-36
2.394989985487101766e-36
2.394989985487101766e-36
2.394989985487101766e-36
2.394989985487101766e-36
2.394989985487101766e-36
2.394989985487101766e-36
2.394989985487098759e-36
2.394989985487098759e-36
2.394989985487093413e-36
2.394989985487093413e-36
2.394989985487093413e-36
2.394989985487093413e-36
2.394989985487093413e-36
2.394989985487093413e-36
2.394989985487093413e-36
2.394989985487093413e-36
2.394989985487093413e-36
2.394989985487093413e-36
2.394989985487093413e-36
2.394989985487093413e-36
2.394989985487093413e-36
2.394989985487093413e-36
2.394989985487093413e-36
2.394989985487093413e-36
2.394989985487093413e-36
2.394989985487093413e-36
2.394989985487093413e-36
2.394989985487093413e-36
2.394989985487093413e-36
2.394989985487093413e-36
2.394989985487093413e-36
2.394989985487093413e-36
2.394989985487093413e-36
2.394989985487093413e-36
2.394989985487093413e-36
2.394989985487093413e-36
2.394989985487093413e-36
2.394989985487093413e-36
2.394989985487093413e-36
2.394989985487093413e-36
2.394989985487093413e-36
2.394989985487093413e-36
2.394989985487093413e-36
2.394989985487093413e-36
2.394989985487093413e-36
2.394989985487093413e-36
2.394989985487093413e-36
2.394989985487093413e-36
2.394989985487093413e-36
2.394989985487093413e-36
2.394989985487093413e-36
2.394989985487093413e-36
2.394989985487093413e-36
2.394989985487093413e-36
2.394989985487093413e-36
2.394989985487093413e-36
2.394989985487093413e-36
2.394989985487093413e-36
2.394989985487093413e-36
2.394989985487093413e-36
2.394989985487093413e-36
2.394989985487093413e-36
2.394989985487093413e-36
2.394989985487093413e-36
2.394989985487093413e-36
2.394989985487093413e-36
2.394989985487093413e-36
2.394989985487093413e-36
2.394989985487093413e-36
2.394989985487093413e-36
2.394989985487093413e-36
2.394989985487093413e-36
2.394989985487093413e-36
2.394989985487093413e-36
2.394989985487093413e-36
2.394989985487093413e-36
2.394989985487093413e-36
2.394989985487093413e-36
2.394989985487093413e-36
2.394989985487093413e-36
2.394989985487093413e-36
2.394989985487093413e-36
2.394989985487093413e-36
2.394989985487093413e-36
2.394989985487093413e-36
2.394989985487093413e-36
2.394989985487093413e-36
2.394989985487093413e-36
2.394989985487093413e-36
2.394989985487093413e-36
2.394989985487093413e-36
2.394989985487093413e-36
2.394989985487093413e-36
2.394989985487093413e-36
2.394989985487093413e-36
2.394989985487093413e-36
2.394989985487093413e-36
2.394989985487093413e-36
2.394989985487093413e-36
2.394989985487093413e-36
2.394989985487093413e-36
2.394989985487093413e-36
2.394989985487093413e-36
2.394989985487093413e-36
2.394989985487093413e-36
2.394989985487093413e-36
2.394989985487093413e-36
2.394989985487093413e-36
2.394989985487093413e-36
2.394989985487093413e-36
2.394989985487093413e-36
2.394989985487093413e-36
2.394989985487093413e-36
2.394989985487093413e-36
2.394989985487093413e-36
2.394989985487093413e-36
2.394989985487093413e-36
2.394989985487093413e-36
2.394989985487093413e-36
2.394989985487093413e-36
2.394989985487093413e-36
2.394989985487093413e-36
2.394989985487093413e-36
2.394989985487093413e-36
2.394989985487093413e-36
2.394989985487093413e-36
2.394989985487093413e-36
2.394989985487093413e-36
2.394989985487093413e-36
2.394989985487093413e-36
2.394989985487093413e-36
2.394989985487093413e-36
2.394989985487093413e-36
2.394989985487093413e-36
2.394989985487093413e-36
2.394989985487093413e-36
2.394989985487093413e-36
2.394989985487093413e-36
2.394989985487093413e-36
2.394989985487093413e-36
2.394989985487093413e-36
2.394989985487093413e-36
2.394989985487093413e-36
2.394989985487093413e-36
2.394989985487093413e-36
2.394989985487093413e-36
2.394989985487093413e-36
2.394989985487093413e-36
2.394989985487093413e-36
2.394989985487093413e-36
2.394989985487093413e-36
2.394989985487093413e-36
2.394989985487093413e-36
2.394989985487093413e-36
2.394989985487093413e-36
2.394989985487093413e-36
2.394989985487093413e-36
2.394989985487093413e-36
2.394989985487093413e-36
2.394989985487093413e-36
2.394989985487093413e-36
2.394989985487093413e-36
2.394989985487093413e-36
2.394989985487093413e-36
2.394989985487093413e-36
2.394989985487093413e-36
2.394989985487093413e-36
2.394989985487093413e-36
2.394989985487093413e-36
2.394989985487093413e-36
2.394989985487093413e-36
2.394989985487093413e-36
2.394989985487093413e-36
2.394989985487093413e-36
2.394989985487093413e-36
2.394989985487093413e-36
2.394989985487093413e-36
2.394989985487093413e-36
2.394989985487093413e-36
2.394989985487093413e-36
2.394989985487093413e-36
2.394989985487093413e-36
2.394989985487093413e-36
2.394989985487093413e-36
2.394989985487093413e-36
2.394989985487093413e-36
2.394989985487093413e-36
2.394989985487093413e-36
2.394989985487093413e-36
2.394989985487093413e-36
2.394989985487093413e-36
2.394989985487093413e-36
2.394989985487093413e-36
2.394989985487093413e-36
2.394989985487093413e-36
2.394989985487093413e-36
2.394989985487093413e-36
2.394989985487093413e-36
2.394989985487093413e-36
2.394989985487093413e-36
2.394989985487093413e-36
2.394989985487093413e-36
2.394989985487093413e-36
2.394989985487093413e-36
2.394989985487093413e-36
2.394989985487093413e-36
2.394989985487093413e-36
2.394989985487093413e-36
2.394989985487093413e-36
2.394989985487093413e-36
2.394989985487093413e-36
2.394989985487093413e-36
2.394989985487093413e-36
2.394989985487093413e-36
2.394989985487093413e-36
2.394989985487093413e-36
2.394989985487093413e-36
2.394989985487093413e-36
2.394989985487093413e-36
2.394989985487093413e-36
2.394989985487093413e-36
2.394989985487093413e-36
2.394989985487093413e-36
2.394989985487093413e-36
2.394989985487093413e-36
2.394989985487093413e-36
2.394989985487093413e-36
2.394989985487093413e-36
2.394989985487093413e-36
2.394989985487093413e-36
2.394989985487093413e-36
2.394989985487093413e-36
2.394989985487093413e-36
2.394989985487093413e-36
2.394989985487093413e-36
2.394989985487093413e-36
