1.675685442864401179e-10
1.588088276390867919e-10
1.505644167333709750e-10
1.407458726061475359e-10
1.343864068283549703e-10
1.318073241768703836e-10
1.184164259961957009e-10
1.178054853083008669e-10
9.763053882749128691e-11
8.629001376243723235e-11
8.628531110280724848e-11
8.093211867033947169e-11
7.653373501731560171e-11
7.117405669790894301e-11
6.732818337134639242e-11
6.543195835664863388e-11
6.430795792549844596e-11
6.245182836869652299e-11
5.400235343880125484e-11
5.397092942036484638e-11
4.366427056920500692e-11
4.366422617268212546e-11
4.024963706160634450e-11
3.805729065366799073e-11
3.805715592266355833e-11
3.540613983495289636e-11
3.332152157834885815e-11
3.332151365299533807e-11
3.209255471552681391e-11
3.209255282894448045e-11
3.118508609512347436e-11
2.940993025154823191e-11
2.287335289168578888e-11
2.285839022191617337e-11
2.283261870078143340e-11
1.984498408484967420e-11
1.984494960966149898e-11
1.864202682453308165e-11
1.864202664537634953e-11
1.738355022272838019e-11
1.738352482608018215e-11
1.738352482453142216e-11
1.633724296783818712e-11
1.561814751083575605e-11
1.561814453748457652e-11
1.498047754078648005e-11
1.498047720037652914e-11
1.469701749578379467e-11
1.257699435203919105e-11
1.250128887873953057e-11
9.922492111594571725e-12
9.922076756647547941e-12
9.033473698270225181e-12
9.033267075996130503e-12
9.033267075920748823e-12
9.033264975646231892e-12
8.407961772570893927e-12
8.407961765102648530e-12
7.910691870744455806e-12
7.910684040648696406e-12
7.910684040577079044e-12
7.525158016212187751e-12
7.525158016211858171e-12
7.131006896397115637e-12
7.131006896396872491e-12
7.131006293524150618e-12
6.918800476052238600e-12
6.918800428039869572e-12
6.851736622721029479e-12
5.285512903341207687e-12
5.225175334429818072e-12
4.398312184910984578e-12
4.398092763088176582e-12
4.007109317670314112e-12
4.007108307132203783e-12
4.007064044013469348e-12
3.773245122586871326e-12
3.773245122585418913e-12
3.773245112124695785e-12
3.581219262208044765e-12
3.581219262100653053e-12
3.581217365525381237e-12
3.364259776777228158e-12
3.364259776775966384e-12
3.364259776775924379e-12
3.227511138200379335e-12
3.227511042358607331e-12
3.227511042358599657e-12
3.172700106267646515e-12
3.172700106267645707e-12
3.172700096719886426e-12
3.149301083514353146e-12
2.820798802969102175e-12
2.232191947982929283e-12
2.229349310722899383e-12
1.893532944156297741e-12
1.893526849594724827e-12
1.771163949683589841e-12
1.771163884028677914e-12
1.680012581032317913e-12
1.680010563852164187e-12
1.680010563851849147e-12
1.680010563085943312e-12
1.571890143761456696e-12
1.571890143757279191e-12
1.494532577093583999e-12
1.494532436503791701e-12
1.494532436503787460e-12
1.456124482291634680e-12
1.456124482291602368e-12
1.456124460277849775e-12
1.434882032383950723e-12
1.434882032383950521e-12
1.434882032383950521e-12
1.206832202142552354e-12
9.079556580879229399e-13
9.070814846066212312e-13
9.069560816962407814e-13
9.069560816652365536e-13
8.204528499088471927e-13
8.204487947356458938e-13
7.761194282939738564e-13
7.761194282939738564e-13
7.761193811954471509e-13
7.260148760023008070e-13
7.260148751582078244e-13
7.260145226672319676e-13
7.260145226672319676e-13
6.866714901471939356e-13
6.866714901471817177e-13
6.866714901354441743e-13
6.631052084461710373e-13
6.631051686251834001e-13
6.631051686250883834e-13
6.466664527942335581e-13
6.466664527942330533e-13
6.466664527942322455e-13
6.466664493705011959e-13
6.410828571856219144e-13
4.645492076424024762e-13
4.593890264845323888e-13
3.799067564700999568e-13
3.798742518770084745e-13
3.798742518770084745e-13
3.536254451412269882e-13
3.536254451412269882e-13
3.536235832249445622e-13
3.536232263247631285e-13
3.536232263243998738e-13
3.307304883299316283e-13
3.307304856123340826e-13
3.122720397989960982e-13
3.122719481359431441e-13
3.122719480879705056e-13
3.122719480879705056e-13
2.993485752189243423e-13
2.993485752189243423e-13
2.993485752189218684e-13
2.993485752183872100e-13
2.883838713203451500e-13
2.883838642343265149e-13
2.836579774144210760e-13
2.836579774144186021e-13
2.836579774144185516e-13
2.836579774144185516e-13
2.836579769885506919e-13
2.825151529990590465e-13
2.825151529990590465e-13
2.427122815876103914e-13
1.820856451244012744e-13
1.819050760566656659e-13
1.602594226974125708e-13
1.484111140030366067e-13
1.484109706095667663e-13
1.484105798994334544e-13
1.401277442222366895e-13
1.401277442222366895e-13
1.401277409356641913e-13
1.401277409356529832e-13
1.401277409356529832e-13
1.336772982737995203e-13
1.336772982111284973e-13
1.336772795307271219e-13
1.273008236544127106e-13
1.273008236531134251e-13
1.273008236531131222e-13
1.273008236531131222e-13
1.273008236531131222e-13
1.239243478633331079e-13
1.239243478633199813e-13
1.239243468636751897e-13
1.228584562123242919e-13
1.228584562123242162e-13
1.228584562123242162e-13
1.228584562123242162e-13
9.467621871022980565e-14
9.467621869270734954e-14
9.459378692324948580e-14
7.424653288028839985e-14
7.410228657771146678e-14
6.576375963094170626e-14
6.576313660480902127e-14
6.191074333411029514e-14
6.191072992365996684e-14
6.191072992365996684e-14
5.891351273966681690e-14
5.891348846170035954e-14
5.891348816723602691e-14
5.891348816723602691e-14
5.891348816723423462e-14
5.563325564038402330e-14
5.563325563733792842e-14
5.357436264624009430e-14
5.357436087253760593e-14
5.357436087253760593e-14
5.357436087249033739e-14
5.274191889978879623e-14
5.274191889978877099e-14
5.274191889978877099e-14
5.274191871548587873e-14
5.274191871548553794e-14
5.240843164589886757e-14
5.240843164589886757e-14
3.741555700455957014e-14
3.651250605428387017e-14
2.914539667455537950e-14
2.914539667455537950e-14
2.914092926432551616e-14
2.694278327813961094e-14
2.694272542000763136e-14
2.694272541999723102e-14
2.694272541999723102e-14
2.694272541999723102e-14
2.694268634272228232e-14
2.558023343191347413e-14
2.405348143802751667e-14
2.405348114328572904e-14
2.405347722463029268e-14
2.296015868453110402e-14
2.296015867706235514e-14
2.296015867706235514e-14
2.296015867706235514e-14
2.296015867706226047e-14
2.240803685371264539e-14
2.240803685371264539e-14
2.240803685361908333e-14
2.240803646533795925e-14
2.211905267976458643e-14
2.211905267976458643e-14
2.211905267976458643e-14
2.211905267976333056e-14
2.211905267976333056e-14
2.211905265558481639e-14
2.204604117496266023e-14
1.358547565780255302e-14
1.339101232428637455e-14
1.163214617486552859e-14
1.163214617486552859e-14
1.163022527502269525e-14
1.094304033506854685e-14
1.094299839218393304e-14
1.094299839218393304e-14
1.094298277243974135e-14
1.094298277243974135e-14
1.027103942814791617e-14
1.027103942814755802e-14
1.027103877929194130e-14
1.027103877929194130e-14
9.751436237731281430e-15
9.751436237731281430e-15
9.751436217638101184e-15
9.751435365645053726e-15
9.433797577430238289e-15
9.433797577059416865e-15
9.433797577059401088e-15
9.433797577059401088e-15
9.222234990469325560e-15
9.222234990469325560e-15
9.222234990469325560e-15
9.222234990469325560e-15
9.222234931910202102e-15
9.222234931907185498e-15
9.152106151183603976e-15
9.152106151183603976e-15
9.152106151183603976e-15
9.152106151183574000e-15
9.152106148581289112e-15
9.139280725496293245e-15
6.695021349334254474e-15
5.103904498498400057e-15
5.096043550322033556e-15
5.096043550322033556e-15
4.633361828804085765e-15
4.633208751354007595e-15
4.323925277423540147e-15
4.323922688470381912e-15
4.094805383660509464e-15
4.094804453706293540e-15
4.094804453706293540e-15
4.094804453706293540e-15
4.094804453706227276e-15
4.094804412943790852e-15
3.932624769505435017e-15
3.932624769505435017e-15
3.932624769505435017e-15
3.800248538111907611e-15
3.800248537350118835e-15
3.800248430457688085e-15
3.800248430457688085e-15
3.800248430457686507e-15
3.743993193031245104e-15
3.743993193031245104e-15
3.743993193019633860e-15
3.743993185838868909e-15
3.743993185838868909e-15
3.730309278292496170e-15
3.730309278292422806e-15
3.730309278292422806e-15
3.730309278292422806e-15
3.730309278292422806e-15
2.431023477650098116e-15
1.978894648061561726e-15
1.973578588579792681e-15
1.973549003289811161e-15
1.973549003289811161e-15
1.973549003286120081e-15
1.795334960562181153e-15
1.795289165838991618e-15
1.695441605488044479e-15
1.695439783065963360e-15
1.695439783065963360e-15
1.620085895471327246e-15
1.620085895471327246e-15
1.620085823498497955e-15
1.620085599836456578e-15
1.620085599836456578e-15
1.548329405497622694e-15
1.548329405497622694e-15
1.548329405497617763e-15
1.548329404168156594e-15
1.548329404168156594e-15
1.548329404168156594e-15
1.510497436958015145e-15
1.510497421633223956e-15
1.510497421602385805e-15
1.498394677226890659e-15
1.498394677226890659e-15
1.498394677226890659e-15
1.498394677226890659e-15
1.498394677226890659e-15
1.498394677226566240e-15
1.498394676156500285e-15
1.494928664131902612e-15
1.494928664131902612e-15
9.085597359632389676e-16
8.806580088284102691e-16
7.405969706327745174e-16
7.403703613437327214e-16
7.403703613437327214e-16
6.914005342913327772e-16
6.914005342913327772e-16
6.913999910156723736e-16
6.913961357729124640e-16
6.913961357728597089e-16
6.582152285669887525e-16
6.582152285669887525e-16
6.582152285669887525e-16
6.582150612121273563e-16
6.238511387002326019e-16
6.238511387002326019e-16
6.238511057660557929e-16
6.238511017008701660e-16
6.238511017008701660e-16
6.238511017008701660e-16
6.022661416294151038e-16
6.022661416294151038e-16
6.022661416294147093e-16
6.022661415725889168e-16
5.933636550508627678e-16
5.933636550508627678e-16
5.933636524022375280e-16
5.933636524022375280e-16
5.933636524022375280e-16
5.899632681357889835e-16
5.899632681348673967e-16
5.899632681348673967e-16
5.899632681348673967e-16
5.899632680168052904e-16
5.893291020159935212e-16
5.893291020159867173e-16
4.332870371766642333e-16
3.113797743302434188e-16
2.787758652241363086e-16
2.786902955451279265e-16
2.786902955451279265e-16
2.786902955451279265e-16
2.635045289464287471e-16
2.635011736370583679e-16
2.635011736370583679e-16
2.635010653880107003e-16
2.484303420779119493e-16
2.484302404734664090e-16
2.484302404734664090e-16
2.484302404734641410e-16
2.484302404734641410e-16
2.484302404734641410e-16
2.377390770619817896e-16
2.377390718203789387e-16
2.377390658477139858e-16
2.322166398933430653e-16
2.322166397442516083e-16
2.322166397442516083e-16
2.322166397442516083e-16
2.322166397442515097e-16
2.322166397442515097e-16
2.294448885530937550e-16
2.294448885530937550e-16
2.294448885530937550e-16
2.294448885513110280e-16
2.294448882174269317e-16
2.294448882174269317e-16
2.287540889896029148e-16
2.287540889895808760e-16
2.287540889895808760e-16
2.287540889895808760e-16
2.287540889895808760e-16
2.287540889895808760e-16
1.419897732451615189e-16
1.419805356835242040e-16
1.419805356824579352e-16
1.129928406495825272e-16
1.127314837538213544e-16
1.041906307852083761e-16
1.041819531436934319e-16
9.764801604602822329e-17
9.764773947181033598e-17
9.764773947181033598e-17
9.764773947181033598e-17
9.288499643316321527e-17
9.288498800403502779e-17
9.288498027448705674e-17
9.288498027448705674e-17
9.288498027448676092e-17
8.993002016186960869e-17
8.993002016186960869e-17
8.993002016186960869e-17
8.993001986262257056e-17
8.803501806423946188e-17
8.803501806423946188e-17
8.803501806423946188e-17
8.803501733440424805e-17
8.803501732874147167e-17
8.741124619570432783e-17
8.741124619570432783e-17
8.741124619570432783e-17
8.741124619570432783e-17
8.741124616030905113e-17
8.741124616030905113e-17
8.741124616026186739e-17
8.729546725664114258e-17
8.729546725664114258e-17
8.729546725664114258e-17
4.903528651565760803e-17
4.757681602647170916e-17
4.112934872273027036e-17
4.112934872273027036e-17
4.110952660582182171e-17
4.110952660582182171e-17
3.786717217438327408e-17
3.786715352416795736e-17
3.786715352416626254e-17
3.786715352416626254e-17
3.786715352416626254e-17
3.786657757112083905e-17
3.584710804819859401e-17
3.584710804819859401e-17
3.584708832360768283e-17
3.444408379416379516e-17
3.444408379416379516e-17
3.444408226980061647e-17
3.444408226980061647e-17
3.444408226980061647e-17
3.334303149232148497e-17
3.334303114842421703e-17
3.334303114842421703e-17
3.334303114842421703e-17
3.334303114842419238e-17
3.287555394032164512e-17
3.287555394032164512e-17
3.287555392919164975e-17
3.287555383953697308e-17
3.287555383953697308e-17
3.275952667399971453e-17
3.275952667399971453e-17
3.275952667383771455e-17
3.275952667383771455e-17
3.275952667383771455e-17
3.275952667383771455e-17
3.275952666959733450e-17
3.275952666959733450e-17
3.273575367525356511e-17
1.736236504333821190e-17
1.673733075550484504e-17
1.673733075550484504e-17
1.673733075550482655e-17
1.455452577172387810e-17
1.454590642899076541e-17
1.364133372312812971e-17
1.364107342821738353e-17
1.364107342821738353e-17
1.364106972240344179e-17
1.364106972240344179e-17
1.302628922297374328e-17
1.302628922297374328e-17
1.302628922297365083e-17
1.302627091247461615e-17
1.302627091247461615e-17
1.247261524779233583e-17
1.247261524779233583e-17
1.247261524779233583e-17
1.247261448960578309e-17
1.247261428772389448e-17
1.218027314741342268e-17
1.218027314741342268e-17
1.218027314741342268e-17
1.218027313105820372e-17
1.218027313105820372e-17
1.218027313105820372e-17
1.218027313105820372e-17
1.208441884340686573e-17
1.208441884340686573e-17
1.208441883110808972e-17
1.208441883110808972e-17
1.208441883074183948e-17
1.208441883074183948e-17
1.205798635472231233e-17
1.205798635472231233e-17
1.205798635471861762e-17
1.205798635471861762e-17
1.205798635471861762e-17
1.205798635432400228e-17
1.205432947640027471e-17
7.569487878071633313e-18
5.648893593468409436e-18
5.648893593468409436e-18
5.624631479245610514e-18
5.624631479245610514e-18
5.126260030019921196e-18
5.125574884579594455e-18
4.858186636403810863e-18
4.858186636403810863e-18
4.858161364445505877e-18
4.609669859732896882e-18
4.609669580609315260e-18
4.609669580609315260e-18
4.609669580609315260e-18
4.609668373619159122e-18
4.609668373619149107e-18
4.609668373619149107e-18
4.454771209063540272e-18
4.454771209063540272e-18
4.454771209063540272e-18
4.454771170900171459e-18
4.389225002610081737e-18
4.389225002610081737e-18
4.389224975282510940e-18
4.389224975282510940e-18
4.389224975282510940e-18
4.389224975282510940e-18
4.365028205864366300e-18
4.365028205864365530e-18
4.365028205288447765e-18
4.365028205288447765e-18
4.365028203992192913e-18
4.365028203992192913e-18
4.360523622003529809e-18
4.360523621994346975e-18
4.360523621994346975e-18
4.360523621994346975e-18
4.360523621994346975e-18
2.348208053191429729e-18
2.348208053191429729e-18
1.928944214909561579e-18
1.922088686168093486e-18
1.922085901628256509e-18
1.789060484399558386e-18
1.788707804556426933e-18
1.788707804556375703e-18
1.788707804556375703e-18
1.788707804556375703e-18
1.788707804556375703e-18
1.682842098317871553e-18
1.682842098317871361e-18
1.682822344825489582e-18
1.611135036801674422e-18
1.611134101846640982e-18
1.611134101846640982e-18
1.611134049714546771e-18
1.611134049714546771e-18
1.573448707038456883e-18
1.573448707038456883e-18
1.573448707038456113e-18
1.573448654936593224e-18
1.573448654936593224e-18
1.573448654936593224e-18
1.555143881694630197e-18
1.555143881694630197e-18
1.555143878349741129e-18
1.555143876940593463e-18
1.555143876940593463e-18
1.550570450801123105e-18
1.550570450801123105e-18
1.550570450801123105e-18
1.550570450801123105e-18
1.550570450801123105e-18
1.550570450801123105e-18
1.550570450801123105e-18
1.550570450784943946e-18
1.550570450665548230e-18
1.549917675388931163e-18
1.549917675388931163e-18
1.549917675388931163e-18
7.695929569126907235e-19
7.413951750981379225e-19
6.554579920449682148e-19
6.548480582477685574e-19
6.548480582477677870e-19
6.067378904555303284e-19
6.067378904555303284e-19
6.067081266683624258e-19
6.067080041108884720e-19
5.761786380267898476e-19
5.761786380267869587e-19
5.761786380267869587e-19
5.761786380267869587e-19
5.761769534971005208e-19
5.761769534971005208e-19
5.574556427479604096e-19
5.574556427479604096e-19
5.574556427479604096e-19
5.574555810047245672e-19
5.574555735598776039e-19
5.458888924773404276e-19
5.458888924773404276e-19
5.458888924773403313e-19
5.458888924773403313e-19
5.458888901508900475e-19
5.458888901508900475e-19
5.420607707445536858e-19
5.420607707445536858e-19
5.420607703912701487e-19
5.420607703912701487e-19
5.420607703912701487e-19
5.420607703474384869e-19
5.413246191200727833e-19
5.413246191200727833e-19
5.413246191200727833e-19
5.413246191200727833e-19
5.413246191200727833e-19
5.413246191200727833e-19
5.413246191086533669e-19
5.412167093630074667e-19
5.412167093626557919e-19
3.184501176738747877e-19
2.452971602926466481e-19
2.434552349839929287e-19
2.166211342472667146e-19
2.166211342472667146e-19
2.165798671128860181e-19
2.165798671128860181e-19
2.035161535075935537e-19
2.035161535075935537e-19
2.035137993036009782e-19
1.951503633690359570e-19
1.951503529572214031e-19
1.951503529572214031e-19
1.951503529572214031e-19
1.951503529572213549e-19
1.951503529572209938e-19
1.889388791075946687e-19
1.889387928867212389e-19
1.889387928867212389e-19
1.889387928867212389e-19
1.889387928867212389e-19
1.862897608842799987e-19
1.862897600841707719e-19
1.862897573863628207e-19
1.862897573863628207e-19
1.862897573863628207e-19
1.862897573863628207e-19
1.862897573863628207e-19
1.856067998176322887e-19
1.856067998176322887e-19
1.856067998176322887e-19
1.856067997395233109e-19
1.856067997011615549e-19
1.856067997011615549e-19
1.854717994995607842e-19
1.854717994985092987e-19
1.854717994985092987e-19
1.854717994985092987e-19
1.854717994985092987e-19
1.854717994985092987e-19
1.015203927070028045e-19
1.015203927070028045e-19
7.802856638057552475e-20
7.750796452659695929e-20
7.750787206981448577e-20
7.750787206980808205e-20
7.750787206980808205e-20
7.105774636311340628e-20
7.103438618677131214e-20
7.103438618677131214e-20
6.745083603157856163e-20
6.744945725570983508e-20
6.744945725570982304e-20
6.744945725570982304e-20
6.453388490865138106e-20
6.453388490865138106e-20
6.453378217187407495e-20
6.453378064630466591e-20
6.300427924166366746e-20
6.300427924166366746e-20
6.300427924166366746e-20
6.300427924166364339e-20
6.300427444117415307e-20
6.300427444117415307e-20
6.300427444117415307e-20
6.300427444117415307e-20
6.248390600805646015e-20
6.248390590707707631e-20
6.248390590707707631e-20
6.248390580306151206e-20
6.234513270819557463e-20
6.234513270819557463e-20
6.234513270819557463e-20
6.234513270819557463e-20
6.234513270819557463e-20
6.234513270819557463e-20
6.234513270819557463e-20
6.234513270611201936e-20
6.234513270272015580e-20
6.234513270272015580e-20
6.232576412088491896e-20
6.232576412088491896e-20
2.987788354795510228e-20
2.873985770059553215e-20
2.873985770059553215e-20
2.470879930029336407e-20
2.467085512496031218e-20
2.303199460974304099e-20
2.303199460974304099e-20
2.303199460974300187e-20
2.303199106032532864e-20
2.302968791166090390e-20
2.302968791166090390e-20
2.302968791166072635e-20
2.177040818700200567e-20
2.177040818700200567e-20
2.177040818700200567e-20
2.177030443252198468e-20
2.177030443252198468e-20
2.101631848009656615e-20
2.101631848009656615e-20
2.101631826204657554e-20
2.101631222605957749e-20
2.101631222605957749e-20
2.068844436328054288e-20
2.068844436328054288e-20
2.068844436328053987e-20
2.068844436328053987e-20
2.068844436328053987e-20
2.068844416025887853e-20
2.057147257760070622e-20
2.057147257760070622e-20
2.057147257760070622e-20
2.057147256739692174e-20
2.057147256739692174e-20
2.057147256739692174e-20
2.054943963343209804e-20
2.054943963038363983e-20
2.054943963038363983e-20
2.054943963038363983e-20
2.054943963038363983e-20
2.054943963038363983e-20
2.054943963038363983e-20
2.054943963011536682e-20
2.054698839785365088e-20
2.054698839781061237e-20
9.210853453375109604e-21
8.775502002176914116e-21
7.826399626119418818e-21
7.812204191962569166e-21
7.812204191962569166e-21
7.261007453876460070e-21
7.259932578377773095e-21
7.259932578377773095e-21
7.259932578377773095e-21
7.259932052457918700e-21
6.927869666393546830e-21
6.927775404720294896e-21
6.927775404720294896e-21
6.927775404720294896e-21
6.927775404720285869e-21
6.927775404720285869e-21
6.927775404720285869e-21
6.753349552884357315e-21
6.753349552884357315e-21
6.753349552884357315e-21
6.753344426208457011e-21
6.753344426208457011e-21
6.753344426208457011e-21
6.672051821315899701e-21
6.672051797817400497e-21
6.672051539015021905e-21
6.672051539015021905e-21
6.672051539015021905e-21
6.672051539015021905e-21
6.672051539015021905e-21
6.651483109535578454e-21
6.651483109535578454e-21
6.651483109535578454e-21
6.651483103059224489e-21
6.651483102144825301e-21
6.651483102144825301e-21
6.648396084668250900e-21
6.648396084598583393e-21
6.648396084598583393e-21
6.648396084598583393e-21
6.648396084598583393e-21
6.648396084598583393e-21
6.648396084598583393e-21
3.460250080893505999e-21
2.707652486406724819e-21
2.707649056598538069e-21
2.707649056598538069e-21
2.707649056598310117e-21
2.676662330170223921e-21
2.400667052473215722e-21
2.400667052473215722e-21
2.400667052473215722e-21
2.399510162004694226e-21
2.258481968724105268e-21
2.258383720947721064e-21
2.258383720947719184e-21
2.177029930354355915e-21
2.177029930354355915e-21
2.177029930354355915e-21
2.177029885650745106e-21
2.177022811328893761e-21
2.177022811328893761e-21
2.129749704863554767e-21
2.129749704863554391e-21
2.129749704863554391e-21
2.129749438280835231e-21
2.129749438280835231e-21
2.129749438280835231e-21
2.113963399784974866e-21
2.113963399784974866e-21
2.113963399784974866e-21
2.113963397336786512e-21
2.113963397336786512e-21
2.113963387954589823e-21
2.110767495732016680e-21
2.110767495732016680e-21
2.110767495732016680e-21
2.110767495732016680e-21
2.110767495732016680e-21
2.110767495732016680e-21
2.110767495652146635e-21
2.110767495652146635e-21
2.110767495488447103e-21
2.110315444940034844e-21
2.110315444940034844e-21
2.110315444940034844e-21
2.110315444940034844e-21
1.034456702970757484e-21
9.654769268798084073e-22
7.951615068235793791e-22
7.931628724609222300e-22
7.931628724609222300e-22
7.931628724609222300e-22
7.288920931116893543e-22
7.288920013341071699e-22
7.288920013341071699e-22
7.288920013341033142e-22
7.288920013340988003e-22
7.287965444245831951e-22
6.935024684866298310e-22
6.935024684866298310e-22
6.935024684866298310e-22
6.934949783924399544e-22
6.698822069670949849e-22
6.698822069670949849e-22
6.698822016193461243e-22
6.698822016193461243e-22
6.598542172573466797e-22
6.598542172573466797e-22
6.598538609850721890e-22
6.598538609850721890e-22
6.598538609850721890e-22
6.598538609850720950e-22
6.598538609850720950e-22
6.571397274153540509e-22
6.571397274153540509e-22
6.571397170270506193e-22
6.571397170270506193e-22
6.571397167823776767e-22
6.571397167823776767e-22
6.571397167823776767e-22
6.566212965060127980e-22
6.566212965060127980e-22
6.566212965060127980e-22
6.566212962449604231e-22
6.566212962449604231e-22
6.566212962449604231e-22
6.566212962449604231e-22
6.566212962449604231e-22
6.566212962390285965e-22
6.565666275991067337e-22
2.868613786483703558e-22
2.718153952161365058e-22
2.718153952160709603e-22
2.349653310296822759e-22
2.342398914855233910e-22
2.342398914855233910e-22
2.186108252918734745e-22
2.185476806930717848e-22
2.185476806930717848e-22
2.185476677895860834e-22
2.079480758909784544e-22
2.079480758909784544e-22
2.079480758909784544e-22
2.079436397281088610e-22
2.079436397281086024e-22
2.079436397281086024e-22
2.079436397281086024e-22
2.025797636987945702e-22
2.025797636987945702e-22
2.025797636987945702e-22
2.025797636987945467e-22
2.025797636987945467e-22
2.025794083435265140e-22
2.025794083435265140e-22
2.025794077379104608e-22
2.006849946036286742e-22
2.006849946036286742e-22
2.006849786740483522e-22
2.006849786740483522e-22
2.006849786740483522e-22
2.006849786740483522e-22
2.006849786740483522e-22
2.001978324975587473e-22
2.001978324975587473e-22
2.001978324770164898e-22
2.001978321558171958e-22
2.001978321558171958e-22
2.001978321558171958e-22
2.001285512178617670e-22
2.001285512178617670e-22
2.001285512178617670e-22
2.001285512122129524e-22
2.001285512122129524e-22
2.001225824076366051e-22
2.001225824072369840e-22
1.030542290854580240e-22
7.724086841686148768e-23
7.724086841686148768e-23
7.631275450755977499e-23
7.631275450755977499e-23
7.631275450755977499e-23
7.631275450755977499e-23
6.851868039283527187e-23
6.851868039283527187e-23
6.845110533005197288e-23
6.384330270338110587e-23
6.384330270338110587e-23
6.383814741454504466e-23
6.383814741454504466e-23
6.133259598671435502e-23
6.133259598671420220e-23
6.133259490030270417e-23
6.133229781258566861e-23
6.133229781258566861e-23
6.133229781258566861e-23
6.023149518806673446e-23
6.023149518806671095e-23
6.023149518806671095e-23
6.023149518806671095e-23
6.023147785480607400e-23
5.985620528732539221e-23
5.985620523140610326e-23
5.985620523140610326e-23
5.985620523140610326e-23
5.985620523140610326e-23
5.985620468901373169e-23
5.978423311629871592e-23
5.978423311629871592e-23
5.978423311629871592e-23
5.978423311629871592e-23
5.978423311474591139e-23
5.978423311474591139e-23
5.978423311474591139e-23
5.977588712961377010e-23
5.977588712195962092e-23
5.977588712195962092e-23
5.977588712195962092e-23
5.977588712195962092e-23
5.977588712195962092e-23
2.828319659980280136e-23
2.622401985997803496e-23
2.167048623704962632e-23
2.167048623704962632e-23
2.159641711929253131e-23
1.945796015732020057e-23
1.945795779067978577e-23
1.945795779067967410e-23
1.945795779067967410e-23
1.945795779067967410e-23
1.945795779067919802e-23
1.836642779292335181e-23
1.836360403179152610e-23
1.836360403179152610e-23
1.781453159628336322e-23
1.781425314368003449e-23
1.781425314368003449e-23
1.781425302031132931e-23
1.781425302031132931e-23
1.757493112531609097e-23
1.757493112531609097e-23
1.757491666027043040e-23
1.757491666027043040e-23
1.757491666027043040e-23
1.757491666027042746e-23
1.751362002825865411e-23
1.751362002825865411e-23
1.751362002825865411e-23
1.751361939136172066e-23
1.751361938653956953e-23
1.751361938653956953e-23
1.751361938653956953e-23
1.750403211498452306e-23
1.750403211498452306e-23
1.750403211498452306e-23
1.750403211498452306e-23
1.750403211498452306e-23
1.750403211498452306e-23
1.750403210076881731e-23
1.750403210076881731e-23
1.750403210076881731e-23
1.750403210065844427e-23
1.750304083111932245e-23
1.750304083111932245e-23
7.876712441570686760e-24
7.193197751919660201e-24
5.970160464371529012e-24
5.970160464371529012e-24
5.939663947241627005e-24
5.939663947240613141e-24
5.455940815048006334e-24
5.453764906322050280e-24
5.453764620761014222e-24
5.453764620761014222e-24
5.206062579716912886e-24
5.206062579716912886e-24
5.206062579716907009e-24
5.205832561483811388e-24
5.205832561483811388e-24
5.205832561483811388e-24
5.076597900502669539e-24
5.076597900502669539e-24
5.076597900502664396e-24
5.076581388210339077e-24
5.076581388210339077e-24
5.076581388210339077e-24
5.076581388210339077e-24
5.076581376095559850e-24
5.033543639866252442e-24
5.033543639866252442e-24
5.033543036532019000e-24
5.033543036532019000e-24
5.033543036532019000e-24
5.033543036532019000e-24
5.024502423196514417e-24
5.024502423196514417e-24
5.024502423196514417e-24
5.024502422809103070e-24
5.024502422809103070e-24
5.024502404298583242e-24
5.024502404298583242e-24
5.023243496225289567e-24
5.023243496225289567e-24
5.023243495935425885e-24
5.023243495935425885e-24
5.023243495928591854e-24
5.023142414319331620e-24
2.723227005134150872e-24
1.893396293729754355e-24
1.893396293729754355e-24
1.856077092795129484e-24
1.856077092795129484e-24
1.618830884763605954e-24
1.618830884763605954e-24
1.616367396246506956e-24
1.616367396246506956e-24
1.507541177133236041e-24
1.507541177133236041e-24
1.507541177133236041e-24
1.507366496117768898e-24
1.507366496117768898e-24
1.445888468341145271e-24
1.445888468341145271e-24
1.445888445619519420e-24
1.445888445619509686e-24
1.445888445619509686e-24
1.445874144159613754e-24
1.445874144159613387e-24
1.420607237901835150e-24
1.420607237901835150e-24
1.420607237901835150e-24
1.420607237901835150e-24
1.420606487567981172e-24
1.413596719571985282e-24
1.413596718494155410e-24
1.413596718494155226e-24
1.413596718494155226e-24
1.412283013695101751e-24
1.412282994445731010e-24
1.412282994445731010e-24
1.412282994445731010e-24
1.412282994445731010e-24
1.412282994418819903e-24
1.412141252657200740e-24
1.412141252657200740e-24
1.412141252657200740e-24
1.412141252657200740e-24
1.412141252241573304e-24
1.412141252241573304e-24
1.412141252241573304e-24
1.412141252241573304e-24
1.412141252241573304e-24
6.707008377329720373e-25
4.986532693820680141e-25
4.879679689051940830e-25
4.879679689051940830e-25
4.360029848564648177e-25
4.360029299959626407e-25
4.349615221726069155e-25
4.349615221726045278e-25
4.349615221726045278e-25
4.075121409845135735e-25
4.073993933646926235e-25
4.073993933646926235e-25
4.073993933646706289e-25
3.946278302856683821e-25
3.946188077097053578e-25
3.946188052811717275e-25
3.946188052811717275e-25
3.946188052811717275e-25
3.901118346938833792e-25
3.901111764069645751e-25
3.901111764069645751e-25
3.901111764069645751e-25
3.901111764069645751e-25
3.901111764069644374e-25
3.889853503761975936e-25
3.889853503761975936e-25
3.889853502910549307e-25
3.889853242837143613e-25
3.889853242837143613e-25
3.889853242837143613e-25
3.889853242837143613e-25
3.888219087581947643e-25
3.888219087581947643e-25
3.888219087581947643e-25
3.888219087581947643e-25
3.888219087581947643e-25
3.888219082818457447e-25
3.888219082818457447e-25
3.888219082818457447e-25
3.888219082818457447e-25
3.888219082801986292e-25
3.888073362969992170e-25
3.888073362969992170e-25
1.722948889446735530e-25
1.551188703431084962e-25
1.551188703431084962e-25
1.275386706519822179e-25
1.266405808997406176e-25
1.266405808996529376e-25
1.142525352709984080e-25
1.141658488441609874e-25
1.141658429668234050e-25
1.141658429668234050e-25
1.083213408685873722e-25
1.083213408685873722e-25
1.083213408685872574e-25
1.083131048082056710e-25
1.083131048082056710e-25
1.083131048082056710e-25
1.058562836747469661e-25
1.058557872739065855e-25
1.058557872739061952e-25
1.058557872739061952e-25
1.058557870552617205e-25
1.050590188109698732e-25
1.050590188109698732e-25
1.050590188109698732e-25
1.050590188109698732e-25
1.050589932231679672e-25
1.050589932231679672e-25
1.050589932231679672e-25
1.050589932231679672e-25
1.050589932231679672e-25
1.049042251355382460e-25
1.049042251355382460e-25
1.049042251296683277e-25
1.049042251296683277e-25
1.049042251296683277e-25
1.049042244214375042e-25
1.048856845688348397e-25
1.048856845688348397e-25
1.048856845688348397e-25
1.048856845688348397e-25
1.048856845687532439e-25
1.048842621701754237e-25
1.048842621610517738e-25
5.658112994819764404e-26
3.931325757582270313e-26
3.818535884005544257e-26
3.220066322847681688e-26
3.220066322847681688e-26
3.213319997123696353e-26
3.213319997123696353e-26
2.954078117235894396e-26
2.954078117235894396e-26
2.954078117235894396e-26
2.954078117235894396e-26
2.953452572768016616e-26
2.835118938273692727e-26
2.835118938273692727e-26
2.835118894903826931e-26
2.835118894903755185e-26
2.835118894903755185e-26
2.835118894903755185e-26
2.835118894903754611e-26
2.835070980148708810e-26
2.787717000094820385e-26
2.787717000094820385e-26
2.787717000094820385e-26
2.775628786375701055e-26
2.775626721056720206e-26
2.775626719383133657e-26
2.775626719383133657e-26
2.775626719383133083e-26
2.775626719383133083e-26
2.773685597237106383e-26
2.773685597237106383e-26
2.773685520827144472e-26
2.773685520827144472e-26
2.773685520794589937e-26
2.773485892739844908e-26
2.773485892739844908e-26
2.773485891248558133e-26
2.773485891248558133e-26
2.773485891248558133e-26
2.773485891248558133e-26
2.773485891248558133e-26
2.773485891248558133e-26
2.773485891248558133e-26
1.393337843249948759e-26
9.661053250178064905e-27
9.661053250178064905e-27
9.331841907067659091e-27
9.331839217998453818e-27
8.103639378559269498e-27
8.072552477865906194e-27
8.072552477865881800e-27
8.072552477865881800e-27
7.536881725025479758e-27
7.533824504808415612e-27
7.533824504807346590e-27
7.533824504807346590e-27
7.533824504807346590e-27
7.289761189027486956e-27
7.289444932236043022e-27
7.289444893009683176e-27
7.289444893009683176e-27
7.210679619705075226e-27
7.210679619705075226e-27
7.210679619705075226e-27
7.210658838877566084e-27
7.210658838877566084e-27
7.210658838877554604e-27
7.193892653605770779e-27
7.193892653605770779e-27
7.193892652552902644e-27
7.193891970031195298e-27
7.193891970031195298e-27
7.193891970031195298e-27
7.191581424163637694e-27
7.191581424163637694e-27
7.191581424163637694e-27
7.191581424163637694e-27
7.191581424163637694e-27
7.191581424163637694e-27
7.191581406448349506e-27
7.191581406448349506e-27
7.191581406437695154e-27
7.191581406437695154e-27
7.191392860963356249e-27
7.191392860963356249e-27
3.258211453903773786e-27
2.895128223587298348e-27
2.272003636563863237e-27
2.246730972848911905e-27
2.246730972844377886e-27
2.004465092291478521e-27
2.001953330450078767e-27
2.001953229840112058e-27
2.001953229840112058e-27
1.887536929244220192e-27
1.887536929244220192e-27
1.887536929244220192e-27
1.887331269270427469e-27
1.887331269270427469e-27
1.843523240966139122e-27
1.843523240966139122e-27
1.843507164975648920e-27
1.843507164975632059e-27
1.843507162180610124e-27
1.831473740225085444e-27
1.831473740225085444e-27
1.831473740225085444e-27
1.831473740225085444e-27
1.831473740225085444e-27
1.831472986832566116e-27
1.831472986832566116e-27
1.829265081251948826e-27
1.829265081251948826e-27
1.829265081251948826e-27
1.829265081251948826e-27
1.829265081213187431e-27
1.829265081213187072e-27
1.829265063806715829e-27
1.829023984468507067e-27
1.829023984468507067e-27
1.829023984468507067e-27
1.829023984468507067e-27
1.829023984468507067e-27
1.829023984468408056e-27
1.829008108098672783e-27
1.829008107780257235e-27
1.018365371346841024e-27
6.776691665233937291e-28
6.550161444539691689e-28
5.412676611589772424e-28
5.412676611589772424e-28
5.393530445890670453e-28
4.877200138913203000e-28
4.877200138913203000e-28
4.877200138913203000e-28
4.875516682108975057e-28
4.659550739935910125e-28
4.659550739935910125e-28
4.659550680394494438e-28
4.659550680394494438e-28
4.659550680394494438e-28
4.659550680394141983e-28
4.659550680394141983e-28
4.586602805490382807e-28
4.586602805490382807e-28
4.586499203741034438e-28
4.586499203741034438e-28
4.568999503962155585e-28
4.568999502817695174e-28
4.568993239002810226e-28
4.568993239002810226e-28
4.568993239002810226e-28
4.568993239002808432e-28
4.566445570137707750e-28
4.566445570137707750e-28
4.566445570137707750e-28
4.566445570137707750e-28
4.566445359504973365e-28
4.566445359500943006e-28
4.566221284257565522e-28
4.566221280819241856e-28
4.566221280819241856e-28
4.566221280819241856e-28
4.566221280819241856e-28
4.566221280819241856e-28
4.566221280819241856e-28
2.347249537018588695e-28
2.347249537018588695e-28
1.600855098567466231e-28
1.523424365650113993e-28
1.523424365650113993e-28
1.523424365650113993e-28
1.523423988216775104e-28
1.280743727762098739e-28
1.273648065757132143e-28
1.273648065757132143e-28
1.174082924856432389e-28
1.173237202893081913e-28
1.173237202892514219e-28
1.173237202892514219e-28
1.134759396957215546e-28
1.134759396957215546e-28
1.134678275611765207e-28
1.134678272780861377e-28
1.123034271720451322e-28
1.123034271720451322e-28
1.123034271720451322e-28
1.123034271720451322e-28
1.123029749193475110e-28
1.123029749193475110e-28
1.123029749193470401e-28
1.120796229515367139e-28
1.120796229501924090e-28
1.120796036270113151e-28
1.120796036270113151e-28
1.120534139800334203e-28
1.120534139800334203e-28
1.120534139800334203e-28
1.120534139800334203e-28
1.120534139800334203e-28
1.120534139800334203e-28
1.120534139800334203e-28
1.120534135222996581e-28
1.120534135222996581e-28
1.120534135222993666e-28
1.120517117977542155e-28
1.120517117977542155e-28
5.434795230866078293e-29
4.664306130600863777e-29
4.664306130600863777e-29
3.489504114587833778e-29
3.432272189343195752e-29
2.983774756966706748e-29
2.983774756958162191e-29
2.978468821117426410e-29
2.978468744493497601e-29
2.978468744493497601e-29
2.794164417127248870e-29
2.794164417127248870e-29
2.794164417127248870e-29
2.793633403616518509e-29
2.793633403616518509e-29
2.727068254716498935e-29
2.727068254716498935e-29
2.727029965179991372e-29
2.727029964805544244e-29
2.727029964805466892e-29
2.710631459517463306e-29
2.710631459517463306e-29
2.710631459517463306e-29
2.710631459517463306e-29
2.710631459517463306e-29
2.710631459517463306e-29
2.710629928588687897e-29
2.708085227729177421e-29
2.708085227729177421e-29
2.708085227729177421e-29
2.708085227729067559e-29
2.708085227729067559e-29
2.708085227729066998e-29
2.707865035433470592e-29
2.707864989219270536e-29
2.707864989219270536e-29
2.707864989219270536e-29
2.707864989219270536e-29
2.707864989219270536e-29
2.707857260221786234e-29
2.707857259448333381e-29
1.615947005731266892e-29
1.030614448921925001e-29
9.837189895821587071e-30
7.807956048650819802e-30
7.767146665199094303e-30
6.928204433160555864e-30
6.928204433160555864e-30
6.928204433160555864e-30
6.928204433160555864e-30
6.589176215126072134e-30
6.586377044416516068e-30
6.586377044416516068e-30
6.586377035705005051e-30
6.586377035705005051e-30
6.586377035705005051e-30
6.586377035703877005e-30
6.586377035703877005e-30
6.483764938463204098e-30
6.483511977100027187e-30
6.483511977100027187e-30
6.483511977100027187e-30
6.462797822628511224e-30
6.462797822625104667e-30
6.462783797255667882e-30
6.462783797255667882e-30
6.462783797255667882e-30
6.462783797255659475e-30
6.460407364011099473e-30
6.460407364011099473e-30
6.460407364011099473e-30
6.460406961001296102e-30
6.460406961001296102e-30
6.460296048625887825e-30
6.460296048625887825e-30
6.460296040010413396e-30
6.460296040010413396e-30
6.460296040010413396e-30
6.460296040010413396e-30
6.460296040010413396e-30
3.499622187472958364e-30
2.302260595644982401e-30
2.166806807334591454e-30
2.166806753614434194e-30
2.166806753614434194e-30
1.777351607323095654e-30
1.777351607323095654e-30
1.777351607323095654e-30
1.761618401147038312e-30
1.601561015563645890e-30
1.599717214528176533e-30
1.599717214526029744e-30
1.543520120549239059e-30
1.543520120549239059e-30
1.543520120549239059e-30
1.543362708598648654e-30
1.543362708589577524e-30
1.529050858168965908e-30
1.529050858168965908e-30
1.529050858168965908e-30
1.529040479935980176e-30
1.529040479935980176e-30
1.529040479935966864e-30
1.526886660963550554e-30
1.526886660963550554e-30
1.526886660963550554e-30
1.526886251926637947e-30
1.526886251926637947e-30
1.526752927187172978e-30
1.526752927187172978e-30
1.526752927187172978e-30
1.526752927187172978e-30
1.526752927187172978e-30
1.526752918875309130e-30
1.526752918875309130e-30
1.526752918875309130e-30
1.526752918875309130e-30
1.526751306192839918e-30
1.526751306192839918e-30
7.814390988924069647e-31
6.592347722119610011e-31
4.815716035075690408e-31
4.815716035075690408e-31
4.712194057841392042e-31
3.986655948737178508e-31
3.986655948702112766e-31
3.986655948433799142e-31
3.975364961282801692e-31
3.696592150444243717e-31
3.696592150444243717e-31
3.696592150444243717e-31
3.695497521606441585e-31
3.695497521606441585e-31
3.609826351857239450e-31
3.609826351857239450e-31
3.609755831101771158e-31
3.609755831101769845e-31
3.609755831101505350e-31
3.593181693212060475e-31
3.593181693212060475e-31
3.593181693212060475e-31
3.593181693212060475e-31
3.593181693212060475e-31
3.593178342749941101e-31
3.591825807695968115e-31
3.591825807695968115e-31
3.591825807695968115e-31
3.591825807695968115e-31
3.591825807695968115e-31
3.591825807695966364e-31
3.591804120755413273e-31
3.591804027035809585e-31
3.591804027035809585e-31
3.591804027035809585e-31
3.591804027035809585e-31
3.591804010269824783e-31
2.250913976242023352e-31
1.444451291420930110e-31
1.444451291272852055e-31
1.362901946132487793e-31
1.042888739398282612e-31
9.108590230010749493e-32
9.060192671746874961e-32
9.060192671746874961e-32
9.060192671746874961e-32
8.602074060237080248e-32
8.596116458203741019e-32
8.596116458203741019e-32
8.596116458203723503e-32
8.596116458203723503e-32
8.596116458203723503e-32
8.596116458203723503e-32
8.596116458203723503e-32
8.596116458199549166e-32
8.485918731339353216e-32
8.485406505743973946e-32
8.485406505743973946e-32
8.485406505743973946e-32
8.473688104218537443e-32
8.473688104218537443e-32
8.473662937980912440e-32
8.473662937980912440e-32
8.473662937980912440e-32
8.473662937980885071e-32
8.473414614072079878e-32
8.473414614072079878e-32
8.473413755318721043e-32
8.473413755318721043e-32
8.473413501113530361e-32
8.473413501113530361e-32
8.473413484072618901e-32
8.473413484072618901e-32
8.473413484072618901e-32
8.473413484072618901e-32
8.473413484072618901e-32
8.473413484072618901e-32
4.975774764876518855e-32
3.201294860731150716e-32
2.961489925469974647e-32
2.961489925469862981e-32
2.359445625485628489e-32
2.359445625485628489e-32
2.329469250418366125e-32
2.329469250418366125e-32
2.103766511543150548e-32
2.100324477190163901e-32
2.100324477184032125e-32
2.035458054209613307e-32
2.035458054209613307e-32
2.035126934291646064e-32
2.035126934291646064e-32
2.035126934291646064e-32
2.026302231339706312e-32
2.026302231339706312e-32
2.026281351156916417e-32
2.026281351156916417e-32
2.026035419259352473e-32
2.026035419259304851e-32
2.026035419259304851e-32
2.026035419259304851e-32
2.026034687449720598e-32
2.026034354587591146e-32
2.026034354587591146e-32
2.026034354587591146e-32
2.026034354587591146e-32
2.026034354587591146e-32
2.026034354587591146e-32
2.026034336860970430e-32
2.026034336860970430e-32
2.026034336860970157e-32
2.026034336858656920e-32
2.026034336858656920e-32
1.114248776650775266e-32
9.352411631420548110e-33
6.665335982015075138e-33
6.665335982015075138e-33
6.476118941577757086e-33
5.418991931517940377e-33
5.418991931399353442e-33
5.418991931399353442e-33
5.396769623668338171e-33
5.048455325284463161e-33
5.046346354187101923e-33
5.046346354187101923e-33
5.046346354187101923e-33
4.987219775148154297e-33
4.987219775148154297e-33
4.987065501927595495e-33
4.987065501927595495e-33
4.984913591477049126e-33
4.984913591476286896e-33
4.984913591476286896e-33
4.984913591476286896e-33
4.984913591476286896e-33
4.984906580984422712e-33
4.984902736059008696e-33
4.984902736059008696e-33
4.984902736059008696e-33
4.984902736059008696e-33
4.984902736059008696e-33
4.984902736059008696e-33
4.984902736059004591e-33
4.984902736023681332e-33
4.984902561180903553e-33
4.984902561180903553e-33
4.984902561180903553e-33
4.984902561180903553e-33
3.292975941481427606e-33
2.129357827695201056e-33
2.129357827223763336e-33
1.586726912478424363e-33
1.518266063636775851e-33
1.338564399602747338e-33
1.327813796689377940e-33
1.327813796689377940e-33
1.327813796689377940e-33
1.291468528618561715e-33
1.290067866126322052e-33
1.290067866126322052e-33
1.290067866126322052e-33
1.290067866126322052e-33
1.290067866126322052e-33
1.290067866124765092e-33
1.290067866124765092e-33
1.288359948346425755e-33
1.288246232957246638e-33
1.288246232957246638e-33
1.288246232957246638e-33
1.288242207908891753e-33
1.288242207908891753e-33
1.288236074775435009e-33
1.288236074775435009e-33
1.288236074775435009e-33
1.288236074726567633e-33
1.288236074726559081e-33
1.288236074726559081e-33
1.288235875675292514e-33
1.288235875675292514e-33
1.288235872139379951e-33
1.288235872139379951e-33
1.288235872139379951e-33
1.288235872139379951e-33
1.288235872139379951e-33
7.962274380772409406e-34
7.962274380772409406e-34
5.251021099480950697e-34
4.785725797391806560e-34
4.785725797391806560e-34
3.888885067123729354e-34
3.822673327332879334e-34
3.822673327332879334e-34
3.822673327332879334e-34
3.611613135913011501e-34
3.602216399766360957e-34
3.602216399737689675e-34
3.602216399737689675e-34
3.589551918927794567e-34
3.589551918927794567e-34
3.588606460186575402e-34
3.588606460186575402e-34
3.588567067097991855e-34
3.588567067097991855e-34
3.588511666237439882e-34
3.588511665604548870e-34
3.588511665604548870e-34
3.588511665604339753e-34
3.588511665604339753e-34
3.588509525972649390e-34
3.588509525972649390e-34
3.588509525972649390e-34
3.588509525972649390e-34
3.588509525972649390e-34
3.588509476371464367e-34
3.588509476371464367e-34
3.588509476371463084e-34
3.588509476371463084e-34
3.588509476371463084e-34
3.588509476371463084e-34
2.109289663435639053e-34
2.109289663435639053e-34
1.746219278034540705e-34
1.293999250574616999e-34
1.293999250574616999e-34
1.246322698167833797e-34
1.246322698167833797e-34
1.126455890801199002e-34
1.126455890744729257e-34
1.119614764832646845e-34
1.110557321777216322e-34
1.109759097078306062e-34
1.109759097078306062e-34
1.109721855470947798e-34
1.109721855470947798e-34
1.109721855470947798e-34
1.109663300924927257e-34
1.109663300130592704e-34
1.109663300130106475e-34
1.109663300130106475e-34
1.109663300130106475e-34
1.109663300130106475e-34
1.109660833073698897e-34
1.109660833073698897e-34
1.109660833073698897e-34
1.109660833073698897e-34
1.109660833073698897e-34
1.109660833073698897e-34
1.109660833073696545e-34
1.109660833073696545e-34
1.109660764785747903e-34
1.109660764785747903e-34
1.109660764785747903e-34
1.109660764785747903e-34
7.509032019711530105e-35
5.128729160869406875e-35
5.128729158518753077e-35
4.328934015775794279e-35
4.051413127519713722e-35
3.984977372810013838e-35
3.928354039432690649e-35
3.928354039432690649e-35
3.928354039432690649e-35
3.928001865991259172e-35
3.920446971828936617e-35
3.920446971828936617e-35
3.920446971828936617e-35
3.920446971828936617e-35
3.920446971816599670e-35
3.920446961834715112e-35
3.920446961834715112e-35
3.919793978552202296e-35
3.919793978552202296e-35
3.919793978552202296e-35
3.919793978552202296e-35
3.919759392517184679e-35
3.919759392517184679e-35
3.919759392517184679e-35
3.919759392517184679e-35
3.919759392517107704e-35
3.919758344519533709e-35
3.919758344519533709e-35
3.919758344519533709e-35
3.919758323716759696e-35
3.919758323716759696e-35
3.919758323716759696e-35
2.527845087259776276e-35
2.527845087259776276e-35
2.527845087259776276e-35
2.527845087259776276e-35
1.971075645510559051e-35
1.731215620736174643e-35
1.680930071114498224e-35
1.627477671900863787e-35
1.627477671900863787e-35
1.627477671900863787e-35
1.627136360944481961e-35
1.618530377416395053e-35
1.618530377374890224e-35
1.618530364493015597e-35
1.618530364493015597e-35
1.617687036619157772e-35
1.617687036619157772e-35
1.617687036619157772e-35
1.617687036619157772e-35
1.617687036619157772e-35
1.617634204123910741e-35
1.617634204123910741e-35
1.617634204123642663e-35
1.617634204123642663e-35
1.617634204123642663e-35
1.617634204123642663e-35
1.617632185729979323e-35
1.617632185729979323e-35
1.617632185729979323e-35
1.617632185729979323e-35
1.617632141764093003e-35
1.617632141764093003e-35
1.617632141764091934e-35
1.617632141764091934e-35
1.617632141764091934e-35
1.146047147163622630e-35
1.146047147163622630e-35
9.041026807187422775e-36
8.624099198310801269e-36
8.026536685789786508e-36
8.026536685789786508e-36
8.023066095820383223e-36
8.023066094287773164e-36
7.911585216627292269e-36
7.911585043292338761e-36
7.898225219656721823e-36
7.898225219656721823e-36
7.898225219656721823e-36
7.898225219656721823e-36
7.898225219656721823e-36
7.897272185312428560e-36
7.897272185312428560e-36
7.897272185299841175e-36
7.897272185299841175e-36
7.897272185299841175e-36
7.897272185299841175e-36
7.897272185299841175e-36
7.897229029625802544e-36
7.897229029625802544e-36
7.897229029625802544e-36
7.897229029625802544e-36
7.897229029625802544e-36
7.897229029625745079e-36
7.897227842473259948e-36
7.897227842473259948e-36
7.897227842473259948e-36
5.914935850777676890e-36
5.518064332406025570e-36
5.518064323351451115e-36
5.513006810983183819e-36
4.762423264553625982e-36
4.762423002709792468e-36
4.593300750998195621e-36
4.593300750998195621e-36
4.593300750998195621e-36
4.593300750998195621e-36
4.593300750998195621e-36
4.569256379293122883e-36
4.569256379293122883e-36
4.569256379293122883e-36
4.569256379293122883e-36
4.569256379229980821e-36
4.569256379229980821e-36
4.569256379229980821e-36
4.567144352051626674e-36
4.567144352051626674e-36
4.567144352051626674e-36
4.567144352051626674e-36
4.567035253364182660e-36
4.567035253364182660e-36
4.567035253364182660e-36
4.567035253363801791e-36
4.567031692891388485e-36
4.567031692891388485e-36
4.567031692891388485e-36
4.567031622561151943e-36
4.567031622561151943e-36
4.567031622561149939e-36
4.179612678314498266e-36
4.179612678314498266e-36
4.179612678314498266e-36
4.173029816876827343e-36
4.173029816876827343e-36
3.430058475625222013e-36
3.430058057415697860e-36
3.153558882585365840e-36
3.153558882585365840e-36
3.153558882585365840e-36
3.153558882585365840e-36
3.104262656394029863e-36
3.104262656030714943e-36
3.104262656030714943e-36
3.104262656030714943e-36
3.099051553808360633e-36
3.099051553808360633e-36
3.099051553808360633e-36
3.099051553808360633e-36
3.099051553808360633e-36
3.099051553808360633e-36
3.098719116961909494e-36
3.098719116959283503e-36
3.098719116959283503e-36
3.098719116959283503e-36
3.098706733264399204e-36
3.098706733264399204e-36
3.098706733264399204e-36
3.098706733264399204e-36
3.098706442974173855e-36
3.098706442974173855e-36
3.098706442974162496e-36
3.098706442974162496e-36
3.098706442974162496e-36
3.092671729742372198e-36
3.092671729742372198e-36
2.872184262905908359e-36
2.872183597444387347e-36
2.534484606171350869e-36
2.534484606171350869e-36
2.534484606171350534e-36
2.534484603426338990e-36
2.431914476823994848e-36
2.431914476823994848e-36
2.431914476823994848e-36
2.431914476823994848e-36
2.417919803572037952e-36
2.417919803572037952e-36
2.417919803572037952e-36
2.417919803572037952e-36
2.416837412180780483e-36
2.416837412160883086e-36
2.416837412160883086e-36
2.416837412160883086e-36
2.416837412160883086e-36
2.416837412160883086e-36
2.416787565186666124e-36
2.416787565186666124e-36
2.416787565186666124e-36
2.416787565186666124e-36
2.416787565186666124e-36
2.416787565186563891e-36
2.416786231228494638e-36
2.416786231228494638e-36
2.416786231228494638e-36
2.412296541608347810e-36
2.412295758451717650e-36
2.412295736156871535e-36
2.289769276055974338e-36
2.289769276055973336e-36
2.289769276055973336e-36
2.141682929045253343e-36
2.141682929045252674e-36
2.141682929045252674e-36
2.141682929045252674e-36
2.141682929045252674e-36
2.141682929045252674e-36
2.106208928586926771e-36
2.106208928586926771e-36
2.106208928586926771e-36
2.106208928586926771e-36
2.106208928415666700e-36
2.106208928415666700e-36
2.102605244771262899e-36
2.102605244771262899e-36
2.102605244771262899e-36
2.102403409865044519e-36
2.102403409865044519e-36
2.102403409865044519e-36
2.102403409864078983e-36
2.102396730368862249e-36
2.102396730368862249e-36
2.102396730368862249e-36
2.102396602443594159e-36
2.102396602443594159e-36
2.102396602443590484e-36
2.102395874973726070e-36
2.102395874973726070e-36
2.102395874973726070e-36
2.102395874973724734e-36
2.102395874973724734e-36
2.099358412378600147e-36
2.099358412378600147e-36
2.099358412378600147e-36
2.099358412378600147e-36
2.037593359499213945e-36
2.037593359499213945e-36
2.037593359499213945e-36
1.980020688281149897e-36
1.980020686924207299e-36
1.980020686924207299e-36
1.969535074260229442e-36
1.969535074260229442e-36
1.969535074260229442e-36
1.969535074260229442e-36
1.968757279914876703e-36
1.968757279905278136e-36
1.968757279905278136e-36
1.968757279905278136e-36
1.968725943024167358e-36
1.968725943024167358e-36
1.968725943024167358e-36
1.968725943024167358e-36
1.968725200787844882e-36
1.968725200787844882e-36
1.968725200787806461e-36
1.968725200787806461e-36
1.968725200787806461e-36
1.968725200787805124e-36
1.968725200787805124e-36
1.968724630732605970e-36
1.968724630732605970e-36
1.968724630732605970e-36
1.968724630732605970e-36
1.966989922066938550e-36
1.966989922066938550e-36
1.966989911950947422e-36
1.940939635279640169e-36
1.922731510164648252e-36
1.922731510164648252e-36
1.922731510164648252e-36
1.922731510164648252e-36
1.920284336028423196e-36
1.920284335946556413e-36
1.920284335946556413e-36
1.920284335946556413e-36
1.920284335946556413e-36
1.920284335946556413e-36
1.920153367881393383e-36
1.920153367881393383e-36
1.920153367881393383e-36
1.920153367881393383e-36
1.920153367881393383e-36
1.920153367880979773e-36
1.920149590352740315e-36
1.920149590352740315e-36
1.920149590352740315e-36
1.920149590352740315e-36
1.920149590352740315e-36
1.920149590352739313e-36
1.920149590352739313e-36
1.920149526567702297e-36
1.920149173590876737e-36
1.919368998427388964e-36
1.919368998427388964e-36
1.919368998427387628e-36
1.919368998427387628e-36
1.910812816431464882e-36
1.910812816431464882e-36
1.910812816431464882e-36
1.910812816431464882e-36
1.910812815819121458e-36
1.910812815819121458e-36
1.906431605626223216e-36
1.906431605626223216e-36
1.906431605626223216e-36
1.906005143042702309e-36
1.906005143042702309e-36
1.906005143042702309e-36
1.906005143039043963e-36
1.905988791196763275e-36
1.905988791196763275e-36
1.905988791196763275e-36
1.905988454953064830e-36
1.905988454953064830e-36
1.905988454953064830e-36
1.905988454953064830e-36
1.905988454953051800e-36
1.905988454953051800e-36
1.905988454953051800e-36
1.905988454953051800e-36
1.905988454953051800e-36
1.905988454953051466e-36
1.905988290600719247e-36
1.905988290600719247e-36
1.905988290600719247e-36
1.905725394339876783e-36
1.905725390309702076e-36
1.905725390309702076e-36
1.903639130122115769e-36
1.903639130122115769e-36
1.903639130122115769e-36
1.903639130122115769e-36
1.902867688872762316e-36
1.902867688845219476e-36
1.902867688845219476e-36
1.902867688845219476e-36
1.902813837216640029e-36
1.902813837216640029e-36
1.902813837216640029e-36
1.902813837216640029e-36
1.902812364933476641e-36
1.902812364933476641e-36
1.902812364933360376e-36
1.902812364933360376e-36
1.902812364933360376e-36
1.902812364933360376e-36
1.902812364933360376e-36
1.902812364933360376e-36
1.902812364933360376e-36
1.902812364933360376e-36
1.902812364933360042e-36
1.902812364933360042e-36
1.902812343437243601e-36
1.902812287431513121e-36
1.902747692098370513e-36
1.902747692098370513e-36
1.902747692098370513e-36
1.902747692098370513e-36
1.902379090919606877e-36
1.902379090737456625e-36
1.902379090737456625e-36
1.902379090737456625e-36
1.902379090737456625e-36
1.902379090737456625e-36
1.902281425550755164e-36
1.902281425550755164e-36
1.902281425550755164e-36
1.902281425550755164e-36
1.902281425550755164e-36
1.902281425549876158e-36
1.902276563502645573e-36
1.902276563502645573e-36
1.902276563502645573e-36
1.902276563502645573e-36
1.902276563502645573e-36
1.902276469118095939e-36
1.902276469118095939e-36
1.902276469118095939e-36
1.902276469118095939e-36
1.902276469118093266e-36
1.902276469118093266e-36
1.902276455320353047e-36
1.902276455320353047e-36
1.902276455320353047e-36
1.902276455320353047e-36
1.902276454345927848e-36
1.902276454345927848e-36
1.902265022310256929e-36
1.902265022310256929e-36
1.902265022310256929e-36
1.902218327550296317e-36
1.902218327550296317e-36
1.902218327550296317e-36
1.902218327544480381e-36
1.902209505617431959e-36
1.902209505617431959e-36
1.902209505617431959e-36
1.902209193770190222e-36
1.902209193770190222e-36
1.902209193770190222e-36
1.902209193770190222e-36
1.902209193770170845e-36
1.902209193770170845e-36
1.902209193770170845e-36
1.902209193770170845e-36
1.902209193770170845e-36
1.902209193770170845e-36
1.902209193770170845e-36
1.902209193770170845e-36
1.902209189489583810e-36
1.902209189489583810e-36
1.902209187046534874e-36
1.902209187046534874e-36
1.902209187046534874e-36
1.902209187046534874e-36
1.902209187046534874e-36
1.902207738429972995e-36
1.902207738398858005e-36
1.902207738398858005e-36
1.902207738398858005e-36
1.902203520186034111e-36
1.902203520186034111e-36
1.902203520186034111e-36
1.902203520186034111e-36
1.902202954320659580e-36
1.902202954320659580e-36
1.902202954320529616e-36
1.902202954320529616e-36
1.902202954320529616e-36
1.902202954320529616e-36
1.902202954320529616e-36
1.902202954320529616e-36
1.902202954320529616e-36
1.902202954320529616e-36
1.902202940176532729e-36
1.902202940176532729e-36
1.902202940176532729e-36
1.902202940176532729e-36
1.902202940176532395e-36
1.902202940176532395e-36
1.902202939866942049e-36
1.902202939730246839e-36
1.902202939730246839e-36
1.902202939730246839e-36
1.902202939730246839e-36
1.902202939730246839e-36
1.902202808863986398e-36
1.902202808863986398e-36
1.902202808863986398e-36
1.902202808863986398e-36
1.902202808863986398e-36
1.902202808863289809e-36
1.902202538292024565e-36
1.902202538292024565e-36
1.902202538292024565e-36
1.902202512626747647e-36
1.902202512626747647e-36
1.902202512626747647e-36
1.902202512626747647e-36
1.902202512626745308e-36
1.902202512626745308e-36
1.902202512626745308e-36
1.902202512626745308e-36
1.902202512626745308e-36
1.902202512626745308e-36
1.902202512175072796e-36
1.902202512175072796e-36
1.902202512175072796e-36
1.902202512175072796e-36
1.902202512175072796e-36
1.902202512147104986e-36
1.902202512147104986e-36
1.902202512147104986e-36
1.902202512144044670e-36
1.902202512144044670e-36
1.902202503749791771e-36
1.902202503749791771e-36
1.902202503749791771e-36
1.902202503749791771e-36
1.902202491477808308e-36
1.902202491477797282e-36
1.902202491477797282e-36
1.902202491477797282e-36
1.902202491477797282e-36
1.902202491477797282e-36
1.902202491477797282e-36
1.902202491477797282e-36
1.902202491477797282e-36
1.902202490658205343e-36
1.902202490658205343e-36
1.902202490658205343e-36
1.902202490658205343e-36
1.902202490658205343e-36
1.902202490658205343e-36
1.902202490658205343e-36
1.902202490658205343e-36
1.902202490658205343e-36
1.902202490648095277e-36
1.902202490648095277e-36
1.902202490646301183e-36
1.902202490646301183e-36
1.902202490646301183e-36
1.902202490646301183e-36
1.902202490265572866e-36
1.902202490265572866e-36
1.902202490265572866e-36
1.902202490265525091e-36
1.902202490265525091e-36
1.902202490265525091e-36
1.902202490265525091e-36
1.902202490265525091e-36
1.902202489873632970e-36
1.902202489873632970e-36
1.902202489873632970e-36
1.902202489873632636e-36
1.902202489873632636e-36
1.902202489873632636e-36
1.902202489855286779e-36
1.902202489855286779e-36
1.902202489855286779e-36
1.902202489855286779e-36
1.902202489855286779e-36
1.902202489855286779e-36
1.902202489855286779e-36
1.902202489855286779e-36
1.902202489855286779e-36
1.902202489855286779e-36
1.902202489855128751e-36
1.902202489855047232e-36
1.902202489855047232e-36
1.902202489855047232e-36
1.902202489842889494e-36
1.902202489842889494e-36
1.902202489842888825e-36
1.902202489842888825e-36
1.902202489842888825e-36
1.902202489842888825e-36
1.902202489842888825e-36
1.902202489834116478e-36
1.902202489834116478e-36
1.902202489834116478e-36
1.902202489834116478e-36
1.902202489834116478e-36
1.902202489834116478e-36
1.902202489834116478e-36
1.902202489834116478e-36
1.902202489833830158e-36
1.902202489833830158e-36
1.902202489833830158e-36
1.902202489833830158e-36
1.902202489833830158e-36
1.902202489833830158e-36
1.902202489833827819e-36
1.902202489833826148e-36
1.902202489833826148e-36
1.902202489833826148e-36
1.902202489833826148e-36
1.902202489833826148e-36
1.902202489833826148e-36
1.902202489833553526e-36
1.902202489833553526e-36
1.902202489833553526e-36
1.902202489833553526e-36
1.902202489833553526e-36
1.902202489833553526e-36
1.902202489833553526e-36
1.902202489833553526e-36
1.902202489833416881e-36
1.902202489833416881e-36
1.902202489833416881e-36
1.902202489833416881e-36
1.902202489833416881e-36
1.902202489833416881e-36
1.902202489833416881e-36
1.902202489833416881e-36
1.902202489833416881e-36
1.902202489833413206e-36
1.902202489833413206e-36
1.902202489833413206e-36
1.902202489833413206e-36
1.902202489833413206e-36
1.902202489833413206e-36
1.902202489833413206e-36
1.902202489833413206e-36
1.902202489833413206e-36
1.902202489833409197e-36
1.902202489833409197e-36
1.902202489833409197e-36
1.902202489833409197e-36
1.902202489833409197e-36
1.902202489833409197e-36
1.902202489833409197e-36
1.902202489833409197e-36
1.902202489833409197e-36
1.902202489833409197e-36
1.902202489833407861e-36
1.902202489833407861e-36
1.902202489833407861e-36
1.902202489833407861e-36
1.902202489833407861e-36
1.902202489833407861e-36
1.902202489833407861e-36
1.902202489833407861e-36
1.902202489833407861e-36
1.902202489833407861e-36
1.902202489833407861e-36
1.902202489833407861e-36
1.902202489833407861e-36
1.902202489833407861e-36
1.902202489833407861e-36
1.902202489833407861e-36
1.902202489833407861e-36
1.902202489833407861e-36
1.902202489833407861e-36
1.902202489833407861e-36
1.902202489833407861e-36
1.902202489833407861e-36
1.902202489833407861e-36
1.902202489833407861e-36
1.902202489833407861e-36
1.902202489833407861e-36
1.902202489833407861e-36
1.902202489833407861e-36
1.902202489833407861e-36
1.902202489833407861e-36
1.902202489833407861e-36
1.902202489833407861e-36
1.902202489833407861e-36
1.902202489833407861e-36
1.902202489833407861e-36
1.902202489833407861e-36
1.902202489833407861e-36
1.902202489833407861e-36
1.902202489833407861e-36
1.902202489833407861e-36
1.902202489833407861e-36
1.902202489833407861e-36
1.902202489833407861e-36
1.902202489833407861e-36
1.902202489833407861e-36
1.902202489833407861e-36
1.902202489833407861e-36
1.902202489833407861e-36
1.902202489833407861e-36
1.902202489833407861e-36
1.902202489833407861e-36
1.902202489833407861e-36
1.902202489833407861e-36
1.902202489833407861e-36
1.902202489833407861e-36
1.902202489833407861e-36
1.902202489833407861e-36
1.902202489833407861e-36
1.902202489833407861e-36
1.902202489833407861e-36
1.902202489833407861e-36
1.902202489833407861e-36
1.902202489833407861e-36
1.902202489833407861e-36
1.902202489833407861e-36
1.902202489833407861e-36
1.902202489833407861e-36
1.902202489833407861e-36
1.902202489833407861e-36
1.902202489833407861e-36
1.902202489833407861e-36
1.902202489833407861e-36
1.902202489833407861e-36
1.902202489833407861e-36
1.902202489833407861e-36
1.902202489833407861e-36
1.902202489833407861e-36
1.902202489833407861e-36
1.902202489833407861e-36
1.902202489833407861e-36
1.902202489833407861e-36
1.902202489833407861e-36
1.902202489833407861e-36
1.902202489833407861e-36
1.902202489833407861e-36
1.902202489833407861e-36
1.902202489833407861e-36
1.902202489833407861e-36
1.902202489833407861e-36
1.902202489833407861e-36
1.902202489833407861e-36
1.902202489833407861e-36
1.902202489833407861e-36
1.902202489833407861e-36
1.902202489833407861e-36
1.902202489833407861e-36
1.902202489833407861e-36
1.902202489833407861e-36
1.902202489833407861e-36
1.902202489833407861e-36
1.902202489833407861e-36
1.902202489833407861e-36
1.902202489833407861e-36
1.902202489833407861e-36
1.902202489833407861e-36
1.902202489833407861e-36
1.902202489833407861e-36
1.902202489833407861e-36
1.902202489833407861e-36
1.902202489833407861e-36
1.902202489833407861e-36
1.902202489833407861e-36
1.902202489833407861e-36
1.902202489833407861e-36
1.902202489833407861e-36
1.902202489833407861e-36
1.902202489833407861e-36
1.902202489833407861e-36
1.902202489833407861e-36
1.902202489833407861e-36
1.902202489833407861e-36
1.902202489833407861e-36
1.902202489833407861e-36
1.902202489833407861e-36
1.902202489833407861e-36
1.902202489833407861e-36
1.902202489833407861e-36
1.902202489833407861e-36
1.902202489833407861e-36
1.902202489833407861e-36
1.902202489833407861e-36
1.902202489833407861e-36
1.902202489833407861e-36
1.902202489833407861e-36
1.902202489833407861e-36
1.902202489833407861e-36
1.902202489833407861e-36
1.902202489833407861e-36
1.902202489833407861e-36
1.902202489833407861e-36
1.902202489833407861e-36
1.902202489833407861e-36
1.902202489833407861e-36
1.902202489833407861e-36
1.902202489833407861e-36
1.902202489833407861e-36
1.902202489833407861e-36
1.902202489833407861e-36
1.902202489833407861e-36
1.902202489833407861e-36
1.902202489833407861e-36
1.902202489833407861e-36
1.902202489833407861e-36
1.902202489833407861e-36
1.902202489833407861e-36
1.902202489833407861e-36
1.902202489833407861e-36
1.902202489833407861e-36
1.902202489833407861e-36
1.902202489833407861e-36
1.902202489833407861e-36
1.902202489833407861e-36
1.902202489833407861e-36
1.902202489833407861e-36
1.902202489833407861e-36
1.902202489833407861e-36
1.902202489833407861e-36
1.902202489833407861e-36
1.902202489833407861e-36
1.902202489833407861e-36
1.902202489833407861e-36
1.902202489833407861e-36
1.902202489833407861e-36
1.902202489833407861e-36
1.902202489833407861e-36
1.902202489833407861e-36
1.902202489833407861e-36
1.902202489833407861e-36
1.902202489833407861e-36
1.902202489833407861e-36
1.902202489833407861e-36
1.902202489833407861e-36
1.902202489833407861e-36
1.902202489833407861e-36
1.902202489833407861e-36
1.902202489833407861e-36
1.902202489833407861e-36
1.902202489833407861e-36
1.902202489833407861e-36
1.902202489833407861e-36
1.902202489833407861e-36
1.902202489833407861e-36
1.902202489833407861e-36
1.902202489833407861e-36
1.902202489833407861e-36
1.902202489833407861e-36
1.902202489833407861e-36
1.902202489833407861e-36
1.902202489833407861e-36
1.902202489833407861e-36
1.902202489833407861e-36
1.902202489833407861e-36
1.902202489833407861e-36
1.902202489833407861e-36
1.902202489833407861e-36
1.902202489833407861e-36
1.902202489833407861e-36
1.902202489833407861e-36
1.902202489833407861e-36
1.902202489833407861e-36
1.902202489833407861e-36
1.902202489833407861e-36
1.902202489833407861e-36
1.902202489833407861e-36
1.902202489833407861e-36
1.902202489833407861e-36
1.902202489833407861e-36
1.902202489833407861e-36
1.902202489833407861e-36
1.902202489833407861e-36
1.902202489833407861e-36
1.902202489833407861e-36
1.902202489833407861e-36
1.902202489833407861e-36
1.902202489833407861e-36
1.902202489833407861e-36
1.902202489833407861e-36
1.902202489833407861e-36
1.902202489833407861e-36
1.902202489833407861e-36
1.902202489833407861e-36
1.902202489833407861e-36
1.902202489833407861e-36
1.902202489833407861e-36
1.902202489833407861e-36
1.902202489833407861e-36
1.902202489833407861e-36
1.902202489833407861e-36
1.902202489833407861e-36
1.902202489833407861e-36
1.902202489833407861e-36
1.902202489833407861e-36
1.902202489833407861e-36
1.902202489833407861e-36
1.902202489833407861e-36
1.902202489833407861e-36
1.902202489833407861e-36
1.902202489833407861e-36
1.902202489833407861e-36
1.902202489833407861e-36
1.902202489833407861e-36
1.902202489833407861e-36
1.902202489833407861e-36
1.902202489833407861e-36
1.902202489833407861e-36
1.902202489833407861e-36
1.902202489833407861e-36
1.902202489833407861e-36
1.902202489833407861e-36
1.902202489833407861e-36
1.902202489833407861e-36
1.902202489833407861e-36
1.902202489833407861e-36
1.902202489833407861e-36
1.902202489833407861e-36
1.902202489833407861e-36
1.902202489833407861e-36
1.902202489833407861e-36
1.902202489833407861e-36
1.902202489833407861e-36
1.902202489833407861e-36
1.902202489833407861e-36
1.902202489833407861e-36
1.902202489833407861e-36
1.902202489833407861e-36
1.902202489833407861e-36
1.902202489833407861e-36
1.902202489833407861e-36
1.902202489833407861e-36
1.902202489833407861e-36
1.902202489833407861e-36
1.902202489833407861e-36
1.902202489833407861e-36
1.902202489833407861e-36
1.902202489833407861e-36
1.902202489833407861e-36
1.902202489833407861e-36
1.902202489833407861e-36
1.902202489833407861e-36
1.902202489833407861e-36
1.902202489833407861e-36
1.902202489833407861e-36
1.902202489833407861e-36
1.902202489833407861e-36
1.902202489833407861e-36
1.902202489833407861e-36
1.902202489833407861e-36
1.902202489833407861e-36
1.902202489833407861e-36
1.902202489833407861e-36
1.902202489833407861e-36
1.902202489833407861e-36
1.902202489833407861e-36
1.902202489833407861e-36
1.902202489833407861e-36
1.902202489833407861e-36
1.902202489833407861e-36
1.902202489833407861e-36
1.902202489833407861e-36
1.902202489833407861e-36
1.902202489833407861e-36
1.902202489833407861e-36
1.902202489833407861e-36
1.902202489833407861e-36
1.902202489833407861e-36
1.902202489833407861e-36
1.902202489833407861e-36
1.902202489833407861e-36
1.902202489833407861e-36
1.902202489833407861e-36
1.902202489833407861e-36
1.902202489833407861e-36
1.902202489833407861e-36
1.902202489833407861e-36
1.902202489833407861e-36
1.902202489833407861e-36
1.902202489833407861e-36
1.902202489833407861e-36
1.902202489833407861e-36
1.902202489833407861e-36
1.902202489833407861e-36
1.902202489833407861e-36
1.902202489833407861e-36
1.902202489833407861e-36
1.902202489833407861e-36
1.902202489833407861e-36
1.902202489833407861e-36
1.902202489833407861e-36
1.902202489833407861e-36
1.902202489833407861e-36
1.902202489833407861e-36
1.902202489833407861e-36
1.902202489833407861e-36
1.902202489833407861e-36
1.902202489833407861e-36
1.902202489833407861e-36
1.902202489833407861e-36
1.902202489833407861e-36
1.902202489833407861e-36
1.902202489833407861e-36
1.902202489833407861e-36
1.902202489833407861e-36
1.902202489833407861e-36
1.902202489833407861e-36
1.902202489833407861e-36
1.902202489833407861e-36
1.902202489833407861e-36
1.902202489833407861e-36
1.902202489833407861e-36
1.902202489833407861e-36
1.902202489833407861e-36
1.902202489833407861e-36
1.902202489833407861e-36
