1.000000000000032419e+00
1.000000000000025979e+00
1.000000000000025979e+00
1.000000000000025979e+00
1.000000000000025979e+00
1.000000000000025979e+00
1.000000000000025979e+00
1.000000000000025535e+00
1.000000000000025757e+00
1.000000000000025757e+00
1.000000000000025535e+00
1.000000000000025313e+00
1.000000000000023093e+00
1.000000000000022871e+00
1.000000000000023093e+00
1.000000000000020206e+00
1.000000000000020206e+00
1.000000000000019984e+00
1.000000000000019984e+00
1.000000000000020206e+00
1.000000000000019984e+00
1.000000000000019984e+00
1.000000000000019984e+00
1.000000000000020206e+00
1.000000000000019984e+00
1.000000000000018874e+00
1.000000000000018874e+00
1.000000000000018874e+00
1.000000000000018874e+00
1.000000000000009770e+00
1.000000000000009548e+00
1.000000000000009548e+00
1.000000000000009548e+00
1.000000000000009548e+00
1.000000000000009548e+00
1.000000000000005329e+00
1.000000000000005551e+00
1.000000000000005551e+00
1.000000000000005551e+00
1.000000000000005329e+00
1.000000000000005551e+00
1.000000000000005551e+00
9.999999999999903411e-01
9.999999999999904521e-01
9.999999999999904521e-01
9.999999999999902300e-01
9.999999999999846789e-01
9.999999999999785727e-01
9.999999999999784617e-01
9.999999999999783507e-01
9.999999999999784617e-01
9.999999999998219202e-01
9.999999999997982725e-01
9.999999999997938316e-01
9.999999999997920552e-01
9.999999999997919442e-01
9.999999999997919442e-01
9.999999999997919442e-01
9.999999999997920552e-01
9.999999999997919442e-01
9.999999999988362642e-01
9.999999999986972643e-01
9.999999999986841637e-01
9.999999999986580734e-01
9.999999999986581845e-01
9.999999999986576293e-01
9.999999999986574073e-01
9.999999999927180472e-01
9.999999999927179362e-01
9.999999999924800154e-01
9.999999999922140059e-01
9.999999999922138949e-01
9.999999999921901361e-01
9.999999999921824756e-01
9.999999999921824756e-01
9.999999999921824756e-01
9.999999999921823646e-01
9.999999999610571511e-01
9.999999999586830501e-01
9.999999999580582166e-01
9.999999999579232135e-01
9.999999999579232135e-01
9.999999999578923493e-01
9.999999999578923493e-01
9.999999999578913501e-01
9.999999999578912391e-01
9.999999998036511739e-01
9.999999997905264504e-01
9.999999997888990855e-01
9.999999997871962254e-01
9.999999997871962254e-01
9.999999997871651392e-01
9.999999997871373836e-01
9.999999997871373836e-01
9.999999997871374946e-01
9.999999990617497447e-01
9.999999990617497447e-01
9.999999990142407480e-01
9.999999989983462401e-01
9.999999989983461290e-01
9.999999989956473989e-01
9.999999989949476253e-01
9.999999989949477364e-01
9.999999989949303059e-01
9.999999989949290846e-01
9.999999958305745285e-01
9.999999956812626323e-01
9.999999956812625213e-01
9.999999955604456092e-01
9.999999955487890446e-01
9.999999955487890446e-01
9.999999955456003731e-01
9.999999955456003731e-01
9.999999955455510792e-01
9.999999955455433076e-01
9.999999825040359891e-01
9.999999817897354815e-01
9.999999817897354815e-01
9.999999817897354815e-01
9.999999815187979868e-01
9.999999813788540415e-01
9.999999813788540415e-01
9.999999813774126389e-01
9.999999813747905142e-01
9.999999813747904032e-01
9.999999813747905142e-01
9.999999338517088221e-01
9.999999338517088221e-01
9.999999284500035168e-01
9.999999272256062666e-01
9.999999272256062666e-01
9.999999268334692770e-01
9.999999268031194433e-01
9.999999268031193322e-01
9.999999268016439569e-01
9.999999268016439569e-01
9.999999268016119824e-01
9.999997532782743948e-01
9.999997412216634629e-01
9.999997412216634629e-01
9.999997314641874135e-01
9.999997310208181833e-01
9.999997310208181833e-01
9.999997310208181833e-01
9.999997306272349062e-01
9.999997306272347952e-01
9.999997306261259045e-01
9.999997306255752338e-01
9.999991403607428886e-01
9.999990928931686840e-01
9.999990928931686840e-01
9.999990928931686840e-01
9.999990879961785373e-01
9.999990715917080886e-01
9.999990715917080886e-01
9.999990715917080886e-01
9.999990715649202944e-01
9.999990713069395465e-01
9.999990713069394355e-01
9.999990713069396575e-01
9.999990713069223380e-01
9.999971867633545841e-01
9.999970478756905479e-01
9.999970165140750211e-01
9.999970165140714684e-01
9.999969972931107565e-01
9.999969968386273056e-01
9.999969968386273056e-01
9.999969968386274166e-01
9.999969967268549365e-01
9.999969967261846948e-01
9.999969967261846948e-01
9.999913209403651360e-01
9.999910972555994260e-01
9.999910972555995370e-01
9.999908662940308890e-01
9.999908607132050875e-01
9.999908607132050875e-01
9.999908607132051985e-01
9.999908452721166796e-01
9.999908452721155694e-01
9.999908452527082048e-01
9.999908452195859221e-01
9.999747789614389371e-01
9.999740011123602335e-01
9.999740011123602335e-01
9.999740011123602335e-01
9.999739472633238924e-01
9.999736096323367240e-01
9.999736096323367240e-01
9.999736096323367240e-01
9.999736092112448960e-01
9.999736005470836187e-01
9.999736005470836187e-01
9.999736005470836187e-01
9.999736005470836187e-01
9.999736005469327393e-01
9.999336368711807532e-01
9.999288706712053942e-01
9.999285471850032359e-01
9.999285471848071705e-01
9.999281893700092683e-01
9.999281826166558362e-01
9.999281826166558362e-01
9.999281826166559473e-01
9.999281826166559473e-01
9.999281792127218127e-01
9.999281792070785491e-01
9.999281792070785491e-01
9.998260900882902646e-01
9.998233623476444620e-01
9.998233623476444620e-01
9.998161678741063207e-01
9.998160880920331506e-01
9.998160880920331506e-01
9.998160880920331506e-01
9.998158214636773122e-01
9.998158214636304608e-01
9.998158213053480736e-01
9.998158203729616833e-01
9.996266553414582257e-01
9.995631246004170745e-01
9.995631246004170745e-01
9.995631246004165193e-01
9.995623166807816595e-01
9.995530813462958353e-01
9.995530813462958353e-01
9.995530813462958353e-01
9.995530813462959463e-01
9.995530780255730274e-01
9.995529389378549068e-01
9.995529389378486895e-01
9.995529389378486895e-01
9.995529389378486895e-01
9.995529389371188289e-01
9.990790291348059515e-01
9.989853759791245125e-01
9.989809248049132950e-01
9.989809247991922048e-01
9.989721341602022520e-01
9.989720831657125100e-01
9.989720831657125100e-01
9.989720831657125100e-01
9.989720831657125100e-01
9.989720831657125100e-01
9.989720326465529876e-01
9.989720326201687595e-01
9.989720326201687595e-01
9.979248922912941078e-01
9.978806684873153809e-01
9.978806684873154920e-01
9.977726477406740901e-01
9.977720853381469857e-01
9.977720853381469857e-01
9.977720853381469857e-01
9.977662428481399726e-01
9.977662428469824540e-01
9.977662421547853766e-01
9.977662297300935457e-01
9.959690626068129493e-01
9.955288740534382619e-01
9.955288740534382619e-01
9.955288740534382619e-01
9.955288740534355973e-01
9.955235161220008511e-01
9.954125503475191872e-01
9.954125503475191872e-01
9.954125503475191872e-01
9.954125503475192982e-01
9.954125375670780373e-01
9.954099511533351929e-01
9.954099511532064071e-01
9.954099511532064071e-01
9.954099511532064071e-01
9.954099511494538532e-01
9.916784098460992292e-01
9.911750552934465164e-01
9.911513739010583413e-01
9.911513738396485751e-01
9.910680101782203266e-01
9.910678468787278428e-01
9.910678468787278428e-01
9.910678468787279538e-01
9.910678468787279538e-01
9.910678468787279538e-01
9.910670946276717297e-01
9.910670945146302646e-01
9.910670945146302646e-01
9.842133656285247945e-01
9.840563116013582023e-01
9.840563116013577583e-01
9.835550313968249858e-01
9.835535284576506498e-01
9.835535284576506498e-01
9.835535284576505388e-01
9.835535284576505388e-01
9.835096597158783371e-01
9.835096597064527657e-01
9.835096572565245054e-01
9.835095110196143686e-01
9.749488876099162704e-01
9.715077285704485366e-01
9.715077285704485366e-01
9.715077285704485366e-01
9.715077285704435406e-01
9.714959449879896347e-01
9.710522480417403957e-01
9.710522480417403957e-01
9.710522480417403957e-01
9.710522480417403957e-01
9.710522480417401736e-01
9.710522087963134874e-01
9.710360682446221858e-01
9.710360682437637614e-01
9.710360682437637614e-01
9.710360682437637614e-01
9.710360682371386165e-01
9.553335374637934585e-01
9.519132751954060279e-01
9.518637793250933621e-01
9.518637787070280964e-01
9.515635961537569631e-01
9.515631323850474166e-01
9.515631323850474166e-01
9.515631323850475276e-01
9.515631323850475276e-01
9.515631323850475276e-01
9.515589507746986531e-01
9.515589505890519328e-01
9.515589505890519328e-01
9.515589505890519328e-01
9.265236513579161448e-01
9.260876898975395344e-01
9.260876898975372029e-01
9.230648915122245945e-01
9.230607793751428591e-01
9.230607793751428591e-01
9.230607793751428591e-01
9.230607793751428591e-01
9.229131862437118805e-01
9.229131861568574680e-01
9.229131822601744917e-01
9.229124256308514074e-01
9.015512852129825561e-01
8.854824416520924446e-01
8.854824416520924446e-01
8.854824416520924446e-01
8.854824416520860053e-01
8.854459345658500791e-01
8.830951094987388172e-01
8.830951094987388172e-01
8.830951094987388172e-01
8.830951094987388172e-01
8.830951094987387062e-01
8.830950485966521102e-01
8.830439022491129997e-01
8.830439022491129997e-01
8.830439022417809758e-01
8.830439022417809758e-01
8.830439022351305178e-01
8.454330781241586878e-01
8.319653272522875564e-01
8.318238787739627993e-01
8.318238753407594110e-01
8.303945552834457455e-01
8.303938569028039840e-01
8.303938569028039840e-01
8.303938569028040950e-01
8.303938569028040950e-01
8.303938569028040950e-01
8.303938569028040950e-01
8.303814513540630493e-01
8.303814511727918291e-01
8.303814511727918291e-01
8.303814511727918291e-01
7.764488637317439323e-01
7.749026964655397753e-01
7.653246584644735062e-01
7.653246584644644024e-01
7.653186019859335998e-01
7.653186019859335998e-01
7.653186019859334888e-01
7.653186019859334888e-01
7.646805679343049444e-01
7.646805675240698763e-01
7.646805638723842558e-01
7.646784885984487801e-01
7.206093643676978466e-01
6.935648259989368736e-01
6.935648259989368736e-01
6.935648259989368736e-01
6.935648259989278808e-01
6.935089414210819925e-01
6.874353796449234055e-01
6.874353796449234055e-01
6.874353796449234055e-01
6.874353796449234055e-01
6.874353796449227394e-01
6.874353266934234430e-01
6.874353266934234430e-01
6.872390575635164423e-01
6.872390575635164423e-01
6.872390575330064033e-01
6.872390575330064033e-01
6.872390575256960288e-01
6.213037975770916432e-01
6.038874882906033470e-01
6.038874882906033470e-01
6.037102396325242371e-01
6.037102311809997568e-01
6.007304059791566120e-01
6.007298771651765623e-01
6.007298771651765623e-01
6.007298771651765623e-01
6.007298771651765623e-01
6.007298771651765623e-01
6.007298771651765623e-01
6.006898362179112771e-01
6.006898360439262285e-01
6.006898360439262285e-01
6.006898360439262285e-01
5.215373106430422068e-01
5.203113785255862878e-01
5.101659969446195042e-01
5.101659969445894172e-01
5.101620894865011024e-01
5.101620894865011024e-01
5.101620894865009914e-01
5.101620894865009914e-01
5.091029419954018476e-01
5.091029412322919390e-01
5.091029382957662497e-01
5.090975387781557782e-01
4.646858913407582725e-01
4.229029971895073570e-01
4.229029971895073570e-01
4.229029971895073570e-01
4.229029971895036377e-01
4.228752524094448462e-01
4.174417153256488877e-01
4.174417153256488877e-01
4.174417153256488877e-01
4.174417153256488877e-01
4.174417153256473334e-01
4.174416791790233061e-01
4.174416791790233061e-01
4.171768882086587249e-01
4.171768882086587249e-01
4.171768881630030790e-01
4.171768881630030790e-01
4.171768881600540491e-01
3.571778671917429926e-01
3.320625769203672806e-01
3.320625769203672806e-01
3.319789850157440214e-01
3.319789677426099872e-01
3.296204013307308389e-01
3.296200779280277215e-01
3.296200779280277215e-01
3.296200779280277215e-01
3.296200779280277215e-01
3.296200779280277215e-01
3.296200779280277215e-01
3.295734672892982053e-01
3.295734672263531118e-01
3.295734672263530562e-01
3.295734672263530562e-01
2.655009184342833617e-01
2.646732651393396973e-01
2.513956093140771175e-01
2.513956093140359283e-01
2.513933368367349264e-01
2.513933368367349264e-01
2.513933368367349264e-01
2.513933368367348709e-01
2.513933368367348709e-01
2.506167753487842931e-01
2.506167739124953164e-01
2.506167728999347255e-01
2.506110007125387229e-01
2.282899257665652326e-01
1.896858035161662071e-01
1.896858035161662071e-01
1.896858035161662071e-01
1.896858035161650136e-01
1.896659415250241953e-01
1.833954529978280013e-01
1.833954529978280013e-01
1.833954529978280013e-01
1.833954529978280013e-01
1.833954529978280013e-01
1.833954529978259751e-01
1.833954407577860768e-01
1.833954407577860768e-01
1.832115350836253653e-01
1.832115350836253653e-01
1.832115350034122514e-01
1.832115350034122514e-01
1.832115350027406220e-01
1.523888555087532515e-01
1.523888555087532515e-01
1.309903570575270126e-01
1.309903570575270126e-01
1.309353302984775647e-01
1.309353092944371966e-01
1.285084939240594970e-01
1.285083862316495074e-01
1.285083862316495074e-01
1.285083862316495074e-01
1.285083862316495074e-01
1.285083862316495074e-01
1.285083862316495074e-01
1.284778256758375981e-01
1.284778256617980507e-01
1.284778256617980230e-01
1.284778256617980230e-01
9.734895043229699341e-02
9.668987808072472545e-02
9.668987808039261611e-02
8.702833073524063323e-02
8.702755959988303647e-02
8.702755959988303647e-02
8.702755959988303647e-02
8.702755959988302259e-02
8.702755959988302259e-02
8.630429787467462643e-02
8.630429644144814449e-02
8.630429622200323780e-02
8.630075646083665286e-02
7.582415569665791610e-02
5.947279551138885678e-02
5.947279551138885678e-02
5.947279551138885678e-02
5.947279551138844739e-02
5.946527517511621813e-02
5.566518021739122468e-02
5.566518021739122468e-02
5.566518021739122468e-02
5.566518021739122468e-02
5.566518021739122468e-02
5.566518021738806055e-02
5.566517766016520347e-02
5.566517766016520347e-02
5.551012271775102036e-02
5.551012264527217799e-02
5.551012264527217799e-02
5.551012264527217799e-02
5.551012264510640087e-02
4.264934576568422259e-02
4.264934576568422259e-02
3.538041440693696915e-02
3.538041440693696915e-02
3.536293332520772797e-02
3.536292034381029181e-02
3.415517402681658016e-02
3.415515360313337023e-02
3.415515360313337023e-02
3.415515360313337023e-02
3.415515360313337023e-02
3.415515360313337023e-02
3.415515360313337023e-02
3.413260007294597470e-02
3.413260006978554445e-02
3.413260006978548200e-02
3.413260006978548200e-02
2.307573986069107186e-02
2.294375937155918033e-02
2.294375937134539994e-02
2.033189114527219829e-02
2.033176118714031047e-02
2.033176118714031047e-02
2.033176118714031047e-02
2.033176118714031047e-02
2.033176118714031047e-02
2.004169437058149136e-02
2.004169371054239160e-02
2.004169366782506886e-02
2.004169366782506886e-02
2.004169366782506886e-02
2.003951757648247262e-02
1.763684247223878954e-02
1.213213342067073937e-02
1.213213342067073937e-02
1.213213342067073937e-02
1.213213342067069773e-02
1.213120746876112342e-02
1.128911476027051261e-02
1.128911476027051261e-02
1.128911476027051261e-02
1.128911476027051261e-02
1.128911476027051261e-02
1.128911476026863564e-02
1.128911433772984522e-02
1.128911433772984522e-02
1.123903794969546149e-02
1.123903792287643533e-02
1.123903792287643533e-02
1.123903792287643533e-02
1.123903792285978719e-02
8.565487927268401053e-03
8.565487927268401053e-03
6.258965446597189800e-03
6.258965446597189800e-03
6.256966438592720392e-03
6.256960524946136686e-03
6.026088331822319379e-03
6.026085397681468954e-03
6.026085397681468954e-03
6.026085397681468954e-03
6.026085397681468954e-03
6.026085397681468954e-03
6.026085397681468954e-03
6.019981422810887634e-03
6.019981422534816801e-03
6.019981422534787310e-03
6.019981422534787310e-03
3.935304808526242197e-03
3.913662636711839546e-03
3.913662636612237795e-03
3.132501036360776144e-03
3.132501036360776144e-03
3.132483775720254233e-03
3.132483775720254233e-03
3.132483775720253799e-03
3.132483775720253799e-03
3.082004960565988896e-03
3.082004683901390114e-03
3.082004680436167647e-03
3.082004680436167647e-03
3.082004680436167647e-03
3.081477545538124224e-03
2.819708643694826371e-03
1.745923700692682615e-03
1.745923700692682615e-03
1.745923700692682615e-03
1.745923700692679145e-03
1.745761654216025725e-03
1.517313743080355012e-03
1.517313743080355012e-03
1.517313743080355012e-03
1.517313743080355012e-03
1.517313743080355012e-03
1.517313743079813128e-03
1.517313709439264665e-03
1.517313709439264665e-03
1.509070683303423335e-03
1.509070672855770175e-03
1.509070672855770175e-03
1.509070672855770175e-03
1.509070672854851856e-03
1.203512644244910572e-03
1.203512644244910572e-03
7.633116966045296178e-04
7.633116966045296178e-04
7.629896551701418218e-04
7.629879006758310276e-04
7.069726069985236491e-04
7.069723732026058022e-04
7.069723732026058022e-04
7.069723732026058022e-04
7.069723732026058022e-04
7.069723732026058022e-04
7.069723732026058022e-04
7.069723732026058022e-04
7.060152475468494965e-04
7.060152475317802790e-04
7.060152475317726896e-04
7.060152475317726896e-04
4.671599568935527616e-04
4.633058826938834911e-04
4.633058826375880822e-04
3.264128595128568751e-04
3.264128595128568751e-04
3.264128595128568751e-04
3.264113948619006933e-04
3.264113948619006933e-04
3.264113948619006933e-04
3.153975299352560261e-04
3.153975299352560261e-04
3.153974659130603323e-04
3.153974657269270512e-04
3.153974657269270512e-04
3.153974657269270512e-04
3.153194743386975463e-04
2.864515765971440667e-04
1.709686277131533137e-04
1.709686277131533137e-04
1.709686277131533137e-04
1.709686277131530427e-04
1.709528943782310476e-04
1.709528943782310476e-04
1.362089484216901360e-04
1.362089484216901360e-04
1.362089484216901360e-04
1.362089484216901360e-04
1.362089484214884744e-04
1.362089466219723176e-04
1.362089466219723176e-04
1.345746973777388789e-04
1.345746951651460312e-04
1.345746951651460312e-04
1.345746951651460312e-04
1.345746951651460312e-04
1.345746951650923090e-04
1.030163408747217777e-04
6.209885057016615337e-05
6.209885057016615337e-05
6.207168111134876796e-05
6.207138748611502172e-05
5.490393062810915392e-05
5.490391891265701172e-05
5.490391891265701172e-05
5.490391891265701172e-05
5.490391891265701172e-05
5.490391891265701172e-05
5.490391891265701172e-05
5.473347378820942269e-05
5.473347378820942269e-05
5.473347378737694515e-05
5.473347378737445826e-05
5.473347378737445826e-05
3.288250611687100949e-05
3.266823416273987744e-05
3.266823415310383412e-05
2.230795819037973405e-05
2.230795819037973405e-05
2.230795819037973405e-05
2.230788927044282771e-05
2.230788927044282771e-05
2.230788927044282771e-05
2.115382590659044843e-05
2.115382590659044843e-05
2.115381807199174242e-05
2.115381806274563918e-05
2.115381806274563918e-05
2.115381806274563918e-05
2.114184826358537009e-05
1.018160158981583821e-05
1.001824386596385345e-05
1.001824386596385345e-05
1.001824386596385345e-05
1.001824386596384329e-05
1.001824386596384329e-05
1.001771112635150231e-05
7.906414807453668566e-06
7.906414807453668566e-06
7.906414807453668566e-06
7.906414807422736617e-06
7.906414807422736617e-06
7.906414807422736617e-06
7.906414729910817682e-06
7.906414729910817682e-06
7.768525468940042127e-06
7.768525249813174326e-06
7.768525249813174326e-06
7.768525249813174326e-06
7.768525249813174326e-06
7.768525249811734370e-06
6.161550443878520894e-06
3.101889120612211937e-06
3.101068235207238804e-06
3.101068235207238804e-06
3.101035296638140398e-06
2.737813736589640098e-06
2.737813307891646551e-06
2.737813307891646551e-06
2.737813307891646551e-06
2.737813307891646551e-06
2.737813307891646551e-06
2.737813307891646551e-06
2.726013575559047715e-06
2.726013575559047715e-06
2.726013575558745748e-06
2.726013575539660401e-06
2.726013575539660401e-06
1.715215505822601687e-06
1.706665378500564163e-06
1.706665377405460888e-06
9.721765624469946222e-07
9.721765624469946222e-07
9.721765624469946222e-07
9.721743236802793851e-07
9.721743236802793851e-07
9.721743236802793851e-07
9.721743236802793851e-07
9.202239119995918562e-07
9.202231116056790349e-07
9.202231116056790349e-07
9.202231114138901293e-07
9.202231114138901293e-07
9.202231114138901293e-07
9.195000126045805513e-07
4.539838941862612050e-07
4.476427251112000093e-07
4.476427251112000093e-07
4.476427251112000093e-07
4.476427251112000093e-07
4.476427251111998505e-07
4.476193655537687071e-07
3.056681379753400970e-07
3.056681379753399382e-07
3.056681379753399382e-07
3.056681379730516258e-07
3.056681379730516258e-07
3.056681379730516258e-07
3.056681379730516258e-07
3.056681364044937794e-07
2.998006390715042580e-07
2.998006183877554735e-07
2.998006183877554735e-07
2.998006183877554735e-07
2.998006183877554735e-07
2.558898913313845134e-07
2.558898913313704315e-07
1.175812161590899815e-07
1.175470911445959881e-07
1.175470911445959881e-07
1.175444671209853788e-07
9.477243062138918813e-08
9.477242168859761996e-08
9.477242168859761996e-08
9.477242168859761996e-08
9.477242168859761996e-08
9.477242168859761996e-08
9.477242168859761996e-08
9.477242168859761996e-08
9.428219691202239029e-08
9.428219691200112182e-08
9.428219691200112182e-08
9.428219691172154801e-08
9.428219691172154801e-08
6.497008930098322901e-08
6.461948056667892374e-08
6.461948042321306240e-08
3.160201334249017691e-08
3.160201334249017691e-08
3.160201334249017691e-08
3.160196038730194509e-08
3.160196038730194509e-08
3.160196038730194509e-08
3.160196038730194509e-08
2.859462448325695785e-08
2.859457534374019665e-08
2.859457534374019665e-08
2.859457534087810541e-08
2.859457534087810541e-08
2.859457534087810541e-08
2.856527136385172930e-08
1.497952939615797569e-08
1.471148240462002219e-08
1.471148240462002219e-08
1.471148240462002219e-08
8.697975880489813795e-09
8.697975880489813795e-09
8.697822187421821229e-09
8.697822187421821229e-09
8.697822187421814611e-09
8.697822187421814611e-09
8.697822187421814611e-09
8.697822187188642323e-09
8.697822187188642323e-09
8.697822187188642323e-09
8.697822162618147162e-09
8.381721156397583434e-09
8.381719958629812653e-09
8.381719958629812653e-09
8.381719958629812653e-09
8.381719958629812653e-09
7.130958801406525901e-09
7.130958801406296772e-09
3.271848590374426771e-09
3.270995387290894483e-09
3.270995387290894483e-09
3.270859434335950654e-09
2.401433791797892134e-09
2.401433791797892134e-09
2.401433655406937185e-09
2.401433655406937185e-09
2.401433655406937185e-09
2.401433655406937185e-09
2.401433655406937185e-09
2.401433655406937185e-09
2.401433655406937185e-09
2.376655813093185744e-09
2.376655813091268339e-09
2.376655813091268339e-09
2.376655813091268339e-09
2.376655813086851195e-09
1.575875898670135812e-09
1.575875890834060102e-09
1.569583923148697496e-09
7.471849346423455700e-10
7.471849346423455700e-10
7.471849346423455700e-10
7.471841093460354597e-10
7.471841093460354597e-10
7.471841093460354597e-10
7.471841093460354597e-10
6.471434851292570159e-10
6.471415455492972029e-10
6.471415455492972029e-10
6.471415455492972029e-10
6.471415455057839872e-10
6.471415455057839872e-10
6.457802690331010138e-10
3.082535314589403263e-10
3.039743767446220203e-10
3.039743767446220203e-10
3.039743767446220203e-10
3.039743767446199006e-10
1.769267461310950203e-10
1.769267461310950203e-10
1.769246744019298949e-10
1.769246744019298949e-10
1.769246744019298949e-10
1.769246744019298949e-10
1.769246743900180030e-10
1.769246743900180030e-10
1.769246743900180030e-10
1.769246740425727032e-10
1.680299070126958443e-10
1.680298666308775222e-10
1.680298666308775222e-10
1.680298666308775222e-10
1.680298666308775222e-10
1.478104366774087553e-10
1.478104366774064805e-10
5.820456000947842892e-11
5.819555000400211302e-11
5.819555000400211302e-11
5.819051538128443289e-11
5.819051538128443289e-11
4.266778251352830224e-11
4.266778084594739970e-11
4.266778084594739970e-11
4.266778084594739970e-11
4.266778084594739970e-11
4.266778084594739970e-11
4.266778084594739970e-11
4.266778084594739970e-11
4.208095906555645732e-11
4.208095906547750681e-11
4.208095906547750681e-11
4.208095906547750681e-11
4.208095906544233871e-11
3.010809639146379300e-11
3.010809611469696656e-11
3.002940179743381017e-11
1.192387424461412665e-11
1.192387424461412665e-11
1.192387424461412665e-11
1.192387424461412665e-11
1.192386542391837607e-11
1.192386542391837607e-11
1.033670150760830613e-11
1.033670150760830613e-11
1.033663543063095493e-11
1.033663543063095493e-11
1.033663543063095493e-11
1.033663543031584274e-11
1.033663543031584274e-11
1.030820429099115989e-11
5.503330528719918898e-12
5.448725111375674093e-12
5.448725111375674093e-12
5.448725111375674093e-12
5.448725111375569887e-12
5.448725111375569887e-12
2.665294498818226707e-12
2.665272060544595106e-12
2.665272060544595106e-12
2.665272060544595106e-12
2.665272060544595106e-12
2.665272060230105318e-12
2.665272060230105318e-12
2.665272060230105318e-12
2.665272057753954291e-12
2.528536926265461826e-12
2.528535622799872385e-12
2.528535622799872385e-12
2.528535622799872385e-12
2.528535622799872385e-12
2.528535622799872385e-12
2.337798183015669882e-12
2.337798183015656150e-12
9.857595018118550671e-13
9.856287816862598362e-13
9.854815781985019036e-13
9.854815781985019036e-13
9.854815781985019036e-13
6.354642292537419848e-13
6.354642292537419848e-13
6.354642163212229476e-13
6.354642163212228466e-13
6.354642163212228466e-13
6.354642163212228466e-13
6.354642163212228466e-13
6.354642163212228466e-13
6.259411496899983276e-13
6.259411496878383886e-13
6.259411496878383886e-13
6.259411496876333100e-13
6.259411496876333100e-13
4.972052968748430559e-13
4.972052849801186284e-13
4.961380952626214790e-13
4.961380952626214790e-13
1.941176472475698821e-13
1.941176472475698821e-13
1.941176472475698821e-13
1.941175595047500136e-13
1.941175595047500136e-13
1.565810446095536435e-13
1.565793667752026819e-13
1.565793667752026819e-13
1.565793667752026819e-13
1.565793667752026819e-13
1.565793667731271321e-13
1.565793667731271321e-13
1.560691431071658522e-13
9.569381082470413443e-14
9.478617752483832961e-14
9.478617752483832961e-14
9.478617752483832961e-14
9.478617752483398772e-14
9.478617752483398772e-14
4.293424343963328011e-14
4.293400864590001449e-14
4.293400864590001449e-14
4.293400864590001449e-14
4.293400864590001449e-14
4.293400864590001449e-14
4.293400863106453222e-14
4.293400863106453222e-14
3.948118022181356430e-14
3.948118022181356430e-14
3.948118020526450575e-14
3.948114384615792567e-14
3.948114384615792567e-14
3.948114384615792567e-14
3.948114384615792567e-14
3.686642098717817576e-14
3.686642098717817576e-14
1.753637041298040065e-14
1.753637041298037857e-14
1.753469978035106674e-14
1.753064419109078130e-14
1.753064419109078130e-14
1.753064419109078130e-14
1.043247568570982124e-14
1.043247568570982124e-14
1.043247557420486240e-14
1.043247557420486240e-14
1.043247557420485767e-14
1.043247557420485767e-14
1.043247557420485767e-14
1.043247557420485767e-14
1.043247557409385232e-14
1.043247557409385232e-14
1.016961468221853319e-14
1.016961468221675352e-14
1.016961468221675352e-14
1.016961409070439841e-14
8.170169160160240671e-15
8.170169160160240671e-15
8.158585537754323554e-15
3.462211273943123675e-15
3.462211273943123675e-15
3.462211273943123675e-15
3.462210366795937540e-15
3.462136048693073045e-15
2.655409526293840332e-15
2.655409526293840332e-15
2.655409526293840332e-15
2.655409526293840332e-15
2.655409526293840332e-15
2.655409526273619855e-15
2.639941272517029758e-15
2.639941272517029758e-15
1.610317796606365455e-15
1.599614399044989379e-15
1.599614399044989379e-15
1.599614399044989379e-15
1.599614399044754693e-15
1.599614399044754693e-15
7.606741040122391016e-16
7.606741040122391016e-16
7.606741040122391016e-16
7.606716588851191429e-16
7.606716588851191429e-16
7.606716588851191429e-16
7.606716583051359836e-16
7.606716583051359836e-16
6.845272680484360212e-16
6.845272678769862739e-16
6.845272678769862739e-16
6.845262767557190858e-16
6.845262767557190858e-16
6.845262767557190858e-16
6.845262767557190858e-16
6.510744738962630259e-16
2.977322111992460743e-16
2.977322111992460743e-16
2.977322111992458771e-16
2.977322111992458771e-16
2.976054710603305193e-16
2.975895950013520029e-16
2.975895950013520029e-16
1.824929988902125423e-16
1.824929988902125423e-16
1.824929977049787131e-16
1.824929977049787131e-16
1.824929977049785159e-16
1.824929977049785159e-16
1.824929977049785159e-16
1.824929977007463017e-16
1.824929977007463017e-16
1.767280910892154430e-16
1.767280910892154430e-16
1.767280910892020323e-16
1.767280910892020323e-16
1.767280748123795319e-16
1.767280748123795319e-16
1.498449903821514866e-16
1.497163876308679860e-16
5.918075798338354859e-17
5.918075798338354859e-17
5.918075798338354859e-17
5.918075798338354859e-17
5.918074876786906325e-17
5.917838249068605739e-17
4.607040486112085593e-17
4.607040486112085593e-17
4.607040486112085593e-17
4.607040486112085593e-17
4.607040486112085593e-17
4.607040486096832228e-17
4.573394807892224351e-17
4.573394807892224351e-17
4.573394807892224351e-17
3.111851105437584835e-17
3.098557257351276576e-17
3.098557257351276576e-17
3.098557257350174636e-17
3.098557257350174636e-17
3.098557257350174636e-17
1.337264881336808689e-17
1.337264881336808689e-17
1.337262245549357842e-17
1.337262245549357842e-17
1.337262245549357842e-17
1.337262243900797092e-17
1.337262243900797092e-17
1.207720037041931773e-17
1.207720036907855463e-17
1.207720036907855463e-17
1.207716667833331759e-17
1.207716667833331759e-17
1.207716667833331759e-17
1.172432186797928816e-17
1.172432186797928816e-17
6.143500327627311922e-18
6.143500327627311922e-18
6.143500327627311152e-18
6.143500327627311152e-18
6.139580861748117432e-18
6.139345425450698768e-18
6.139345425450698768e-18
3.405126770901541571e-18
3.405126770901541571e-18
3.405126760525572425e-18
3.405126760525572425e-18
3.405126760525563565e-18
3.405126760525563565e-18
3.405126760390093653e-18
3.295067589950709404e-18
3.295067589950709404e-18
3.295067589950709404e-18
3.295067589950709404e-18
3.295067589950615034e-18
3.295067589950615034e-18
3.295066971751129247e-18
3.295066971751129247e-18
2.965336761328593892e-18
2.965336761328593892e-18
2.963581899999394164e-18
1.295067808577459027e-18
1.295067808577459027e-18
1.295067697608397415e-18
1.295067697608397415e-18
1.294985344289811609e-18
9.354671410871797899e-19
9.354671410871797899e-19
9.354671410871797899e-19
9.354671410871797899e-19
9.354671410871797899e-19
9.354671410858938465e-19
9.278586598463037171e-19
9.278586598463037171e-19
9.278586598463037171e-19
7.045584022235567065e-19
7.045584022235567065e-19
7.045584022235567065e-19
7.021808587715815798e-19
7.021808587710612898e-19
7.021808587710612898e-19
3.093073520317625554e-19
3.093073520317625554e-19
3.093069973710918210e-19
3.093069973710918210e-19
3.093069964065588529e-19
3.093069964065588529e-19
3.093069964065588529e-19
3.093069964065588529e-19
2.682293863845453428e-19
2.682293863710225220e-19
2.682281784495622071e-19
2.682281784495622071e-19
2.682281784495622071e-19
2.682281784495622071e-19
2.682281784495622071e-19
2.621206805214703631e-19
1.564292973593288558e-19
1.564292973593288558e-19
1.564292973593288076e-19
1.562898011814737368e-19
1.562898011814737368e-19
1.562859645889258973e-19
1.562859645889258973e-19
8.357936373624531641e-20
8.357936373624531641e-20
8.357936373624531641e-20
8.357936373624531641e-20
8.357936360842180341e-20
8.357936360842133396e-20
8.357936360842133396e-20
8.357936359949655052e-20
7.955344794415587671e-20
7.955344794415587671e-20
7.955344794415587671e-20
7.955344794415587671e-20
7.955344794415587671e-20
7.955344794415478134e-20
7.955342175227298649e-20
7.955342175227298649e-20
7.955342175227298649e-20
7.274503155447403442e-20
7.274503155447403442e-20
3.544844846526895345e-20
3.544213966419185898e-20
3.543875300810112132e-20
3.543875130901966414e-20
3.543875130901966414e-20
2.448119331257808393e-20
2.448119331257808393e-20
2.448119331257808393e-20
2.448119331257808393e-20
2.448119331257808393e-20
2.448119331256075658e-20
2.416114359147801043e-20
2.416114359147800742e-20
2.416114359147800742e-20
2.416114359147800742e-20
1.876262916281996495e-20
1.876262916277933384e-20
1.876262916277933384e-20
1.876262916277933384e-20
1.872018114728325194e-20
8.802814572764001345e-21
8.802814572764001345e-21
8.802814572764001345e-21
8.802814515977311447e-21
8.802808642171091025e-21
8.802808642171091025e-21
8.802808642171091025e-21
7.425506363394466569e-21
7.425506363394466569e-21
7.425506363394466569e-21
7.425455532576757149e-21
7.425455532372823738e-21
7.425455532372823738e-21
7.425455532372823738e-21
7.425455532372823738e-21
7.306930985531488063e-21
4.410679543354394681e-21
4.410679543354394681e-21
4.403838324062084171e-21
4.403838324062084171e-21
4.403838324062084171e-21
4.403838324062084171e-21
4.403776037874837482e-21
4.403776037874837482e-21
2.425636652594047863e-21
2.425636652594047863e-21
2.425636652594047863e-21
2.425636652594004228e-21
2.425636650475388378e-21
2.425636650475388378e-21
2.425636649928984750e-21
2.282944601217168200e-21
2.282944601217168200e-21
2.282944601217168200e-21
2.282944601217168200e-21
2.282944601217168200e-21
2.282943416843906809e-21
2.282943416843906809e-21
2.282943416843893267e-21
2.282943416843893267e-21
2.138505504163044343e-21
2.138505504163044343e-21
1.028949847467687011e-21
1.028841151657786894e-21
1.028841151657786894e-21
1.028665003488483374e-21
7.182197929233173119e-22
7.182197791905005507e-22
7.182197791905005507e-22
7.182197791905005507e-22
7.182197791905005507e-22
7.182197791905005507e-22
7.182197791902773008e-22
7.065347390357214780e-22
7.065347390357214780e-22
7.065347390357212899e-22
7.065347390357212899e-22
7.065347390357212899e-22
7.065347390315332386e-22
5.831478683303648423e-22
5.823087447367246041e-22
5.823087447367246041e-22
5.823087447367246041e-22
2.620907190945218239e-22
2.620907163304057737e-22
2.620906138673024766e-22
2.620906138673024766e-22
2.620906138673024766e-22
2.620906138673024766e-22
2.620906138673024766e-22
2.214104846636622494e-22
2.214104846636622494e-22
2.214076949995419791e-22
2.214076949995419791e-22
2.214076949968274805e-22
2.214076949968274805e-22
2.214076949968274805e-22
2.214076949968274805e-22
2.192394818762342578e-22
1.466034172968079637e-22
1.462819746229115354e-22
1.462819746229115354e-22
1.462819746229115354e-22
1.462819746229115354e-22
1.462819746229115354e-22
1.462806222380734373e-22
1.462806222380734373e-22
7.523067864593127462e-23
7.523067864593127462e-23
7.523067864593127462e-23
7.523067864592823009e-23
7.523067864592823009e-23
7.523067861541715750e-23
7.523067858655681987e-23
7.067266296420151951e-23
7.067266296420151951e-23
7.067266296420151951e-23
7.067266296420151951e-23
7.067266296420151951e-23
7.067266296420151951e-23
7.067259290202317120e-23
7.067259290202317120e-23
7.067259290202301839e-23
6.777500529427001446e-23
6.777500529427001446e-23
3.644945111116147141e-23
3.644676695487026337e-23
3.644676695487026337e-23
3.643736033183377291e-23
2.375630376950470630e-23
2.375630354456329458e-23
2.375630354456329458e-23
2.375630354456329458e-23
2.375630354456329458e-23
2.375630354456329458e-23
2.375630354456024711e-23
2.375630354456024711e-23
2.333166958057488958e-23
2.333166958057487489e-23
2.333166958057487489e-23
2.333166958057487489e-23
2.333166958032410668e-23
2.041497052717088317e-23
2.039472411639692522e-23
2.039472411639692522e-23
2.039472411639692522e-23
9.823578290022023662e-24
9.823578050317908994e-24
9.823578050317908994e-24
9.823575895202737627e-24
9.823575895202737627e-24
9.823575895202737627e-24
9.823575895202737627e-24
9.823575895202737627e-24
7.921648703683196486e-24
7.921496734394689348e-24
7.921496734394689348e-24
7.921496734351388544e-24
7.921496734351388544e-24
7.921496734351388544e-24
7.921496734351388544e-24
7.921496734351388544e-24
7.866722152163127338e-24
5.769438703961622522e-24
5.752887150553828426e-24
5.752887150553828426e-24
5.752887150553828426e-24
5.752887150553828426e-24
5.752855835093140080e-24
2.974548778597675682e-24
2.974548778597675682e-24
2.974548778597675682e-24
2.974548778597413768e-24
2.974548778597413768e-24
2.974548778597413768e-24
2.974548778003010355e-24
2.974548775217937304e-24
2.731687888516691615e-24
2.731687888516691615e-24
2.731687888516691615e-24
2.731687888516691615e-24
2.731687888516691615e-24
2.731683433856503912e-24
2.731683433856503912e-24
2.731683433856503912e-24
2.731683433856500606e-24
2.645650188872498333e-24
1.569206908275719138e-24
1.569206908275719138e-24
1.569132424036741655e-24
1.569132424036741655e-24
1.568552411779552998e-24
9.941013321957951800e-25
9.941013272873414593e-25
9.941013272873414593e-25
9.941013272873414593e-25
9.941013272873414593e-25
9.941013272873414593e-25
9.941013272873414593e-25
9.941013272873399899e-25
9.941013272873399899e-25
9.941013272872795622e-25
9.683887007463903093e-25
9.683887007463903093e-25
9.683887007197236689e-25
8.671955070060151964e-25
8.671955070060151964e-25
8.666483547842850775e-25
4.478772303271431510e-25
4.478772303271431510e-25
4.478772303271431510e-25
4.478772091227421845e-25
4.478771532987663586e-25
4.478771532987663586e-25
4.478771532987663586e-25
4.478771532987663586e-25
4.478771532987663586e-25
3.512014028895093525e-25
3.511914652345091594e-25
3.511914652345091594e-25
3.511914652335446112e-25
3.511914652335446112e-25
3.511914652335446112e-25
3.511914652335446112e-25
3.511914652335446112e-25
3.490601894785649092e-25
3.474641079780590883e-25
2.640392145392274848e-25
2.640392145392274848e-25
2.640392145392274848e-25
2.640392145392274848e-25
2.640383924921612409e-25
1.407031994385469534e-25
1.407031994385469534e-25
1.407031994385469534e-25
1.407031994385108391e-25
1.407031994385108391e-25
1.407031994385108391e-25
1.407031991733103595e-25
1.407031991582375832e-25
1.272462092468821899e-25
1.272462092468821899e-25
1.272462092468821899e-25
1.272462092468821899e-25
1.272458876643426851e-25
1.272458876643426851e-25
1.272458876643426851e-25
1.272458876643426851e-25
1.272458876643426392e-25
1.244241366793941833e-25
7.610740198986014832e-26
7.610740198986014832e-26
7.610521856815252609e-26
7.610521856815252609e-26
7.605766183890313801e-26
4.835392427100809140e-26
4.835392427100809140e-26
4.835392413939673052e-26
4.835392413939673052e-26
4.835392413939673052e-26
4.835392413939673052e-26
4.835392413939673052e-26
4.835392413939673052e-26
4.835392413939654685e-26
4.835392413939654685e-26
4.683287815023698326e-26
4.683287815023698326e-26
4.683287815023577792e-26
4.683287814758151397e-26
4.683287814758151397e-26
4.318426568542431132e-26
4.318426568542431132e-26
4.316735345427245535e-26
4.316734690082899564e-26
2.252441873356514004e-26
2.252441873356514004e-26
2.252441713343035699e-26
2.252441713343035699e-26
2.252441713343035699e-26
2.252441713343035699e-26
1.755507444777447581e-26
1.755420879507837308e-26
1.755420879507837308e-26
1.755420879507837308e-26
1.755420879505676878e-26
1.755420879505676878e-26
1.755420879505676878e-26
1.755420879505676878e-26
1.755420879505676878e-26
1.742050886961425830e-26
1.408102615384714794e-26
1.404858596120463181e-26
1.404858596120463181e-26
1.404855958744142865e-26
1.404855958744142865e-26
1.404855958744142865e-26
7.325454801854489318e-27
7.325454801854489318e-27
7.325454801850323718e-27
7.325454801850323718e-27
7.325454801850323718e-27
7.325454777934449192e-27
7.325454777934449192e-27
7.325454777568161880e-27
7.325454777568161880e-27
7.325454777568161880e-27
6.584185408978731064e-27
6.584185408978731064e-27
6.584155390961279158e-27
6.584155390961279158e-27
6.584155390961279158e-27
6.584155390961279158e-27
6.489261694079135031e-27
6.489261694079135031e-27
6.489261694079135031e-27
4.338581382747653970e-27
4.338500969008632991e-27
4.338500969008632991e-27
4.338500969008632991e-27
4.334615543831357159e-27
2.638967250078137362e-27
2.638967246563623417e-27
2.638967246563623417e-27
2.638967246563623417e-27
2.638967246563623417e-27
2.638967246563623417e-27
2.638967246563623417e-27
2.638967246563599023e-27
2.638967246563599023e-27
2.546666306665150030e-27
2.546666306404031222e-27
2.546666306404003958e-27
2.546666306404003958e-27
2.546666306404003958e-27
2.546666306404003958e-27
2.408758645990025042e-27
2.408162235200975879e-27
2.408161524141118693e-27
1.364052526302682801e-27
1.364052526302682801e-27
1.364052526302682801e-27
1.364052473691396068e-27
1.364052473691396068e-27
1.364052473691396068e-27
1.019978200453814806e-27
1.019904714567441468e-27
1.019904714567441468e-27
1.019904714567441468e-27
1.019904714567441468e-27
1.019904714566890455e-27
1.019904714566890455e-27
1.019904714566890455e-27
1.019904714566890455e-27
1.010689473109460742e-27
8.627574401249968910e-28
8.613762780439350686e-28
8.613762780439350686e-28
8.613762780439348892e-28
4.675074002839359178e-28
4.675071384344258671e-28
4.675071384344258671e-28
4.675071384338614017e-28
4.675071384338614017e-28
4.675071384338614017e-28
4.675071384338614017e-28
4.675071350378462763e-28
4.675071350378462763e-28
4.675071350378462763e-28
4.675071350378462763e-28
4.675071350378462763e-28
4.675071350265766978e-28
4.095949709773550245e-28
4.095920496534489385e-28
4.095920496534489385e-28
4.095920496534489385e-28
4.095920496534489385e-28
4.054124267481940307e-28
4.054124267481940307e-28
4.054124267481940307e-28
2.925214352997628630e-28
2.925214352997628630e-28
2.925181579659977646e-28
2.921571158425843951e-28
2.921571158425843951e-28
1.772381596987372041e-28
1.772381596987372041e-28
1.772381595789822149e-28
1.772381595789822149e-28
1.772381595789822149e-28
1.772381595789785379e-28
1.772381595789785379e-28
1.772381595789785379e-28
1.772381595789785379e-28
1.691363542801701777e-28
1.691363542400148155e-28
1.691363542400148155e-28
1.691363542400148155e-28
1.691363542400140084e-28
1.691363542400140084e-28
1.621488756782125292e-28
1.621487946089598246e-28
1.621245622138332660e-28
9.872584068748473776e-29
9.872584068748473776e-29
9.872584068748473776e-29
9.872583860558226828e-29
9.872583860558226828e-29
9.872583860558226828e-29
7.229833501545755522e-29
7.229078574476850476e-29
7.229078574476850476e-29
7.229078574476850476e-29
7.229078574476850476e-29
7.229078574476850476e-29
7.229078574475018699e-29
7.229078574475018699e-29
7.229078574475018699e-29
7.138297670888247914e-29
6.276832918194935837e-29
6.270275127827030963e-29
6.270275127827028721e-29
6.270275127827028721e-29
6.270275127791630800e-29
3.554098393277762414e-29
3.554098393277762414e-29
3.554097250094795409e-29
3.554097250094795409e-29
3.554097250094795409e-29
3.554097250094795409e-29
3.554097200738174018e-29
3.554097200738174018e-29
3.554097200738174018e-29
3.554097200738174018e-29
3.554097200738174018e-29
3.061436157290354402e-29
3.061436157258377892e-29
3.061436157258377892e-29
3.061402787000087195e-29
3.061402787000087195e-29
3.061402787000087195e-29
3.061402787000087195e-29
3.061402787000087195e-29
3.040398552714947112e-29
2.289446679086277124e-29
2.289446679086277124e-29
2.289446679086277124e-29
2.289431513810974305e-29
2.285082351527084995e-29
2.285082351527084995e-29
1.400204893856784544e-29
1.400204893856784544e-29
1.400204893362238290e-29
1.400204893362238290e-29
1.400204893362158136e-29
1.400204893362158136e-29
1.400204893362158136e-29
1.400204893362158136e-29
1.400204893362158136e-29
1.400204893362158136e-29
1.325128406902511570e-29
1.325128406282671857e-29
1.325128406282671857e-29
1.325128406282669055e-29
1.325128406282669055e-29
1.286196801269297732e-29
1.286195758271694158e-29
1.286080574574488862e-29
1.286080574574488862e-29
8.153587889353289677e-30
8.153587889353289677e-30
8.153587795393789384e-30
8.153587795393789384e-30
5.924716275381777953e-30
5.923718705644071378e-30
5.923718705644071378e-30
5.923718705644071378e-30
5.923718705644071378e-30
5.923718705644071378e-30
5.923718705644071378e-30
5.923718705643412767e-30
5.923718705643412767e-30
5.832717107037271513e-30
5.832717107037271513e-30
5.299866492996825866e-30
5.296333420305513508e-30
5.296333420305510004e-30
5.296333420241996151e-30
5.296333420241996151e-30
3.058665003422743470e-30
3.058665003422743470e-30
3.058665003422743470e-30
3.058664443194216855e-30
3.058664443194216855e-30
3.058664443194216855e-30
3.058664443194216855e-30
3.058664443194216855e-30
3.058664368447730281e-30
3.058664368447730281e-30
3.058664368447730281e-30
2.608484994403247733e-30
2.608484994390827674e-30
2.608484994390827674e-30
2.608437321645731832e-30
2.608437321645731832e-30
2.608437321645731832e-30
2.608437321645731832e-30
2.596890250890078978e-30
2.596890250890078978e-30
2.075565416183065081e-30
2.075565416183065081e-30
2.075565416183065081e-30
2.070217368713445145e-30
2.070209163936794711e-30
2.070209163936794711e-30
1.255540334470954180e-30
1.255540334470954180e-30
1.255540334470954180e-30
1.255540334258213777e-30
1.255540334258213777e-30
1.255540334258213777e-30
1.255540334258051927e-30
1.255540333120253801e-30
1.255540333120253801e-30
1.180787361528388616e-30
1.180787361528388616e-30
1.180787361528388616e-30
1.180787361528388616e-30
1.180787361528387740e-30
1.180785631715642821e-30
1.180785631715642821e-30
1.157207936738613323e-30
1.157207936738613323e-30
1.157146240328456722e-30
7.894855865985900990e-31
7.894855865985900990e-31
7.894855865985900990e-31
7.894855818856010471e-31
7.892204325252706643e-31
7.892204325252706643e-31
5.586688819529288701e-31
5.586688819529288701e-31
5.586688819529288701e-31
5.586688819529288701e-31
5.586688819529288701e-31
5.586688819529032089e-31
5.486094567786390634e-31
5.486094567786380124e-31
5.120321197060175317e-31
5.120321197060175317e-31
5.118138637739192754e-31
5.118138637739192754e-31
5.118138637739192754e-31
5.118138637617914751e-31
3.132615432155552004e-31
3.132615432155552004e-31
3.132615432155552004e-31
3.132615432155552004e-31
3.132615117757073875e-31
3.132614963470297479e-31
3.132614963470297479e-31
3.132614963470297479e-31
3.132614963470297479e-31
2.609821881131150538e-31
2.609821881131150538e-31
2.609821881125688540e-31
2.609750435106155276e-31
2.609750435106155276e-31
2.609750435106155276e-31
2.609750435106155276e-31
2.609750435106155276e-31
2.602090876490549518e-31
2.186414524279894360e-31
2.186414524279894360e-31
2.186414524279894360e-31
2.179025121612803550e-31
2.179025121612803550e-31
2.179020258381391986e-31
2.179020258381391986e-31
1.351497370094999173e-31
1.351497370094999173e-31
1.351497370094999173e-31
1.351497370094999173e-31
1.351497369986705076e-31
1.351497369986705076e-31
1.351497369986321470e-31
1.351497369986321470e-31
1.351497367392011575e-31
1.254603909051821599e-31
1.254603909051821599e-31
1.254603909051821599e-31
1.254603909051821599e-31
1.254600985334527239e-31
1.254600985334527239e-31
1.254600985334527020e-31
1.236883672954131890e-31
1.236883672954131890e-31
1.236883672954131890e-31
8.988767095598764586e-32
8.988567929362126771e-32
8.988567929362126771e-32
8.988567929362126771e-32
8.984285464383053388e-32
8.984285437569110934e-32
6.321715295624546715e-32
6.321715295624546715e-32
6.321715295624546715e-32
6.321715295624546715e-32
6.321715295624546715e-32
6.321715295624546715e-32
6.321715295624438333e-32
6.176478133478939211e-32
6.176478133478939211e-32
6.176478133478914031e-32
6.176478133478914031e-32
5.864401894567984462e-32
5.864401894254660694e-32
5.862869905313506015e-32
5.862869905313506015e-32
5.862869905313506015e-32
5.862869905313506015e-32
3.786248975671932939e-32
3.786248975671932939e-32
3.786248638229474988e-32
3.786248436453207848e-32
3.786248436453207848e-32
3.786248436453207848e-32
3.786248436453207848e-32
3.110968297759183907e-32
3.110968297759183907e-32
3.110841791092193880e-32
3.110841791092193880e-32
3.110841791089629394e-32
3.110841791089629394e-32
3.110841791089629394e-32
3.105012865975942374e-32
3.105012865975942374e-32
2.699754075499355118e-32
2.687002805629292997e-32
2.687002805629292997e-32
2.687002805629292997e-32
2.686999556831523142e-32
2.686999556831523142e-32
1.711066559270413929e-32
1.711066559270413929e-32
1.711066559270413929e-32
1.711066559270413929e-32
1.711066559269203940e-32
1.711066559211848137e-32
1.711066559211848137e-32
1.711066552986093087e-32
1.573161503980787035e-32
1.573161503980787035e-32
1.573161503980787035e-32
1.573161503980787035e-32
1.573161503980787035e-32
1.573155775494631870e-32
1.573155775494631870e-32
1.573155775494631870e-32
1.558182450848724763e-32
1.558182450848724763e-32
1.558182450848724763e-32
1.186333705165414136e-32
1.186318463978921673e-32
1.186318463978921673e-32
1.185473264255662710e-32
1.185473264255662710e-32
8.349500394237383912e-33
8.349500386585183111e-33
8.349500386585183111e-33
8.349500386585183111e-33
8.349500386585183111e-33
8.349500386585183111e-33
8.349500386585183111e-33
8.349500386585150268e-33
8.123315764192626155e-33
8.123315764192538573e-33
8.123315764192538573e-33
8.123315764192538573e-33
8.123315763292460211e-33
8.123315763292460211e-33
7.830116763198448277e-33
7.828916774666917867e-33
7.828916774666917867e-33
7.828916774666917867e-33
5.273416109965837295e-33
5.273415294253265000e-33
5.273415164920830351e-33
5.273415164920830351e-33
5.273415164920830351e-33
5.273415164920830351e-33
5.273415164920830351e-33
4.292992505370337298e-33
4.292992505370337298e-33
4.292719495050030240e-33
4.292719495049144165e-33
4.292719495049144165e-33
4.292719495049144165e-33
4.287839675868905878e-33
3.859774279172583936e-33
3.836438698049598038e-33
3.836438698049598038e-33
3.836438698049598038e-33
3.836438698049598038e-33
3.836438698049598038e-33
3.836438698049598038e-33
3.836436509709032891e-33
2.493074111262806270e-33
2.493074111262806270e-33
2.493074111258960910e-33
2.493074111258960910e-33
2.493074111258960910e-33
2.493074111236866169e-33
2.493074094766611614e-33
2.273697732251999034e-33
2.273697732251999034e-33
2.273697732251999034e-33
2.273697732251999034e-33
2.273684170861704121e-33
2.273684170861704121e-33
2.273684170861704121e-33
2.273684170861704121e-33
2.259895189883959799e-33
2.259895189883959799e-33
1.817779863512121293e-33
1.817768039576995528e-33
1.817768039576995528e-33
1.817768039576995528e-33
1.815989410429038613e-33
1.273911601049185095e-33
1.273911600725950424e-33
1.273911600725950424e-33
1.273911600725950424e-33
1.273911600725950424e-33
1.273911600725950424e-33
1.273911600725950424e-33
1.234300986089602274e-33
1.234300986089572339e-33
1.234300986089571997e-33
1.234300986089571997e-33
1.234300986089571997e-33
1.234300985830615564e-33
1.204200985598574379e-33
1.204200985598574379e-33
1.204107198525897487e-33
8.608386393119091198e-34
8.608383929673130525e-34
8.608383929673130525e-34
8.608383867135593675e-34
8.608383867135593675e-34
8.608383867135593675e-34
8.608383867135593675e-34
6.905067627143337214e-34
6.905067627143337214e-34
6.904434414167056286e-34
6.904434414166946810e-34
6.904434414166946810e-34
6.904434414166946810e-34
6.904434414166946810e-34
6.904434414166946810e-34
6.848146961841431168e-34
6.844041235126668581e-34
6.350191685582306700e-34
6.350191685582306700e-34
6.350190597639081468e-34
6.350190597639081468e-34
6.350190597639081468e-34
4.298862462625424255e-34
4.298862462625423399e-34
4.298862462611176067e-34
4.298862462611176067e-34
4.298862462611176067e-34
4.298862407112380904e-34
4.298862407112380904e-34
4.298862407109239444e-34
3.872559724399875877e-34
3.872559724399875877e-34
3.872559724399875877e-34
3.872524454763734457e-34
3.872524454763734457e-34
3.872524454763734457e-34
3.872524454763734457e-34
3.872524454763734457e-34
3.859272345692624441e-34
3.859272345692624441e-34
3.263731714516650693e-34
3.263724798050213501e-34
3.263724798050213501e-34
3.263724798050213501e-34
3.259395015153433114e-34
2.313905863299762539e-34
2.313905863248770465e-34
2.313905863248770465e-34
2.313905863248770465e-34
2.313905863248770465e-34
2.313905863248770465e-34
2.313905863248638751e-34
2.313905863248638751e-34
2.227974520282891824e-34
2.227974520282891824e-34
2.227974520282891824e-34
2.227974519326685660e-34
2.227974519326685660e-34
2.227974519326685660e-34
2.195247101164997329e-34
2.195190541283768106e-34
2.195189105096216115e-34
2.195189105096216115e-34
1.663806428572476411e-34
1.663806427455428184e-34
1.663806427455428184e-34
1.663806427455428184e-34
1.663806427455428184e-34
1.325659556984599282e-34
1.325483261179698414e-34
1.325483261179698414e-34
1.325483261179698414e-34
1.325483261179698414e-34
1.325483261179698414e-34
1.325483261179698414e-34
1.311787298598990214e-34
1.250210995139068588e-34
1.249962591082939149e-34
1.249962591082939149e-34
1.249962591082939149e-34
8.848379665142721995e-35
8.848379564140963142e-35
8.848379564140957797e-35
8.848379564140957797e-35
8.848379564072553195e-35
8.848379564072553195e-35
8.848379564072553195e-35
8.848379353272229144e-35
8.848379353272187449e-35
8.848379353272187449e-35
7.891701693813716289e-35
7.891701693813716289e-35
7.891701693813716289e-35
7.891701693813716289e-35
7.891591050320146335e-35
7.891591050320146335e-35
7.891591050320146335e-35
7.881583277234722681e-35
7.881583277234722681e-35
7.881583277234722681e-35
7.017493841648925653e-35
7.017492312713700883e-35
7.004254874114562656e-35
7.004254874114562656e-35
5.054436735882840528e-35
5.054436735882086808e-35
5.054436735882086808e-35
5.054436735882086808e-35
5.054436735882086808e-35
5.054436735881372646e-35
5.054436735881372646e-35
5.054436735881372646e-35
4.836435622883877431e-35
4.836435618844176389e-35
4.836435618844176389e-35
4.836435618844176389e-35
4.836435618844176389e-35
4.808199822763319879e-35
4.808194617849955170e-35
4.808181643531080813e-35
3.905454041452111083e-35
3.905454041452111083e-35
3.905454041433016317e-35
3.092097725038797969e-35
3.092097725038797969e-35
3.091463128812020224e-35
3.091463128812020224e-35
3.091463128812020224e-35
3.091463128812020224e-35
3.091463128812020224e-35
3.091463128812020224e-35
3.051704962288414129e-35
3.051704962288414129e-35
2.989548115602949795e-35
2.989480187671401643e-35
2.989480187671396298e-35
2.989480187671396298e-35
2.254343881297200599e-35
2.254343881257392442e-35
2.254343881053996651e-35
2.254343881053996651e-35
2.254343881053996651e-35
2.254343777690767320e-35
2.254343777690767320e-35
2.254343777690767320e-35
2.254343777690767320e-35
2.254343777690767320e-35
1.985005198581836279e-35
1.985005198581836279e-35
1.984958880742611363e-35
1.984958880742611363e-35
1.984958880742611363e-35
1.984655795402652829e-35
1.984655795402652829e-35
1.878941056007505465e-35
1.878941056007505465e-35
1.878941056007505465e-35
1.878941052606934095e-35
1.873867910319510366e-35
1.397353261701492780e-35
1.397353261701492780e-35
1.397353261701492780e-35
1.397353261701492780e-35
1.397353261701004198e-35
1.397353261701004198e-35
1.397353261701004198e-35
1.324824441565293112e-35
1.324824441565293112e-35
1.324824439275496296e-35
1.324824439275496296e-35
1.324824439275496296e-35
1.324824439275496296e-35
1.323806214467623556e-35
1.323803603861132615e-35
1.323803573349233959e-35
1.186758273482145272e-35
1.186758273482145272e-35
1.186758273482144871e-35
1.186758273482144871e-35
1.186758273482144871e-35
9.388069937558592292e-36
9.384940596565895038e-36
9.384940596565895038e-36
9.384940596565895038e-36
9.384940596565895038e-36
9.384940596565895038e-36
9.384940596565895038e-36
9.384940596565895038e-36
9.224657746344827352e-36
9.197019717129694752e-36
9.197017722594204467e-36
9.197017722594157694e-36
9.197017722093654438e-36
9.197017722093654438e-36
7.780614369648185230e-36
7.780614369648185230e-36
7.780614369648133111e-36
7.780614369648133111e-36
7.780613554947648771e-36
7.780613554947648771e-36
7.780613554947648771e-36
7.780613554947648771e-36
7.780613554947648771e-36
6.737979364750210332e-36
6.737979364750210332e-36
6.737693841867907883e-36
6.737693841867907883e-36
6.737693841867907883e-36
6.737693841867907883e-36
6.737683006328635006e-36
6.676704228918812288e-36
6.676704228918812288e-36
6.648604438533405124e-36
6.648604438532495047e-36
5.451681831160659881e-36
5.451681831160659881e-36
5.451681831160659881e-36
5.451681831160659881e-36
5.451681831155043734e-36
5.451681831155043734e-36
5.451681831155043734e-36
5.451681805499232078e-36
5.092295260745936901e-36
5.092295260745936901e-36
5.092295260745936901e-36
5.092295260745936901e-36
5.092274593449350122e-36
5.092227886550086764e-36
5.092227886550086764e-36
4.986318372979159895e-36
4.986318372969908789e-36
4.986318372969908789e-36
4.986318372969908789e-36
4.986318372969908789e-36
4.982441756707489033e-36
4.147861268825998184e-36
4.147861268825998184e-36
4.147861268825998184e-36
4.147861268825998184e-36
4.147861268825998184e-36
4.147861268825998184e-36
4.045215092345758611e-36
4.045215092345689788e-36
4.045049715144133606e-36
4.045049715061674805e-36
4.045049714421047182e-36
4.045049714421047182e-36
3.895898650568051113e-36
3.895898650568051113e-36
3.895898650568051113e-36
3.895898650568051113e-36
3.895898650568051113e-36
3.895897557743962833e-36
3.895897557743962833e-36
3.895897557743962833e-36
3.415671163391676849e-36
3.415348836437521513e-36
3.415348836437521513e-36
3.415348836437521513e-36
3.415348836437521513e-36
3.415348835842495933e-36
3.414858363832850274e-36
3.390640459936061733e-36
3.390640459936061733e-36
3.390640459936061733e-36
3.390640459936061733e-36
3.218339582365434970e-36
3.218339582365434970e-36
3.218339582365434970e-36
3.218339582352484088e-36
3.218339582352484088e-36
3.218339582352484088e-36
3.218339582352484088e-36
3.218339534516651630e-36
2.992133315455854377e-36
2.992101968083432493e-36
2.992101968083432493e-36
2.992101968083432493e-36
2.992101968083432493e-36
2.992101964637150298e-36
2.990943901443328426e-36
2.990943901443328426e-36
2.990943901443328426e-36
2.990943901443328426e-36
2.986338689998254560e-36
2.823521326887312488e-36
2.823521326887312488e-36
2.823521326887312488e-36
2.823521326887312488e-36
2.823521326887312488e-36
2.737712904934321953e-36
2.737712904934112475e-36
2.737712904934112475e-36
2.737712904934112475e-36
2.737712888745014590e-36
2.737712887175018233e-36
2.737712887175018233e-36
2.737712887175018233e-36
2.737712887175018233e-36
2.735513902857100959e-36
2.735513902857100959e-36
2.735511535858014093e-36
2.735511535858014093e-36
2.612207449859034511e-36
2.611584620698467384e-36
2.611584620698467384e-36
2.611584620698467384e-36
2.611584620698467384e-36
2.611584620698467384e-36
2.611584620698467384e-36
2.611584559399754371e-36
2.585952660430118610e-36
2.585952660430118610e-36
2.585952660430118610e-36
2.582681019085857579e-36
2.582681019085857579e-36
2.582681019085854906e-36
2.582681019041236440e-36
2.582681019041236440e-36
2.582681019041236440e-36
2.582680883704198034e-36
2.509872244452588418e-36
2.509872244452588418e-36
2.509872244452588418e-36
2.509799364831873819e-36
2.509799364831873819e-36
2.509799364831873819e-36
2.509799190626206067e-36
2.509799190626206067e-36
2.509799190626206067e-36
2.509799190626206067e-36
2.503919755094264785e-36
2.503919755094264785e-36
2.500169499159540637e-36
2.500169499159540637e-36
2.500169499159540637e-36
2.467425386137127740e-36
2.467425386136216327e-36
2.467425386136216327e-36
2.467425386136216327e-36
2.467425380533528855e-36
2.467425380533528855e-36
2.467425380533528855e-36
2.467425380533528855e-36
2.467425380533528855e-36
2.467424998483716186e-36
2.467418635232295809e-36
2.467418635232295809e-36
2.467418635232295809e-36
2.464163686804772523e-36
2.464163686804772523e-36
2.463158161444727535e-36
2.463158161444727535e-36
2.452196597681499382e-36
2.452196597681499382e-36
2.452196597681499382e-36
2.452196597681499382e-36
2.452196597681499382e-36
2.452196597681499382e-36
2.452196597681499382e-36
2.452195968144145448e-36
2.452195968144131416e-36
2.452195967967417568e-36
2.452195967967417568e-36
2.452195564826302060e-36
2.452195564826302060e-36
2.450101933199724785e-36
2.450101933199724785e-36
2.450101933199724785e-36
2.449975914366357859e-36
2.449975914366357859e-36
2.449975914366357859e-36
2.449975914366357859e-36
2.449975914366357859e-36
2.449975914366357859e-36
2.449975914366357859e-36
2.447293703185960250e-36
2.447292936390038179e-36
2.447292936390038179e-36
2.447292936386098189e-36
2.447292936386098189e-36
2.446307072084558577e-36
2.446307072084558243e-36
2.446307072084558243e-36
2.446307053887469027e-36
2.446307053887469027e-36
2.446307053887469027e-36
2.446307053887469027e-36
2.446295704139789518e-36
2.446295704139788850e-36
2.446295704139788850e-36
2.446295704139788850e-36
2.446295019462063462e-36
2.445821068402685635e-36
2.445821068402685635e-36
2.445821068402685635e-36
2.445821068402685635e-36
2.445821068402685635e-36
2.445484312701561635e-36
2.445484312701561635e-36
2.445484312701561635e-36
2.445484312701560632e-36
2.445484312701499159e-36
2.445484312120786234e-36
2.445484312120786234e-36
2.445484312120786234e-36
2.445483584591544348e-36
2.445483139215209454e-36
2.445483139215209454e-36
2.445483139215209454e-36
2.445423108021234281e-36
2.445423108021234281e-36
2.445423108021234281e-36
2.445423108021234281e-36
2.445423108021234281e-36
2.445423108021234281e-36
2.445423108021234281e-36
2.445340115528488133e-36
2.445340115528486797e-36
2.445340115528486797e-36
2.445340115528486797e-36
2.445340115515489476e-36
2.445340115515489476e-36
2.445340115515488808e-36
2.445339905072036444e-36
2.445339872078228123e-36
2.445339872078228123e-36
2.445339872078228123e-36
2.445339872078228123e-36
2.445334449415526250e-36
2.445334449415526250e-36
2.445334449415526250e-36
2.445334449415526250e-36
2.445334449415525248e-36
2.445319754253730125e-36
2.445319754253730125e-36
2.445319754253730125e-36
2.445319754253730125e-36
2.445319754253730125e-36
2.445319682303300367e-36
2.445319682303300367e-36
2.445319682303300367e-36
2.445319682303300367e-36
2.445319682303097237e-36
2.445319682303097237e-36
2.445319681249494725e-36
2.445319681249494725e-36
2.445319333424445194e-36
2.445319333424445194e-36
2.445319333424445194e-36
2.445319333424444191e-36
2.445319333424444191e-36
2.445319333424444191e-36
2.445317471210420138e-36
2.445317471210420138e-36
2.445317471210420138e-36
2.445317471210420138e-36
2.445317453474540527e-36
2.445317453474540527e-36
2.445317453474540527e-36
2.445317453474540527e-36
2.445317453474540527e-36
2.445317453450956052e-36
2.445317453450954047e-36
2.445317453450954047e-36
2.445317437675084629e-36
2.445317437675084629e-36
2.445317437675084629e-36
2.445317269444087380e-36
2.445317269444087380e-36
2.445317269444087380e-36
2.445317269444087380e-36
2.445317269444087380e-36
2.445317269444087380e-36
2.445317266303524031e-36
2.445317266303524031e-36
2.445317266303524031e-36
2.445317266303524031e-36
2.445317266303524031e-36
2.445317266303524031e-36
2.445317266303155190e-36
2.445317265799370781e-36
2.445317265799370781e-36
2.445317265799370781e-36
2.445317265799370781e-36
2.445317255008399652e-36
2.445317255008399652e-36
2.445317255008399652e-36
2.445317255008399652e-36
2.445317255008399652e-36
2.445317255008399652e-36
2.445317254610415632e-36
2.445317254610415632e-36
2.445317254610415632e-36
2.445317254610415632e-36
2.445317254610415632e-36
2.445317254610415632e-36
2.445317254610415632e-36
2.445317254610415632e-36
2.445317254599138570e-36
2.445317254599134895e-36
2.445317254109701228e-36
2.445317254109701228e-36
2.445317254109701228e-36
2.445317254109701228e-36
2.445317254073747865e-36
2.445317254073747865e-36
2.445317254073747865e-36
2.445317254073747865e-36
2.445317254073747865e-36
2.445317254073747865e-36
2.445317254073747865e-36
2.445317254073747865e-36
2.445317254073747865e-36
2.445317254073747865e-36
2.445317254073747865e-36
2.445317254073571463e-36
2.445317254057942137e-36
2.445317254057942137e-36
2.445317254057942137e-36
2.445317254057942137e-36
2.445317254057942137e-36
2.445317254055635875e-36
2.445317254055635875e-36
2.445317254055635875e-36
2.445317254055635875e-36
2.445317254055635875e-36
2.445317254055635875e-36
2.445317254055635875e-36
2.445317254055635875e-36
2.445317254055635875e-36
2.445317254055635875e-36
2.445317254055633871e-36
2.445317254055284073e-36
2.445317254055284073e-36
2.445317254055284073e-36
2.445317254055179501e-36
2.445317254055179501e-36
2.445317254055179501e-36
2.445317254055179501e-36
2.445317254055179501e-36
2.445317254055179501e-36
2.445317254055179501e-36
2.445317254055179501e-36
2.445317254055179501e-36
2.445317254055179501e-36
2.445317254055179501e-36
2.445317254055179501e-36
2.445317254055179501e-36
2.445317254055179501e-36
2.445317254055173821e-36
2.445317254055173821e-36
2.445317254055170814e-36
2.445317254055170814e-36
2.445317254055170814e-36
2.445317254055170814e-36
2.445317254055170814e-36
2.445317254055170814e-36
2.445317254055170814e-36
2.445317254055170814e-36
2.445317254055170814e-36
2.445317254055170814e-36
2.445317254055170814e-36
2.445317254055170814e-36
2.445317254055170814e-36
2.445317254055170814e-36
2.445317254055170814e-36
2.445317254055170814e-36
2.445317254055170814e-36
2.445317254055170814e-36
2.445317254055170814e-36
2.445317254055170814e-36
2.445317254055170814e-36
2.445317254055170814e-36
2.445317254055170814e-36
2.445317254055170814e-36
2.445317254055170814e-36
2.445317254055170814e-36
2.445317254055170814e-36
2.445317254055170814e-36
2.445317254055170814e-36
2.445317254055170814e-36
2.445317254055170814e-36
2.445317254055170814e-36
2.445317254055170814e-36
2.445317254055170814e-36
2.445317254055170814e-36
2.445317254055170814e-36
2.445317254055170814e-36
2.445317254055170814e-36
2.445317254055170814e-36
2.445317254055170814e-36
2.445317254055170814e-36
2.445317254055170814e-36
2.445317254055170814e-36
2.445317254055170814e-36
2.445317254055170814e-36
2.445317254055170814e-36
2.445317254055170814e-36
2.445317254055170814e-36
2.445317254055170814e-36
2.445317254055170814e-36
2.445317254055170814e-36
2.445317254055170814e-36
2.445317254055170814e-36
2.445317254055170814e-36
2.445317254055170814e-36
2.445317254055170814e-36
2.445317254055170814e-36
2.445317254055170814e-36
2.445317254055170814e-36
2.445317254055170814e-36
2.445317254055170814e-36
2.445317254055170814e-36
2.445317254055170814e-36
2.445317254055170814e-36
2.445317254055170814e-36
2.445317254055170814e-36
2.445317254055170814e-36
2.445317254055170814e-36
2.445317254055170814e-36
2.445317254055170814e-36
2.445317254055170814e-36
2.445317254055170814e-36
2.445317254055170814e-36
2.445317254055170814e-36
2.445317254055170814e-36
2.445317254055170814e-36
2.445317254055170814e-36
2.445317254055170814e-36
2.445317254055170814e-36
2.445317254055170814e-36
2.445317254055170814e-36
2.445317254055170814e-36
2.445317254055170814e-36
2.445317254055170814e-36
2.445317254055170814e-36
2.445317254055170814e-36
2.445317254055170814e-36
2.445317254055170814e-36
2.445317254055170814e-36
2.445317254055170814e-36
2.445317254055170814e-36
2.445317254055170814e-36
2.445317254055170814e-36
2.445317254055170814e-36
2.445317254055170814e-36
2.445317254055170814e-36
2.445317254055170814e-36
2.445317254055170814e-36
2.445317254055170814e-36
2.445317254055170814e-36
2.445317254055170814e-36
2.445317254055170814e-36
2.445317254055170814e-36
2.445317254055170814e-36
2.445317254055170814e-36
2.445317254055170814e-36
2.445317254055170814e-36
2.445317254055170814e-36
2.445317254055170814e-36
2.445317254055170814e-36
2.445317254055170814e-36
2.445317254055170814e-36
2.445317254055170814e-36
2.445317254055170814e-36
2.445317254055170814e-36
2.445317254055170814e-36
2.445317254055170814e-36
2.445317254055170814e-36
2.445317254055170814e-36
2.445317254055170814e-36
2.445317254055170814e-36
2.445317254055170814e-36
2.445317254055170814e-36
2.445317254055170814e-36
2.445317254055170814e-36
2.445317254055170814e-36
2.445317254055170814e-36
2.445317254055170814e-36
2.445317254055170814e-36
2.445317254055170814e-36
2.445317254055170814e-36
2.445317254055170814e-36
2.445317254055170814e-36
2.445317254055170814e-36
2.445317254055170814e-36
2.445317254055170814e-36
2.445317254055170814e-36
2.445317254055170814e-36
2.445317254055170814e-36
2.445317254055170814e-36
2.445317254055170814e-36
2.445317254055170814e-36
2.445317254055170814e-36
2.445317254055170814e-36
2.445317254055170814e-36
2.445317254055170814e-36
2.445317254055170814e-36
2.445317254055170814e-36
2.445317254055170814e-36
2.445317254055170814e-36
2.445317254055170814e-36
2.445317254055170814e-36
2.445317254055170814e-36
2.445317254055170814e-36
2.445317254055170814e-36
2.445317254055170814e-36
2.445317254055170814e-36
2.445317254055170814e-36
2.445317254055170814e-36
2.445317254055170814e-36
2.445317254055170814e-36
2.445317254055170814e-36
2.445317254055170814e-36
2.445317254055170814e-36
2.445317254055170814e-36
2.445317254055170814e-36
2.445317254055170814e-36
2.445317254055170814e-36
2.445317254055170814e-36
2.445317254055170814e-36
2.445317254055170814e-36
2.445317254055170814e-36
2.445317254055170814e-36
2.445317254055170814e-36
2.445317254055170814e-36
2.445317254055170814e-36
2.445317254055170814e-36
2.445317254055170814e-36
2.445317254055170814e-36
2.445317254055170814e-36
2.445317254055170814e-36
2.445317254055170814e-36
2.445317254055170814e-36
2.445317254055170814e-36
2.445317254055170814e-36
2.445317254055170814e-36
2.445317254055170814e-36
2.445317254055170814e-36
2.445317254055170814e-36
2.445317254055170814e-36
2.445317254055170814e-36
2.445317254055170814e-36
2.445317254055170814e-36
2.445317254055170814e-36
2.445317254055170814e-36
2.445317254055170814e-36
2.445317254055170814e-36
2.445317254055170814e-36
2.445317254055170814e-36
2.445317254055170814e-36
2.445317254055170814e-36
2.445317254055170814e-36
2.445317254055170814e-36
2.445317254055170814e-36
2.445317254055170814e-36
2.445317254055170814e-36
2.445317254055170814e-36
2.445317254055170814e-36
2.445317254055170814e-36
2.445317254055170814e-36
2.445317254055170814e-36
2.445317254055170814e-36
2.445317254055170814e-36
2.445317254055170814e-36
2.445317254055170814e-36
2.445317254055170814e-36
2.445317254055170814e-36
2.445317254055170814e-36
2.445317254055170814e-36
2.445317254055170814e-36
2.445317254055170814e-36
