1.000000000000045963e+00
1.000000000000044853e+00
1.000000000000043743e+00
1.000000000000019984e+00
1.000000000000019762e+00
1.000000000000019762e+00
1.000000000000019762e+00
1.000000000000019540e+00
1.000000000000019318e+00
1.000000000000009326e+00
1.000000000000009548e+00
1.000000000000009548e+00
1.000000000000009548e+00
1.000000000000009326e+00
1.000000000000009326e+00
1.000000000000009326e+00
1.000000000000003109e+00
1.000000000000002887e+00
1.000000000000003109e+00
1.000000000000002887e+00
1.000000000000002887e+00
1.000000000000002887e+00
1.000000000000001554e+00
1.000000000000001554e+00
1.000000000000000444e+00
1.000000000000000666e+00
1.000000000000000666e+00
1.000000000000000444e+00
1.000000000000000666e+00
9.999999999999343858e-01
9.999999999999297229e-01
9.999999999999277245e-01
9.999999999999270583e-01
9.999999999999270583e-01
9.999999999999268363e-01
9.999999999994932942e-01
9.999999999994584332e-01
9.999999999994584332e-01
9.999999999994491073e-01
9.999999999994443334e-01
9.999999999994441113e-01
9.999999999994438893e-01
9.999999999994438893e-01
9.999999999971587172e-01
9.999999999969526598e-01
9.999999999968565145e-01
9.999999999968565145e-01
9.999999999968508524e-01
9.999999999968420816e-01
9.999999999968420816e-01
9.999999999968419706e-01
9.999999999849333854e-01
9.999999999839793707e-01
9.999999999835356146e-01
9.999999999834465747e-01
9.999999999834465747e-01
9.999999999834361386e-01
9.999999999834358055e-01
9.999999999834358055e-01
9.999999999244706395e-01
9.999999999206852230e-01
9.999999999206852230e-01
9.999999999206852230e-01
9.999999999196573786e-01
9.999999999187395572e-01
9.999999999187271227e-01
9.999999999187189070e-01
9.999999999187187960e-01
9.999999996501044430e-01
9.999999996388909684e-01
9.999999996272049829e-01
9.999999996269661739e-01
9.999999996269660629e-01
9.999999996256443424e-01
9.999999996256444534e-01
9.999999996256436763e-01
9.999999996256392354e-01
9.999999984607357284e-01
9.999999984049763313e-01
9.999999983735508025e-01
9.999999983702602124e-01
9.999999983702602124e-01
9.999999983689414895e-01
9.999999983689165095e-01
9.999999983689165095e-01
9.999999938665700139e-01
9.999999933857955936e-01
9.999999933857955936e-01
9.999999933857957046e-01
9.999999933515320016e-01
9.999999932929459767e-01
9.999999932923242518e-01
9.999999932923242518e-01
9.999999932913983258e-01
9.999999932913979928e-01
9.999999932913981038e-01
9.999999758989687182e-01
9.999999754601467394e-01
9.999999741371929929e-01
9.999999741256553332e-01
9.999999741256553332e-01
9.999999740479386112e-01
9.999999740479387222e-01
9.999999740479182941e-01
9.999999740474612153e-01
9.999999103848993265e-01
9.999999084446441477e-01
9.999999053594487153e-01
9.999999052062559235e-01
9.999999052062559235e-01
9.999999052062560345e-01
9.999999051338226419e-01
9.999999051331583955e-01
9.999999051331583955e-01
9.999999051331583955e-01
9.999997156288098488e-01
9.999996781010583868e-01
9.999996781010584979e-01
9.999996781010555003e-01
9.999996764856146081e-01
9.999996712973190371e-01
9.999996712812121435e-01
9.999996712812121435e-01
9.999996712812121435e-01
9.999996712335729177e-01
9.999996712335655902e-01
9.999996712335657012e-01
9.999990329430328284e-01
9.999990069921311786e-01
9.999989310806669529e-01
9.999989307946735018e-01
9.999989307946720585e-01
9.999989245352139955e-01
9.999989245352138845e-01
9.999989245349166778e-01
9.999989245132544502e-01
9.999969337297861527e-01
9.999968381072660284e-01
9.999968381072660284e-01
9.999968381072660284e-01
9.999966958025432451e-01
9.999966924506107357e-01
9.999966924506107357e-01
9.999966924506107357e-01
9.999966873556277447e-01
9.999966873468969508e-01
9.999966873468965067e-01
9.999966873468965067e-01
9.999913194944495265e-01
9.999905992100741603e-01
9.999905992100740493e-01
9.999905992099462626e-01
9.999905677192446607e-01
9.999903760828993127e-01
9.999903759043535789e-01
9.999903759043535789e-01
9.999903759043536899e-01
9.999903759043536899e-01
9.999903731756394354e-01
9.999903731755267478e-01
9.999903731755267478e-01
9.999753127524334539e-01
9.999749875810756139e-01
9.999737317845999174e-01
9.999737291535840678e-01
9.999737291535375494e-01
9.999735474627673426e-01
9.999735474627673426e-01
9.999735474627674536e-01
9.999735474589570572e-01
9.999735464861152501e-01
9.999341433576569571e-01
9.999330933676674471e-01
9.999330933676674471e-01
9.999330933676674471e-01
9.999311130790747848e-01
9.999310869934864288e-01
9.999310869934864288e-01
9.999310869934865398e-01
9.999309670489718860e-01
9.999309669541414092e-01
9.999309669541329715e-01
9.999309669541329715e-01
9.998490732737154163e-01
9.998312135654972010e-01
9.998312135654970900e-01
9.998310016316031001e-01
9.998310016269499334e-01
9.998286357880596942e-01
9.998286340309489040e-01
9.998286340309489040e-01
9.998286340309489040e-01
9.998286340309489040e-01
9.998286340309489040e-01
9.998285780706861470e-01
9.998285780700557623e-01
9.998285780700548742e-01
9.996286534502131227e-01
9.996256870564674823e-01
9.995983548483302616e-01
9.995983302751672017e-01
9.995983302735970133e-01
9.995983302735970133e-01
9.995962477836489724e-01
9.995962477836490834e-01
9.995962477630884191e-01
9.995962293132136800e-01
9.991461285431161299e-01
9.991461285431161299e-01
9.991375041636005871e-01
9.991375041636005871e-01
9.991375041636005871e-01
9.990996400841045677e-01
9.990994032990502260e-01
9.990994032990502260e-01
9.990994032990502260e-01
9.990980981811972139e-01
9.990980976801312474e-01
9.990980976798666813e-01
9.990980976798666813e-01
9.983997471408693203e-01
9.983997471408637692e-01
9.981259950472022302e-01
9.981238968806830369e-01
9.981238967785932559e-01
9.980828813959160550e-01
9.980828723182897377e-01
9.980828723182897377e-01
9.980828723182897377e-01
9.980828723182897377e-01
9.980828723182897377e-01
9.980828723182896267e-01
9.980822943567199124e-01
9.980822943546903137e-01
9.980822943546624471e-01
9.965230356415155644e-01
9.964831840216911152e-01
9.961523818329178770e-01
9.961522550589507752e-01
9.961522550589507752e-01
9.961522550298747003e-01
9.961189411909290303e-01
9.961189411909290303e-01
9.961189411262353355e-01
9.961187613782882533e-01
9.930356431358625668e-01
9.929353111071980154e-01
9.929353111071980154e-01
9.929353111071980154e-01
9.929353111071980154e-01
9.929353111071980154e-01
9.925594979890266512e-01
9.925583738658336763e-01
9.925583738658334543e-01
9.925583738658334543e-01
9.925392950204611209e-01
9.925392935258967597e-01
9.925392935215678891e-01
9.925392935215678891e-01
9.925392935215678891e-01
9.880161893279698626e-01
9.880161893279524321e-01
9.867124374720278590e-01
9.867025556371216144e-01
9.867025546348875409e-01
9.863668576751624117e-01
9.863668333944933808e-01
9.863668333944933808e-01
9.863668333944933808e-01
9.863668333944933808e-01
9.863668333944933808e-01
9.863668333944934918e-01
9.863595105880513803e-01
9.863595105807343444e-01
9.778478209811035660e-01
9.778478209810909094e-01
9.777342171705826201e-01
9.764506860646822162e-01
9.764503910955234511e-01
9.764503910955234511e-01
9.764503908839492485e-01
9.762312609170847866e-01
9.762312609170847866e-01
9.762312607196218517e-01
9.762294043510825192e-01
9.620115986180911571e-01
9.617647711262524712e-01
9.617647711262524712e-01
9.617647711262524712e-01
9.617647711262524712e-01
9.617647711262524712e-01
9.605471236315022976e-01
9.605449423098841866e-01
9.605449423098837425e-01
9.605449423098837425e-01
9.605449423098831874e-01
9.605449384275741576e-01
9.604442860876630794e-01
9.604442860631727807e-01
9.604442860631727807e-01
9.604442860631727807e-01
9.449848341046597211e-01
9.449848341046196420e-01
9.379801809098000653e-01
9.379646605170237628e-01
9.379646527439480241e-01
9.370187832980100273e-01
9.370187289412928999e-01
9.370187289412928999e-01
9.370187289412928999e-01
9.370187289412928999e-01
9.370187289412928999e-01
9.370187289412928999e-01
9.370187289412928999e-01
9.369861928494243042e-01
9.369861928399361162e-01
9.109886020671142948e-01
9.109886020670089346e-01
9.107203763783137118e-01
9.044603701495919079e-01
9.044597630751270989e-01
9.044597630751270989e-01
9.038945613394815393e-01
9.038945599318907176e-01
9.038945599318908286e-01
9.038945596917024039e-01
9.038870983411736448e-01
8.657483502734891756e-01
8.652124455578612539e-01
8.652124455578612539e-01
8.652124455578612539e-01
8.652124455578612539e-01
8.652124455578612539e-01
8.599609009873898646e-01
8.599565032499313366e-01
8.599565032499313366e-01
8.599565032499311146e-01
8.599565032499311146e-01
8.599565032499280059e-01
8.599564986340694217e-01
8.597092594209088112e-01
8.597092592573606362e-01
8.597092592573606362e-01
8.597092592573606362e-01
8.308946626847246719e-01
8.308946626846668293e-01
8.073828798128155348e-01
8.073455166266448879e-01
8.073454785254547961e-01
8.036657206627284555e-01
8.036656568480033958e-01
8.036656568480033958e-01
8.036656568480033958e-01
8.036656568480033958e-01
8.036656568480033958e-01
8.036656568480033958e-01
8.036656568480033958e-01
8.035889791247279312e-01
8.035889791174430918e-01
7.564401215435910819e-01
7.564401215423205427e-01
7.555856308373205543e-01
7.376654911993248964e-01
7.376647456546114867e-01
7.376647456546114867e-01
7.356454778801541083e-01
7.356454724548527890e-01
7.356454724548529001e-01
7.356454724548529001e-01
7.356454722733811735e-01
7.356287187063625943e-01
6.725580820671470672e-01
6.710130022451951115e-01
6.710130022451951115e-01
6.710130022451951115e-01
6.710130022451951115e-01
6.710130022451951115e-01
6.584566143553779449e-01
6.584515512199345944e-01
6.584515512199345944e-01
6.584515512199343723e-01
6.584515512199343723e-01
6.584515512199138332e-01
6.584515477726197163e-01
6.576329657115613792e-01
6.576329651240608865e-01
6.576329651240608865e-01
6.576329651240608865e-01
6.111750487399929543e-01
6.111750487399449927e-01
5.803107289313558237e-01
5.802638348050972450e-01
5.802637375688263210e-01
5.728761879387860301e-01
5.728761437002777290e-01
5.728761437002777290e-01
5.728761437002777290e-01
5.728761437002777290e-01
5.728761437002777290e-01
5.728761437002777290e-01
5.728761437002768409e-01
5.726462339110132138e-01
5.726462339110132138e-01
5.726462339045943484e-01
5.070584000912039535e-01
5.070584000880359321e-01
5.070584000880359321e-01
5.064134766412937694e-01
4.877126470855246421e-01
4.877121651326374319e-01
4.877121651326374319e-01
4.843685962089436248e-01
4.843685862361756800e-01
4.843685862361756800e-01
4.843685862361756800e-01
4.843685860942251176e-01
4.843255593672279313e-01
4.097182742122859600e-01
4.087376542333622242e-01
4.087376542333622242e-01
4.087376542333622242e-01
4.087376542333622242e-01
4.087376542333622242e-01
3.980256234492108858e-01
3.980228912365065264e-01
3.980228912365065264e-01
3.980228912365065264e-01
3.980228912365065264e-01
3.980228912364539573e-01
3.980228889204686649e-01
3.969268096318559480e-01
3.969268087580064552e-01
3.969268087580064552e-01
3.969268087580064552e-01
3.585185062740685047e-01
3.585185062740426365e-01
3.200822085238241299e-01
3.200631206322741562e-01
3.200629445689988084e-01
3.146954426086934209e-01
3.146954173273066591e-01
3.146954173273066591e-01
3.146954173273066591e-01
3.146954173273066591e-01
3.146954173273066591e-01
3.146954173273066591e-01
3.146954173273048272e-01
3.144421154493002857e-01
3.144421154493002857e-01
3.144421154471288560e-01
2.649382770451078617e-01
2.649382770389311359e-01
2.649382770389311359e-01
2.645382410394191974e-01
2.424568109061549237e-01
2.424565695597585280e-01
2.424565695597585280e-01
2.402847252393313093e-01
2.402847083210266077e-01
2.402847083210266077e-01
2.402847083210266077e-01
2.402847082775731447e-01
2.402432907289151209e-01
1.896491648735845470e-01
1.890686307861223492e-01
1.890686307861223492e-01
1.890686307861223492e-01
1.890686307861223492e-01
1.890686307861223214e-01
1.775918498783339849e-01
1.775905021519678939e-01
1.775905021519678939e-01
1.775905021519678939e-01
1.775905021519678939e-01
1.775905021519106342e-01
1.775905014721323449e-01
1.769213908816825720e-01
1.769213895208221476e-01
1.769213895208221476e-01
1.769213895208221476e-01
1.769213895208221476e-01
1.605142376007061833e-01
1.605142376006981342e-01
1.308283889635084574e-01
1.308161907738593366e-01
1.308159708809051303e-01
1.308159708809051303e-01
1.256379782804662448e-01
1.256379708809546303e-01
1.256379708809546303e-01
1.256379708809546303e-01
1.256379708809546303e-01
1.256379708809546303e-01
1.256379708809546303e-01
1.256379708809526874e-01
1.254890368790796129e-01
1.254890368790796129e-01
1.254890368786497346e-01
1.036061146774575892e-01
1.036061146614768447e-01
1.036061146614768447e-01
1.033091346834728169e-01
8.747756125510686154e-02
8.747748292063131648e-02
8.747748292063131648e-02
8.557231620047411891e-02
8.557230067427165632e-02
8.557230067427165632e-02
8.557230067427165632e-02
8.557230067427165632e-02
8.557230066573724703e-02
8.554893099916847932e-02
6.412215303317454762e-02
6.370440946129680981e-02
6.370440946129680981e-02
6.370440946129680981e-02
6.370440946129680981e-02
6.370440946129680981e-02
5.655501263231012266e-02
5.655460032243064816e-02
5.655460032243063428e-02
5.655460032243063428e-02
5.655460032243063428e-02
5.655460032234116419e-02
5.655460018624618168e-02
5.601362807302951580e-02
5.601362690218576051e-02
5.601362690218576051e-02
5.601362690218576051e-02
5.601362690218576051e-02
4.919035262600115338e-02
4.919035262599932151e-02
3.809778348775145346e-02
3.809350148782056356e-02
3.809334435646151429e-02
3.809334435646151429e-02
3.534509775211224641e-02
3.534509634891169066e-02
3.534509634891169066e-02
3.534509634891169066e-02
3.534509634891169066e-02
3.534509634891169066e-02
3.534509634891169066e-02
3.534509634890903307e-02
3.523408063683600849e-02
3.523408063683600849e-02
3.523408063673969665e-02
3.523408058269025117e-02
2.703428804587673998e-02
2.703428804587673998e-02
2.696908232186260787e-02
2.212387123163566879e-02
2.212385634299002604e-02
2.212385634299002604e-02
2.212384575589380550e-02
2.127469802815776245e-02
2.127469802815776245e-02
2.127469802815776245e-02
2.127469802815776245e-02
2.127469802638304319e-02
2.125916985100030285e-02
1.432343640249161484e-02
1.424703536402180219e-02
1.424703536402180219e-02
1.424703536402180219e-02
1.424703536402180046e-02
1.424703536402180046e-02
1.248701562772024098e-02
1.248694967332743093e-02
1.248694967332743093e-02
1.248694967332743093e-02
1.248694967332743093e-02
1.248694967326569039e-02
1.248694967326569039e-02
1.228900632760754688e-02
1.228900630457117026e-02
1.228900581640223616e-02
1.228900581640223616e-02
1.228900581640223616e-02
1.228900581640223616e-02
1.083748070957113278e-02
1.083748070957088992e-02
7.400138881626430395e-03
7.399647793040175711e-03
7.399574382061706833e-03
7.399574382061706833e-03
6.837996335718678383e-03
6.837996335718678383e-03
6.837996115357038857e-03
6.837996115357038857e-03
6.837996115357038857e-03
6.837996115357038857e-03
6.837996115357038857e-03
6.837996115357038857e-03
6.837996115355600771e-03
6.804813828057270156e-03
6.804813828057270156e-03
6.804813828048097805e-03
6.804813828048097805e-03
6.804813809612499272e-03
5.205422533925958481e-03
5.194970778083033910e-03
3.763735170079864079e-03
3.763733225273961387e-03
3.763733225273961387e-03
3.763728782235743232e-03
3.612605505123006426e-03
3.612605505123006426e-03
3.612605505123006426e-03
3.612605505123006426e-03
3.612605504974377487e-03
3.608669840803362810e-03
2.369942680641050348e-03
2.369942680641050348e-03
2.357783496411034688e-03
2.357783496411034688e-03
2.357783496411031653e-03
2.357783496411031653e-03
1.867562227174228125e-03
1.867553762866631939e-03
1.867553762866631939e-03
1.867553762866631939e-03
1.867553762866631939e-03
1.867553762848891139e-03
1.867553762848891139e-03
1.835146088018799453e-03
1.835146086211089439e-03
1.835145894986855292e-03
1.835145894986855292e-03
1.835145894986855292e-03
1.835145894986855292e-03
1.683440418703800604e-03
1.683440418703783690e-03
1.044969707260156450e-03
1.044883872259265607e-03
1.044858767954476558e-03
1.044858767954476558e-03
1.044858767954476558e-03
9.012302502342266122e-04
9.012302330466734736e-04
9.012302330466734736e-04
9.012302330466734736e-04
9.012302330466734736e-04
9.012302330466734736e-04
9.012302330466734736e-04
9.012302330462842450e-04
8.960224301790937432e-04
8.960224301790937432e-04
8.960224301785979376e-04
8.960224301785979376e-04
8.960224233484856155e-04
7.188520170194378014e-04
7.170990464677623770e-04
4.552175749270733992e-04
4.552173953944164833e-04
4.552161681602486789e-04
4.552161681602486789e-04
4.200773559594969957e-04
4.200773559594969957e-04
4.200773559594969957e-04
4.200773559594969957e-04
4.200773559514330794e-04
4.200773559514330794e-04
4.194800239253864273e-04
4.194800239253864273e-04
2.802872774951038759e-04
2.781227191347820558e-04
2.781227191347820558e-04
2.781227191347809173e-04
2.781227191347809173e-04
2.781227191347809173e-04
1.950373950245953196e-04
1.950366596747400119e-04
1.950366596747400119e-04
1.950366596747400119e-04
1.950366596747400119e-04
1.950366596673362392e-04
1.950366596673362392e-04
1.881489116504704074e-04
1.881489115525957639e-04
1.881488688247873306e-04
1.881488688247873306e-04
1.881488688247873306e-04
1.881488688247873306e-04
1.714868318468040494e-04
1.033989681613069992e-04
1.033989681613068772e-04
1.033937421911767395e-04
1.033851715682222353e-04
1.033851715682222353e-04
1.033851715682222353e-04
8.195563352488195209e-05
8.195563258223752495e-05
8.195563258223752495e-05
8.195563258223752495e-05
8.195563258223752495e-05
8.195563258223752495e-05
8.195563258223752495e-05
8.195563258209713432e-05
8.093366853306752031e-05
8.093366853303796224e-05
8.093366853303796224e-05
8.093366853303796224e-05
8.093366710588781614e-05
6.250253163565542614e-05
6.238716308381865019e-05
3.792663017549380777e-05
3.792661969250708923e-05
3.792641965500200810e-05
3.343608016117190646e-05
3.343608016117190646e-05
3.343608016117190646e-05
3.343608016117190646e-05
3.343608016117190646e-05
3.343608016070869464e-05
3.343608016070869464e-05
3.332901893540281870e-05
3.332901893540281870e-05
2.034239415398943836e-05
2.021891639171124460e-05
2.021891639171124460e-05
2.021891639171092273e-05
2.021891639171092273e-05
2.021891639171092273e-05
1.382921448609041898e-05
1.382917774608484648e-05
1.382917774608484648e-05
1.382917774608484648e-05
1.382917774608484648e-05
1.382917774459298091e-05
1.309496275951880100e-05
1.309496275951880100e-05
1.309496275440983200e-05
1.309496275440983200e-05
1.309495748410496043e-05
1.309495748410496043e-05
1.309495748410496043e-05
1.211398460423508894e-05
6.338941539036573619e-06
6.338941539036569384e-06
6.338239914776128126e-06
6.337936269383703469e-06
6.337936269383703469e-06
6.337936269383703469e-06
4.996027655788609856e-06
4.996027612513206996e-06
4.996027612513206996e-06
4.996027612513207843e-06
4.996027612513207843e-06
4.996027612491319664e-06
4.996027612491319664e-06
4.996027612491319664e-06
4.906845820398658551e-06
4.906845820397817447e-06
4.906845820397817447e-06
4.906845820397817447e-06
4.906845674738884263e-06
4.906845674738884263e-06
3.922071505064888204e-06
3.917141046004766438e-06
2.006825443437906363e-06
2.006825059895546284e-06
2.006801925217682906e-06
1.769506604132885901e-06
1.769506604132885901e-06
1.769506604132885901e-06
1.769506604132885901e-06
1.769506604132885901e-06
1.769506604121467685e-06
1.761738672924290080e-06
1.761738672924290080e-06
1.761738672924290080e-06
1.125162796046810405e-06
1.125162796046810405e-06
1.119886688063707950e-06
1.119886688063650140e-06
1.119886688063650140e-06
1.119886688063650140e-06
6.445077241539967254e-07
6.445064324751785679e-07
6.445064324751785679e-07
6.445064324751785679e-07
6.445064324751785679e-07
6.445064323525279853e-07
6.097194821266495409e-07
6.097194821266495409e-07
6.097194820118447069e-07
6.097194820118447069e-07
6.097189199184822733e-07
6.097189199184822733e-07
6.097189199184822733e-07
6.097189199184822733e-07
5.817801501965758864e-07
3.034719928299891389e-07
3.034719928299890860e-07
3.034045893705485395e-07
3.033900179223810553e-07
3.033900179223810553e-07
3.033900179223810553e-07
2.081640166251392090e-07
2.081640156671550571e-07
2.081640156671550571e-07
2.081640156671550042e-07
2.081640156671550042e-07
2.081640156654686675e-07
2.081640156654686675e-07
2.041359294663173425e-07
2.041359294663173425e-07
2.041359294663040282e-07
2.041359294663040282e-07
2.041359294663040282e-07
2.041359149202087867e-07
2.041359149202087867e-07
1.751183472642217982e-07
1.749253512222474849e-07
8.230889090540925101e-08
8.230889090540925101e-08
8.230888017904135184e-08
8.230696806764915999e-08
8.230696806764915999e-08
6.648024749368012327e-08
6.648024749368012327e-08
6.648024749368012327e-08
6.648024749368012327e-08
6.648024749349566861e-08
6.613452501148963175e-08
6.613452501148963175e-08
6.613452501148963175e-08
6.613452501148963175e-08
4.609411391210725462e-08
4.609411391210725462e-08
4.585716567964717453e-08
4.585716567964100046e-08
2.285778603363767999e-08
2.285778603363767999e-08
2.285778603363767999e-08
2.285775163856560084e-08
2.285775163856560084e-08
2.285775162331295944e-08
2.285775162331295944e-08
2.069530766363763808e-08
2.069530766172910741e-08
2.069530766172910741e-08
2.069530766172910741e-08
2.069527104328474818e-08
2.069527104328474818e-08
2.069527104328474818e-08
2.069527104328474818e-08
1.981553493667101680e-08
1.086767794532391575e-08
1.086767794532391079e-08
1.086337973219823166e-08
1.086294616650281696e-08
1.086294616650281696e-08
1.086294616650281696e-08
6.501333404167575161e-09
6.501333404167575161e-09
6.501333387277065695e-09
6.501333387277060732e-09
6.501333387277060732e-09
6.501333387095496242e-09
6.266255566595718072e-09
6.266255566595718072e-09
6.266255566595718072e-09
6.266255566595718072e-09
6.266255566595482326e-09
6.266255566595482326e-09
6.266255566595482326e-09
6.266254658481693880e-09
5.355404387887110070e-09
5.351362581867922231e-09
2.514333996122150793e-09
2.514333996122150793e-09
2.514333996122150793e-09
2.514333784097091983e-09
2.514228230053489724e-09
1.856993288509815711e-09
1.856993288509815711e-09
1.856993288509815711e-09
1.856993288509815711e-09
1.856993288506504920e-09
1.837917247365738442e-09
1.837917247365738442e-09
1.837917247365738442e-09
1.837917247365738442e-09
1.837917247365738442e-09
1.837917247365738442e-09
1.232295385474711500e-09
1.232295385474110554e-09
1.227567606019368080e-09
5.970318913324544782e-10
5.970318913324544782e-10
5.970318913324544782e-10
5.970312812719293336e-10
5.970312802138118881e-10
5.970312802138118881e-10
5.970312802138118881e-10
5.182579227973198624e-10
5.182579227973198624e-10
5.182579227644874095e-10
5.182579227644874095e-10
5.182563590369490212e-10
5.182563590369490212e-10
5.182563590369490212e-10
5.011262017246030595e-10
5.011262017246030595e-10
2.486716831721775425e-10
2.486716831721774908e-10
2.484680991675682747e-10
2.484680991675682747e-10
2.484623436821141254e-10
1.467344533966885753e-10
1.467344533966885753e-10
1.467344533966885753e-10
1.467344533966880583e-10
1.467344531252964324e-10
1.467344531252964324e-10
1.467344531152754753e-10
1.394444832958570904e-10
1.394444832958570904e-10
1.394444832958570904e-10
1.394444832958570904e-10
1.394444832958570904e-10
1.394444832958546864e-10
1.394444497255034051e-10
1.394444497255034051e-10
1.230064479368629728e-10
4.967618647719891726e-11
4.966895909679283812e-11
4.966895909679283812e-11
4.966468320002188980e-11
4.966468320002188980e-11
4.966468047125408780e-11
3.668039521687843778e-11
3.668039521687843778e-11
3.668039521687843778e-11
3.668039521687843778e-11
3.668039521684845249e-11
3.668039521684845249e-11
3.618037358934500303e-11
3.618037358934500303e-11
3.618037358934500303e-11
3.618037358934500303e-11
3.618037358934500303e-11
3.618037358927679294e-11
2.606406356326171818e-11
2.599774579258531290e-11
2.599774579258531290e-11
1.057072474303327519e-11
1.057072474303327519e-11
1.057072471109888520e-11
1.057071732254402653e-11
1.057071732254402653e-11
1.057071732254402653e-11
9.187866099722065979e-12
9.187866099722065979e-12
9.187866099453103033e-12
9.187807688946772095e-12
9.187807688946772095e-12
9.187807688946772095e-12
9.187807688946772095e-12
9.010504498150432429e-12
4.910518240305656641e-12
4.910518240305656641e-12
4.910518240305656641e-12
4.903919248368158788e-12
4.903919248368158788e-12
4.903828132224853404e-12
2.437861431986484876e-12
2.437861431986484876e-12
2.437861431986484876e-12
2.437861431986464277e-12
2.437861429807719011e-12
2.437861429807719011e-12
2.437861429520271729e-12
2.314390847439947375e-12
2.314390847439947375e-12
2.314390847439947375e-12
2.314390847439947375e-12
2.314390847439947375e-12
2.314390847439947375e-12
2.314389659359755423e-12
2.314389659359740478e-12
2.314389659359740478e-12
2.142216028394310462e-12
9.174354827724018786e-13
9.173179139206962120e-13
9.173179139206962120e-13
9.171821646583569317e-13
9.171821352617516074e-13
5.961060770187637972e-13
5.961060770187637972e-13
5.961060770187637972e-13
5.961060770187637972e-13
5.961060770187637972e-13
5.961060770185694219e-13
5.961060770185694219e-13
5.872461982677818885e-13
5.872461982677818885e-13
5.872461982677818885e-13
5.872461982677818885e-13
5.872461982657588705e-13
5.872461982657588705e-13
4.677403857762247765e-13
4.667502474217245275e-13
4.667502474217245275e-13
1.852427549506500647e-13
1.852427533368499469e-13
1.852427533368499469e-13
1.852426718581454416e-13
1.852426718581454416e-13
1.852426718581454416e-13
1.852426718581454416e-13
1.498262134696968179e-13
1.498246206552542605e-13
1.498246206533067207e-13
1.498246206533067207e-13
1.498246206533067207e-13
1.498246206533067207e-13
1.475024256951448748e-13
1.475024256951448748e-13
9.131110874664118985e-14
9.131110874664118985e-14
9.113443351949598319e-14
9.113443351949598319e-14
9.113331259438201237e-14
4.166025621685796438e-14
4.166025621685796438e-14
4.166025621685796438e-14
4.166025621685713134e-14
4.166025621685713134e-14
4.166025619811900902e-14
4.166025618378630883e-14
3.833401358058643843e-14
3.833401358058643843e-14
3.833401358058643843e-14
3.833401358058643843e-14
3.833401358058643843e-14
3.833401358058643843e-14
3.833401358058643843e-14
3.833397841324743825e-14
3.833397841324731835e-14
3.833397841324731835e-14
3.581027493303476714e-14
1.712926092322915086e-14
1.712764864868114526e-14
1.712764864868114526e-14
1.712370715573472262e-14
1.023153736093659748e-14
1.023153725304537100e-14
1.023153725304537100e-14
1.023153725304537100e-14
1.023153725304537100e-14
1.023153725304537100e-14
1.023153725304537100e-14
1.023153725304354558e-14
9.974711357583912789e-15
9.974711357583912789e-15
9.974711357583908055e-15
9.974711357583908055e-15
9.974711357480679295e-15
8.021011377997097445e-15
8.021011377997097445e-15
8.009692165653537931e-15
8.009692165653537931e-15
3.414656670849000073e-15
3.414656604389142771e-15
3.414656604389142771e-15
3.414655716748486270e-15
3.414655716748486270e-15
3.414655716748486270e-15
3.414655716748486270e-15
2.622103821004019810e-15
2.622060928717881807e-15
2.622060928698024600e-15
2.622060928698024600e-15
2.622060928698024600e-15
2.622060928698024600e-15
2.622060928698024600e-15
2.593450112649737185e-15
1.587376247825856012e-15
1.581803058183204650e-15
1.581803058183204650e-15
1.581803058183204650e-15
1.581792352002140794e-15
7.541224902161325648e-16
7.541224902161325648e-16
7.541224902161325648e-16
7.541224902160802041e-16
7.541224902160802041e-16
7.541224900068776447e-16
7.541224894329495845e-16
6.787909623047403164e-16
6.787909623047403164e-16
6.787909623047403164e-16
6.787909623047403164e-16
6.787909623047403164e-16
6.787909623047403164e-16
6.787909623047403164e-16
6.787899807734893936e-16
6.787899807734885062e-16
6.456654529455886031e-16
6.456654529455886031e-16
2.956870097757730665e-16
2.956712733280686707e-16
2.956712733280686707e-16
2.955456009966669281e-16
1.814106910896330308e-16
1.814106899147466901e-16
1.814106899147466901e-16
1.814106899147466901e-16
1.814106899147466901e-16
1.814106899147466901e-16
1.814106899147466901e-16
1.814106899147325153e-16
1.814106899147325153e-16
1.814106899147323181e-16
1.756851027913274124e-16
1.756851027913274124e-16
1.756851027873843158e-16
1.489811284321621243e-16
1.489811284321621243e-16
1.488533766695589772e-16
1.488533766695589772e-16
5.889885992464519725e-17
5.889885811306882550e-17
5.889884895486888132e-17
5.889884895486888132e-17
5.889884895486888132e-17
5.889884895486888132e-17
5.889884895486888132e-17
4.586291817190391240e-17
4.586149215116309802e-17
4.586149215116309802e-17
4.586149215101139637e-17
4.586149215101139637e-17
4.586149215101139637e-17
4.586149215101139637e-17
4.557209745963616766e-17
4.557209745963616766e-17
3.100395455433521450e-17
3.085064886152884532e-17
3.085064886152884532e-17
3.085064886152884532e-17
3.085050796483707673e-17
1.332058831469730372e-17
1.332058831469730372e-17
1.332058831469526224e-17
1.332058831469526224e-17
1.332058831469526224e-17
1.332058831305865936e-17
1.332058829664314185e-17
1.203064460638615799e-17
1.203064460638615799e-17
1.203064460638615799e-17
1.203064460638615799e-17
1.203064460638615799e-17
1.203064460638615799e-17
1.203064460638615799e-17
1.203061105305875576e-17
1.203061105305875114e-17
1.167919489334947649e-17
1.167919489334947649e-17
6.120785523218440527e-18
6.120785523218440527e-18
6.120550731639882745e-18
6.116646792789400313e-18
3.393018526686408104e-18
3.393018516350720938e-18
3.393018516350720938e-18
3.393018516350720938e-18
3.393018516350720938e-18
3.393018516350720938e-18
3.393018516350720938e-18
3.393018516350720938e-18
3.393018516350712079e-18
3.393018516350611931e-18
3.393018516350611931e-18
3.283362885514593360e-18
3.283362885388200355e-18
3.283362885388200355e-18
2.954831378742406746e-18
2.953082883725148460e-18
2.953082883725148460e-18
1.290593029581893022e-18
1.290592934435730069e-18
1.290592823863858190e-18
1.290592823863858190e-18
1.290592823863858190e-18
1.290592823863858190e-18
1.290592823863858190e-18
9.323039852837453213e-19
9.322611635502301191e-19
9.322611635502301191e-19
9.322611635489489905e-19
9.322611635489489905e-19
9.322611635489489905e-19
9.322611635489489905e-19
9.246789805729848225e-19
9.205741896491083656e-19
6.997816687676780420e-19
6.997816687676780420e-19
6.997816687676780420e-19
6.997816687676780420e-19
6.997798472306489229e-19
3.082605153463308607e-19
3.082605153463308607e-19
3.082605153463308607e-19
3.082605153462301827e-19
3.082605153462301827e-19
3.082605153462301827e-19
3.082605143849882437e-19
3.082605143670677545e-19
3.082605143670677545e-19
3.082605143670677545e-19
3.082605143670677545e-19
2.673228579654876119e-19
2.673216541467924278e-19
2.673216541467924278e-19
2.673216541467924278e-19
2.673216541467924278e-19
2.673216541467923797e-19
2.612348728355851592e-19
2.612348728355851592e-19
1.559017871688297241e-19
1.559017871688297241e-19
1.558979567494326353e-19
1.557589393475493271e-19
8.329822056495334684e-20
8.329822043756194030e-20
8.329822043756194030e-20
8.329822043756194030e-20
8.329822043756194030e-20
8.329822043756194030e-20
8.329822043756194030e-20
8.329822043756147086e-20
8.329822043756147086e-20
8.329822043756147086e-20
7.928587103850676070e-20
7.928587103850567737e-20
7.928587103044722537e-20
7.928587103044722537e-20
7.928587103044722537e-20
7.250040437797089416e-20
7.247393072906112950e-20
7.247390891814186814e-20
3.532306632544757723e-20
3.532306632544757723e-20
3.532306632544757723e-20
3.532306463175911510e-20
3.532306463175911510e-20
3.532306463175911510e-20
2.440058922322021529e-20
2.440058922322021529e-20
2.440058922322021529e-20
2.439897856384808871e-20
2.439897856383081854e-20
2.439897856383081854e-20
2.439897856383081854e-20
2.439897856383081854e-20
2.408000404179291650e-20
2.400989711220798555e-20
1.865732031757064907e-20
1.865732031757064907e-20
1.865732031757064907e-20
1.865732031757064907e-20
1.865729384261841846e-20
1.865729384261841846e-20
8.773259182605400671e-21
8.773259182596487227e-21
8.773259182596487227e-21
8.773259182596487227e-21
8.773259182596487227e-21
8.773259126000554672e-21
8.773259126000554672e-21
8.773259126000554672e-21
8.773259125714909168e-21
8.773259125714909168e-21
7.400581287657565682e-21
7.400530627492319737e-21
7.400530627492319737e-21
7.400530627492319737e-21
7.400530627492319737e-21
7.400530627492319737e-21
7.400530627492318233e-21
7.282403973177287414e-21
4.395875226584436148e-21
4.395875226584436148e-21
4.395812956469900889e-21
4.388994894844254496e-21
2.417495621946439530e-21
2.417495619834935327e-21
2.417495619834935327e-21
2.417495619834935327e-21
2.417495619834935327e-21
2.417495619834935327e-21
2.417495619834935327e-21
2.417495619834892069e-21
2.417495619834892069e-21
2.275282502725945934e-21
2.275282502725945934e-21
2.275282502725945934e-21
2.275282502243561797e-21
2.275282502243548631e-21
2.275282502243548631e-21
2.131329226674453136e-21
2.130861345025280714e-21
2.130860309720419649e-21
1.025388210329681078e-21
1.025388210329681078e-21
1.025388210329681078e-21
1.025388182244224430e-21
1.025388182244224430e-21
1.025388182244224430e-21
1.025388182244224430e-21
7.158949283566961230e-22
7.158093502947926394e-22
7.158093502947926394e-22
7.158093502947926394e-22
7.158093502945700478e-22
7.158093502945700478e-22
7.158093502945700478e-22
7.041635267824160939e-22
5.811907595792608157e-22
5.803544522010137385e-22
5.803544522010137385e-22
5.803544522010136444e-22
5.803544522010136444e-22
5.803544522010136444e-22
5.803539481080350510e-22
2.612110171797014695e-22
2.612110171791271229e-22
2.612110171791271229e-22
2.612110171791271229e-22
2.612110144242898609e-22
2.612110144242898609e-22
2.612110144242898609e-22
2.612110144242898609e-22
2.612110144242898609e-22
2.612110144204988916e-22
2.206674119296823648e-22
2.206646316279459195e-22
2.206646316279459195e-22
2.206646316279459195e-22
2.206646316279459195e-22
2.206646316279459195e-22
2.206646316279459195e-22
2.185036952305707862e-22
2.185036952305707862e-22
1.461114039245670114e-22
1.461100501484105554e-22
1.461100501484105554e-22
1.457896921947557661e-22
7.497819845082483388e-23
7.497819845082483388e-23
7.497819842041617036e-23
7.497819842041617036e-23
7.497819842041617036e-23
7.497819842041617036e-23
7.497819842041617036e-23
7.497819842041312583e-23
7.497819842041312583e-23
7.497819842041312583e-23
7.043547987093664852e-23
7.043547984555297649e-23
7.043547984555297649e-23
7.043547984555297649e-23
7.043547984555282367e-23
6.754761116911092231e-23
6.754754695052929631e-23
6.753829831912758982e-23
3.632444871694410992e-23
3.632444871694410992e-23
3.632444871694410992e-23
3.632444818926521893e-23
3.632444818926521893e-23
3.632444818926521893e-23
3.632444818926521893e-23
2.368056024479000547e-23
2.367657551697578394e-23
2.367657551697578394e-23
2.367657551697578394e-23
2.367657551697578394e-23
2.367657551697275116e-23
2.367657551697275116e-23
2.325336665816144360e-23
2.034645627758872706e-23
2.032627781536965374e-23
2.032627781536965374e-23
2.032627781536964787e-23
2.032627781517867999e-23
9.790609588926496264e-24
9.790609588926496264e-24
9.790607441043957967e-24
9.790607441043957967e-24
9.790607441043957967e-24
9.790607441043957967e-24
9.790607441043957967e-24
9.790607441043957967e-24
9.790607202144413345e-24
9.790607202144413345e-24
9.790607202144413345e-24
9.790607202078044934e-24
7.895063027993692115e-24
7.894911568726076069e-24
7.894911568726076069e-24
7.894911568726076069e-24
7.894911568726076069e-24
7.894911568726076069e-24
7.894911568726076069e-24
7.840320814343005057e-24
7.840320814343005057e-24
5.750076014307963965e-24
5.750044624096742025e-24
5.733548798851087479e-24
5.733548798851087479e-24
5.733548798851087479e-24
2.964565959229924305e-24
2.964565958637515560e-24
2.964565958637515560e-24
2.964565958637515560e-24
2.964565958637515560e-24
2.964565958637254747e-24
2.964565958637254747e-24
2.964565958637254747e-24
2.964565958637254747e-24
2.722520131718457512e-24
2.722520129377483655e-24
2.722520129377483655e-24
2.722520129377480716e-24
2.722520129377480716e-24
2.636775343472440008e-24
2.636771179012543224e-24
2.636560173070708211e-24
2.636560173070708211e-24
1.563866292366176799e-24
1.563866292366176799e-24
1.563866292366176799e-24
1.563866280177891707e-24
1.563866280177891707e-24
1.563866280177891707e-24
9.909972020622973508e-25
9.907650451484093336e-25
9.907650451484093336e-25
9.907650451484093336e-25
9.907650451484093336e-25
9.907650451483490895e-25
9.907650451483490895e-25
9.651387122018369220e-25
8.642851307895826790e-25
8.637398148536599295e-25
8.637398148536588275e-25
8.637398148323728289e-25
8.637398148323728289e-25
8.637398148323728289e-25
4.463741191627286626e-25
4.463740635260972488e-25
4.463740635260972488e-25
4.463740635260972488e-25
4.463740635260972488e-25
4.463740635260972488e-25
4.463740423928652103e-25
4.463740423928652103e-25
4.463740423928652103e-25
3.500227433956209768e-25
3.500227433956209768e-25
3.500227433946596428e-25
3.500128390912102778e-25
3.500128390912102778e-25
3.500128390912102778e-25
3.500128390912102778e-25
3.500128390912102778e-25
3.484026746654401950e-25
3.484026746654401950e-25
2.643666640186484826e-25
2.643666640186484826e-25
2.643658371563839287e-25
2.631522589075646717e-25
2.631522589075646717e-25
2.631522589075646717e-25
1.402309884494441124e-25
1.402309884494441124e-25
1.402309884344219145e-25
1.402309884344219145e-25
1.402309884344219145e-25
1.402309884343859380e-25
1.402309884343859380e-25
1.402309884343859380e-25
1.402309884343859380e-25
1.402309884343859380e-25
1.402309881700755051e-25
1.268191609738667892e-25
1.268191609738667433e-25
1.268191609738667433e-25
1.268188404705834995e-25
1.240065595035800924e-25
1.240065595035800924e-25
1.240007434926458726e-25
7.584980347681698861e-26
7.584980347681698861e-26
7.584980347681698861e-26
7.584980347681698861e-26
7.584980315188025096e-26
7.580240602715562407e-26
4.819164457193953605e-26
4.819164457193953605e-26
4.819164457193953605e-26
4.819164457193953605e-26
4.819164457193953605e-26
4.819164457193826757e-26
4.667570333259166776e-26
4.667570333259166776e-26
4.667570333259166776e-26
4.303933590004810190e-26
4.303933590004795267e-26
4.302248042767047754e-26
4.302248042767047754e-26
4.302248042542301614e-26
4.302248042542301614e-26
2.244882679337866192e-26
2.244882679337866192e-26
2.244882679337866192e-26
2.244882519861380741e-26
2.244882519861380741e-26
2.244882519861380741e-26
2.244882519861380741e-26
2.244882342031000855e-26
2.244882342031000855e-26
1.749615823903308568e-26
1.749615823901154738e-26
1.749615823901154738e-26
1.749615823901154738e-26
1.749529549151389104e-26
1.749529549151389104e-26
1.749529549151389104e-26
1.749529549151389104e-26
1.744507619363267194e-26
1.408796847048583645e-26
1.408796847048583645e-26
1.408796847048583645e-26
1.408796847048583645e-26
1.400143780324756846e-26
1.400141151799678542e-26
7.300870000148543261e-27
7.300870000148543261e-27
7.300870000148543261e-27
7.300870000148543261e-27
7.300869999783485685e-27
7.300869999783485685e-27
7.300869999779332998e-27
7.300869999779332998e-27
7.300869975943722696e-27
6.562088365579604254e-27
6.562088365579604254e-27
6.562088365579604254e-27
6.562088365579604254e-27
6.562088365579602819e-27
6.562088365579602819e-27
6.562088365579602819e-27
6.562058448304975604e-27
6.467483222123162511e-27
6.467483222123162511e-27
6.467303929934648943e-27
4.323940618981337820e-27
4.323940618981337820e-27
4.323940609514244675e-27
4.323940609514244675e-27
4.320068224146000658e-27
2.630110665201763381e-27
2.630110665201763381e-27
2.630110665201763381e-27
2.630110665201763381e-27
2.630110665201763381e-27
2.630110665201734324e-27
2.630110665201734324e-27
2.538119494507526594e-27
2.538119494507503635e-27
2.538119494507503635e-27
2.400674663006655033e-27
2.400674663006655033e-27
2.400080253818944417e-27
2.400080253818944417e-27
2.400080253586239368e-27
2.400080253586239368e-27
1.359474886254526819e-27
1.359474886254526819e-27
1.359474833819790419e-27
1.359474833819790419e-27
1.359474606447751554e-27
1.359474606447751554e-27
1.359474606447751554e-27
1.359474606447751554e-27
1.016555073497083609e-27
1.016555073497083609e-27
1.016555073496534389e-27
1.016481834234567681e-27
1.016481834234567681e-27
1.016481834234567681e-27
1.016481834234567681e-27
1.016481834234567681e-27
1.014558743288066138e-27
8.651475518547884127e-28
8.651475518547884127e-28
8.584854315964823734e-28
8.584854315964823734e-28
8.584854315964823734e-28
8.584845456644226097e-28
8.584845456644226097e-28
4.659381477566573305e-28
4.659381477566573305e-28
4.659381477566573305e-28
4.659381477566573305e-28
4.659381477454254189e-28
4.659381477448628368e-28
4.659381477448628368e-28
4.659381443602451781e-28
4.082203380823869293e-28
4.082203380823869293e-28
4.082203380823869293e-28
4.082203380823869293e-28
4.082203380823869293e-28
4.082174265626733065e-28
4.082174265626733065e-28
4.082174265626733065e-28
4.082174265626733065e-28
4.040518308001843997e-28
4.040518308001843997e-28
2.915397103862786928e-28
2.915364440515030818e-28
2.911766136138145813e-28
2.911766136138145813e-28
2.911766132895106652e-28
1.766433343939475452e-28
1.766433343939475452e-28
1.766433343939475452e-28
1.766433343939475452e-28
1.766433343939475452e-28
1.766433343939475452e-28
1.766433343939467156e-28
1.685687193900916583e-28
1.685687193900883624e-28
1.685687193900883624e-28
1.685687193900883624e-28
1.616046913519457948e-28
1.616046913519457948e-28
1.616046913151635710e-28
1.616046913151635710e-28
1.615805402217106945e-28
9.839453896385136980e-29
9.839453896385136980e-29
9.839450901154018900e-29
9.839450901154018900e-29
9.839450693662473941e-29
9.839450693662473941e-29
9.839450693662473941e-29
9.839450693662473941e-29
7.205569612434392876e-29
7.205569612434392876e-29
7.205569612434392876e-29
7.204817218960027923e-29
7.204817218958202872e-29
7.204817218958202872e-29
7.204817218958202872e-29
7.204817218958202872e-29
7.196149327269557131e-29
6.318933924737884781e-29
6.249231591988092007e-29
6.249231591988092007e-29
6.249231591988092007e-29
6.249231591988092007e-29
6.249231591988092007e-29
6.249228045733088151e-29
6.249228045733088151e-29
3.542169420571900072e-29
3.542169420571900072e-29
3.542169420571899511e-29
3.542169420560564127e-29
3.542169420517612648e-29
3.542169420517612648e-29
3.542169371326636506e-29
3.051161737048650574e-29
3.051161737048650574e-29
3.051161737048650574e-29
3.051161737048650574e-29
3.051161737048650574e-29
3.051161737048650574e-29
3.051128478783568075e-29
3.051128478783568075e-29
3.051128478783568075e-29
3.030194736358503415e-29
3.030194736358503415e-29
3.030194736358503415e-29
2.281763116202587478e-29
2.281748001823139926e-29
2.281748001823139926e-29
2.277413435669488181e-29
1.395505696251408732e-29
1.395505695758521896e-29
1.395505695758521896e-29
1.395505695758521896e-29
1.395505695758521896e-29
1.395505695758521896e-29
1.395505695758521896e-29
1.395505695758519093e-29
1.395505695758519093e-29
1.320681171884439577e-29
1.320681171884368391e-29
1.320681171884368391e-29
1.320681171884368391e-29
1.320681171266608485e-29
1.281880223777614621e-29
1.281765426459770679e-29
1.281765426459770679e-29
1.281765426459770679e-29
8.126227985363406044e-30
8.126223807958505360e-30
8.126223714314340663e-30
8.126223714314340663e-30
8.126223714314340663e-30
8.126223714314340663e-30
8.126223714314340663e-30
8.126223714314340663e-30
5.904832462194181763e-30
5.903838240378870452e-30
5.903838240378870452e-30
5.903838240378214644e-30
5.903838240378214644e-30
5.903838240378214644e-30
5.899439609556514396e-30
5.899439609556514396e-30
5.899439609556514396e-30
5.353233501484660249e-30
5.353233501484660249e-30
5.278558509337006139e-30
5.278558509337006139e-30
5.278558509337006139e-30
5.278556835196168350e-30
3.048399325095711120e-30
3.048399325095711120e-30
3.048399325095710069e-30
3.048399325074598106e-30
3.048399325074598106e-30
3.048399325074598106e-30
3.048399325057578636e-30
3.048399250561947258e-30
2.599730713861541431e-30
2.599730713861541431e-30
2.599730713861541431e-30
2.599730713861541431e-30
2.599730713861541431e-30
2.599730713861541431e-30
2.599683201109923012e-30
2.599683201109923012e-30
2.599683201109923012e-30
2.599683201109923012e-30
2.588174883230711413e-30
2.068599655617364371e-30
2.068599655617364371e-30
2.068591436073135325e-30
2.068591436073135325e-30
2.063261379374348809e-30
1.251326642489813073e-30
1.251326642277786631e-30
1.251326642277786631e-30
1.251326642277786631e-30
1.251326642277786631e-30
1.251326642277786631e-30
1.251326642277786631e-30
1.251326642277786631e-30
1.251326642277625307e-30
1.251326642277624256e-30
1.176824547399016100e-30
1.176824547399016100e-30
1.176824547399016100e-30
1.176824546396047585e-30
1.153325911853370106e-30
1.153325911853370106e-30
1.153264422324654273e-30
7.868367816581206804e-31
7.868367816581206804e-31
7.868367816581206804e-31
7.868360109584106746e-31
7.868360062612386040e-31
7.868360062612386040e-31
7.868360062612386040e-31
7.868360062612386040e-31
7.868360062612386040e-31
5.569263490601384457e-31
5.567939453034502175e-31
5.567939453034245562e-31
5.567939453034245562e-31
5.567939453034245562e-31
5.567939453034245562e-31
5.567939453034245562e-31
5.467682803501807343e-31
5.465185766235638696e-31
5.100961762457612292e-31
5.100961762457612292e-31
5.100961762457612292e-31
5.100961762457612292e-31
5.100960926026160273e-31
3.122101815410318421e-31
3.122101815410315355e-31
3.122101815410315355e-31
3.122101815365034585e-31
3.122101815365034585e-31
3.122101815365034585e-31
3.122101661596056802e-31
3.122101661588213472e-31
2.601063113899512646e-31
2.601063113899512646e-31
2.601063113899512646e-31
2.601063113899512646e-31
2.601063113899512646e-31
2.600991907658432344e-31
2.600991907658432344e-31
2.600991907658432344e-31
2.600991907658432344e-31
2.600991907658432344e-31
2.593358055123174447e-31
2.179076745400579436e-31
2.179076745400579436e-31
2.179071865561647154e-31
2.179071865561647154e-31
2.171707295239228718e-31
1.346961638765186866e-31
1.346961638765186866e-31
1.346961638657256231e-31
1.346961638657256231e-31
1.346961638657256231e-31
1.346961638657256231e-31
1.346961638657256231e-31
1.346961638657256231e-31
1.346961638656873720e-31
1.346961638656873720e-31
1.250393362016091555e-31
1.250393362016091555e-31
1.250393362016091117e-31
1.250393359787939415e-31
1.250393359787939415e-31
1.232735426380970937e-31
1.232735426380970937e-31
1.232697841638853017e-31
1.232695009625041552e-31
8.958401589368074017e-32
8.958401589368074017e-32
8.958401562618640557e-32
8.958401562618640557e-32
8.958401562618640557e-32
8.958401562618640557e-32
6.302612004710916992e-32
6.300499122542018237e-32
6.300499122542018237e-32
6.300499122542018237e-32
6.300499122541910950e-32
6.300499122541910950e-32
6.300499122541910950e-32
6.300499122541910950e-32
6.155749387720483931e-32
6.155749387720483931e-32
5.844720501179922339e-32
5.843193653713824864e-32
5.843193653713824864e-32
5.843193171530321815e-32
3.773541825742945779e-32
3.773541825742945779e-32
3.773541825742935927e-32
3.773541825742935927e-32
3.773541825612767342e-32
3.773541825612767342e-32
3.773541489302828410e-32
3.773541489302828410e-32
3.773541489299042714e-32
3.773541489299042714e-32
3.773541489299042714e-32
3.773541489299042714e-32
3.773541489299042714e-32
3.100527643792789782e-32
3.100401561692111109e-32
3.100401561692111109e-32
3.100401561692111109e-32
3.100401561692111109e-32
3.094592198908948886e-32
3.094592198908948886e-32
2.690693488764976096e-32
2.690690220066433463e-32
2.690690220066433463e-32
2.690690220066433463e-32
2.677981775263619780e-32
1.705324085498725503e-32
1.705324085441561831e-32
1.705324085441561831e-32
1.705324085441561831e-32
1.705324085441561831e-32
1.705324085441561831e-32
1.705324085441561831e-32
1.705324085440356222e-32
1.705324085440356222e-32
1.567881855651641749e-32
1.567881850406649199e-32
1.567881850406649199e-32
1.567881850406649199e-32
1.567881850406649199e-32
1.567881850406649199e-32
1.552958669249689691e-32
1.552932464316178741e-32
1.552926863408969804e-32
1.182337086032307200e-32
1.182337086032307200e-32
1.182337086032307200e-32
1.182337084492707420e-32
1.182337084492707420e-32
8.325656584655592788e-33
8.325656584655592788e-33
8.325656584655592788e-33
8.321478807461393476e-33
8.321478807461393476e-33
8.321478807461393476e-33
8.321478807461359264e-33
8.321478807461359264e-33
8.321478807461359264e-33
8.321478807461359264e-33
8.096053278427658952e-33
7.803838277144207633e-33
7.802642315868187350e-33
7.802642315868187350e-33
7.802642315868106611e-33
5.255718111668950214e-33
5.255718111290910952e-33
5.255717982392486080e-33
5.255717982392486080e-33
5.255717982392486080e-33
5.255717982392486080e-33
5.255717169417550814e-33
5.255717169417550814e-33
5.255717169417550814e-33
5.255717169417550814e-33
5.255717169417550814e-33
5.255717169416217254e-33
5.255717169416217254e-33
4.278584885320672943e-33
4.278312791244444437e-33
4.278312791244444437e-33
4.278312791244444437e-33
4.278312791244444437e-33
4.273449349120668922e-33
4.273449349120668922e-33
3.846820573518821072e-33
3.846820573518821072e-33
3.846818365909489280e-33
3.823561127442695752e-33
3.823561127442695752e-33
2.484707158722452495e-33
2.484707158722452495e-33
2.484707158700431651e-33
2.484707158700431651e-33
2.484707158696599291e-33
2.484707158696599291e-33
2.484707158696599291e-33
2.484707158696599291e-33
2.484707158696599291e-33
2.266067037724144406e-33
2.266067024070914064e-33
2.266067024070914064e-33
2.266067024070914064e-33
2.266067024070914064e-33
2.252324156556303853e-33
2.252310804119207280e-33
2.252292590536063361e-33
1.811667467256339411e-33
1.811667467256339411e-33
1.811667467256339411e-33
1.811667466600411648e-33
1.270508321504953668e-33
1.269636253332253646e-33
1.269636253332253646e-33
1.269636253332253646e-33
1.269636253332253646e-33
1.269636253332253646e-33
1.269636253332253646e-33
1.269636253332253646e-33
1.269636253332253133e-33
1.230158575029910957e-33
1.200159592750471335e-33
1.200066120434538637e-33
1.200066120434510070e-33
1.200066120188895224e-33
1.200066120188895224e-33
8.579495972222708325e-34
8.579495972222708325e-34
8.579495909895015579e-34
8.579495909895015579e-34
8.579495909895015579e-34
8.579495909895015579e-34
8.579495909895015579e-34
8.579495909895015579e-34
8.579493454716608079e-34
8.579493454716608079e-34
6.881893677815780510e-34
6.881893677815671033e-34
6.881893677815671033e-34
6.881262589951875899e-34
6.881262589951875899e-34
6.881262589951875899e-34
6.881262589951875899e-34
6.877103119971036002e-34
6.877103119971036002e-34
6.377088003747396227e-34
6.377088003747396227e-34
6.328879943498351968e-34
6.328878859206349125e-34
6.328878859206349125e-34
4.284435142539028103e-34
4.284435142539028103e-34
4.284435142539028103e-34
4.284435142535896905e-34
4.284435142521697469e-34
4.284435142521697469e-34
4.284435142521697469e-34
4.284435087209160223e-34
3.859563109787673508e-34
3.859563109787673508e-34
3.859563109787673508e-34
3.859563109787673508e-34
3.859563109787673508e-34
3.859563109787673508e-34
3.859527958519202251e-34
3.846320324567045032e-34
3.846320324567045032e-34
3.846320324567045032e-34
3.846310686141878279e-34
3.252771481272867229e-34
3.252771481272867229e-34
3.252771481171761886e-34
3.252771481171761886e-34
3.248456229366741879e-34
2.306140213421841585e-34
2.306140213421841585e-34
2.306140213421841585e-34
2.306140213421841585e-34
2.306140213421841585e-34
2.306140213421841585e-34
2.306140213421841585e-34
2.220497262792708628e-34
2.220497262792587177e-34
2.187879680389090785e-34
2.187823310327217842e-34
2.187823310327217842e-34
2.187823310327217842e-34
2.187823309402060651e-34
1.658223385778483979e-34
1.658223385778483979e-34
1.658223385778483979e-34
1.658223385778483979e-34
1.658223384665183610e-34
1.658223384665183610e-34
1.658222562398242162e-34
1.658222562398242162e-34
1.658222562398242162e-34
1.321210539385063020e-34
1.321210539385062806e-34
1.321034835242730791e-34
1.321034835242730791e-34
1.321034835242730791e-34
1.321034835242730791e-34
1.320756559482885898e-34
1.258155188404729932e-34
1.258155188404729932e-34
1.258155188404729932e-34
1.245767618446722220e-34
1.245767618446722220e-34
1.245767598358777953e-34
8.818683707311939245e-35
8.818683707311939245e-35
8.818683707311939245e-35
8.818683707311899688e-35
8.818683707311894343e-35
8.818683707243718530e-35
8.818683707243718530e-35
8.818683497150856054e-35
7.865216523061482568e-35
7.865216523061482568e-35
7.865216523061482568e-35
7.865216523061482568e-35
7.865106250896168994e-35
7.865106250896168994e-35
7.865106250896168994e-35
7.855132064683296649e-35
7.855132064683296649e-35
6.993942581114772250e-35
6.993941057310774625e-35
6.993941057310774625e-35
6.993941057310774625e-35
6.980748044595333030e-35
6.980748044593888668e-35
5.037473649186709708e-35
5.037473649186709708e-35
5.037473649186709708e-35
5.037473649186709708e-35
5.037473649186709708e-35
4.820204165047659514e-35
4.820204165047659514e-35
4.820204165047009498e-35
4.820204165047009498e-35
4.792063130468758081e-35
4.792063126489488784e-35
4.792050195685452994e-35
4.792050195685452994e-35
4.792050195685452994e-35
3.892350453341212329e-35
3.892350453341212329e-35
3.892347030928139094e-35
3.892347030909108475e-35
3.892347030909108475e-35
3.892347030909108475e-35
3.081720402199232754e-35
3.081720402199232754e-35
3.081087935727237389e-35
3.081087935727237389e-35
3.081087935727237389e-35
3.081087935727237389e-35
3.081015541302210151e-35
3.081015541302210151e-35
3.017462458113412610e-35
2.979447257347519068e-35
2.979447257347519068e-35
2.979447257347519068e-35
2.979447256991041213e-35
2.246778125957393267e-35
2.246778125957393267e-35
2.246778125957389793e-35
2.246778125917715540e-35
2.246778125917715540e-35
2.246778125917715540e-35
2.246778022901381402e-35
1.978343365219619224e-35
1.978343365219619224e-35
1.978343365219619224e-35
1.978343365219619224e-35
1.978343365219619224e-35
1.978297202826700927e-35
1.978297202826700927e-35
1.978297202826700927e-35
1.977995134664949829e-35
1.977995134664949829e-35
1.872635182238765113e-35
1.872635178849606449e-35
1.872635178849606449e-35
1.867579062426178387e-35
1.867579062426178387e-35
1.392663634397616350e-35
1.392663634397616350e-35
1.392663634397616350e-35
1.392663634397616350e-35
1.392663634397616350e-35
1.392663634397616350e-35
1.320378226679137003e-35
1.320378226678699472e-35
1.320378226678699472e-35
1.320378226678699472e-35
1.320378224396587388e-35
1.320378224396587388e-35
1.319363416831148150e-35
1.319363386421530052e-35
1.319363386421530052e-35
1.182777510523077399e-35
1.182775419500292365e-35
1.182775419500291831e-35
1.182775419500291831e-35
1.182775419500291831e-35
1.182775419500291831e-35
9.356562837445435222e-36
9.356562837445435222e-36
9.353443998766909475e-36
9.353443998766909475e-36
9.353443998766909475e-36
9.353441928860975169e-36
9.324932611009512651e-36
9.166151808721005767e-36
9.166151808721005767e-36
9.166151808721005767e-36
9.166151808721005767e-36
9.166151808721005767e-36
9.166151808721005767e-36
9.166151808720933603e-36
7.754502017038395524e-36
7.754502017038362114e-36
7.754502016681351577e-36
7.754502016681351577e-36
7.754502016681351577e-36
7.754502016681351577e-36
7.754501204715065445e-36
6.715366176755493080e-36
6.715366176755493080e-36
6.715366176755493080e-36
6.715366176755493080e-36
6.715081612110409050e-36
6.715081612110409050e-36
6.715081612110409050e-36
6.715081612110409050e-36
6.715070812936057855e-36
6.654296685092909360e-36
6.654296685091995275e-36
6.654296685091995275e-36
6.626291199810277820e-36
5.433385558723205000e-36
5.433385558723205000e-36
5.433385558723205000e-36
5.433385558723205000e-36
5.433385558723205000e-36
5.433385558717606895e-36
5.075205140177060962e-36
5.075205140177060962e-36
5.075205140177060962e-36
5.075205140177060962e-36
5.075205117867453168e-36
5.075158567342360463e-36
5.075158567342360463e-36
5.075158567332743187e-36
4.969603646529789509e-36
4.969583896850944493e-36
4.969583896850944493e-36
4.969583896850944493e-36
4.969583896850944493e-36
4.969583896850944493e-36
4.136618040236415612e-36
4.133940720606651379e-36
4.133940720606651379e-36
4.133940720606651379e-36
4.133940720606651379e-36
4.133940720606651379e-36
4.133940720606651379e-36
4.031639032757206443e-36
4.031474210574528314e-36
4.031474210492347481e-36
4.031474210492347481e-36
3.882823709278756454e-36
3.882823709278756454e-36
3.882823709278692308e-36
3.882823709278692308e-36
3.882823708686431035e-36
3.882823708686431035e-36
3.882822619529946572e-36
3.882822619529946572e-36
3.404207902677346030e-36
3.404207902677346030e-36
3.404207902677346030e-36
3.404207902677346030e-36
3.403886657477767342e-36
3.403886657477767342e-36
3.403886656884738317e-36
3.403886656884738317e-36
3.403397830937681639e-36
3.403397830937681639e-36
3.403397830937681639e-36
3.379261204228609249e-36
3.207538581936789359e-36
3.207538581936789359e-36
3.207538581936789359e-36
3.207538581936789359e-36
3.207538581936789359e-36
3.207538581923883247e-36
3.207538581923882579e-36
2.982091522235679846e-36
2.982091481026732283e-36
2.982091481026732283e-36
2.982091481026732283e-36
2.982091477591943978e-36
2.982091477591943978e-36
2.982091477591943978e-36
2.982060235423838555e-36
2.980906058781057328e-36
2.980906058781057328e-36
2.980906058781057328e-36
2.818147948008494622e-36
2.814045367535756220e-36
2.814045367535756220e-36
2.814045367535756220e-36
2.814045367535756220e-36
2.814045367535756220e-36
2.814045367535756220e-36
2.728524925386815617e-36
2.728524909252049692e-36
2.728524909252049692e-36
2.728524909252049692e-36
2.728524909251840883e-36
2.726333304895504283e-36
2.726333304895504283e-36
2.726333303333290348e-36
2.726333303333290348e-36
2.726330944278038397e-36
2.726330944278038397e-36
2.726330944278038397e-36
2.726330944278038397e-36
2.603440676476810751e-36
2.603440676476810751e-36
2.603440676476810751e-36
2.602819937579827903e-36
2.602819937579827903e-36
2.602819937579827903e-36
2.602819876486838259e-36
2.602819876486838259e-36
2.577274000183447705e-36
2.577274000183447705e-36
2.574013338724514803e-36
2.574013338724514803e-36
2.574013338724514803e-36
2.574013338724514803e-36
2.574013338680046012e-36
2.574013338680043339e-36
2.501449043442849140e-36
2.501448916057809942e-36
2.501448916057809942e-36
2.501448916057809942e-36
2.501448916057809942e-36
2.501376281026827113e-36
2.501376281026827113e-36
2.501376107405807264e-36
2.501376107405807264e-36
2.501376107405807264e-36
2.497620877433660763e-36
2.497620877433660763e-36
2.491778733940085169e-36
2.491778733940085169e-36
2.491778733940085169e-36
2.491778733940085169e-36
2.491778733940085169e-36
2.459144512732920500e-36
2.459144512732920500e-36
2.459144512732920500e-36
2.459144512732011760e-36
2.459144507148127522e-36
2.459144126380504230e-36
2.459144126380504230e-36
2.459144126380504230e-36
2.459137784484655301e-36
2.459137784484655301e-36
2.459137784484655301e-36
2.459137784484655301e-36
2.459137784484655301e-36
2.455893759919720857e-36
2.454891609181764569e-36
2.454891609181764569e-36
2.454891609181764569e-36
2.454891609181764569e-36
2.454891609181764569e-36
2.443966833287521333e-36
2.443966833287521333e-36
2.443966205862944470e-36
2.443966205862944470e-36
2.443966205862944470e-36
2.443966205686824310e-36
2.443966205686809610e-36
2.443966205686809610e-36
2.441879599766636161e-36
2.441879198664276841e-36
2.441879198664276841e-36
2.441879198664276841e-36
2.441753602760013018e-36
2.441753602760013018e-36
2.441753602760013018e-36
2.441753602760013018e-36
2.441753602760013018e-36
2.441753602760013018e-36
2.441753602760013018e-36
2.439080393291015959e-36
2.439079629068521288e-36
2.439079629068521288e-36
2.439079629068521288e-36
2.439079629068521288e-36
2.438097073405010850e-36
2.438097073405010850e-36
2.438097073401087565e-36
2.438097073401087565e-36
2.438097055265069018e-36
2.438097055265068684e-36
2.438097055265068016e-36
2.438097055265068016e-36
2.438097055265068016e-36
2.438097055265068016e-36
2.438085743608033176e-36
2.438085743608033176e-36
2.438085061228140071e-36
2.437612700785744695e-36
2.437612700785744695e-36
2.437612700785744695e-36
2.437612700785744695e-36
2.437612700785744695e-36
2.437277075263205086e-36
2.437277075263205086e-36
2.437277075263203749e-36
2.437277075263203749e-36
2.437277075263142610e-36
2.437277074684378798e-36
2.437277074684378798e-36
2.437277074684378798e-36
2.437277074684378798e-36
2.437276349596781978e-36
2.437275905715165023e-36
2.437216075990592146e-36
2.437216075990592146e-36
2.437216075990592146e-36
2.437216075990592146e-36
2.437216075990592146e-36
2.437216075990592146e-36
2.437216075990592146e-36
2.437216075990592146e-36
2.437133362027170276e-36
2.437133362027169274e-36
2.437133362027169274e-36
2.437133362027169274e-36
2.437133152289980953e-36
2.437133152277027733e-36
2.437133152277027065e-36
2.437133152277027065e-36
2.437133152277027065e-36
2.437133152277027065e-36
2.437133119393948379e-36
2.437133119393948379e-36
2.437133119393948379e-36
2.437133119393948379e-36
2.437133119393948379e-36
2.437127714930128479e-36
2.437127714930127476e-36
2.437113069086449718e-36
2.437113069086449718e-36
2.437113069086449718e-36
2.437113069086449718e-36
2.437113069086449718e-36
2.437113069086449718e-36
2.437112997377491221e-36
2.437112997377491221e-36
2.437112997377491221e-36
2.437112997377491221e-36
2.437112997377491221e-36
2.437112997377288759e-36
2.437112996327222315e-36
2.437112996327222315e-36
2.437112649669501100e-36
2.437112649669500098e-36
2.437112649669500098e-36
2.437112649669500098e-36
2.437110793705212457e-36
2.437110793705212457e-36
2.437110793705212457e-36
2.437110793705212457e-36
2.437110793705212457e-36
2.437110793705212457e-36
2.437110776028855985e-36
2.437110776028855985e-36
2.437110776028855985e-36
2.437110776028855985e-36
2.437110776028855317e-36
2.437110776005350690e-36
2.437110776005348351e-36
2.437110760282424398e-36
2.437110760282424398e-36
2.437110760282424398e-36
2.437110760282424398e-36
2.437110760282424398e-36
2.437110760282424398e-36
2.437110592616023302e-36
2.437110592616023302e-36
2.437110592616023302e-36
2.437110592616023302e-36
2.437110589486000001e-36
2.437110589486000001e-36
2.437110589486000001e-36
2.437110589486000001e-36
2.437110589486000001e-36
2.437110589486000001e-36
2.437110589486000001e-36
2.437110589486000001e-36
2.437110589485632496e-36
2.437110588983538945e-36
2.437110588983538945e-36
2.437110578228783110e-36
2.437110578228783110e-36
2.437110578228783110e-36
2.437110578228783110e-36
2.437110577832134470e-36
2.437110577832134470e-36
2.437110577832134470e-36
2.437110577832134470e-36
2.437110577832134470e-36
2.437110577832134470e-36
2.437110577832134470e-36
2.437110577832134470e-36
2.437110577832134470e-36
2.437110577820895494e-36
2.437110577820895494e-36
2.437110577820895494e-36
2.437110577820891819e-36
2.437110577820891819e-36
2.437110577333100566e-36
2.437110577333100566e-36
2.437110577297267812e-36
2.437110577297267812e-36
2.437110577297267812e-36
2.437110577297267812e-36
2.437110577297267812e-36
2.437110577297267812e-36
2.437110577297267812e-36
2.437110577297267812e-36
2.437110577297267812e-36
2.437110577297267812e-36
2.437110577297267812e-36
2.437110577297092078e-36
2.437110577281515205e-36
2.437110577281515205e-36
2.437110577281515205e-36
2.437110577279216962e-36
2.437110577279216962e-36
2.437110577279216962e-36
2.437110577279216962e-36
2.437110577279216962e-36
2.437110577279216962e-36
2.437110577279216962e-36
2.437110577279216962e-36
2.437110577279216962e-36
2.437110577279216962e-36
2.437110577279216962e-36
2.437110577279216962e-36
2.437110577278867832e-36
2.437110577278867832e-36
2.437110577278866161e-36
2.437110577278866161e-36
2.437110577278866161e-36
2.437110577278761924e-36
2.437110577278761924e-36
2.437110577278761924e-36
2.437110577278761924e-36
2.437110577278761924e-36
2.437110577278761924e-36
2.437110577278761924e-36
2.437110577278761924e-36
2.437110577278761924e-36
2.437110577278761924e-36
2.437110577278761924e-36
2.437110577278761924e-36
2.437110577278761924e-36
2.437110577278761924e-36
2.437110577278756244e-36
2.437110577278753237e-36
2.437110577278753237e-36
2.437110577278753237e-36
2.437110577278753237e-36
2.437110577278753237e-36
2.437110577278753237e-36
2.437110577278753237e-36
2.437110577278753237e-36
2.437110577278753237e-36
2.437110577278753237e-36
2.437110577278753237e-36
2.437110577278753237e-36
2.437110577278753237e-36
2.437110577278753237e-36
2.437110577278753237e-36
2.437110577278753237e-36
2.437110577278753237e-36
2.437110577278753237e-36
2.437110577278753237e-36
2.437110577278753237e-36
2.437110577278753237e-36
2.437110577278753237e-36
2.437110577278753237e-36
2.437110577278753237e-36
2.437110577278753237e-36
2.437110577278753237e-36
2.437110577278753237e-36
2.437110577278753237e-36
2.437110577278753237e-36
2.437110577278753237e-36
2.437110577278753237e-36
2.437110577278753237e-36
2.437110577278753237e-36
2.437110577278753237e-36
2.437110577278753237e-36
2.437110577278753237e-36
2.437110577278753237e-36
2.437110577278753237e-36
2.437110577278753237e-36
2.437110577278753237e-36
2.437110577278753237e-36
2.437110577278753237e-36
2.437110577278753237e-36
2.437110577278753237e-36
2.437110577278753237e-36
2.437110577278753237e-36
2.437110577278753237e-36
2.437110577278753237e-36
2.437110577278753237e-36
2.437110577278753237e-36
2.437110577278753237e-36
2.437110577278753237e-36
2.437110577278753237e-36
2.437110577278753237e-36
2.437110577278753237e-36
2.437110577278753237e-36
2.437110577278753237e-36
2.437110577278753237e-36
2.437110577278753237e-36
2.437110577278753237e-36
2.437110577278753237e-36
2.437110577278753237e-36
2.437110577278753237e-36
2.437110577278753237e-36
2.437110577278753237e-36
2.437110577278753237e-36
2.437110577278753237e-36
2.437110577278753237e-36
2.437110577278753237e-36
2.437110577278753237e-36
2.437110577278753237e-36
2.437110577278753237e-36
2.437110577278753237e-36
2.437110577278753237e-36
2.437110577278753237e-36
2.437110577278753237e-36
2.437110577278753237e-36
2.437110577278753237e-36
2.437110577278753237e-36
2.437110577278753237e-36
2.437110577278753237e-36
2.437110577278753237e-36
2.437110577278753237e-36
2.437110577278753237e-36
2.437110577278753237e-36
2.437110577278753237e-36
2.437110577278753237e-36
2.437110577278753237e-36
2.437110577278753237e-36
2.437110577278753237e-36
2.437110577278753237e-36
2.437110577278753237e-36
2.437110577278753237e-36
2.437110577278753237e-36
2.437110577278753237e-36
2.437110577278753237e-36
2.437110577278753237e-36
2.437110577278753237e-36
2.437110577278753237e-36
2.437110577278753237e-36
2.437110577278753237e-36
2.437110577278753237e-36
2.437110577278753237e-36
2.437110577278753237e-36
2.437110577278753237e-36
2.437110577278753237e-36
2.437110577278753237e-36
2.437110577278753237e-36
2.437110577278753237e-36
2.437110577278753237e-36
2.437110577278753237e-36
2.437110577278753237e-36
2.437110577278753237e-36
2.437110577278753237e-36
2.437110577278753237e-36
2.437110577278753237e-36
2.437110577278753237e-36
2.437110577278753237e-36
2.437110577278753237e-36
2.437110577278753237e-36
2.437110577278753237e-36
2.437110577278753237e-36
2.437110577278753237e-36
2.437110577278753237e-36
2.437110577278753237e-36
2.437110577278753237e-36
2.437110577278753237e-36
2.437110577278753237e-36
2.437110577278753237e-36
2.437110577278753237e-36
2.437110577278753237e-36
2.437110577278753237e-36
2.437110577278753237e-36
2.437110577278753237e-36
2.437110577278753237e-36
2.437110577278753237e-36
2.437110577278753237e-36
2.437110577278753237e-36
2.437110577278753237e-36
2.437110577278753237e-36
2.437110577278753237e-36
2.437110577278753237e-36
2.437110577278753237e-36
2.437110577278753237e-36
2.437110577278753237e-36
2.437110577278753237e-36
2.437110577278753237e-36
2.437110577278753237e-36
2.437110577278753237e-36
2.437110577278753237e-36
2.437110577278753237e-36
2.437110577278753237e-36
2.437110577278753237e-36
2.437110577278753237e-36
2.437110577278753237e-36
2.437110577278753237e-36
2.437110577278753237e-36
2.437110577278753237e-36
2.437110577278753237e-36
2.437110577278753237e-36
2.437110577278753237e-36
2.437110577278753237e-36
2.437110577278753237e-36
2.437110577278753237e-36
2.437110577278753237e-36
2.437110577278753237e-36
2.437110577278753237e-36
2.437110577278753237e-36
2.437110577278753237e-36
2.437110577278753237e-36
2.437110577278753237e-36
2.437110577278753237e-36
2.437110577278753237e-36
2.437110577278753237e-36
2.437110577278753237e-36
2.437110577278753237e-36
2.437110577278753237e-36
2.437110577278753237e-36
2.437110577278753237e-36
2.437110577278753237e-36
2.437110577278753237e-36
2.437110577278753237e-36
2.437110577278753237e-36
2.437110577278753237e-36
2.437110577278753237e-36
2.437110577278753237e-36
2.437110577278753237e-36
2.437110577278753237e-36
2.437110577278753237e-36
2.437110577278753237e-36
2.437110577278753237e-36
2.437110577278753237e-36
2.437110577278753237e-36
2.437110577278753237e-36
2.437110577278753237e-36
2.437110577278753237e-36
2.437110577278753237e-36
2.437110577278753237e-36
2.437110577278753237e-36
2.437110577278753237e-36
2.437110577278753237e-36
2.437110577278753237e-36
2.437110577278753237e-36
2.437110577278753237e-36
2.437110577278753237e-36
2.437110577278753237e-36
2.437110577278753237e-36
2.437110577278753237e-36
2.437110577278753237e-36
2.437110577278753237e-36
2.437110577278753237e-36
2.437110577278753237e-36
2.437110577278753237e-36
2.437110577278753237e-36
2.437110577278753237e-36
2.437110577278753237e-36
2.437110577278753237e-36
2.437110577278753237e-36
2.437110577278753237e-36
2.437110577278753237e-36
2.437110577278753237e-36
2.437110577278753237e-36
