1.000000000000038414e+00
1.000000000000038414e+00
1.000000000000030198e+00
1.000000000000030198e+00
1.000000000000030198e+00
1.000000000000030198e+00
1.000000000000030198e+00
1.000000000000030198e+00
1.000000000000030198e+00
1.000000000000030198e+00
1.000000000000030198e+00
1.000000000000030198e+00
1.000000000000030198e+00
1.000000000000030198e+00
1.000000000000030198e+00
1.000000000000030198e+00
1.000000000000030198e+00
1.000000000000030198e+00
1.000000000000029976e+00
1.000000000000029976e+00
1.000000000000029976e+00
1.000000000000018208e+00
1.000000000000018430e+00
1.000000000000018208e+00
1.000000000000018208e+00
1.000000000000018208e+00
1.000000000000018430e+00
1.000000000000018430e+00
1.000000000000018430e+00
1.000000000000018430e+00
1.000000000000018430e+00
1.000000000000018430e+00
1.000000000000018208e+00
1.000000000000018208e+00
1.000000000000016431e+00
1.000000000000013545e+00
1.000000000000013545e+00
1.000000000000013545e+00
1.000000000000013545e+00
1.000000000000013545e+00
1.000000000000013545e+00
1.000000000000013545e+00
1.000000000000013545e+00
1.000000000000013323e+00
1.000000000000013545e+00
1.000000000000013545e+00
1.000000000000013545e+00
1.000000000000013545e+00
1.000000000000012879e+00
1.000000000000008438e+00
1.000000000000008660e+00
1.000000000000008438e+00
1.000000000000008660e+00
1.000000000000003997e+00
1.000000000000003997e+00
1.000000000000003997e+00
1.000000000000003997e+00
1.000000000000003997e+00
1.000000000000003997e+00
1.000000000000003997e+00
1.000000000000003997e+00
1.000000000000003997e+00
1.000000000000003997e+00
1.000000000000003997e+00
1.000000000000003997e+00
1.000000000000001554e+00
1.000000000000001554e+00
1.000000000000000222e+00
1.000000000000000222e+00
1.000000000000000222e+00
1.000000000000000222e+00
9.999999999999998890e-01
1.000000000000000000e+00
1.000000000000000000e+00
1.000000000000000000e+00
1.000000000000000000e+00
9.999999999999998890e-01
9.999999999998778755e-01
9.999999999998759881e-01
9.999999999998641087e-01
9.999999999998641087e-01
9.999999999998641087e-01
9.999999999998631095e-01
9.999999999998629985e-01
9.999999999998631095e-01
9.999999999998631095e-01
9.999999999991570077e-01
9.999999999990351052e-01
9.999999999990299981e-01
9.999999999990158983e-01
9.999999999990158983e-01
9.999999999990156763e-01
9.999999999990155652e-01
9.999999999990154542e-01
9.999999999990152322e-01
9.999999999939780393e-01
9.999999999938079531e-01
9.999999999938079531e-01
9.999999999938079531e-01
9.999999999936268757e-01
9.999999999936135531e-01
9.999999999936056705e-01
9.999999999936056705e-01
9.999999999936055595e-01
9.999999999936056705e-01
9.999999999936056705e-01
9.999999999649802351e-01
9.999999999639140880e-01
9.999999999621793645e-01
9.999999999621794755e-01
9.999999999621559388e-01
9.999999999619816338e-01
9.999999999619816338e-01
9.999999999619815227e-01
9.999999999619806346e-01
9.999999998082870212e-01
9.999999997933881613e-01
9.999999997910273830e-01
9.999999997910273830e-01
9.999999997881826586e-01
9.999999997881826586e-01
9.999999997881825475e-01
9.999999997881555691e-01
9.999999997881554581e-01
9.999999997881262592e-01
9.999999997881263702e-01
9.999999989935490774e-01
9.999999989369625641e-01
9.999999989369625641e-01
9.999999989369625641e-01
9.999999989032194447e-01
9.999999988983955257e-01
9.999999988983955257e-01
9.999999988975923904e-01
9.999999988975711851e-01
9.999999988975712961e-01
9.999999988975711851e-01
9.999999988975704079e-01
9.999999952054016150e-01
9.999999949686402267e-01
9.999999946960954622e-01
9.999999946960954622e-01
9.999999946892678127e-01
9.999999946740291135e-01
9.999999946740291135e-01
9.999999946740291135e-01
9.999999946739900336e-01
9.999999946739790424e-01
9.999999946739790424e-01
9.999999787739662915e-01
9.999999766958721503e-01
9.999999763636567840e-01
9.999999763636567840e-01
9.999999761666540365e-01
9.999999761666540365e-01
9.999999761666540365e-01
9.999999761605621318e-01
9.999999761605620208e-01
9.999999761593658665e-01
9.999999066616845900e-01
9.999999035422270088e-01
9.999999035422268978e-01
9.999999035422268978e-01
9.999999035422268978e-01
9.999999017061853568e-01
9.999999011781381952e-01
9.999999011524068893e-01
9.999999011524068893e-01
9.999999011488406309e-01
9.999999011488407419e-01
9.999999011488407419e-01
9.999999011488407419e-01
9.999999011488013290e-01
9.999996415047648357e-01
9.999996310790522092e-01
9.999996190627297166e-01
9.999996190627299386e-01
9.999996184789681219e-01
9.999996180786135946e-01
9.999996180786135946e-01
9.999996180786134836e-01
9.999996180771976162e-01
9.999996180757885211e-01
9.999996180757885211e-01
9.999987095112596869e-01
9.999986362457132794e-01
9.999986214043273813e-01
9.999986214043273813e-01
9.999986168461295621e-01
9.999986168461295621e-01
9.999986168461295621e-01
9.999986164107554920e-01
9.999986164107554920e-01
9.999986163726298782e-01
9.999956157716043403e-01
9.999953700479601304e-01
9.999953700479559116e-01
9.999953700479559116e-01
9.999953700479559116e-01
9.999953700479555785e-01
9.999953312640916803e-01
9.999953104386786196e-01
9.999953104386786196e-01
9.999953096755820336e-01
9.999953096755820336e-01
9.999953094516720320e-01
9.999953094516722540e-01
9.999953094516722540e-01
9.999953094516721430e-01
9.999953094510215523e-01
9.999860115026811824e-01
9.999854126997188564e-01
9.999851788884581705e-01
9.999851788884556170e-01
9.999851584255045056e-01
9.999851472055727442e-01
9.999851472055727442e-01
9.999851472055727442e-01
9.999851471834090288e-01
9.999851471041331097e-01
9.999851471041331097e-01
9.999851471041331097e-01
9.999582838454961209e-01
9.999568175300173056e-01
9.999559918970578609e-01
9.999559918970579719e-01
9.999558709919882382e-01
9.999558709919882382e-01
9.999558709919881272e-01
9.999558572785822719e-01
9.999558572785817168e-01
9.999558567121465957e-01
9.998887435404451018e-01
9.998785820957573067e-01
9.998785820957573067e-01
9.998785820954708692e-01
9.998785820954708692e-01
9.998785820954673165e-01
9.998775865030283816e-01
9.998765971894414406e-01
9.998765971894414406e-01
9.998765971894414406e-01
9.998765865281313836e-01
9.998765865281313836e-01
9.998765802140193726e-01
9.998765802140193726e-01
9.998765802140193726e-01
9.998765802140194836e-01
9.998765802085053389e-01
9.997007611895663004e-01
9.996825567302909388e-01
9.996772253207999448e-01
9.996772253206757108e-01
9.996763944145636849e-01
9.996762524526193738e-01
9.996762524526193738e-01
9.996762524526193738e-01
9.996762522801987405e-01
9.996762503346660056e-01
9.996762503346660056e-01
9.996762503346660056e-01
9.992561333760587861e-01
9.992232512609132700e-01
9.992055412853093621e-01
9.992055412853092511e-01
9.992042415437547564e-01
9.992042415437547564e-01
9.992042415437538683e-01
9.992042415437538683e-01
9.992037841745116111e-01
9.992037841744918492e-01
9.992037803901254733e-01
9.982820241316371357e-01
9.982820241316371357e-01
9.981885598484262490e-01
9.981885598427320261e-01
9.981885598427320261e-01
9.981885598427037154e-01
9.981797356413188993e-01
9.981633569790546723e-01
9.981633569790546723e-01
9.981633569790546723e-01
9.981632991890542206e-01
9.981632991890542206e-01
9.981631350291803040e-01
9.981631350291801930e-01
9.981631350291801930e-01
9.981631350291785276e-01
9.981631349895840888e-01
9.962027695005727379e-01
9.960700470388373917e-01
9.960322478786428624e-01
9.960322478768627308e-01
9.960215690425464619e-01
9.960209454537943818e-01
9.960209454537943818e-01
9.960209454537942708e-01
9.960209454537942708e-01
9.960209444511759491e-01
9.960209054061813783e-01
9.960209054061813783e-01
9.960209054061813783e-01
9.960209054061813783e-01
9.921808792347907024e-01
9.920044322550141125e-01
9.918837948408983918e-01
9.918837948408983918e-01
9.918789009486546071e-01
9.918789009486546071e-01
9.918789009486517205e-01
9.918789009486517205e-01
9.918741071407193299e-01
9.918741071404943987e-01
9.918740883740957415e-01
9.855688685385753933e-01
9.855688685385753933e-01
9.844551290997404225e-01
9.844551289967212737e-01
9.844551289967212737e-01
9.844551289966410046e-01
9.844252000191957563e-01
9.843266410480078221e-01
9.843266410480078221e-01
9.843266410480078221e-01
9.843266410480078221e-01
9.843263794802440403e-01
9.843263794802440403e-01
9.843248832177470264e-01
9.843248832177469154e-01
9.843248832177469154e-01
9.843248832177301511e-01
9.843248831155813061e-01
9.728989624729080798e-01
9.716478735603432115e-01
9.715265465917652943e-01
9.715265465646584220e-01
9.714684063741821918e-01
9.714657271514399728e-01
9.714657271514399728e-01
9.714657271514399728e-01
9.714657271514399728e-01
9.714657246861170270e-01
9.714654020860740147e-01
9.714654020860740147e-01
9.714654020860740147e-01
9.714654020860740147e-01
9.526207414241443239e-01
9.519838307640865471e-01
9.509538443333960256e-01
9.509538443333962476e-01
9.509336893449298334e-01
9.509336893449298334e-01
9.509336893449251704e-01
9.509336893449251704e-01
9.509098181362051205e-01
9.509098181331567812e-01
9.509097739347330824e-01
9.279168513325358747e-01
9.279168513325358747e-01
9.207990910888248504e-01
9.207990900903839648e-01
9.207990900903839648e-01
9.207990900902430775e-01
9.206734326836979454e-01
9.199440309089076395e-01
9.199440309089076395e-01
9.199440309089076395e-01
9.199434440332482366e-01
9.199434440332482366e-01
9.199434440332482366e-01
9.199366560712213259e-01
9.199366560712214369e-01
9.199366560712214369e-01
9.199366560710187102e-01
9.199366559243773445e-01
8.832203235576335798e-01
8.832203235576335798e-01
8.769424714524808318e-01
8.764764047733981656e-01
8.764764045739206200e-01
8.760986848551962636e-01
8.760930459372673340e-01
8.760930459372673340e-01
8.760930459372672230e-01
8.760930459372672230e-01
8.760930426018193051e-01
8.760917257571223526e-01
8.760917257571223526e-01
8.760917257571223526e-01
8.760917257571223526e-01
8.245712060776158037e-01
8.219576566573347787e-01
8.219576566573347787e-01
8.180471405306100063e-01
8.180471405306097843e-01
8.180087844965157062e-01
8.180087844965157062e-01
8.180087844965077126e-01
8.180087844965077126e-01
8.178753224890160656e-01
8.178753224703603220e-01
8.178752683959913394e-01
8.178752683959913394e-01
7.606201007516449897e-01
7.476002478570692444e-01
7.476002441646273367e-01
7.476002441646273367e-01
7.476002441644115093e-01
7.473880654215567798e-01
7.452263361893813887e-01
7.452263361893813887e-01
7.452263361893813887e-01
7.452263361893813887e-01
7.452257243325670633e-01
7.452257243325670633e-01
7.452257243325670633e-01
7.451946703092914293e-01
7.451946703092914293e-01
7.451946703092914293e-01
7.451946703082903412e-01
7.451946701155923725e-01
6.703536671280824200e-01
6.703536671280824200e-01
6.614979016836893821e-01
6.608708457060993302e-01
6.608708451766397429e-01
6.600003067307360638e-01
6.599954833045325042e-01
6.599954833045325042e-01
6.599954833045323932e-01
6.599954833045323932e-01
6.599954797071743151e-01
6.599907370251956173e-01
6.599907370251956173e-01
6.599907370251956173e-01
6.599907370251956173e-01
5.736177909192839985e-01
5.711226166310645613e-01
5.711226166310645613e-01
5.663162449358770667e-01
5.663162449358760675e-01
5.662887153332476498e-01
5.662887153332476498e-01
5.662887153332429868e-01
5.662887153332429868e-01
5.660432483263805326e-01
5.660432482879608207e-01
5.660431997355999112e-01
5.660431997355999112e-01
4.967740521986536706e-01
4.707843145769385895e-01
4.707843039013404618e-01
4.707843039013404618e-01
4.707843039012288844e-01
4.706526037326317913e-01
4.683330832520651854e-01
4.683330832520651854e-01
4.683330832520651854e-01
4.683330832520651854e-01
4.683325972619903355e-01
4.683325972619903355e-01
4.683325972619902244e-01
4.682842476834056522e-01
4.682842476834056522e-01
4.682842476834056522e-01
4.682842476834056522e-01
4.682842476816861943e-01
4.682842475917837199e-01
3.890270650172984457e-01
3.890270650172984457e-01
3.737959062559021439e-01
3.734196206227918258e-01
3.734196192822897276e-01
3.725738954422704863e-01
3.725702921721789629e-01
3.725702921721789629e-01
3.725702921721789074e-01
3.725702921721789074e-01
3.725702905969575651e-01
3.725636569405806342e-01
3.725636569405806342e-01
3.725636569405806342e-01
3.725636569405806342e-01
2.938242137137840326e-01
2.919908817414419988e-01
2.919908817414419988e-01
2.846741818356579024e-01
2.846741818356562925e-01
2.846542369480484225e-01
2.846542369480484225e-01
2.846542369480468682e-01
2.846542369480468682e-01
2.844341118588334938e-01
2.844341118588334938e-01
2.844341117710202371e-01
2.844340912819703360e-01
2.844340912819703360e-01
2.844340912819703360e-01
2.397618289629385169e-01
2.110164427737241111e-01
2.110164245334215094e-01
2.110164245334215094e-01
2.110164245333820965e-01
2.109133047616330026e-01
2.078606735414489093e-01
2.078606735414489093e-01
2.078606735414489093e-01
2.078606735414489093e-01
2.078604759273318392e-01
2.078604759273318392e-01
2.078604759273317559e-01
2.078205626033876041e-01
2.078205626033876041e-01
2.078205626033876041e-01
2.078205626033876041e-01
2.078205625998220119e-01
2.078205625754823149e-01
1.603997556898933974e-01
1.603997556898933974e-01
1.462293988826876001e-01
1.459582202189874389e-01
1.459582184608359534e-01
1.449787530991276940e-01
1.449773513774238187e-01
1.449773513774238187e-01
1.449773513774238187e-01
1.449773513774238187e-01
1.449773509707216745e-01
1.449723524915903783e-01
1.449723524915903783e-01
1.449723524915903783e-01
1.449723524915903783e-01
1.035647685329253442e-01
1.020918705130756249e-01
1.020918705130756249e-01
9.665110850107062890e-02
9.665110850106743701e-02
9.664374531629785214e-02
9.664374531629785214e-02
9.664374531629738030e-02
9.664374531629738030e-02
9.641932053213707332e-02
9.641932053213707332e-02
9.641932043543173514e-02
9.641931549088784970e-02
9.641931549088784970e-02
7.445545610216890153e-02
7.445545610216890153e-02
6.289834040661425318e-02
6.289832617717712460e-02
6.289832617717712460e-02
6.289832617716444030e-02
6.286175641904372113e-02
6.105913386948660232e-02
6.105913386948660232e-02
6.105913386948660232e-02
6.105913386948660232e-02
6.105913386948660232e-02
6.105909120854475375e-02
6.105909120854467742e-02
6.102443676243331921e-02
6.102443676243331921e-02
6.102443676243331921e-02
6.102443676243331921e-02
6.102443675911752713e-02
6.102443675288675429e-02
4.159020363853369734e-02
4.159020363853369734e-02
3.724213636513865749e-02
3.716504485825073562e-02
3.716504485825073562e-02
3.716504388602907827e-02
3.671187180357641383e-02
3.671161605694519409e-02
3.671161605694519409e-02
3.671161605694519409e-02
3.671161605694519409e-02
3.671161596880387346e-02
3.670809032912848713e-02
3.670809032912848713e-02
3.670809032912848713e-02
3.670809032912848713e-02
2.273418195678719028e-02
2.245059918805172861e-02
2.245059918805172861e-02
2.245059918805172861e-02
2.108233132554893779e-02
2.108233132554671735e-02
2.108120886066865499e-02
2.108120886066865499e-02
2.108120886066859948e-02
2.108120886066859948e-02
2.108120886066859948e-02
2.099937506663529518e-02
2.099937502591311955e-02
2.099937413783463380e-02
2.099937413783463380e-02
1.595331743708991445e-02
1.595331743708991445e-02
1.182667956750235207e-02
1.182667210929623861e-02
1.182667210929623861e-02
1.182667210929494797e-02
1.182211521272866390e-02
1.143641439028905693e-02
1.143641439028905693e-02
1.143641439028905693e-02
1.143641439028905693e-02
1.143641439028905693e-02
1.143640780301690557e-02
1.143640780301686220e-02
1.142600693080916829e-02
1.142600693080916829e-02
1.142600693080916829e-02
1.142600693080916829e-02
1.142600692967169276e-02
1.142600692908748820e-02
7.437875905967337650e-03
7.437875905967337650e-03
6.009878014510430799e-03
6.000583933346413483e-03
6.000583933346413483e-03
6.000583480687333125e-03
5.913711963047133674e-03
5.913675583224679670e-03
5.913675583224679670e-03
5.913675583224679670e-03
5.913675583224679670e-03
5.913675575668123595e-03
5.912745476030561824e-03
5.912745476030561824e-03
5.912745476030561824e-03
5.912745476030560089e-03
3.377389788165247649e-03
3.332808183874505070e-03
3.332808183874505070e-03
3.332808183874505070e-03
2.925530230882822814e-03
2.925530230882096832e-03
2.925374357351217744e-03
2.925374357351217744e-03
2.925374357351213841e-03
2.925374357351213841e-03
2.925374357351213841e-03
2.910834603781596065e-03
2.910834586530253350e-03
2.910834513158626433e-03
2.910834513158626433e-03
2.305113370361728826e-03
2.305113370361728826e-03
1.464604753364046703e-03
1.464604753364046703e-03
1.464602188559941060e-03
1.464602188559941060e-03
1.464602188559841313e-03
1.463871400991951502e-03
1.363647230781625530e-03
1.363647230781625530e-03
1.363647230781625530e-03
1.363647230781625530e-03
1.363647230781625530e-03
1.363646697939555584e-03
1.363646697939543224e-03
1.361926147436198732e-03
1.361926147436198732e-03
1.361926147436198732e-03
1.361926147436198732e-03
1.361926146993715225e-03
1.361926146961319915e-03
8.903308919704392907e-04
8.903308919704392907e-04
6.266079482727164801e-04
6.252468753047879437e-04
6.252468753047879437e-04
6.252467558588574751e-04
6.054382705846825079e-04
6.054354053871540547e-04
6.054354053871540547e-04
6.054354053871540547e-04
6.054354053871540547e-04
6.054354053871540547e-04
6.054354049827674611e-04
6.052934641364974850e-04
6.052934641364974850e-04
6.052934641364974850e-04
6.052934641364973766e-04
3.297443384643122203e-04
3.224680917209224863e-04
3.224680917209224863e-04
3.224680917209224863e-04
2.585148461625474720e-04
2.585148461622553337e-04
2.585027306893804473e-04
2.585027306893804473e-04
2.585027306893802304e-04
2.585027306893802304e-04
2.585027306893802304e-04
2.555613571040823225e-04
2.555613533429192835e-04
2.555613495888964747e-04
2.555613495888964747e-04
2.555613495888964747e-04
1.934870739906156627e-04
1.154631653548487529e-04
1.154631653548487529e-04
1.154627071869485951e-04
1.154627071869485951e-04
1.154627071869415342e-04
1.154042155571684367e-04
1.024937097442142289e-04
1.024937097442142289e-04
1.024937097442142289e-04
1.024937097442142289e-04
1.024937097442142289e-04
1.024936842473636535e-04
1.024936842473595742e-04
1.021886784908154972e-04
1.021886784908154972e-04
1.021886784908154972e-04
1.021886784908154972e-04
1.021886784066560925e-04
1.021886784049399766e-04
6.014498323990220867e-05
6.014498323990220867e-05
4.072666276769661619e-05
4.063751109600865894e-05
4.063751109600865894e-05
4.063749578731385640e-05
3.860321515414692940e-05
3.860309463276057437e-05
3.860309463276057437e-05
3.860309463276057437e-05
3.860309463276057437e-05
3.860309463276057437e-05
3.860309461388914786e-05
3.860309461388914786e-05
3.858193991942946723e-05
3.858193991942946723e-05
3.858193991942946723e-05
3.858193991942944013e-05
1.807578221941733037e-05
1.775420097378650506e-05
1.775420097378650506e-05
1.775420097378650506e-05
1.401934502168011273e-05
1.401934502163540464e-05
1.401891144787722487e-05
1.401891144787722487e-05
1.401891144787721640e-05
1.401891144787721640e-05
1.401891144787721640e-05
1.378151110992872383e-05
1.378151075065576224e-05
1.378151060334985311e-05
1.378151060334985311e-05
1.378151060334985311e-05
1.082444864875637198e-05
5.320861782887943600e-06
5.320811995455800653e-06
5.320811995455800653e-06
5.320811995455800653e-06
5.320811995455643105e-06
5.319185873937090904e-06
4.701201271916977581e-06
4.701201271916977581e-06
4.701201271916977581e-06
4.701201271916977581e-06
4.701201271916977581e-06
4.701200425847654818e-06
4.701200425847179633e-06
4.681398986717725009e-06
4.681398986717725009e-06
4.681398986717725009e-06
4.681398986717725009e-06
4.681398980284289546e-06
4.681398980284289546e-06
4.681398980248519345e-06
2.888877314731989848e-06
1.612799895216010533e-06
1.612799895216010533e-06
1.610468159373697900e-06
1.610468159373697900e-06
1.610466705117487393e-06
1.525171944674129067e-06
1.525168358821186601e-06
1.525168358821186601e-06
1.525168358821186601e-06
1.525168358821186601e-06
1.525168358821186601e-06
1.525168358470334966e-06
1.525168358470334966e-06
1.523988534483102336e-06
1.523988534483102336e-06
1.523988534483102336e-06
1.523988534483099159e-06
7.308882772145487856e-07
7.308882772145487856e-07
7.197453026764742615e-07
7.197453026764742615e-07
4.873174000591418427e-07
4.873174000559512813e-07
4.873048381603821446e-07
4.873048381603821446e-07
4.873048381603819328e-07
4.873048381603819328e-07
4.873048381603819328e-07
4.780124380376156014e-07
4.780124065633739179e-07
4.780124039240289951e-07
4.780124039240289951e-07
4.780124039240289951e-07
4.054724098159052217e-07
1.804439345271921382e-07
1.804401147752777519e-07
1.804401147752777519e-07
1.804401147752777519e-07
1.804401147752748402e-07
1.803814647943238022e-07
1.448999638312041831e-07
1.448999638312041831e-07
1.448999638312041831e-07
1.448999638312041831e-07
1.448999638312041831e-07
1.448999484891817272e-07
1.448999484891506782e-07
1.441530779114409572e-07
1.441530779114409572e-07
1.441530779114409572e-07
1.441530779114409572e-07
1.441530773764717825e-07
1.441530773764717825e-07
1.441530773764717825e-07
1.441530773760131142e-07
9.792569447249574477e-08
4.638950410320422264e-08
4.638950410320422264e-08
4.631134301476965103e-08
4.631134301476965103e-08
4.631125171051114227e-08
4.184557821682461957e-08
4.184551216323580843e-08
4.184551216323580843e-08
4.184551216323580843e-08
4.184551216323580843e-08
4.184551216323580843e-08
4.184551216323580843e-08
4.184551216323580843e-08
4.180266293620003808e-08
4.180266293168588186e-08
4.180266293168588186e-08
4.180266293168569657e-08
2.139036815850613881e-08
2.139036815850613881e-08
2.098124278251415198e-08
1.217674447730806847e-08
1.217674447700068650e-08
1.217674447700068650e-08
1.217650242960010631e-08
1.217650242960010631e-08
1.217650242960010300e-08
1.217650242960010300e-08
1.172883699834055459e-08
1.172883699834055459e-08
1.172883534945230714e-08
1.172883534945230714e-08
1.172883531538972254e-08
1.172883531538972254e-08
1.172883531538972254e-08
1.172708137155671555e-08
9.924502219369853157e-09
4.415884595685293653e-09
4.415884595685293653e-09
4.415884595685293653e-09
4.415884595685241540e-09
4.414635659179964233e-09
3.210615096989081919e-09
3.210615096989081919e-09
3.210615096989081919e-09
3.210615096989081919e-09
3.210615096989081919e-09
3.210615096986517245e-09
3.210614898417999967e-09
3.177164900010461072e-09
3.177164900010461072e-09
3.177164900010461072e-09
3.177164873930317039e-09
3.177164873930317039e-09
3.177164873930317039e-09
3.177164873930317039e-09
3.177164873924113185e-09
2.079024365152479608e-09
9.587420037240837053e-10
9.587420037240837053e-10
9.572783026556092826e-10
9.572783026556092826e-10
9.572748126452626635e-10
8.260925656522413623e-10
8.260917541509950016e-10
8.260917541509950016e-10
8.260917541509950016e-10
8.260917541509950016e-10
8.260917541509950016e-10
8.260917541509950016e-10
8.260917541509950016e-10
8.260917541509950016e-10
8.243406403905916104e-10
8.243406403322926446e-10
8.243406403322787894e-10
8.243406403322787894e-10
3.842503466956307424e-10
3.786259185573184674e-10
2.159771470793821722e-10
2.159771470650369217e-10
2.159771470650369217e-10
2.159743993097828533e-10
2.159743993097828533e-10
2.159743993097828533e-10
2.159743993097828533e-10
2.049085090191087045e-10
2.049085090191087045e-10
2.049084596685930177e-10
2.049084596685930177e-10
2.049084592695823643e-10
2.049084592695823643e-10
2.049084592695823643e-10
2.048455806601917461e-10
1.796655478222846661e-10
6.862412648734739883e-11
6.862412648734739883e-11
6.862412648734739883e-11
6.862412648734703694e-11
6.861285057871088524e-11
4.980370540527182097e-11
4.980370540527182097e-11
4.980370540527182097e-11
4.980370540527182097e-11
4.980370540527182097e-11
4.980370540517712818e-11
4.980370334406517847e-11
4.910908136514611663e-11
4.910908136514611663e-11
4.910908136514611663e-11
4.910908070848061894e-11
4.910908070848061894e-11
4.910908070848061894e-11
4.910908070848061894e-11
4.910908070843830349e-11
3.488053056135494508e-11
1.343414730449361397e-11
1.343414730449361397e-11
1.342175021372438801e-11
1.342175021372438801e-11
1.342164740060381436e-11
1.159288461735870020e-11
1.159287697586881878e-11
1.159287697586881878e-11
1.159287697586881878e-11
1.159287697586881878e-11
1.159287697586881878e-11
1.159287697586881878e-11
1.159287697586881878e-11
1.156069133216087595e-11
1.156069133216087595e-11
1.156069133179798277e-11
1.156069133179754010e-11
1.156069133179754010e-11
6.093546079415525023e-12
6.031257316945481823e-12
6.031257315344437397e-12
2.894077100021213937e-12
2.894077100021213937e-12
2.894051478173402705e-12
2.894051478173402705e-12
2.894051478173402705e-12
2.894051478173402705e-12
2.743067196832065813e-12
2.743065771008129285e-12
2.743065771008129285e-12
2.743065771008129285e-12
2.743065768527110090e-12
2.743065768527110090e-12
2.743065768527110090e-12
2.741934992391517065e-12
1.084307281860360637e-12
1.051261382212191287e-12
1.051261382212191287e-12
1.051117990919005778e-12
1.051117990919003153e-12
1.051117990919003153e-12
6.717057574257087473e-13
6.717057574257087473e-13
6.717057574257086464e-13
6.717057574257086464e-13
6.717057574257086464e-13
6.717057574233429219e-13
6.717057574233429219e-13
6.717057433585820511e-13
6.717057433585820511e-13
6.717057433585820511e-13
6.615366255604956412e-13
6.615366053724738414e-13
6.615366053724738414e-13
6.615366053724738414e-13
6.615366053724738414e-13
5.242227689681944782e-13
5.242227689680570523e-13
5.242227689680570523e-13
2.019962101461098491e-13
2.018316434360581479e-13
2.018316434360581479e-13
2.018289036234187355e-13
1.623308186114829358e-13
1.623307588173345968e-13
1.623307588173345968e-13
1.623307588173345968e-13
1.623307588173345968e-13
1.623307588173345968e-13
1.623307588173345968e-13
1.623307588173345968e-13
1.623307588173345968e-13
1.617989873345423936e-13
1.617989873345423936e-13
1.617989873345300495e-13
1.617989873323654657e-13
1.617989873323654657e-13
9.882410709042432448e-14
9.787707598335614997e-14
9.787707590642189066e-14
4.396505428772967091e-14
4.396505428772967091e-14
4.396505428772967091e-14
4.396480966444557026e-14
4.396480966444557026e-14
4.396480966444557026e-14
4.040397684466924920e-14
4.040393945783167781e-14
4.040393945783167781e-14
4.040393945783167781e-14
4.040393944071929685e-14
4.040393944071929685e-14
4.040393944071929685e-14
4.038256939352389243e-14
1.843747765732309637e-14
1.785996550869585575e-14
1.785996550869585575e-14
1.785996550869585575e-14
1.059218746141216783e-14
1.059158742159020659e-14
1.059158742159019870e-14
1.059158742159019870e-14
1.059158742159019397e-14
1.059158742159019397e-14
1.059158742159019397e-14
1.059158742147721805e-14
1.059158742147721805e-14
1.059158742147721805e-14
1.059158730740647334e-14
1.059158730740647334e-14
1.032382124750444204e-14
1.032382064599364888e-14
1.032382064599364888e-14
1.032382064599364888e-14
1.032382064599364888e-14
1.032382064599364888e-14
8.289112555875326216e-15
8.289112555874157124e-15
3.503384835588945073e-15
3.501284620131067194e-15
3.501284620131067194e-15
3.501209269024580278e-15
2.682958437636093496e-15
2.682957897241673001e-15
2.682957897241673001e-15
2.682957897241673001e-15
2.682957897241673001e-15
2.682957897241673001e-15
2.682957897241673001e-15
2.682957897241673001e-15
2.682957897241673001e-15
2.667308470656177881e-15
2.667308470655530226e-15
2.667308470635286872e-15
2.667308470635286872e-15
2.667308470635286872e-15
1.625673340755699596e-15
1.614845227945299430e-15
1.614845225343521386e-15
7.666749648496274183e-16
7.666749648496274183e-16
7.666749648496274183e-16
7.666724927537095362e-16
7.666724927537095362e-16
7.666724927537095362e-16
6.898195225415838388e-16
6.898195225415838388e-16
6.898185226844735501e-16
6.898185226844735501e-16
6.898185225113965800e-16
6.898185225113965800e-16
6.898185225113965800e-16
6.891421714083318737e-16
3.065094348266526755e-16
2.996665511300411524e-16
2.996665511300411524e-16
2.996665511300411524e-16
1.836645743229726761e-16
1.836585641247960476e-16
1.836585641247958257e-16
1.836585641247957517e-16
1.836585641247957517e-16
1.836585641247957517e-16
1.836585641247957517e-16
1.836585641205345470e-16
1.836585641205345470e-16
1.836585641205345470e-16
1.836585641205345470e-16
1.836585641205345470e-16
1.836585629264382107e-16
1.778537382731000445e-16
1.778537218878641926e-16
1.778537218878641926e-16
1.778537218878641926e-16
1.778537218878641926e-16
1.507904416707806258e-16
1.507904416707806258e-16
1.507904416707709376e-16
5.954613326321801510e-17
5.952593966354011935e-17
5.952355866780917792e-17
5.952355866780917792e-17
4.633378053103222898e-17
4.633378053103222898e-17
4.633377491248169175e-17
4.633377491248169175e-17
4.633377491248169175e-17
4.633377491248169175e-17
4.633377491248169175e-17
4.633377491248169175e-17
4.633377491248169175e-17
4.599533804867074001e-17
4.599533804864659347e-17
4.599533804864659347e-17
4.599533804849537870e-17
4.599533804849537870e-17
3.129423777751314407e-17
3.129423768769256626e-17
3.116052106584513247e-17
1.344554375320145297e-17
1.344554375320145297e-17
1.344554375320145297e-17
1.344551724328637411e-17
1.344551724328637411e-17
1.344551724328637411e-17
1.214283901477648107e-17
1.214280513687100213e-17
1.214280513687100213e-17
1.214280513687100213e-17
1.214280513687100213e-17
1.214280513552274486e-17
1.214280513552274486e-17
1.212758282958795220e-17
6.268518592077295875e-18
6.172615807305869284e-18
6.172615807305869284e-18
6.172615807305869284e-18
3.423343224147660523e-18
3.423343224147651664e-18
3.423270411925343812e-18
3.423270411925343812e-18
3.423270411925343426e-18
3.423270411925343426e-18
3.423270411789145898e-18
3.423270411789145898e-18
3.423270411789145898e-18
3.423270411789145898e-18
3.423270411789145898e-18
3.423270401357048605e-18
3.312620076419003018e-18
3.312620076419003018e-18
3.312619454911828077e-18
3.312619454911828077e-18
3.312619454911828077e-18
3.312619454911828077e-18
2.981125103670689610e-18
2.981125103670689610e-18
1.302265443875731394e-18
1.302265443875716565e-18
1.301928669606432502e-18
1.301845878025176051e-18
1.301845878025176051e-18
9.404144885286798348e-19
9.404144885286798348e-19
9.404144303221397940e-19
9.404144303221397940e-19
9.404144303221397940e-19
9.404144303221397940e-19
9.404144303221397940e-19
9.404144303221397940e-19
9.404144303221397940e-19
9.327656362688146531e-19
9.327656362679013771e-19
9.327656362679013771e-19
9.327656362666296856e-19
9.327656362666296856e-19
7.082827248436194535e-19
7.082827198124272448e-19
7.058925858064928348e-19
3.109396008882905267e-19
3.109396008882905267e-19
3.109396008882905267e-19
3.109392443511997290e-19
3.109392443511997290e-19
2.696445897584576959e-19
2.696433754569857691e-19
2.696433754569857691e-19
2.696433754569857691e-19
2.696433754569857691e-19
2.696433754569857691e-19
2.696433754569857691e-19
2.696433754433916407e-19
2.696433754433916407e-19
2.692313293861140685e-19
2.692313293861140685e-19
1.592765713979550626e-19
1.571141494160328953e-19
1.571141494160328953e-19
1.571141494160312342e-19
1.571141494160312342e-19
1.571141494160312342e-19
8.402114278556522229e-20
8.402003976657593128e-20
8.402003976657593128e-20
8.402003976657593128e-20
8.402003976657593128e-20
8.402003976657593128e-20
8.402003975760409496e-20
8.402003975760409496e-20
8.402003975760409496e-20
7.997289148897827725e-20
7.997289137256150564e-20
7.997289137256150564e-20
7.997286504256265595e-20
7.997286504256265595e-20
7.997286504256265595e-20
7.997286504256265595e-20
7.312857299545999277e-20
3.563532423923392041e-20
3.563532423923370375e-20
3.563532423923370375e-20
3.562898217170542692e-20
3.562557765978269410e-20
3.562557765978269410e-20
3.562557765978269410e-20
2.461024644767044267e-20
2.461024644767044267e-20
2.461024563257951813e-20
2.461024563257951813e-20
2.461024563257951813e-20
2.461024563257951813e-20
2.461024563257951813e-20
2.461024563257951813e-20
2.428850869447252350e-20
2.428850869440479095e-20
2.428850869440479095e-20
2.428850869438782170e-20
2.428850869438782170e-20
1.886153511131095437e-20
1.886153485196804173e-20
1.886153485196804173e-20
1.881886306678437936e-20
8.849216409411518283e-21
8.849216409411518283e-21
8.849210504641396913e-21
8.849210504641396913e-21
7.464647929164639174e-21
7.464596830399797187e-21
7.464596830399797187e-21
7.464596830399797187e-21
7.464596830399797187e-21
7.464596830399797187e-21
7.464596830399797187e-21
7.464596830194789467e-21
7.464596830194789467e-21
7.445125670772938156e-21
7.445125670772938156e-21
4.470054422508502261e-21
4.427051855656655598e-21
4.427051855656655598e-21
4.427051855656511153e-21
4.427051855656511153e-21
2.438441599630560356e-21
2.438441599630560356e-21
2.438422603144733943e-21
2.438422603144733943e-21
2.438422603144733943e-21
2.438422603144733943e-21
2.438422603144733943e-21
2.438422602595450071e-21
2.438422602595450071e-21
2.438422602595450071e-21
2.294978395942217218e-21
2.294978394055639439e-21
2.294978394055639439e-21
2.294977203439327927e-21
2.294977203439327927e-21
2.294977203439327927e-21
2.149777932292901849e-21
2.149777932292901849e-21
1.034373608625119076e-21
1.034373608625116255e-21
1.034373608625116255e-21
1.034196494534053585e-21
1.034087263183744857e-21
1.034087263183744857e-21
7.220056431145711277e-22
7.220056431145711277e-22
7.220056431145711277e-22
7.220056293093662959e-22
7.220056293093662959e-22
7.220056293093661078e-22
7.220056293093661078e-22
7.220056293050157443e-22
7.220056293050157443e-22
7.102589954190600053e-22
7.102589954190600053e-22
7.102589954190600053e-22
7.102589954190600053e-22
7.102589954188426799e-22
7.102589954188426799e-22
7.102589752257309939e-22
5.862217189927038384e-22
5.862217189927038384e-22
5.853781722839086803e-22
2.634722373121207069e-22
2.634722373121207069e-22
2.634721343089181455e-22
2.634721343089181455e-22
2.634721343089181455e-22
2.634682047780524846e-22
2.225747693828002062e-22
2.225747693828002062e-22
2.225747693828002062e-22
2.225747693828002062e-22
2.225747693828002062e-22
2.225747693800713666e-22
2.218385650245777261e-22
2.218385650245777261e-22
1.480202185771017219e-22
1.480202185771017219e-22
1.480202185771017219e-22
1.470530496262579955e-22
1.470530496262579955e-22
1.470530496262464286e-22
7.562759079504828275e-23
7.562759079504828275e-23
7.562759079504828275e-23
7.562759079504828275e-23
7.562723121306353527e-23
7.562723121306353527e-23
7.562723118405107691e-23
7.562723118405107691e-23
7.562723118405107691e-23
7.104518955046218381e-23
7.104518955046218381e-23
7.104518952339433400e-23
7.104511909190738725e-23
7.104511909190738725e-23
7.104511909190738725e-23
7.104511909190738725e-23
6.813225785060299934e-23
3.664158181483677572e-23
3.664158181483677572e-23
3.664158181483673457e-23
3.663212421533842224e-23
3.663212421533842224e-23
3.662942730313722899e-23
3.662942730313722899e-23
2.388152692643628288e-23
2.388152692643628288e-23
2.388152692643628288e-23
2.388152692643628288e-23
2.388152670030917058e-23
2.388152670030917058e-23
2.388152670030915294e-23
2.388152670030915294e-23
2.388152670004779941e-23
2.345465442466533101e-23
2.345465442466533101e-23
2.345465442466533101e-23
2.345465442466533101e-23
2.345465442466238345e-23
2.345465306537617599e-23
2.345465306537617599e-23
2.052257995830283708e-23
2.052257995830283708e-23
9.880079321194120976e-24
9.875359651745193450e-24
9.875359651745193450e-24
9.875359651745193450e-24
9.875357485270075533e-24
9.875122551687012223e-24
7.963252170589569375e-24
7.963252170589569375e-24
7.963252170589569375e-24
7.963252170589569375e-24
7.963252170589569375e-24
7.963252170589569375e-24
7.963252170546040819e-24
7.931918962870240940e-24
7.931918962870240940e-24
7.931918962870240940e-24
5.812603879130817977e-24
5.812603879130817977e-24
5.783211509747403656e-24
5.783211509746420649e-24
5.783211509746420649e-24
5.783211509746420649e-24
5.783211509746420649e-24
2.990236502113355002e-24
2.990236502113355002e-24
2.990228085912468547e-24
2.990228085912468547e-24
2.990228083112715775e-24
2.990228083112715775e-24
2.990228083112715775e-24
2.746087038969222392e-24
2.746087038969222392e-24
2.746087038465275474e-24
2.746082560323883552e-24
2.746082560323883552e-24
2.746082560323883552e-24
2.746082560323883552e-24
2.659595820780583107e-24
1.577478440930315291e-24
1.577478440930315291e-24
1.577478440930315291e-24
1.576895315992817493e-24
1.576895315992816575e-24
1.576820494481747496e-24
1.576820494481747496e-24
1.576820494481747496e-24
9.993413942855956996e-25
9.993413942855956996e-25
9.993413942855956996e-25
9.993413942855956996e-25
9.993413942855944139e-25
9.993413893512673278e-25
9.993413893512673278e-25
9.993413893230176272e-25
9.734932275466621751e-25
9.734932275466621751e-25
9.734932275466621751e-25
9.734932275466621751e-25
9.734932275466621751e-25
9.734931278935968566e-25
9.734931278935391839e-25
8.717665489214425423e-25
8.717665489214425423e-25
8.717665489214425423e-25
4.503848950286315543e-25
4.502380392598626186e-25
4.502380392598626186e-25
4.502217924089056286e-25
4.502217362947229308e-25
3.530426498407731298e-25
3.530426498407731298e-25
3.530426498407731298e-25
3.530426498407731298e-25
3.530426498407731298e-25
3.530426498407731298e-25
3.530426498398035307e-25
3.509001398002244022e-25
3.509001398002244022e-25
3.509001398002244022e-25
2.663565063743427684e-25
2.663565063742140609e-25
2.663565063742140609e-25
2.663565063742140609e-25
2.654310061336891835e-25
2.654310061336891835e-25
2.654310061336891835e-25
1.414451024626149164e-25
1.414451024626149164e-25
1.414451021960156445e-25
1.414448675284557551e-25
1.414448675284557551e-25
1.414448675284557551e-25
1.414448675284557551e-25
1.279169437362809500e-25
1.279169437362809500e-25
1.279169437362809500e-25
1.279166204586300104e-25
1.279166204462375907e-25
1.279166204462375907e-25
1.279166204462375907e-25
1.279166204462375907e-25
1.250799955748108372e-25
1.250799955748108372e-25
7.650857589336662969e-26
7.646076574290691666e-26
7.646076574290691666e-26
7.646076574290690518e-26
7.646076574290690518e-26
7.645857355437008278e-26
4.860880529496211802e-26
4.860880529496211802e-26
4.860880529496211802e-26
4.860880529496211802e-26
4.860880529496211802e-26
4.860880529496192861e-26
4.860880516265683092e-26
4.860880516265683092e-26
4.860880515981243880e-26
4.707974150183847716e-26
4.707974150183847716e-26
4.707974150183847716e-26
4.707974150183847716e-26
4.707974150183847716e-26
4.707973374752019387e-26
4.707973374752019387e-26
4.707973374751899427e-26
4.341189004513916865e-26
4.341189004513916865e-26
2.264777649465929160e-26
2.264777649465929160e-26
2.264314843332236298e-26
2.264171584080417032e-26
2.264171584080417032e-26
1.764674072545834103e-26
1.764673974845696470e-26
1.764673974845696470e-26
1.764673974845696470e-26
1.764673974845696470e-26
1.764673974845696470e-26
1.764673974843524561e-26
1.751233506997810189e-26
1.751233506997810189e-26
1.751233506997810189e-26
1.751233506997810189e-26
1.751233506995441981e-26
1.751233506995441981e-26
1.415524942357708566e-26
1.412263823365484118e-26
1.412263823365484118e-26
1.412263823365484118e-26
1.412263823365484118e-26
7.364075617446567225e-27
7.364075593404581039e-27
7.364068384645342509e-27
7.364068384645342509e-27
7.364068384645342509e-27
7.364068384645342509e-27
7.364068384645342509e-27
6.618891670334518429e-27
6.618891670334518429e-27
6.618861494087442509e-27
6.618861493789978727e-27
6.618861493789978727e-27
6.618861493789978727e-27
6.618861493789978727e-27
6.523467597534304115e-27
4.361450717181503637e-27
4.357544666598581436e-27
4.357544666598581436e-27
4.357544666598581436e-27
4.357544666598581436e-27
4.357544666598581436e-27
4.357544666598580719e-27
4.357463973714043095e-27
2.652877655180136179e-27
2.652877655180136179e-27
2.652877655180136179e-27
2.652877655180111427e-27
2.652877655180111427e-27
2.652877655180111427e-27
2.652877651647072181e-27
2.652877651365204649e-27
2.560090178936227892e-27
2.560090178936227892e-27
2.560090178936227892e-27
2.560090178936227892e-27
2.560089379540216983e-27
2.560089379540216983e-27
2.560089379540216983e-27
2.560089379540216983e-27
2.560089379540189719e-27
2.421454870722784176e-27
1.371434999841044005e-27
1.371242658435134635e-27
1.371242658435134635e-27
1.371242658435134635e-27
1.371110541949736554e-27
1.025280819849967341e-27
1.025280790282155588e-27
1.025280790282155588e-27
1.025280790282155588e-27
1.025280790282155588e-27
1.025280790282155588e-27
1.025280790281601884e-27
1.016016973859180806e-27
1.016016973859180626e-27
1.016016973859180626e-27
1.016016973859180626e-27
1.016016973859180626e-27
1.016016973856528697e-27
8.673051682150088035e-28
8.659167258147074833e-28
8.659167258147074833e-28
8.659167258147074833e-28
4.699717041984470342e-28
4.699717007845272158e-28
4.699717007845272158e-28
4.699714375547717192e-28
4.699714375547717192e-28
4.699714375547717192e-28
4.699714375547717192e-28
4.699714375547717192e-28
4.117540095166990121e-28
4.117540095166990121e-28
4.117510727940419452e-28
4.117510727853460026e-28
4.117510727853460026e-28
4.117510727853460026e-28
4.117510727853460026e-28
4.117510727853460026e-28
4.075494184404117439e-28
4.068525950451862832e-28
2.937004077311763368e-28
2.937004077311763368e-28
2.937004077311763368e-28
2.937004077311763368e-28
2.936971212498821229e-28
2.936971212498821229e-28
1.781724094893964985e-28
1.781724094893964985e-28
1.781724094893927991e-28
1.781724094893927991e-28
1.781724094893927991e-28
1.781724094893927991e-28
1.781724094450658723e-28
1.781724093246796486e-28
1.700278981592825005e-28
1.700278981592825005e-28
1.700278981592825005e-28
1.700278094875021902e-28
1.700278094875021902e-28
1.700278094875021902e-28
1.700278094875021902e-28
1.700278094875021902e-28
1.630035060191702060e-28
1.630035060191694885e-28
9.925527259788598457e-29
9.924623988454094925e-29
9.924623988454094925e-29
9.924623988454094925e-29
9.923208922336243658e-29
7.267184279506642110e-29
7.267184167292440176e-29
7.267184167292440176e-29
7.267184167292440176e-29
7.267184167292440176e-29
7.267184167292440176e-29
7.267184167292440176e-29
7.267184167292437933e-29
7.175924743502545052e-29
7.175924743502545052e-29
7.175924743502545052e-29
7.175924743500750269e-29
7.175924743500750269e-29
7.175924743454629613e-29
6.309919076635498444e-29
6.309919076635498444e-29
6.303326719138958971e-29
3.572832596372322685e-29
3.572832546755503711e-29
3.572832546755503711e-29
3.572832546755503711e-29
3.572832546755503711e-29
3.572831397546673049e-29
3.572831397546673049e-29
3.572831397546673049e-29
3.572831397546673049e-29
3.077573461434827533e-29
3.077539915276736063e-29
3.077539915276736063e-29
3.077539915276736063e-29
3.077539915244591958e-29
3.077539915244591958e-29
3.077539915244591958e-29
3.077539915244591958e-29
3.077539915244591958e-29
3.069727301192636211e-29
2.309049327398172322e-29
2.297142561865566576e-29
2.297142561865566576e-29
2.297127374518646783e-29
1.407585590717942071e-29
1.407585590717942071e-29
1.407585590717942071e-29
1.407585590717942071e-29
1.407585590717861356e-29
1.407585590717861356e-29
1.407585590717861356e-29
1.407585590022148618e-29
1.407585590022148618e-29
1.407585589524995389e-29
1.332113363349877611e-29
1.332113363349877611e-29
1.332113363349877611e-29
1.332113363349877611e-29
1.332112250420520417e-29
1.332112250420520417e-29
1.332112250420520417e-29
1.292975495321295060e-29
1.292975495321295060e-29
1.292975495321292538e-29
8.197032108360052046e-30
8.197032108360052046e-30
8.196566713956851673e-30
8.196566713956851673e-30
8.194667554731477869e-30
5.954943594270881279e-30
5.954943594270881279e-30
5.954943544415129286e-30
5.954943544415129286e-30
5.954943544415129286e-30
5.954943544415129286e-30
5.954943544415129286e-30
5.954943544415129286e-30
5.954943544415125082e-30
5.954943544415125082e-30
5.863462262288259408e-30
5.863462262210823655e-30
5.863462262210182561e-30
5.863462262210182561e-30
5.863462262210182561e-30
5.327802910068004434e-30
5.327802910068004434e-30
5.324251214003414375e-30
5.324250988703534302e-30
3.074787625245466008e-30
3.074787625245466008e-30
3.074787625245466008e-30
3.074787625245466008e-30
3.074787062063915526e-30
3.074787062063915526e-30
2.622234722814451037e-30
2.622234722814451037e-30
2.622186798778931793e-30
2.622186798778931793e-30
2.622186798778931793e-30
2.622186798766446574e-30
2.622186798766446574e-30
2.622186798766446574e-30
2.622186798766446574e-30
2.622186798766446574e-30
2.613701263687929486e-30
2.088500158054555941e-30
2.081129805102015783e-30
2.081129805102015783e-30
2.081129805102015783e-30
1.262161515800527640e-30
1.262158482033745162e-30
1.262158482033745162e-30
1.262158482033582261e-30
1.262158482033582261e-30
1.262158482033582261e-30
1.262158480889786577e-30
1.262158480889786577e-30
1.262158480675924960e-30
1.262158480675924960e-30
1.262158480675924960e-30
1.187011474592957177e-30
1.187011474592957177e-30
1.187011474592957177e-30
1.187009735662101353e-30
1.187009735662101353e-30
1.187009735662101353e-30
1.187009735662101353e-30
1.163307759003102590e-30
7.936759574612616473e-31
7.936759574612612969e-31
7.936759574612612969e-31
7.936470874021525456e-31
7.933805403952954286e-31
7.933805403952954286e-31
7.933805403952954286e-31
5.616137145295661294e-31
5.616137121570989905e-31
5.616137121570989905e-31
5.616137121570989905e-31
5.616137121570980271e-31
5.616137121570980271e-31
5.616137121570980271e-31
5.616137121570980271e-31
5.616137121570980271e-31
5.515012621947220213e-31
5.515012621807142040e-31
5.515012621807142040e-31
5.515012621806892434e-31
5.515012621806892434e-31
5.515012621806892434e-31
5.147311203010169096e-31
5.147310788636410237e-31
5.145116725060495147e-31
3.149127778182105744e-31
3.149127778182105744e-31
3.149127462126415267e-31
3.149127462126415267e-31
2.623578656479355231e-31
2.623506833856786719e-31
2.623506833856786719e-31
2.623506833856786719e-31
2.623506833856786719e-31
2.623506833856786719e-31
2.623506833856786719e-31
2.623506833851296694e-31
2.623506833851296694e-31
2.623506833851296694e-31
2.612930347731536481e-31
2.612930347731536481e-31
2.195908178819665801e-31
2.190511100519199189e-31
2.190511100519199189e-31
1.358623202737796466e-31
1.358623202737796466e-31
1.358623202737410671e-31
1.358621322054134983e-31
1.358621322054134983e-31
1.358621322054134983e-31
1.358621322054134983e-31
1.358621319446150166e-31
1.358621319446150166e-31
1.358621319446150166e-31
1.358621319446150166e-31
1.358621319446150166e-31
1.358621319446150166e-31
1.261217120665008009e-31
1.261217120571193486e-31
1.261217120571193486e-31
1.261214181442532470e-31
1.261214181442532470e-31
1.261214181442532470e-31
1.243403478364499102e-31
1.243403478364499102e-31
9.036148279152140125e-32
9.036148279152137936e-32
9.036148279152137936e-32
9.036148279152137936e-32
9.035948063079420839e-32
9.031643024564168153e-32
6.355038049409510558e-32
6.355038049409510558e-32
6.355038049409510558e-32
6.355038036063647987e-32
6.355038036063647987e-32
6.355038036063620617e-32
6.355038036063620617e-32
6.355038036063620617e-32
6.209035306341920230e-32
6.209035306341920230e-32
6.209035305992529448e-32
6.209035305992529448e-32
6.209035305992529448e-32
6.209035305992529448e-32
6.209035305992425445e-32
6.209035305992425445e-32
5.895314064925819151e-32
5.895313251136400363e-32
5.893773187269386311e-32
3.806206541220921498e-32
3.806206541220921498e-32
3.806206338381061160e-32
3.806206338381061160e-32
3.806206338381061160e-32
3.127366693487673757e-32
3.127239519984448513e-32
3.127239519984448513e-32
3.127239519984448513e-32
3.127239519984448513e-32
3.127239519984448513e-32
3.127239519984448513e-32
3.127239519981870891e-32
3.110232357070737264e-32
2.705553451474808897e-32
2.705553451474808897e-32
2.701166413584414583e-32
2.701166413584414583e-32
2.701166413581415476e-32
2.701166413581415476e-32
1.720087180470156759e-32
1.720087180470156759e-32
1.720085856115428334e-32
1.720085856115428334e-32
1.720085849856856351e-32
1.720085849856856351e-32
1.720085849856856351e-32
1.720085849856856351e-32
1.720085849856856351e-32
1.720085849856856351e-32
1.581453881970402128e-32
1.581453881921663489e-32
1.581448123239770412e-32
1.581448123239770412e-32
1.581448123239770412e-32
1.581448123239770412e-32
1.581448123239770412e-32
1.566395871880565697e-32
1.192587053866318908e-32
1.192587053866318908e-32
1.192587053866318908e-32
1.191737377140224595e-32
1.191722077439265904e-32
1.191722077439265904e-32
8.393511903997385955e-33
8.393511903997385955e-33
8.393511903997385955e-33
8.393511903997385955e-33
8.393511896304851296e-33
8.393511896304758241e-33
8.393511896304758241e-33
8.393511896304758241e-33
8.393511895348848261e-33
8.166135018831002576e-33
8.166135018831002576e-33
8.166135018831002576e-33
8.166135018831002576e-33
8.166135018831002576e-33
8.166135018830971102e-33
8.166133073009785986e-33
7.871388713503342114e-33
7.871388713503342114e-33
7.871388713503342114e-33
5.301759575129746013e-33
5.301212283023007921e-33
5.301212283023007921e-33
5.301212153008842253e-33
5.300798039264232080e-33
4.315347084370672557e-33
4.315347084370672557e-33
4.315347084370672557e-33
4.315347084370672557e-33
4.315347084370672557e-33
4.315347084370672557e-33
4.315347084370672557e-33
4.315347084369781692e-33
4.286350380767937621e-33
3.860587739900787570e-33
3.860587739900786886e-33
3.856661160619859482e-33
3.856661160610706567e-33
3.856661160610706567e-33
3.856661160610706567e-33
2.506216420023011013e-33
2.506216420023011013e-33
2.506215491030116431e-33
2.506215491030116431e-33
2.506215491030116431e-33
2.506215491030116431e-33
2.506215474473044662e-33
2.506215474473044662e-33
2.506215474473044662e-33
2.506215474473044662e-33
2.285682745170570691e-33
2.285682745152096542e-33
2.285669112277612810e-33
2.285669112277612810e-33
2.285669112277612810e-33
2.285669112277612810e-33
2.271807447445478835e-33
2.271807447445478835e-33
1.827361662712911278e-33
1.825573634885874477e-33
1.825573634885874477e-33
1.825573634885874477e-33
1.825561771874320030e-33
1.825561771874320030e-33
1.280626586403476725e-33
1.280626586403476725e-33
1.280626586403476725e-33
1.280626586078538156e-33
1.280626586078538156e-33
1.280626586078505997e-33
1.280626586078505997e-33
1.280626585801208326e-33
1.280626585801208326e-33
1.240807177497144353e-33
1.240807177497144353e-33
1.240807177497144353e-33
1.240806668371639294e-33
1.240806668371638952e-33
1.240806668371638952e-33
1.210548030905015759e-33
1.210548030905015759e-33
8.654241924223115730e-34
8.653760054644648369e-34
8.653760054644648369e-34
8.653760054644648369e-34
8.652770748772794846e-34
6.940828797774727190e-34
6.940828757332322960e-34
6.940828757332322960e-34
6.940828757332322960e-34
6.940828757332322960e-34
6.940828757332322960e-34
6.940828757332322960e-34
6.940828757332212629e-34
6.884244605127611890e-34
6.884244605127609324e-34
6.387217592381933685e-34
6.387217592381933685e-34
6.387217592350647370e-34
6.383664529452083178e-34
6.383664529452083178e-34
6.383664529452083178e-34
6.383664529452083178e-34
4.321522933679051842e-34
4.321522933679051842e-34
4.321522933679051842e-34
4.321522877887700559e-34
4.321522376673926630e-34
4.321522376673926630e-34
4.321522376673926630e-34
4.321522376673926630e-34
3.892972586497067167e-34
3.892937130949211344e-34
3.892937130946648911e-34
3.892937130946648911e-34
3.892937130946648911e-34
3.892937130946648911e-34
3.879615167956119791e-34
3.280935349875074785e-34
3.280935349875074785e-34
3.280935349875074785e-34
3.276582725586226432e-34
3.276582725586226432e-34
3.276582725586226432e-34
3.276575791097839707e-34
3.276575791097839707e-34
2.326102819486102662e-34
2.326102819486102662e-34
2.326102819486102662e-34
2.326102819485970093e-34
2.326102819485970093e-34
2.326102819434709459e-34
2.326102819434709459e-34
2.326102818397884158e-34
2.239718518089780358e-34
2.239718518089780358e-34
2.239718518089780358e-34
2.239718518089780358e-34
2.239717030886382338e-34
2.239717030886382338e-34
2.206817144805776493e-34
2.206817144805776493e-34
1.672609272504915494e-34
1.672576609950084438e-34
1.672576609950084438e-34
1.672576609950084438e-34
1.672297450683282886e-34
1.672297450683282886e-34
1.332470089454712844e-34
1.332470089454712844e-34
1.332470088742026976e-34
1.332470088742026976e-34
1.332470088742026976e-34
1.332470088742026976e-34
1.332470088742026763e-34
1.318701932621306393e-34
1.318701932621305324e-34
1.318701932621305324e-34
1.318701932621305324e-34
1.318701932606191588e-34
1.256801050915096787e-34
1.256801050915096787e-34
1.256801050915096787e-34
1.256551337482719791e-34
8.895020844737994823e-35
8.895020844737994823e-35
8.895020632826504125e-35
8.895020531292355130e-35
8.895020531292355130e-35
8.895020531292355130e-35
7.933300075719331912e-35
7.933300075719331912e-35
7.933300075719331912e-35
7.933300075719331912e-35
7.933188849006771569e-35
7.933188849006738426e-35
7.933188849006738426e-35
7.923128323399363795e-35
7.054484138567246940e-35
7.041176917585873407e-35
7.041176917585873407e-35
7.041176917585873407e-35
7.041175386384541870e-35
7.041175386384541870e-35
7.041175386384541870e-35
5.081079454755715093e-35
5.081079454755715093e-35
5.081079454755715093e-35
5.081079454754998792e-35
5.081079454754998792e-35
5.081079454754239727e-35
5.081079450318897877e-35
4.861929220064830354e-35
4.861929220064830354e-35
4.861923926081990079e-35
4.861923926081990079e-35
4.861923926081990079e-35
4.861923926081990079e-35
4.833539356380364191e-35
4.833539356380364191e-35
4.833539356380364191e-35
3.926048899547501131e-35
3.926040294586638541e-35
3.926040294586638541e-35
3.926040294586638541e-35
3.925022655211871535e-35
3.107758709786029356e-35
3.107758709774001380e-35
3.107758709774001380e-35
3.107758709774001380e-35
3.107758709774001380e-35
3.067790971796850344e-35
3.067790971796844998e-35
3.067790971796844998e-35
3.067790971796844998e-35
3.067790971796844998e-35
3.067790971723512353e-35
3.067790971723512353e-35
3.005306486675188848e-35
3.005238200684996117e-35
3.005238200684996117e-35
2.266226877011346217e-35
2.266226773103273265e-35
2.266226772898805696e-35
2.266226772898805696e-35
2.266226772898805696e-35
2.266226772898805696e-35
2.266226772898805696e-35
1.995468468423865885e-35
1.995421906436136481e-35
1.995421906436136481e-35
1.995421906436136481e-35
1.989731139164917627e-35
1.989731139164917627e-35
1.884016975610855600e-35
1.883745361702076341e-35
1.883745361702076341e-35
1.883745361702076341e-35
1.883745358302014934e-35
1.404718927167894988e-35
1.404718927167894988e-35
1.404718927167894988e-35
1.404718927167894988e-35
1.404718927167403734e-35
1.404718927167403734e-35
1.404718924606602206e-35
1.404718924606602206e-35
1.404718924606602206e-35
1.331807794085528436e-35
1.331807794085528436e-35
1.331807794085528436e-35
1.331805165679436968e-35
1.331805165679436968e-35
1.331805165679436968e-35
1.331805165679436968e-35
1.331805165679436968e-35
1.330781577689587273e-35
1.330781577689587273e-35
1.193013884799141226e-35
1.193013860148405099e-35
1.193013860148405099e-35
1.192511205409257491e-35
9.434410072002761254e-36
9.434410072002759918e-36
9.434410072002759918e-36
9.434410072002759918e-36
9.434410072002759918e-36
9.434410072002759918e-36
9.434410072002709135e-36
9.273282346053302446e-36
9.273282346053302446e-36
9.273282346053302446e-36
9.273282345547132928e-36
9.273282345547132928e-36
9.273282345547132928e-36
9.245498632002420178e-36
9.245496626953425486e-36
9.245495482633520982e-36
7.821626374067842127e-36
7.821626374067842127e-36
7.821626374067790008e-36
7.821626374067790008e-36
6.773496297569216516e-36
6.773496297569216516e-36
6.773496297569216516e-36
6.773209269651578328e-36
6.773209269651578328e-36
6.773209269651578328e-36
6.773209269651578328e-36
6.773209269651578328e-36
6.744444038017184585e-36
6.683660868810143440e-36
6.683650262273813313e-36
6.683650262273813313e-36
5.480418490457219895e-36
5.480418490457219895e-36
5.480418490456604491e-36
5.480418490450958276e-36
5.480418490450958276e-36
5.480418490450958276e-36
5.480418490450958276e-36
5.480418464659910739e-36
5.480418464659910739e-36
5.119137537766944038e-36
5.119137537766944038e-36
5.119137537766944038e-36
5.119137537766944038e-36
5.119116761529836131e-36
5.119116761529836131e-36
5.119116761529836131e-36
5.119069808431273028e-36
5.119069808431273028e-36
5.012602029410904125e-36
5.012602029410904125e-36
5.012602029401604240e-36
5.008704978894449572e-36
4.169725288000374575e-36
4.169725288000374575e-36
4.169725288000374575e-36
4.169725288000374575e-36
4.169725288000302410e-36
4.169725288000302410e-36
4.169725288000302410e-36
4.169725288000302410e-36
4.066538047625859169e-36
4.066538046981801052e-36
4.066538046981801052e-36
4.066538046981801052e-36
4.066371798051454327e-36
4.066370613740076654e-36
4.066370613740076654e-36
4.066370613657182861e-36
3.916433437172743779e-36
3.916433437172743779e-36
3.916433437172743779e-36
3.433675695117709328e-36
3.433351669128256519e-36
3.433351669128256519e-36
3.433351669128256519e-36
3.433351669128256519e-36
3.433351669128256519e-36
3.433351669128256519e-36
3.408999139756816296e-36
3.408513051536928739e-36
3.408513050947390345e-36
3.408513050947390345e-36
3.408513050947389676e-36
3.235303948764894732e-36
3.235303948751875695e-36
3.235303948751875695e-36
3.235303948751875695e-36
3.235303948751875695e-36
3.235303900663893278e-36
3.235303900663893278e-36
3.235303900663893278e-36
3.007905313587299449e-36
3.007905313587299449e-36
3.007905313587299449e-36
3.007905313587299449e-36
3.007873800978022263e-36
3.007873800978022263e-36
3.007873797513574289e-36
3.006709629989295551e-36
3.006709629989295551e-36
3.002080143761433007e-36
3.002080143761433007e-36
3.002080143761433007e-36
2.838404545112158596e-36
2.838404545112158596e-36
2.838404545112158596e-36
2.838404545112158596e-36
2.838404545111934752e-36
2.838404545111934752e-36
2.752143813676717936e-36
2.752143812098446700e-36
2.752143812098446700e-36
2.752143812098446700e-36
2.752143812098446700e-36
2.752143795824013117e-36
2.752141412521016082e-36
2.752141412521016082e-36
2.749930840843268889e-36
2.749930840843268889e-36
2.749930840843268889e-36
2.625976799909483719e-36
2.625350687719947073e-36
2.625350687719947073e-36
2.625350687719947073e-36
2.625350687719947073e-36
2.625350687719947073e-36
2.599583677837275878e-36
2.599583677837275878e-36
2.599583617419110545e-36
2.599583617419110545e-36
2.599583617419107538e-36
2.599583617374140277e-36
2.599583617374140277e-36
2.596294730701751560e-36
2.596294730701751560e-36
2.596294594651330536e-36
2.596294594651330536e-36
2.596294594651330536e-36
2.596294594651330536e-36
2.596294594651330536e-36
2.523102169785524757e-36
2.523102169785524757e-36
2.523028906005041521e-36
2.523028906005041521e-36
2.523028906005041521e-36
2.523028730881108702e-36
2.523028730881108702e-36
2.517118303933863446e-36
2.517118303933863446e-36
2.513348279819262941e-36
2.513348279819262941e-36
2.513348279819262941e-36
2.513348279819262941e-36
2.513348279818321794e-36
2.513348279818321794e-36
2.513348274035624955e-36
2.480431561872519806e-36
2.480431561872519806e-36
2.480431561872519806e-36
2.480425165077434917e-36
2.480425165077434917e-36
2.480425165077434917e-36
2.480424781015759418e-36
2.480424781015759418e-36
2.480424781015759418e-36
2.480424781015759418e-36
2.479411283730815155e-36
2.476141849610988639e-36
2.476141849610988639e-36
2.476141849610988639e-36
2.476141849610988639e-36
2.476141849610988639e-36
2.465122505747422560e-36
2.465122505747408528e-36
2.465122505747408528e-36
2.465122505747408528e-36
2.465122505569763222e-36
2.465122505569763222e-36
2.465121872714020221e-36
2.465121872714020221e-36
2.465121872714020221e-36
2.465121467447885711e-36
2.465121467447885711e-36
2.465121467447885711e-36
2.465121467447885711e-36
2.463016799964740185e-36
2.462890116866584651e-36
2.462890116866584651e-36
2.462890116866584651e-36
2.462890116866584651e-36
2.462890116866584651e-36
2.460193767335630664e-36
2.460193767335630664e-36
2.460193767335630664e-36
2.460192996497808467e-36
2.460192996497808467e-36
2.460192996497807798e-36
2.460192996493847095e-36
2.460192996493847095e-36
2.460192978186091054e-36
2.460192978186091054e-36
2.459201917255873251e-36
2.459190507681916163e-36
2.459190507681916163e-36
2.459190507681916163e-36
2.459190507681915495e-36
2.459190507681915495e-36
2.459190507681915495e-36
2.459190507681915495e-36
2.459190507681915495e-36
2.458714058086422638e-36
2.458713370066329808e-36
2.458713370066329808e-36
2.458713370066329808e-36
2.458374839273747817e-36
2.458374839273686344e-36
2.458374839273686344e-36
2.458374838689912435e-36
2.458374838689912435e-36
2.458374838689912435e-36
2.458374838689912435e-36
2.458374838689912435e-36
2.458374838689912435e-36
2.458374838689911099e-36
2.458374838689911099e-36
2.458374107325749990e-36
2.458373659601767490e-36
2.458313311974070970e-36
2.458313311974070970e-36
2.458313311974070970e-36
2.458313311974070970e-36
2.458313311974070970e-36
2.458313311974070970e-36
2.458313311974070970e-36
2.458229882015041431e-36
2.458229882015041431e-36
2.458229882015040429e-36
2.458229882015040429e-36
2.458229882015039760e-36
2.458229882001973616e-36
2.458229882001973616e-36
2.458229848834244486e-36
2.458229637281517258e-36
2.458229637281517258e-36
2.458224186035120620e-36
2.458224186035120620e-36
2.458224186035120620e-36
2.458224186035120620e-36
2.458224186035120620e-36
2.458224186035120620e-36
2.458224186035120620e-36
2.458209413412851972e-36
2.458209413412851972e-36
2.458209413412850635e-36
2.458209413412850635e-36
2.458209341083158906e-36
2.458209341082954773e-36
2.458209341082954773e-36
2.458209341082954773e-36
2.458209340023798590e-36
2.458209340023798590e-36
2.458209340023798590e-36
2.458209340023798590e-36
2.458209340023798590e-36
2.458209340023798590e-36
2.458209340023798590e-36
2.458208990365309644e-36
2.458208990365308641e-36
2.458208990365308641e-36
2.458208990365308641e-36
2.458207118335265861e-36
2.458207118335265861e-36
2.458207100505897619e-36
2.458207100505897619e-36
2.458207100505897619e-36
2.458207100505897619e-36
2.458207100505897619e-36
2.458207100505897619e-36
2.458207100505895614e-36
2.458207100482186855e-36
2.458207100482186855e-36
2.458207084623161045e-36
2.458207084623160377e-36
2.458207084623160377e-36
2.458207084623160377e-36
2.458206915505391581e-36
2.458206915505391581e-36
2.458206915505391581e-36
2.458206915505391581e-36
2.458206915505391581e-36
2.458206915505391581e-36
2.458206915505391581e-36
2.458206912348273796e-36
2.458206912348273796e-36
2.458206912348273796e-36
2.458206912347903284e-36
2.458206912347903284e-36
2.458206912347903284e-36
2.458206912347903284e-36
2.458206912347903284e-36
2.458206911841463149e-36
2.458206911841463149e-36
2.458206900993611245e-36
2.458206900993611245e-36
2.458206900993611245e-36
2.458206900993611245e-36
2.458206900993611245e-36
2.458206900993611245e-36
2.458206900593529104e-36
2.458206900593529104e-36
2.458206900593529104e-36
2.458206900593529104e-36
2.458206900593529104e-36
2.458206900593529104e-36
2.458206900593529104e-36
2.458206900593525429e-36
2.458206900582188898e-36
2.458206900582188898e-36
2.458206900090175345e-36
2.458206900090175345e-36
2.458206900090175345e-36
2.458206900090175345e-36
2.458206900090175345e-36
2.458206900054032550e-36
2.458206900054032550e-36
2.458206900054032550e-36
2.458206900054032550e-36
2.458206900054032550e-36
2.458206900054032550e-36
2.458206900054032550e-36
2.458206900054032550e-36
2.458206900054032550e-36
2.458206900053855145e-36
2.458206900053855145e-36
2.458206900053855145e-36
2.458206900053855145e-36
2.458206900038143298e-36
2.458206900038143298e-36
2.458206900035825343e-36
2.458206900035825343e-36
2.458206900035825343e-36
2.458206900035825343e-36
2.458206900035825343e-36
2.458206900035825343e-36
2.458206900035825343e-36
2.458206900035825343e-36
2.458206900035825343e-36
2.458206900035825343e-36
2.458206900035825343e-36
2.458206900035823004e-36
2.458206900035471535e-36
2.458206900035471535e-36
2.458206900035471535e-36
2.458206900035366295e-36
2.458206900035366295e-36
2.458206900035366295e-36
2.458206900035366295e-36
2.458206900035366295e-36
2.458206900035366295e-36
2.458206900035366295e-36
2.458206900035366295e-36
2.458206900035366295e-36
2.458206900035366295e-36
2.458206900035366295e-36
2.458206900035366295e-36
2.458206900035366295e-36
2.458206900035360616e-36
2.458206900035360616e-36
2.458206900035360616e-36
2.458206900035360616e-36
2.458206900035357609e-36
2.458206900035357609e-36
2.458206900035357609e-36
2.458206900035357609e-36
2.458206900035357609e-36
2.458206900035357609e-36
2.458206900035357609e-36
2.458206900035357609e-36
2.458206900035357609e-36
2.458206900035357609e-36
2.458206900035357609e-36
2.458206900035357609e-36
2.458206900035357609e-36
2.458206900035357609e-36
2.458206900035357609e-36
2.458206900035357609e-36
2.458206900035357609e-36
2.458206900035357609e-36
2.458206900035357609e-36
2.458206900035357609e-36
2.458206900035357609e-36
2.458206900035357609e-36
2.458206900035357609e-36
2.458206900035357609e-36
2.458206900035357609e-36
2.458206900035357609e-36
2.458206900035357609e-36
2.458206900035357609e-36
2.458206900035357609e-36
2.458206900035357609e-36
2.458206900035357609e-36
2.458206900035357609e-36
2.458206900035357609e-36
2.458206900035357609e-36
2.458206900035357609e-36
2.458206900035357609e-36
2.458206900035357609e-36
2.458206900035357609e-36
2.458206900035357609e-36
2.458206900035357609e-36
2.458206900035357609e-36
2.458206900035357609e-36
2.458206900035357609e-36
2.458206900035357609e-36
2.458206900035357609e-36
2.458206900035357609e-36
2.458206900035357609e-36
2.458206900035357609e-36
2.458206900035357609e-36
2.458206900035357609e-36
2.458206900035357609e-36
2.458206900035357609e-36
2.458206900035357609e-36
2.458206900035357609e-36
2.458206900035357609e-36
2.458206900035357609e-36
2.458206900035357609e-36
2.458206900035357609e-36
2.458206900035357609e-36
2.458206900035357609e-36
2.458206900035357609e-36
2.458206900035357609e-36
2.458206900035357609e-36
2.458206900035357609e-36
2.458206900035357609e-36
2.458206900035357609e-36
2.458206900035357609e-36
2.458206900035357609e-36
2.458206900035357609e-36
2.458206900035357609e-36
2.458206900035357609e-36
2.458206900035357609e-36
2.458206900035357609e-36
2.458206900035357609e-36
2.458206900035357609e-36
2.458206900035357609e-36
2.458206900035357609e-36
2.458206900035357609e-36
2.458206900035357609e-36
2.458206900035357609e-36
2.458206900035357609e-36
2.458206900035357609e-36
2.458206900035357609e-36
2.458206900035357609e-36
2.458206900035357609e-36
2.458206900035357609e-36
2.458206900035357609e-36
2.458206900035357609e-36
2.458206900035357609e-36
2.458206900035357609e-36
2.458206900035357609e-36
2.458206900035357609e-36
2.458206900035357609e-36
2.458206900035357609e-36
2.458206900035357609e-36
2.458206900035357609e-36
2.458206900035357609e-36
2.458206900035357609e-36
2.458206900035357609e-36
2.458206900035357609e-36
2.458206900035357609e-36
2.458206900035357609e-36
2.458206900035357609e-36
2.458206900035357609e-36
2.458206900035357609e-36
2.458206900035357609e-36
2.458206900035357609e-36
2.458206900035357609e-36
2.458206900035357609e-36
2.458206900035357609e-36
2.458206900035357609e-36
2.458206900035357609e-36
2.458206900035357609e-36
2.458206900035357609e-36
2.458206900035357609e-36
2.458206900035357609e-36
2.458206900035357609e-36
2.458206900035357609e-36
2.458206900035357609e-36
2.458206900035357609e-36
2.458206900035357609e-36
2.458206900035357609e-36
2.458206900035357609e-36
2.458206900035357609e-36
2.458206900035357609e-36
2.458206900035357609e-36
2.458206900035357609e-36
2.458206900035357609e-36
2.458206900035357609e-36
2.458206900035357609e-36
2.458206900035357609e-36
2.458206900035357609e-36
2.458206900035357609e-36
2.458206900035357609e-36
2.458206900035357609e-36
2.458206900035357609e-36
2.458206900035357609e-36
2.458206900035357609e-36
2.458206900035357609e-36
2.458206900035357609e-36
2.458206900035357609e-36
2.458206900035357609e-36
2.458206900035357609e-36
2.458206900035357609e-36
2.458206900035357609e-36
2.458206900035357609e-36
2.458206900035357609e-36
2.458206900035357609e-36
2.458206900035357609e-36
2.458206900035357609e-36
2.458206900035357609e-36
2.458206900035357609e-36
2.458206900035357609e-36
2.458206900035357609e-36
2.458206900035357609e-36
2.458206900035357609e-36
2.458206900035357609e-36
2.458206900035357609e-36
2.458206900035357609e-36
2.458206900035357609e-36
2.458206900035357609e-36
2.458206900035357609e-36
2.458206900035357609e-36
2.458206900035357609e-36
2.458206900035357609e-36
2.458206900035357609e-36
2.458206900035357609e-36
2.458206900035357609e-36
2.458206900035357609e-36
2.458206900035357609e-36
2.458206900035357609e-36
2.458206900035357609e-36
2.458206900035357609e-36
2.458206900035357609e-36
2.458206900035357609e-36
2.458206900035357609e-36
2.458206900035357609e-36
2.458206900035357609e-36
2.458206900035357609e-36
2.458206900035357609e-36
2.458206900035357609e-36
2.458206900035357609e-36
2.458206900035357609e-36
2.458206900035357609e-36
2.458206900035357609e-36
2.458206900035357609e-36
2.458206900035357609e-36
2.458206900035357609e-36
2.458206900035357609e-36
2.458206900035357609e-36
2.458206900035357609e-36
2.458206900035357609e-36
2.458206900035357609e-36
2.458206900035357609e-36
2.458206900035357609e-36
2.458206900035357609e-36
2.458206900035357609e-36
2.458206900035357609e-36
2.458206900035357609e-36
2.458206900035357609e-36
2.458206900035357609e-36
2.458206900035357609e-36
2.458206900035357609e-36
2.458206900035357609e-36
2.458206900035357609e-36
2.458206900035357609e-36
2.458206900035357609e-36
2.458206900035357609e-36
2.458206900035357609e-36
2.458206900035357609e-36
2.458206900035357609e-36
2.458206900035357609e-36
2.458206900035357609e-36
2.458206900035357609e-36
2.458206900035357609e-36
2.458206900035357609e-36
2.458206900035357609e-36
2.458206900035357609e-36
