9.999999985545859893e-01
9.999999984063060454e-01
9.999999963384823554e-01
9.999999952601140718e-01
9.999999948757406498e-01
9.999999871567107901e-01
9.999999871230568216e-01
9.999999844017940509e-01
9.999999837135609138e-01
9.999999836803866726e-01
9.999999580813792033e-01
9.999999579766418734e-01
9.999999579750159517e-01
9.999999511957833320e-01
9.999999502615690705e-01
9.999999153558988274e-01
9.999998702749923751e-01
9.999998702641071935e-01
9.999998702637142856e-01
9.999998556618974188e-01
9.999998547227286760e-01
9.999997112599287030e-01
9.999997098211405033e-01
9.999996176605319143e-01
9.999996176601582132e-01
9.999995925903484295e-01
9.999995925901857818e-01
9.999995918999208255e-01
9.999994894380864752e-01
9.999991236214452739e-01
9.999991235902034870e-01
9.999989292737950786e-01
9.999988956700381904e-01
9.999988956699666920e-01
9.999982753166475336e-01
9.999975583951117297e-01
9.999975582017867071e-01
9.999975581882518672e-01
9.999971765347819286e-01
9.999971765347086539e-01
9.999971426489583370e-01
9.999948022602800357e-01
9.999947895877667747e-01
9.999947895877647763e-01
9.999935954793209847e-01
9.999935954764571644e-01
9.999929926272539404e-01
9.999929926237104416e-01
9.999929926237099975e-01
9.999929685368170729e-01
9.999918179484731384e-01
9.999862293227070875e-01
9.999862291837879891e-01
9.999841534759704720e-01
9.999841534759703610e-01
9.999841534759448258e-01
9.999834510247201935e-01
9.999834510233142071e-01
9.999767362821917471e-01
9.999663606140191119e-01
9.999663598942545306e-01
9.999663595742455113e-01
9.999629747721505701e-01
9.999629747715577111e-01
9.999629747715578221e-01
9.999623928697796149e-01
9.999623928697797259e-01
9.999386282874124232e-01
9.999385438215799837e-01
9.999385438215332433e-01
9.999220237049806226e-01
9.999220236888911595e-01
9.999174961796581940e-01
9.999174960915729882e-01
9.999174960915709898e-01
9.999171542374566402e-01
9.999120539438517419e-01
9.998544901826201814e-01
9.998544889529233926e-01
9.998279263579770149e-01
9.998279263579759046e-01
9.998279263578931930e-01
9.998231707883625807e-01
9.998231707587916794e-01
9.998231707587917905e-01
9.997913671145125525e-01
9.996802306469469990e-01
9.996802244803225657e-01
9.996802185763709048e-01
9.996395854636382916e-01
9.996395854618367327e-01
9.996395854618366217e-01
9.996357720150634840e-01
9.996357720150633730e-01
9.995075444951853072e-01
9.995065529322459952e-01
9.995065529302654683e-01
9.993331783072062491e-01
9.993331782415789677e-01
9.992808169074144375e-01
9.992808158108085204e-01
9.992808158108041905e-01
9.992785650513774653e-01
9.992499609140103045e-01
9.989200988114022017e-01
9.989200988114022017e-01
9.989200908816761038e-01
9.989200908816762148e-01
9.986736271915115370e-01
9.986736271914871121e-01
9.986736271913012608e-01
9.986199076720005952e-01
9.986199072927056664e-01
9.986199072927055553e-01
9.984377779836125510e-01
9.978278953526256156e-01
9.978278549859445068e-01
9.978277862709782342e-01
9.974913140766966668e-01
9.974913140730004013e-01
9.974913140730004013e-01
9.974913140730002903e-01
9.974485068209678618e-01
9.974485068209648642e-01
9.967334612117741965e-01
9.967302946470367742e-01
9.967302946226505034e-01
9.959016586780773395e-01
9.959016584825156615e-01
9.959016584825156615e-01
9.954995796835356403e-01
9.954995719783201746e-01
9.954995719783070740e-01
9.954743916564082751e-01
9.953733387257700516e-01
9.936525372857270000e-01
9.936525372857270000e-01
9.936525372857270000e-01
9.936525238362718948e-01
9.926734061824138422e-01
9.926734061824137312e-01
9.926734061820391419e-01
9.926734061813808907e-01
9.922974316862435140e-01
9.922974290986426027e-01
9.922974290986426027e-01
9.916527013730480622e-01
9.886811060712678012e-01
9.886810494267468385e-01
9.886805002881832172e-01
9.875604090552190240e-01
9.875604090435264881e-01
9.875604090435264881e-01
9.875604090435264881e-01
9.875604090435264881e-01
9.875604090435260440e-01
9.873026965661181320e-01
9.873026965660806065e-01
9.848552107094741270e-01
9.848478694609830164e-01
9.848478692783591004e-01
9.809644277822358038e-01
9.809644273937555559e-01
9.809644273937555559e-01
9.798355026695129144e-01
9.798354325241285245e-01
9.798354325241095397e-01
9.797098949785175703e-01
9.795459808564518367e-01
9.738125079087073255e-01
9.738125079087073255e-01
9.738125079087073255e-01
9.738124639349921008e-01
9.738124639349921008e-01
9.694254264454635894e-01
9.694254264454634784e-01
9.694254264438603164e-01
9.694254264431120260e-01
9.685046059700416210e-01
9.685046059700416210e-01
9.685045869549308017e-01
9.685045869549308017e-01
9.675202002846049476e-01
9.577147267226602256e-01
9.577145343730861793e-01
9.577110188785094014e-01
9.530058863083140652e-01
9.530058862962041966e-01
9.530058862962041966e-01
9.530058862962041966e-01
9.530058862962043076e-01
9.530058862962040855e-01
9.524164523193742182e-01
9.524164523192165666e-01
9.483884565063483985e-01
9.483661731826195096e-01
9.483661712717428305e-01
9.353273100982399946e-01
9.353273094707703628e-01
9.353273094707703628e-01
9.307999684204650848e-01
9.307996953170525334e-01
9.307996953170387666e-01
9.304824278807808380e-01
9.302047860655701106e-01
9.195837742750715416e-01
9.195837742750715416e-01
9.195836827243104583e-01
9.195836827243104583e-01
9.053735555907380661e-01
9.053735555907380661e-01
9.053735555907378441e-01
9.053735555774655719e-01
9.053735555767982168e-01
9.017863943313035868e-01
9.017863943313035868e-01
9.017863169138586876e-01
9.017863169138586876e-01
8.998739775090913717e-01
8.809628996264691203e-01
8.809624468238232975e-01
8.809478132224879410e-01
8.671364501818742410e-01
8.671364501720172369e-01
8.671364501720172369e-01
8.671364501720172369e-01
8.671364501720171258e-01
8.671364501720166817e-01
8.648845060058532042e-01
8.648845060058532042e-01
8.648845060047614108e-01
8.569303346207488570e-01
8.569039752378890817e-01
8.569039672294058718e-01
8.330783486825400486e-01
8.330783479153606175e-01
8.330783479153606175e-01
8.209043170560698099e-01
8.209036379942232786e-01
8.209036379942081796e-01
8.209036379942081796e-01
8.205108224078027090e-01
8.194465451045693793e-01
7.990803936349786252e-01
7.990803936349786252e-01
7.990803288982687436e-01
7.990803288982687436e-01
7.764563896748540861e-01
7.764563896748540861e-01
7.764563896748518657e-01
7.764563896025125089e-01
7.764563896025125089e-01
7.764563896015882483e-01
7.675034808737759562e-01
7.675034808737759562e-01
7.675032895762199381e-01
7.675032895762198271e-01
7.651383015670050192e-01
7.310943232326541086e-01
7.310940515475229384e-01
7.310500646802690072e-01
7.124961985580093859e-01
7.124961985453136526e-01
7.124961985453136526e-01
7.124961985453136526e-01
7.124961985453135416e-01
7.124961985453132085e-01
7.074426501676578383e-01
7.074426501676578383e-01
7.074426501631683184e-01
6.977350989153442429e-01
6.977131676240887481e-01
6.977131470309166916e-01
6.977131470309166916e-01
6.573048139391797218e-01
6.573048139391797218e-01
6.573048133503185397e-01
6.573048133503185397e-01
6.434394679822820207e-01
6.434370515182490369e-01
6.434370515182398220e-01
6.434370515182398220e-01
6.431700871577272771e-01
6.411096928743145185e-01
6.168870356655915543e-01
6.168870356655915543e-01
6.168869594440373749e-01
6.168869594440373749e-01
5.797349291374793712e-01
5.797349291374793712e-01
5.797349291374734870e-01
5.797349290208783090e-01
5.797349290208783090e-01
5.797349290204723005e-01
5.709742739294277891e-01
5.709742739294277891e-01
5.709737331693437445e-01
5.709737331693437445e-01
5.695733446469261052e-01
5.301871002826437085e-01
5.301867540270051027e-01
5.300837890856727741e-01
5.009156026324795841e-01
5.009156026274013129e-01
5.009156026274013129e-01
5.009156026274013129e-01
5.009156026274009799e-01
5.009156026274008688e-01
4.964696102173945524e-01
4.964696102173945524e-01
4.964696102102039155e-01
4.909587568962575088e-01
4.909394814385186212e-01
4.909394202516430550e-01
4.909394202516430550e-01
4.448976024666280726e-01
4.448976024666280726e-01
4.448976020719137559e-01
4.448976020719137559e-01
4.242213848357072603e-01
4.242181328699599629e-01
4.242181328699574094e-01
4.242181328699574094e-01
4.240374891103159682e-01
4.222883308917997347e-01
4.073193518813488789e-01
4.073193518813488789e-01
4.073193035912980320e-01
4.073193035912980320e-01
3.647357684318380255e-01
3.647357684318380255e-01
3.647357684318245918e-01
3.647357680629329524e-01
3.647357680629329524e-01
3.647357680627779652e-01
3.521564628558226384e-01
3.521564628558226384e-01
3.521557054224462302e-01
3.521557054224462302e-01
3.521557054224462302e-01
3.511851394047437736e-01
3.242616443847343155e-01
3.242613707670317647e-01
3.241098309685944701e-01
2.919646208754551608e-01
2.919646208736119131e-01
2.919646208736119131e-01
2.919646208736119131e-01
2.919646208736119131e-01
2.919646208736111914e-01
2.919646208736110804e-01
2.857573389243164286e-01
2.857573389243164286e-01
2.857573389068948089e-01
2.818089674105537790e-01
2.818004945880747125e-01
2.818004047954917324e-01
2.818004047954917324e-01
2.496381545786247325e-01
2.496381545786247325e-01
2.496381543815744397e-01
2.496381543815744397e-01
2.286097972809995882e-01
2.286066411336811210e-01
2.286066411336800386e-01
2.286066411336800386e-01
2.286066411336800386e-01
2.285224309996388981e-01
2.261214868373544462e-01
2.152833546201525228e-01
2.152833546201525228e-01
2.152833402607126356e-01
2.152833402607126079e-01
1.874326354259782113e-01
1.874326354259782113e-01
1.874326354259261140e-01
1.874326354259261140e-01
1.874326346691229106e-01
1.874326346690366740e-01
1.755868351323013887e-01
1.755868351323013887e-01
1.755868351323013887e-01
1.755861240541184976e-01
1.755861240541184976e-01
1.755861240541184976e-01
1.751402915103763558e-01
1.560934212538485633e-01
1.560933463512045871e-01
1.559090333444461685e-01
1.375762757194176900e-01
1.375762757184357254e-01
1.375762757184357254e-01
1.375762757184357254e-01
1.375762757184357254e-01
1.375762757184335883e-01
1.375762757184335883e-01
1.321954024283289730e-01
1.321954024283289730e-01
1.321954024021846918e-01
1.303911403422936821e-01
1.303884560333678500e-01
1.303883709273466474e-01
1.303883709273466474e-01
1.092440364285109239e-01
1.092440364285109239e-01
1.092440363655466373e-01
1.092440363655466373e-01
9.902255308060811667e-02
9.901803840157834269e-02
9.901803840157805126e-02
9.901803840157805126e-02
9.901803840157805126e-02
9.899313365475989612e-02
9.714452512527439743e-02
9.228954813110994138e-02
9.228954813110994138e-02
9.228954203476331941e-02
9.228954203476330553e-02
7.488240463389481127e-02
7.488240463389481127e-02
7.488240463384117362e-02
7.488240463384117362e-02
7.488240413888089253e-02
7.488240413886521063e-02
6.995245341253637783e-02
6.995245341253637783e-02
6.995245341253637783e-02
6.995163658894773540e-02
6.995163658894773540e-02
6.995163658894773540e-02
6.983796728709307233e-02
6.149625328301645821e-02
6.149621891495663656e-02
6.133764904693250752e-02
5.023091170556938378e-02
5.023091170540489037e-02
5.023091170540489037e-02
5.023091170540489037e-02
5.023091170540489037e-02
5.023091170540489037e-02
5.023091170540276706e-02
5.023091170540276013e-02
4.826495367257279540e-02
4.826495367257279540e-02
4.826495365521699110e-02
4.785648028429748818e-02
4.785564681085625188e-02
4.785555934274120932e-02
4.785555934274120932e-02
3.896574713329507833e-02
3.896574713329507833e-02
3.896574711613988440e-02
3.896574711613988440e-02
3.301816105573160409e-02
3.301585913787906390e-02
3.301585913787906390e-02
3.301585913787903614e-02
3.301585913787903614e-02
3.301585913787903614e-02
3.238917577353425670e-02
3.238354535850918037e-02
3.129893806023566205e-02
3.129893806023566205e-02
3.129893806023563430e-02
3.129893682220583062e-02
3.129893682220583062e-02
2.406646022649184744e-02
2.406646022644056207e-02
2.406646022644056207e-02
2.406645960088009406e-02
2.406645960087745728e-02
2.132373843839913477e-02
2.132373843839913477e-02
2.132373843839913477e-02
2.132331726108626507e-02
2.132331726108626507e-02
2.132331726108626507e-02
2.129381620118636284e-02
1.925173958549909747e-02
1.925173088735726915e-02
1.917261336744900332e-02
1.454665127746462144e-02
1.454665127743722669e-02
1.454665127743722669e-02
1.454665127743722669e-02
1.454665127743722669e-02
1.454665127743722669e-02
1.454665127743563595e-02
1.454665127743563595e-02
1.349120933811362617e-02
1.349120933811362617e-02
1.349120932273581604e-02
1.338169677608980548e-02
1.338155672302869525e-02
1.338150989691688948e-02
1.338150989691688948e-02
1.101968373520960387e-02
1.101968373520960387e-02
1.101968373188374865e-02
1.101968373188374865e-02
8.633264165307167129e-03
8.632316164182599061e-03
8.632316164182599061e-03
8.632316164182592122e-03
8.632316164182592122e-03
8.306064194578200929e-03
8.306064194578200929e-03
8.305102622016979561e-03
8.005370346645749799e-03
8.005370346645749799e-03
8.005370346645728982e-03
8.005370194948560267e-03
8.005370194948560267e-03
6.080628111694452546e-03
6.080628111618685896e-03
6.080628111618685896e-03
6.080628111618685896e-03
6.080627611210607207e-03
6.080627611210016534e-03
5.055832032468175405e-03
5.055832032468175405e-03
5.055832032468175405e-03
5.055672902022475580e-03
5.055672902022475580e-03
5.055672902022475580e-03
5.050332753569782354e-03
4.467314318349411943e-03
4.467313235364841865e-03
4.427784133425676470e-03
3.288867894598938336e-03
3.288867894592918412e-03
3.288867894592918412e-03
3.288867894592918412e-03
3.288867894592918412e-03
3.288867894592918412e-03
3.288867894591078304e-03
3.288867894591078304e-03
3.288867894591078304e-03
2.923829978025993710e-03
2.923829969273011430e-03
2.904262276584652219e-03
2.904244456713879659e-03
2.904244456713879659e-03
2.904227133013598510e-03
2.904227133013598510e-03
2.272805396024374890e-03
2.272805396024374890e-03
2.272805395560732744e-03
2.272805395560732744e-03
2.272805395560732744e-03
1.759229548872884600e-03
1.758672531240983031e-03
1.758672531240983031e-03
1.758672531240982381e-03
1.758672531240982381e-03
1.656214645696782754e-03
1.656098152350022733e-03
1.656098152350022733e-03
1.603378791202457422e-03
1.603378791202457422e-03
1.603378791202437906e-03
1.603378767045318676e-03
1.603378767045318676e-03
1.603378767045318676e-03
1.603378766703293006e-03
1.122563389940033421e-03
1.122563389940033421e-03
1.122563248287545288e-03
1.122563248287498450e-03
9.341838442355497379e-04
9.341838442355497379e-04
9.341838442355497379e-04
9.341078630598866799e-04
9.341078630598866799e-04
9.341078630598866799e-04
9.334997930783736587e-04
8.321371588457737115e-04
8.321369769799603954e-04
8.194688153988340194e-04
5.483707171291302314e-04
5.483707171291302314e-04
5.483707171286917800e-04
5.483707171286917800e-04
5.483707171286917800e-04
5.483707171286915632e-04
5.483707171279629793e-04
5.483707171279629793e-04
5.483707171279629793e-04
4.902110834702613556e-04
4.902110809363824330e-04
4.882785285338647079e-04
4.882763006971474647e-04
4.882763006971474647e-04
4.882692833569698292e-04
4.882692833569698292e-04
3.847429845250127677e-04
3.847429845250127677e-04
3.847429844756367371e-04
3.847429844756367371e-04
3.847429844756367371e-04
2.660140777668610029e-04
2.658986815951633743e-04
2.658986815951633743e-04
2.658986815951634285e-04
2.658986815951634285e-04
2.512179743147779768e-04
2.512052915345303538e-04
2.464572717439853888e-04
2.464572717439853888e-04
2.464572717439772031e-04
2.464572717439772031e-04
2.464572717439772031e-04
2.464572699318553529e-04
2.464572699318553529e-04
2.464572698398317962e-04
1.703027555544218941e-04
1.703027555544218941e-04
1.703026837957210789e-04
1.703026837957176637e-04
1.283772824585035480e-04
1.283772824585035480e-04
1.283772824585035480e-04
1.283619103542825305e-04
1.283619103542825305e-04
1.283619103542825305e-04
1.283000175360654561e-04
1.283000175360654561e-04
1.190366818075609879e-04
1.190366666094793302e-04
1.168639130565471673e-04
1.168639130565471673e-04
7.400166843777095300e-05
7.400166843773846759e-05
7.400166843773846759e-05
7.400166843773846759e-05
7.400166843773845404e-05
7.400166843750327704e-05
7.400166843750327704e-05
7.400166843750327704e-05
7.400166843750327704e-05
6.154110872425973765e-05
6.154110786737960548e-05
6.134032812427627705e-05
6.134032812427627705e-05
6.134017917650400238e-05
6.134017917650400238e-05
6.133873936143199716e-05
5.087830525227052578e-05
5.087830525227052578e-05
5.087830524874761411e-05
5.087830524874761411e-05
5.087830524874761411e-05
3.198704495057147398e-05
3.196579056143399402e-05
3.196579056143399402e-05
3.196579056143398725e-05
2.893308497878943931e-05
2.893308497878943931e-05
2.893221133318703089e-05
2.842070910712556984e-05
2.842070910712556984e-05
2.842070910712352340e-05
2.842070910712352340e-05
2.842070910712352340e-05
2.842070910712352340e-05
2.842070901517330616e-05
2.842070898306596325e-05
2.025837856997621093e-05
2.025837856997621093e-05
2.025835622051813163e-05
2.025835622051783008e-05
1.383526908560795271e-05
1.383526908560795271e-05
1.383278445161143366e-05
1.383278445161143366e-05
1.383278445161143366e-05
1.383278445161143366e-05
1.383278445161143366e-05
1.382812125268393444e-05
1.274363391649704322e-05
1.274363307377338117e-05
1.230317212436015703e-05
1.230317212436015703e-05
7.789538627662328266e-06
7.789538627659428025e-06
7.789538627659428025e-06
7.789538627659428025e-06
7.789538627659424637e-06
7.789538627549064714e-06
7.789538627549064714e-06
7.789538627549064714e-06
7.789538046771424108e-06
6.006112050476653667e-06
6.006112050476653667e-06
5.991412726984289272e-06
5.991412726984289272e-06
5.991412726984289272e-06
5.991193097642046918e-06
5.991185110630506661e-06
4.826884309804481448e-06
4.826884309804481448e-06
4.826884309589219036e-06
4.826884309589219036e-06
4.826884309589219036e-06
2.987825547044235482e-06
2.982552619439480299e-06
2.982552619439480299e-06
2.982552619439480299e-06
2.583862619205017947e-06
2.583862619205017947e-06
2.583862619205017947e-06
2.583816918560993205e-06
2.547016931764030108e-06
2.547016931764030108e-06
2.547016931763285990e-06
2.547016931763285990e-06
2.547016931763285990e-06
2.547016931763285990e-06
2.547016924688696984e-06
2.547016918931455123e-06
1.694219960185371043e-06
1.694219960185371043e-06
1.694217053493587000e-06
1.694217053493575988e-06
1.154349506088200606e-06
1.154349506088200606e-06
1.153845804912363961e-06
1.153845804912363961e-06
1.153845804912363961e-06
1.153845804912363961e-06
1.153845804912363961e-06
1.153604784640059437e-06
1.074883312392743447e-06
1.074883257197605385e-06
1.019389987191808629e-06
1.019389987191808629e-06
5.792282249432803438e-07
5.792282249431848408e-07
5.792282249431848408e-07
5.792282249431848408e-07
5.792282249431838879e-07
5.792282249245526571e-07
5.792282249245526571e-07
5.792282249245526571e-07
5.792281584970481129e-07
4.505107744838867657e-07
4.505107744838867657e-07
4.505107744838867657e-07
4.505107744838867657e-07
4.498510102029998425e-07
4.498137202904482565e-07
4.498132947657400854e-07
3.721440011097139052e-07
3.721440011097139052e-07
3.721440011007365736e-07
3.721440011007365736e-07
3.721440011007365736e-07
3.721440011007365736e-07
2.003126950310023924e-07
1.998426177002757394e-07
1.998426177002757394e-07
1.998426177002757394e-07
1.745212944916235731e-07
1.745212944916235731e-07
1.730689297019434627e-07
1.730668661846454409e-07
1.730668661845216947e-07
1.730668661845216947e-07
1.730668661845216947e-07
1.730668661845216947e-07
1.730668653880446765e-07
1.730668653880446765e-07
1.730668652081546514e-07
1.191421320288341908e-07
1.191421320288341908e-07
1.191415566689980830e-07
1.191415566689977389e-07
7.041109857997029393e-08
7.041109857997029393e-08
7.036869540551090076e-08
7.036869540551090076e-08
7.036869540551090076e-08
7.036869540551090076e-08
7.036869540551090076e-08
7.035865355904530552e-08
7.035865355904530552e-08
6.746066751392390735e-08
6.746066581986316122e-08
6.385970302965323254e-08
6.385970302965323254e-08
3.656115176254621250e-08
3.656115176254319494e-08
3.656115176254319494e-08
3.656115176254297656e-08
3.656115176254297656e-08
3.656115175991606931e-08
3.656115175991606931e-08
3.656115175991606931e-08
3.656113960707117377e-08
2.524736311069097123e-08
2.524736311069097123e-08
2.524736311069097123e-08
2.524736311069097123e-08
2.524736311069097123e-08
2.521970159595078317e-08
2.521659905117238838e-08
2.521658721365077720e-08
2.214549747905233808e-08
2.214549747905233808e-08
2.214549747881672396e-08
2.214549747881672396e-08
2.214549747881672396e-08
2.214549747881672396e-08
2.178842834339475073e-08
1.122958796090495907e-08
1.122958796090495907e-08
1.122958796090495907e-08
9.065638011347699069e-09
9.065638011334507193e-09
9.065638011334507193e-09
9.002321924050617291e-09
9.002261800904041457e-09
9.002261800904041457e-09
9.002261800904039803e-09
9.002261800904039803e-09
9.002261690943658576e-09
9.002261690943658576e-09
9.002261687037971458e-09
6.657602344513490257e-09
6.657602344513490257e-09
6.657533737660105788e-09
6.657533737660095035e-09
3.538346616878455831e-09
3.538346616878455831e-09
3.535226927750403096e-09
3.535226927750403096e-09
3.535226927750403096e-09
3.535226927750403096e-09
3.535226927750403096e-09
3.534893615652467304e-09
3.534893615652467304e-09
3.534893615652467304e-09
3.390423851695150276e-09
3.390423809144455961e-09
3.390423809144455961e-09
3.087505836568223576e-09
1.850154175286720191e-09
1.850154175286611209e-09
1.850154175286579363e-09
1.850154174777339474e-09
1.850154174777339474e-09
1.850154174777339474e-09
1.850154174777339474e-09
1.850152742583813074e-09
1.850152742583813074e-09
1.147779178645251459e-09
1.147779178645251459e-09
1.147779178645251459e-09
1.147779178645251459e-09
1.147779178645251459e-09
1.147568287121862521e-09
1.146682046754353635e-09
1.146681761606748913e-09
9.994950430434279910e-10
9.994950430370917875e-10
9.994950430370917875e-10
9.994950430370917875e-10
9.994950430370917875e-10
9.701894349678673446e-10
9.701894349678673446e-10
5.041058406045069075e-10
5.041058406045069075e-10
5.041058406045069075e-10
3.779509986297877551e-10
3.779509986297877551e-10
3.779509986278024699e-10
3.759554398389833138e-10
3.759540016094638907e-10
3.759540016094638390e-10
3.759540016094638390e-10
3.759539913154303999e-10
3.759539913154303999e-10
3.759539913154303999e-10
2.677557931670530629e-10
2.677557931261165664e-10
2.677557931261165664e-10
2.677514475406586848e-10
2.677514475406585297e-10
1.410544733667329647e-10
1.410544733667329647e-10
1.407688543087323874e-10
1.407688543087323874e-10
1.407688543087323874e-10
1.407688543087323874e-10
1.407688543087323874e-10
1.407688543087323874e-10
1.407606213618413995e-10
1.360033555444259292e-10
1.360033555444259292e-10
1.360033555444259292e-10
1.360033543429223339e-10
1.194002399331849567e-10
6.562386031401789138e-11
6.562386031401613362e-11
6.562386031401203649e-11
6.562386027325582666e-11
6.562386027325582666e-11
6.562386027325582666e-11
6.562386027325582666e-11
6.562378008822427917e-11
4.077371409265815197e-11
4.077371409265815197e-11
4.077371409265815197e-11
4.077371409265815197e-11
4.077371409265815197e-11
4.077371409265815197e-11
4.075747333500448244e-11
4.073815644514295713e-11
4.073814949553652146e-11
3.634803219167236304e-11
3.634803219167236304e-11
3.634803219155845123e-11
3.634803219155845123e-11
3.634803219155845123e-11
3.483978525510592400e-11
1.591220197908141448e-11
1.591220197908141448e-11
1.591220197908141448e-11
1.591220197908141448e-11
1.591220197908141448e-11
1.202952402663974028e-11
1.202952402649007391e-11
1.202952402649006583e-11
1.199150015158222893e-11
1.199146922290327441e-11
1.199146867428145231e-11
1.199146867428145231e-11
1.199146867428145231e-11
1.199146867428145231e-11
1.199146867428145231e-11
8.999990248248524668e-12
8.999990248248524668e-12
8.999990247509472718e-12
8.999640029943851145e-12
8.999640029943851145e-12
8.999640029943851145e-12
8.999640029943847914e-12
4.054837623387499404e-12
4.043745868640687606e-12
4.043745868640687606e-12
4.043745868640687606e-12
4.043745868640687606e-12
4.043745868640687606e-12
4.043592282735051373e-12
4.043592282735051373e-12
4.043592282735051373e-12
3.963454193337231055e-12
3.963454193337231055e-12
3.963454177389865776e-12
3.484905327262824932e-12
2.049325338088334884e-12
2.049325338088310246e-12
2.049325338087939873e-12
2.049325335490594769e-12
2.049325335490594769e-12
2.049325335490594769e-12
2.049325335490594769e-12
2.049319031870100351e-12
1.094057275918526038e-12
1.094057275918526038e-12
1.094057275918526038e-12
1.094057275918526038e-12
1.094057275918526038e-12
1.094057275918526038e-12
1.093447820394325908e-12
1.093089899337022497e-12
1.093089810963115823e-12
1.017085550862820987e-12
1.017085550862820987e-12
1.017085550861571330e-12
1.017085550861571330e-12
9.719004110009814809e-13
4.587474024735400897e-13
4.587474024735400897e-13
4.587474024735400897e-13
4.587474024735400897e-13
4.587474024735400897e-13
4.587474024735400897e-13
3.088967972955520179e-13
3.088967972882496145e-13
3.088967972882490087e-13
3.081574153620782837e-13
3.081574153620782837e-13
3.081573819067804213e-13
3.081569668295667591e-13
3.081569668295667591e-13
3.081569668295667591e-13
3.081569668295667591e-13
2.506932678631415009e-13
2.506932678631415009e-13
2.506932678534437877e-13
2.506762452447935721e-13
2.506762452447935721e-13
2.506762452447935721e-13
1.082310413508475081e-13
1.082310413508475081e-13
1.078190965804971055e-13
1.078190965804971055e-13
1.078190965804971055e-13
1.078190965804971055e-13
1.078190965804971055e-13
1.078190965804971055e-13
1.078165734777426398e-13
1.078165734777426398e-13
1.059094973339548948e-13
8.710611167867082638e-14
8.710611167867082638e-14
8.710611154645415408e-14
5.630197345558995696e-14
5.630197345556434107e-14
5.630197345556395611e-14
5.630197323070378095e-14
5.630197323070378095e-14
5.630197323070378095e-14
5.630162906700928544e-14
5.630162906700928544e-14
5.630162906700928544e-14
5.630162906700928544e-14
2.738627645957772474e-14
2.738627645957772474e-14
2.738627645957772474e-14
2.738627645957772474e-14
2.736463602615073073e-14
2.735876672260204590e-14
2.735876559748574039e-14
2.555346030972800947e-14
2.555346030972800947e-14
2.555346030971135504e-14
2.373145356884761507e-14
2.373145356884761507e-14
1.201458067369902041e-14
1.201458067369902041e-14
1.201458067369902041e-14
1.201458067369902041e-14
1.201458067369902041e-14
1.201458067369902041e-14
1.201458067208795976e-14
7.405507467771936102e-15
7.405507467771901392e-15
7.405507467771901392e-15
7.405505818171899922e-15
7.393134624999588459e-15
7.393129196454812192e-15
7.393129196454812192e-15
7.393129196454812192e-15
6.001779005226181070e-15
6.001779005226181070e-15
6.001779005092096016e-15
6.001779005092096016e-15
6.001163977212839987e-15
6.001163977212839987e-15
6.001163977212839987e-15
2.666616761067296188e-15
2.666616761067296188e-15
2.666616761067296188e-15
2.645836691983425697e-15
2.645836691983425697e-15
2.645836691983425697e-15
2.645836691983425697e-15
2.645836691983425697e-15
2.645799610522593322e-15
2.645799610522593322e-15
2.609884122415621236e-15
2.032703579186852654e-15
2.032703577327071260e-15
2.032703577327071260e-15
1.276204587674512473e-15
1.276204587672556295e-15
1.276204576675812005e-15
1.276204576675808258e-15
1.276204576675808258e-15
1.276192393415839604e-15
1.276192393415839604e-15
1.276192393415839604e-15
1.276192393415839604e-15
1.276192393415839604e-15
6.291233181752906216e-16
6.291233181752906216e-16
6.291233181752906216e-16
6.291233181752906216e-16
6.281252579887795764e-16
6.280433169571456044e-16
6.280433005891126888e-16
5.954348547935854797e-16
5.954348547935854797e-16
5.954348547935854797e-16
5.954348547934068027e-16
5.402761289068212901e-16
2.554832461092453919e-16
2.554832461092453919e-16
2.554832461092453919e-16
2.554832461092453919e-16
2.554832461092453919e-16
2.554832461092453919e-16
2.554832461092453919e-16
2.554832460351318113e-16
2.554832460351318113e-16
2.554832460351250074e-16
1.593606539256861479e-16
1.593605948196420473e-16
1.592000106769713412e-16
1.592000106769713412e-16
1.591999368687613822e-16
1.591999368687613822e-16
1.350335541073402573e-16
1.350047435986288419e-16
1.350047435971799510e-16
1.350047435971799510e-16
1.350047435971799510e-16
1.350047435971799510e-16
1.350047435971799510e-16
5.404564577598315729e-17
5.404564577598315729e-17
5.404564577598315729e-17
5.349817545939650311e-17
5.349817545939650311e-17
5.349817545939650311e-17
5.349817545939650311e-17
5.349817545939650311e-17
5.349771847736773414e-17
5.307343583871796495e-17
5.307343583871796495e-17
4.161380008744023279e-17
4.161380007030430655e-17
4.161380007030430655e-17
2.855048966671902589e-17
2.855048966660884421e-17
2.855048921389196148e-17
2.855048921389196148e-17
2.855048921389192451e-17
2.855048921389192451e-17
2.855048921389192451e-17
2.854989820566035858e-17
2.854989820566035858e-17
1.250509310393981382e-17
1.250509310393981382e-17
1.250509310393981382e-17
1.250509310393981382e-17
1.247898385597591243e-17
1.247898385597591243e-17
1.247796009130069546e-17
1.247796009130069546e-17
1.247796009130069546e-17
1.247795994426935485e-17
1.208178815061374403e-17
1.095808095777179533e-17
1.095808095777068291e-17
5.799514244607048920e-18
5.799514244607048920e-18
5.799514244607048920e-18
5.799514244607048920e-18
5.799514244607048920e-18
5.799514244607048920e-18
5.799514244607048920e-18
5.799514244607048920e-18
5.799514241354641659e-18
5.799514241354237214e-18
3.239264274263010555e-18
3.239264274263010555e-18
3.239261762249031123e-18
3.239261762249031123e-18
3.237087430543845882e-18
3.237086710085034316e-18
2.906794630616906827e-18
2.906794630616906827e-18
2.905882173362726082e-18
2.905882173349816958e-18
2.905882173349816958e-18
2.905882173349816958e-18
2.905882173349816958e-18
2.905882173349816958e-18
1.258749289320314340e-18
1.258749289320314340e-18
1.258749289320314340e-18
1.242957896335263575e-18
1.242957896335263575e-18
1.242957896335263575e-18
1.242957896335263575e-18
1.242957896335263575e-18
1.242951963166135473e-18
1.235306299357653380e-18
8.957097195890525670e-19
8.957097195890525670e-19
8.957097194332294271e-19
8.957097194332294271e-19
8.957097194332294271e-19
6.806866863259567802e-19
6.806866863203755315e-19
6.806866591030725055e-19
6.806866591030720240e-19
6.806866591030720240e-19
6.806866591030717351e-19
6.806866591030717351e-19
6.806631445284027604e-19
6.806631445284027604e-19
3.000931851182593485e-19
3.000931851182593485e-19
3.000931851182593485e-19
2.992840345071612390e-19
2.992840345071612390e-19
2.992840345071612390e-19
2.992840345071612390e-19
2.992840345071612390e-19
2.992695557319120106e-19
2.914675908019673612e-19
2.914675892013806697e-19
2.537400164402311084e-19
2.537400164402196972e-19
1.516982259880665653e-19
1.516982259880665653e-19
1.516982259880665653e-19
1.516982259880665653e-19
1.516982259880665653e-19
1.516982259880665653e-19
1.516982259880665653e-19
1.516982259880665653e-19
1.516982257493337302e-19
1.516982257493087171e-19
8.122273143608820009e-20
8.122261776209199843e-20
8.122261776209199843e-20
8.122261776209199843e-20
8.118861288784697395e-20
8.118860372859552979e-20
7.393384470866408418e-20
7.390182356743838941e-20
7.390182356743838941e-20
7.390182356743838941e-20
7.390182356727616593e-20
7.390182356727616593e-20
7.390182356727616593e-20
7.390182356727616593e-20
7.390182356727616593e-20
3.523271572660871785e-20
3.447829122198955940e-20
3.447829122198955940e-20
3.447829122198955940e-20
3.447829122198955940e-20
3.447829122198955940e-20
3.447829122198955940e-20
3.447819867975604184e-20
2.382650614433240637e-20
2.375630749499420012e-20
2.375630749499420012e-20
2.375630749499420012e-20
2.375630749285150676e-20
2.375630749211129364e-20
1.841057122546060912e-20
1.841057122546060912e-20
1.841056978594925812e-20
1.841056978594923405e-20
1.841056978594923405e-20
1.841056978594923405e-20
1.841056978594923104e-20
1.840963166358988090e-20
1.840963166358988090e-20
8.615423706692150417e-21
8.615423706692150417e-21
8.615423706692150417e-21
8.615423706692150417e-21
8.574421694330463083e-21
8.574421694330463083e-21
8.574421694330463083e-21
8.574421694330463083e-21
8.574179426402955402e-21
8.412497890476412118e-21
8.412497864327776888e-21
7.117777721301972192e-21
7.117777721301972192e-21
4.297568132435889268e-21
4.297568132435840368e-21
4.297568132435840368e-21
4.297568132435840368e-21
4.297568132435840368e-21
4.297568132435840368e-21
4.297568132435840368e-21
4.297568118549186567e-21
4.297568118547000335e-21
4.297568118547000335e-21
2.365959278911564759e-21
2.365953985918158955e-21
2.365953985918158955e-21
2.365953985918158955e-21
2.365364556907206362e-21
2.365364404112279800e-21
2.363344622054015867e-21
2.205174135777468197e-21
2.205174135777468197e-21
2.205174135777468197e-21
2.205174135775308673e-21
2.205174135775308673e-21
2.205174135775308673e-21
2.205174135775308673e-21
2.205174135775308673e-21
2.205174135775308673e-21
1.030151070926489043e-21
1.002847972911014380e-21
1.002847972911014380e-21
1.002847972911014380e-21
1.002847972911014380e-21
1.002847972911014380e-21
1.002847972911014380e-21
7.001889259576749457e-22
7.001881758458105502e-22
6.989477058785734131e-22
6.989477058785734131e-22
6.989477058785734131e-22
6.989477058320364381e-22
6.989477058042873423e-22
5.754046887783480677e-22
5.754046887783480677e-22
5.754046887783455286e-22
5.754046116025461546e-22
5.754046116025461546e-22
5.754046116025461546e-22
5.753480902411315837e-22
5.753480902411315837e-22
5.753480902411315837e-22
2.570537809211381056e-22
2.570537809211381056e-22
2.570537809211381056e-22
2.570537809211381056e-22
2.555025460622773906e-22
2.555025460622773906e-22
2.555025460622773906e-22
2.555025460622773906e-22
2.554983141353877596e-22
2.525420227868953326e-22
2.525420224342231883e-22
2.525420224342231883e-22
2.137297422961283499e-22
1.429215997170166895e-22
1.429215997170160077e-22
1.429215997170160077e-22
1.429215997170160077e-22
1.429215997170160077e-22
1.429215997170160077e-22
1.429215997168402243e-22
1.429215988737319945e-22
1.429215988737319945e-22
1.429215988737319945e-22
7.342589325733649885e-23
7.342589325733649885e-23
7.342557857021196477e-23
7.341440702693525058e-23
7.341440702693525058e-23
7.341440482349109688e-23
7.333163546674014930e-23
7.333163546674014930e-23
7.014007983810591774e-23
7.014007983810591774e-23
7.014007983810591774e-23
7.014007983810591774e-23
7.014007983810591774e-23
7.014007983807869329e-23
7.014007983807869329e-23
7.014007983807869329e-23
3.667857523056834301e-23
3.553255357453082570e-23
3.553255357453082570e-23
3.553255357453082570e-23
3.553255357453082570e-23
3.553255357453082570e-23
2.316438985955088956e-23
2.316438985955088956e-23
2.316437756819733561e-23
2.313764453141638905e-23
2.313764453141638905e-23
2.313764452861626159e-23
2.313764452861626159e-23
2.313764452861626159e-23
2.313764452861596772e-23
2.313764452823704711e-23
2.313763682545477627e-23
2.020178699148051453e-23
2.020178699148051453e-23
2.020178699148051453e-23
2.020178699148051453e-23
2.019882234881654309e-23
2.019882234881654309e-23
2.019882234881654309e-23
9.649863813690440388e-24
9.577240063540561933e-24
9.577240063540561933e-24
9.577240063540561933e-24
9.577240063540561933e-24
9.577240063540561933e-24
9.577151042198365739e-24
9.577151042198365739e-24
9.495164052870382084e-24
9.495164052870382084e-24
9.495164046657795992e-24
7.669549029085473685e-24
5.624818736004896522e-24
5.624818736004896522e-24
5.624818736004896522e-24
5.624818736004885501e-24
5.624818736004885501e-24
5.624818736004885501e-24
5.624818736004885501e-24
5.624818735989935417e-24
5.624818655381352909e-24
5.624818655381352909e-24
5.624818655381351440e-24
5.624740064474360031e-24
2.904272994129451646e-24
2.904272994129451646e-24
2.904011303500357310e-24
2.904011303500357310e-24
2.899704062039987907e-24
2.899704062039987907e-24
2.899704019203026851e-24
2.899704019203026851e-24
2.800545998832007051e-24
2.800545998832007051e-24
2.800545998832007051e-24
2.800545998831515180e-24
2.800545998831515180e-24
2.800545998831515180e-24
2.800545998831515180e-24
1.605066321764215003e-24
1.529790058592340468e-24
1.529790058592340468e-24
1.529790058592340468e-24
1.529790058592340468e-24
1.529790058592340468e-24
9.694034557201109005e-25
9.687022087003650414e-25
9.687019408382483903e-25
9.687019408382483903e-25
9.687019408382483903e-25
9.687019405352761090e-25
9.687019405352761090e-25
9.687019405352478237e-25
9.687019405352478237e-25
9.687013659410987594e-25
9.687013659410987594e-25
9.687013659335715548e-25
8.651205999067004666e-25
8.651205999067004666e-25
8.649397288623409305e-25
8.649397288623409305e-25
8.649397288623409305e-25
8.649397288623409305e-25
4.419340856324085560e-25
4.419340856324085560e-25
4.366474128472927430e-25
4.366474128472927430e-25
4.366474128472927430e-25
4.366474128472927430e-25
4.366474128472927430e-25
4.366451069038005775e-25
4.340866516420191526e-25
4.340866516420191526e-25
4.340866514948670045e-25
3.408190686179198326e-25
3.408190686179198326e-25
3.408190686179198326e-25
2.586107543764696302e-25
2.586107543764694465e-25
2.586107543764694465e-25
2.586107543745187228e-25
2.586107471229959641e-25
2.586107471229959641e-25
2.586107471229959641e-25
2.586107471229958722e-25
2.586052200450825551e-25
1.375117000566091963e-25
1.375117000566091963e-25
1.375117000566091963e-25
1.375117000566091963e-25
1.375117000566091963e-25
1.375117000566091963e-25
1.375043889940381497e-25
1.371680378894296159e-25
1.371680378894296159e-25
1.371680368030946289e-25
1.371680368030946289e-25
1.338126062985231182e-25
1.338126062985130392e-25
1.338126062985130392e-25
1.338126062985130392e-25
1.338126062985130392e-25
1.212990294862417898e-25
7.419712619003029711e-26
7.419712619003029711e-26
7.419712619003029711e-26
7.419712619003029711e-26
7.419712619003029711e-26
7.419712619003029711e-26
4.716031556295246117e-26
4.716031553239285099e-26
4.713962789961022353e-26
4.713962071092199429e-26
4.713962071092199429e-26
4.713962071091783874e-26
4.713962071091783874e-26
4.713957544163589624e-26
4.713957544163589624e-26
4.335750748456095638e-26
4.335750748456095638e-26
4.335750748442576305e-26
4.335750748442576305e-26
4.335750748442576305e-26
4.334167122761364516e-26
4.334167122761364516e-26
4.334167122761364516e-26
2.229699257575367755e-26
2.229699257575367755e-26
2.195965893345792474e-26
2.195965893345792474e-26
2.195965893345792474e-26
2.195965893345792474e-26
2.195959283587627294e-26
2.195959283587627294e-26
2.187877785898460011e-26
2.187877785898460011e-26
2.187877785898460011e-26
2.187877785563319283e-26
1.706574328229216557e-26
1.706574328229216557e-26
1.378150952706772683e-26
1.378150952706772683e-26
1.378150952706772396e-26
1.378150952683196502e-26
1.378150884169036173e-26
1.378150884169034738e-26
1.378150884169034738e-26
1.378150884169034738e-26
1.378096161906310118e-26
7.164728848194353199e-27
7.164728848194353199e-27
7.164728848194353199e-27
7.164728848194353199e-27
7.164728848194353199e-27
7.164728848194353199e-27
7.164728848194353199e-27
7.141781980044051316e-27
7.141558483712565120e-27
7.141558457312119988e-27
7.027231857066059473e-27
7.027231857066059473e-27
7.027231857065851408e-27
7.027231857065851408e-27
7.027231857065851408e-27
6.326407974384181811e-27
4.229733437555565113e-27
4.229733437555565113e-27
4.229733437555565113e-27
4.229733437555565113e-27
4.229733437555565113e-27
4.229733437555565113e-27
4.229733437555565113e-27
2.574208061823654653e-27
2.574208061823654653e-27
2.574208058794423504e-27
2.574208058793896168e-27
2.573509402022231578e-27
2.573509209935998680e-27
2.573504506030952901e-27
2.573504506030952901e-27
2.429338134756513394e-27
2.429338134756513394e-27
2.429338134756513394e-27
2.429338134756513394e-27
2.429338134753307044e-27
2.429338134753307044e-27
2.428088081033677047e-27
2.428088081033677047e-27
2.428088081033677047e-27
1.355240612956754252e-27
1.355240612956754252e-27
1.329851493501446804e-27
1.329851493501446804e-27
1.329851493501446804e-27
1.329851493501446804e-27
1.329851493501446804e-27
1.329851493501446804e-27
1.329849320256817508e-27
1.329849320256817508e-27
1.326486556798255363e-27
1.326486556798255363e-27
9.925215077800273748e-28
9.925215077279266944e-28
9.925215077279266944e-28
9.925215077279266944e-28
8.463468505381493026e-28
8.463468505085678696e-28
8.463468505085676902e-28
8.463467604221058202e-28
8.463467604221033091e-28
8.462948623179768040e-28
8.462948623179768040e-28
8.462948623179768040e-28
4.576981438390053917e-28
4.576981438390053917e-28
4.576981438390053917e-28
4.576981438390053917e-28
4.576981438390053917e-28
4.576981438390053917e-28
4.576981438390053917e-28
4.557852239829010853e-28
4.557770628423251196e-28
4.557770620300330712e-28
4.504762682161656824e-28
4.504762682161656824e-28
4.504762682161656824e-28
4.504762682161598530e-28
4.504762682161598530e-28
3.952440822041301789e-28
2.851852362453286802e-28
2.851852362453286802e-28
2.851852362453286802e-28
2.851852362453286802e-28
2.851852362453286802e-28
2.851852362453286802e-28
2.851852362453286802e-28
2.851852362453286802e-28
1.729242401387965671e-28
1.729242396622197574e-28
1.729242396621405448e-28
1.729237055751594387e-28
1.728954372634518758e-28
1.728954307141687599e-28
1.728954307141687599e-28
1.728954307141687599e-28
1.728954307141687599e-28
1.654211049929539101e-28
1.654211049928555950e-28
1.653026134870568063e-28
1.653026134870568063e-28
1.653026134870568063e-28
1.653026134870568063e-28
1.653026134870568063e-28
9.888905097598483090e-29
9.888905097598483090e-29
9.888905097598483090e-29
9.625049216916962021e-29
9.625049216916962021e-29
9.625049216916962021e-29
9.625049216916962021e-29
9.625049216916962021e-29
9.625049216916962021e-29
9.625049216916962021e-29
9.625040617073901053e-29
9.609233608418936848e-29
9.609233608418936848e-29
7.040074398166539628e-29
7.040074397993093630e-29
7.040074397993093630e-29
6.181806358439019930e-29
6.181806357888809617e-29
6.181805149275932108e-29
6.181805149275932108e-29
6.181805149275886145e-29
6.181805149275886145e-29
6.181239023914048154e-29
6.181239023914048154e-29
6.181239023914048154e-29
3.486785297999970047e-29
3.486785297999970047e-29
3.486785297999970047e-29
3.486785297999970047e-29
3.464984548992004900e-29
3.464984548992004900e-29
3.464984548992004900e-29
3.464948918792634820e-29
3.437380723166525964e-29
3.437380720109444826e-29
3.437380720109444826e-29
3.437380720109444826e-29
3.437380720109444826e-29
2.964171983934539583e-29
2.964171983934526130e-29
2.232046282160598142e-29
2.232046282160598142e-29
2.232046282160598142e-29
2.232046282160598142e-29
2.232046282160598142e-29
2.232046282160598142e-29
2.232046282160598142e-29
2.232046262193212701e-29
2.232046262188611398e-29
1.366694933129969292e-29
1.366694933129969292e-29
1.366694933129969292e-29
1.366688111582689617e-29
1.366554716380443371e-29
1.366554716380443371e-29
1.366554689308138404e-29
1.324158018427158306e-29
1.324158018427158306e-29
1.322664558285116979e-29
1.322664558284780387e-29
1.322664558284780387e-29
1.322664558284780387e-29
1.322664558284780387e-29
1.322664558284780387e-29
8.220357840722592079e-30
8.220357840722592079e-30
7.949155094419769021e-30
7.949155094419769021e-30
7.949155094419769021e-30
7.949155094419769021e-30
7.949155094419769021e-30
7.949155094419769021e-30
7.949155094419769021e-30
7.949155094419769021e-30
7.949151213173458160e-30
7.941001611669322949e-30
5.771860373218537415e-30
5.771860373218537415e-30
5.771860373156163519e-30
5.237384720793722261e-30
5.237384720793722261e-30
5.237384719800558280e-30
5.237382945914895730e-30
5.237382945914780823e-30
5.237382945914780823e-30
5.237382945914780823e-30
5.236583348031352951e-30
5.236583348031352951e-30
5.236583348031352951e-30
5.236583348031352951e-30
3.006191502216329319e-30
3.006191502216329319e-30
3.006191502216329319e-30
2.981973843300270757e-30
2.981973843300270757e-30
2.981973843300270757e-30
2.981956382276251687e-30
2.981956382276251687e-30
2.981956382276251687e-30
2.966489246592359600e-30
2.966489245374205590e-30
2.531811353248560207e-30
2.023545704982667728e-30
2.023545704982665276e-30
2.023545704982665276e-30
2.023545704982665276e-30
2.023545704982665276e-30
2.023545704982665276e-30
2.023545704982665276e-30
2.023545704982665276e-30
2.023545704982665276e-30
2.023545671425817544e-30
2.023545671425817544e-30
2.023545671416307982e-30
1.225986506477497573e-30
1.225975704656630538e-30
1.225975704656630187e-30
1.225975704656630187e-30
1.225904677110083552e-30
1.225904665454086254e-30
1.199870834462860409e-30
1.198035669410727190e-30
1.198035669410727190e-30
1.198035669410727190e-30
1.198035669410605977e-30
1.198035669410605977e-30
1.198035669410605977e-30
1.198035669410605977e-30
1.198035669410605977e-30
8.016015639352818482e-31
7.696913819257251695e-31
7.696913819257251695e-31
7.696913819257251695e-31
7.696913819257251695e-31
7.696913819257251695e-31
7.696913819257251695e-31
7.696913819257251695e-31
7.696911872429826119e-31
5.447910470917225888e-31
5.445376260533210463e-31
5.445376260533210463e-31
5.445376260533210463e-31
5.445376260508819988e-31
5.445376258313551944e-31
5.076190134851500896e-31
5.076190134851500896e-31
5.076186855712530191e-31
5.076186855712259566e-31
5.076186855712259566e-31
5.076186855712259566e-31
5.076186855712259566e-31
5.075062367133011328e-31
5.075062367133011328e-31
5.075062367133011328e-31
3.085797396367790614e-31
3.085797396367790614e-31
3.085797396367790614e-31
3.054070335555576428e-31
3.054070335555576428e-31
3.054070335555576428e-31
3.054070335555576428e-31
3.054070335555576428e-31
3.054060536457349487e-31
3.043307434137901146e-31
3.043307433574661052e-31
2.536910639387551111e-31
2.536910639387551111e-31
2.131638236768911376e-31
2.131638236768910062e-31
2.131638236768910062e-31
2.131638236768910062e-31
2.131638236768910062e-31
2.131638236768910062e-31
2.131638236768910062e-31
2.131638236768910062e-31
2.131638163491579306e-31
2.131638163470001061e-31
2.131638163470001061e-31
1.320397482167621698e-31
1.320378723611747899e-31
1.320378723611747461e-31
1.320378723611747461e-31
1.320334644216674725e-31
1.320334638276631185e-31
1.317567063628402035e-31
1.297546013013834153e-31
1.297546013013834153e-31
1.297546013013834153e-31
1.297546013013787297e-31
1.297546013013787297e-31
1.297546013013787297e-31
1.297546013013787297e-31
1.297546013013787297e-31
9.237700844444788694e-32
9.237700844444788694e-32
8.763210106126867789e-32
8.763210106126867789e-32
8.763210106126867789e-32
6.165283557570884937e-32
6.165283008806492812e-32
6.165283008806492812e-32
6.163546274711606465e-32
6.163546274711606465e-32
6.163546274711606465e-32
6.163546274711606465e-32
6.163546269177076367e-32
6.163546269166750549e-32
5.845162218710043884e-32
5.845155709267857986e-32
5.845155709267122305e-32
5.845155709267122305e-32
5.845155709267122305e-32
5.845155709267122305e-32
5.843297896727762662e-32
5.843297896727762662e-32
5.843297896727762662e-32
3.744044592135064655e-32
3.744044592135064655e-32
3.691315284182214981e-32
3.691315284182214981e-32
3.691315284182214981e-32
3.691315284182214981e-32
3.691315284182214981e-32
3.691308995255839786e-32
3.691308995255839786e-32
3.682894175982942378e-32
3.682894175710388732e-32
3.682894175710388732e-32
3.027279025696339016e-32
2.632152379060788898e-32
2.632152379060788898e-32
2.632152379060788898e-32
2.632152379060788898e-32
2.632152379060788898e-32
2.632152379060788898e-32
2.632152379060788898e-32
2.632152378996045077e-32
2.632152211720882494e-32
2.632152211720882494e-32
1.673234529577750046e-32
1.673234529577748130e-32
1.673196991519684102e-32
1.673196991519684102e-32
1.673196991519684102e-32
1.673165894075209252e-32
1.668133681583789356e-32
1.668133678450828651e-32
1.668133678450828651e-32
1.650879179643762289e-32
1.650879179643762289e-32
1.650879179643762289e-32
1.650879179643748057e-32
1.650879179643748057e-32
1.650879179643748057e-32
1.650879179643748057e-32
1.231419324517274524e-32
1.231419324517274524e-32
1.156576804524004211e-32
1.156576804524004211e-32
1.156576804524004211e-32
1.156576804524004211e-32
8.144253939997670084e-33
8.142922361461065697e-33
8.142922045151671173e-33
8.142922045151671173e-33
8.142922030689057201e-33
8.142922030689057201e-33
8.142922030686247762e-33
8.142922030686247762e-33
8.142906287865652624e-33
8.142906287865652624e-33
7.841021654997986877e-33
7.841021654994954380e-33
7.841021654994954380e-33
7.841021654994954380e-33
7.837233482593253209e-33
7.837233482593253209e-33
5.233224667060547867e-33
5.233224667060547867e-33
5.141194404370278354e-33
5.141194404370278354e-33
5.141194404370278354e-33
5.141194404370278354e-33
5.141194404370278354e-33
5.141190373355881573e-33
5.141190373355881573e-33
5.134012739293949352e-33
5.134012739293949352e-33
5.134012739197841352e-33
5.134012739197841352e-33
4.180593102400898332e-33
3.763210716403630407e-33
3.763210716403630407e-33
3.763210716403630407e-33
3.763210716403630407e-33
3.763210716205497204e-33
3.763210290118610201e-33
3.763210290118610201e-33
3.763210290118610201e-33
3.763210290118610201e-33
3.763210290118591043e-33
3.762995107806513485e-33
2.440151638162336661e-33
2.440151638162336661e-33
2.440151638162336661e-33
2.440129783704707841e-33
2.430543005272560791e-33
2.430543005272560791e-33
2.430543004065653829e-33
2.414390030590692929e-33
2.414390030590692929e-33
2.414390030590692929e-33
2.414390030590691219e-33
2.414390030590691219e-33
2.203227572701690766e-33
2.203227572701690766e-33
1.772199180347782682e-33
1.772199180347782682e-33
1.772199180347782682e-33
1.772199180347782682e-33
1.772199180347782682e-33
1.242827746883055952e-33
1.242827746883055952e-33
1.242827742684694593e-33
1.242725273584098340e-33
1.242725260215810716e-33
1.242725260214830731e-33
1.242725260214830731e-33
1.242721104763951564e-33
1.242721104763951564e-33
1.211449270467939545e-33
1.211449270467939545e-33
1.211449270467904821e-33
1.211449270467904821e-33
1.211449270467904821e-33
1.210638717450722818e-33
1.210638717450722818e-33
8.578578547282202479e-34
8.578578547282202479e-34
8.578578547282202479e-34
8.578578547282202479e-34
8.392546273474700492e-34
8.392546273474700492e-34
8.392546273474700492e-34
8.392546273474700492e-34
8.392546273474700492e-34
8.392544324312281008e-34
8.392544324312281008e-34
8.386220318427033157e-34
6.727865983509873936e-34
6.727865983501983079e-34
6.727865983501983079e-34
6.727865983501983079e-34
6.238659891787746411e-34
6.238659891787746411e-34
6.238659891787746411e-34
6.238659891109175498e-34
6.238658563989183493e-34
6.238658563989104807e-34
6.238658563989104807e-34
6.238658563989104807e-34
6.238128379165535184e-34
4.212634552064460454e-34
4.212634552064460454e-34
4.212634552064460454e-34
4.212634552064460454e-34
4.191076091393868682e-34
4.191076091393868682e-34
4.191076091393868682e-34
4.191064392786240897e-34
4.191064392614654534e-34
4.175149278702311279e-34
4.175149278702311279e-34
4.175149278702311279e-34
3.762532684260683165e-34
3.181917127297331989e-34
3.181917127297331989e-34
3.181917127297331989e-34
3.181917127297331989e-34
3.181917127297331989e-34
3.181917127297331989e-34
2.258027694149223298e-34
2.258027678443317184e-34
2.258027678443317184e-34
2.258027678439285372e-34
2.257966298341616132e-34
2.257966296231389280e-34
2.257953997247422897e-34
2.257953997247422897e-34
2.223495411788384644e-34
2.223495411788383789e-34
2.223495411788383789e-34
2.223495411788383789e-34
2.223495411788383789e-34
2.221433295694945646e-34
2.221433295694945646e-34
1.668359028037903254e-34
1.668359028037903254e-34
1.668359028037903254e-34
1.622090229559344301e-34
1.622090229559344301e-34
1.622090229559344301e-34
1.622090229559344301e-34
1.622090229559344301e-34
1.622090194743297307e-34
1.621661309096435503e-34
1.621661309096435503e-34
1.621661309096435503e-34
1.292149192975349494e-34
1.292149192975340514e-34
1.292149192975340514e-34
1.230895976915624337e-34
1.230895976616258653e-34
1.230895513449329501e-34
1.230895513449329501e-34
1.230895513449291227e-34
1.230739611661478836e-34
8.687068999277968790e-35
8.687068999277968790e-35
8.687068999277968790e-35
8.687068999277968790e-35
8.687068999277968790e-35
8.687068999277968790e-35
8.687068999277968790e-35
8.626522100041307917e-35
8.626519730171627117e-35
8.626519730169372373e-35
8.614255486170915573e-35
8.614255486170915573e-35
7.684072398351567554e-35
7.684072398351567554e-35
6.841626533415060932e-35
6.841626533415060932e-35
6.841626533415060932e-35
6.841626533415060932e-35
6.841626533415060932e-35
6.841626533415060932e-35
4.934467018826894257e-35
4.934466951583087022e-35
4.934466951583087022e-35
4.934466951561265501e-35
4.934422580967865719e-35
4.934408565063885595e-35
4.934408565032620662e-35
4.934408565032618524e-35
4.934408565032618524e-35
4.904269515151143545e-35
4.904269515151143545e-35
4.897634395360135242e-35
4.897634395360135242e-35
4.897634395360135242e-35
4.897634395360135242e-35
3.944930311419292468e-35
3.944930311419292468e-35
3.807535040802101651e-35
3.807535040802101651e-35
3.807535040802101651e-35
3.807535040802101651e-35
3.807535040802101651e-35
3.807535040802101651e-35
3.807535040206964082e-35
3.807535040206964082e-35
3.807422021562497576e-35
3.014500098466951693e-35
3.014500098466951693e-35
3.014500098466951693e-35
2.952306507452951372e-35
2.952306505908944912e-35
2.952304493113898290e-35
2.952304493113648653e-35
2.952304493113648653e-35
2.951711099041182725e-35
2.951711099041182725e-35
2.951711099041182725e-35
2.218900542363278312e-35
2.218900542363278312e-35
2.218900542363278312e-35
2.218900542363278312e-35
2.197820196384933049e-35
2.197820196384933049e-35
2.197820191612521358e-35
2.197439068554518524e-35
2.197439068554518524e-35
2.197439068554518524e-35
2.197439068554518524e-35
1.934939279493328874e-35
1.831870461337411474e-35
1.831870461337411474e-35
1.831870461337411474e-35
1.831870461337411474e-35
1.831870461337411474e-35
1.831870461337411474e-35
1.831870461337411474e-35
1.831870391330121350e-35
1.831870391303159569e-35
1.365087999019783304e-35
1.365065530354139573e-35
1.365065530354139573e-35
1.365065530354139573e-35
1.365065530354138237e-35
1.365065497076145669e-35
1.365065497076145135e-35
1.363956723129079409e-35
1.361212752120686553e-35
1.361212752120686553e-35
1.361212752120686553e-35
1.361212752120686553e-35
1.361212752120686553e-35
1.213422925978774259e-35
1.213422925978774259e-35
1.157004456492703836e-35
1.157004456492703836e-35
1.157004456492703836e-35
1.157004456492703836e-35
1.157004456492703836e-35
1.157004456492692076e-35
9.152693503568386523e-36
9.152691477410077898e-36
9.152691477410077898e-36
9.152691477410077898e-36
9.124784734734753634e-36
9.124784723592998508e-36
9.124772001279516648e-36
9.124772001277381109e-36
9.124772001277381109e-36
9.121739697226192512e-36
9.121739697226192512e-36
9.121739697226192512e-36
9.121739697226192512e-36
9.121739697226192512e-36
7.696397337731402175e-36
7.585529229190064475e-36
7.585529229190064475e-36
7.585529229190064475e-36
7.585529229188849703e-36
7.585529229188849703e-36
7.585515141892405780e-36
7.585515141892405780e-36
6.569026483359161973e-36
6.509571614276879179e-36
6.509571614276879179e-36
6.509571614276879179e-36
6.509571614276879179e-36
6.509571614276879179e-36
6.509571029348055455e-36
6.509571029090870008e-36
6.509571029090870008e-36
6.509571029090870008e-36
5.333579439226346974e-36
5.333579439226346974e-36
5.333395933100014130e-36
5.333395933099998762e-36
5.333395933089141323e-36
5.333395933089141323e-36
5.314990553682434412e-36
5.314938363342485572e-36
5.314938363342485572e-36
5.314938363342485572e-36
5.314938363342485572e-36
5.314938363342485572e-36
5.196768496609269743e-36
4.861314601209564114e-36
4.861314601209564114e-36
4.861314601209564114e-36
4.861314601209564114e-36
4.861314601209564114e-36
4.046493365723604133e-36
4.046493365638965025e-36
4.046493365638965025e-36
4.046493351140886283e-36
4.046493351140886283e-36
4.046493351140886283e-36
4.046323613717377100e-36
4.046310229096449071e-36
4.046310229093275163e-36
4.046310229093275163e-36
4.046310229093275163e-36
4.043691468653297543e-36
4.043691468653297543e-36
4.043691468653297543e-36
3.890950153696153325e-36
3.798215884632010192e-36
3.798215884632010192e-36
3.798215884632010192e-36
3.798215884632010192e-36
3.798215884632010192e-36
3.798215883877173996e-36
3.798215883877173996e-36
3.798215883877173996e-36
3.330030070376161131e-36
3.330030070376161131e-36
3.329551805594995037e-36
3.329551805594995037e-36
3.329551805594995037e-36
3.329551805594995037e-36
3.329551805594995037e-36
3.329551805149792619e-36
3.329550986431429292e-36
3.159192546873170283e-36
3.158909715997949003e-36
3.158909715997906239e-36
3.158909715997906239e-36
3.158909715997906239e-36
3.137645410830499355e-36
3.137645410830499355e-36
3.137645410830499355e-36
3.137645406943326580e-36
3.137645406943326580e-36
3.137645406943326580e-36
3.137645406943326580e-36
3.137645406943326580e-36
3.136339228541081571e-36
2.915981852357513421e-36
2.915981852357513421e-36
2.756767038770121612e-36
2.756767038770121612e-36
2.756767038770121612e-36
2.756767038770121612e-36
2.756767002768857634e-36
2.756767002759111064e-36
2.756739708730492337e-36
2.756739708730492337e-36
2.756739691893427751e-36
2.756739691893427751e-36
2.756739691893427751e-36
2.752726507856230234e-36
2.752726507856229900e-36
2.750446220742688448e-36
2.750446220742688448e-36
2.750446220742688448e-36
2.666925732608057450e-36
2.666925732608057450e-36
2.666925732608057450e-36
2.666925732608057450e-36
2.666925732608057450e-36
2.666925732608057450e-36
2.666925732608057450e-36
2.546713074948638477e-36
2.546713074948638477e-36
2.546713015158275172e-36
2.546713015158275172e-36
2.546713015158275172e-36
2.546713013764762805e-36
2.546710909461762243e-36
2.546710909461575818e-36
2.546103696668885549e-36
2.546103696668885549e-36
2.542850582682196760e-36
2.542850582682196760e-36
2.517924861495750005e-36
2.517924861495750005e-36
2.517924861495750005e-36
2.517924861495750005e-36
2.517924861495750005e-36
2.517924861495750005e-36
2.517924861495750005e-36
2.446941762732395788e-36
2.446941592884746735e-36
2.446941592884746735e-36
2.446941592884746735e-36
2.443267976880049820e-36
2.443267852644657362e-36
2.443267852644657362e-36
2.443267852644657362e-36
2.443267852644657362e-36
2.443267852603698579e-36
2.443197013500059835e-36
2.443197013500059835e-36
2.443197013500059835e-36
2.443197013500056494e-36
2.437482171962293450e-36
2.437482171962293450e-36
2.437482171962293450e-36
2.437481789540322350e-36
2.437481789540322350e-36
2.405558687176444997e-36
2.405558687176444997e-36
2.405558687176444997e-36
2.405558687176444997e-36
2.405558687176444997e-36
2.405558687176444997e-36
2.402385334451355771e-36
2.402385334451355771e-36
2.402385334451355771e-36
2.402385334451355771e-36
2.402385329003549668e-36
2.402379141656126532e-36
2.402379141656126532e-36
2.402379141655240510e-36
2.401398828064745996e-36
2.401398208812591582e-36
2.401398208812591582e-36
2.401398208812591582e-36
2.390711492368203974e-36
2.390711492368203974e-36
2.390711492368203974e-36
2.390711492368203974e-36
2.390711492368203974e-36
2.390711492368203974e-36
2.388670354179732810e-36
2.388670354179732142e-36
2.388670354179732142e-36
2.388670354179732142e-36
2.388669604892981769e-36
2.388669212531002387e-36
2.388669212531002387e-36
2.388669212359013653e-36
2.388546353302032112e-36
2.388546353302032112e-36
2.388546353302018080e-36
2.388546353302018080e-36
2.388546353302018080e-36
2.385931395461486435e-36
2.385931395461486435e-36
2.385931395461486435e-36
2.385931395461486435e-36
2.385931395461486101e-36
2.384970249963233653e-36
2.384970249963233653e-36
2.384970249963233653e-36
2.384970249963233653e-36
2.384970249963233653e-36
2.384970249963233653e-36
2.384969582446386982e-36
2.384969582446386982e-36
2.384969582446386982e-36
2.384969564705567769e-36
2.384958499538926152e-36
2.384958499535088395e-36
2.384496431960068083e-36
2.384496431960067080e-36
2.384496431960067080e-36
2.384496431960067080e-36
2.384496431960067080e-36
2.384496431960067080e-36
2.384168119812401650e-36
2.384168119812401650e-36
2.384168119812401650e-36
2.384168119812401650e-36
2.384167685602832277e-36
2.384167685602832277e-36
2.384167685602832277e-36
2.384167685602832277e-36
2.384167685602832277e-36
2.384167685602832277e-36
2.384166976315356206e-36
2.384166976315355203e-36
2.384166975749203167e-36
2.384166975749203167e-36
2.384108449731216972e-36
2.384108449731157169e-36
2.384108449731157169e-36
2.384108449731157169e-36
2.384108449731157169e-36
2.384027538128346864e-36
2.384027538128346864e-36
2.384027538128346864e-36
2.384027538128346864e-36
2.384027332961391419e-36
2.384027332961391419e-36
2.384027332961391419e-36
2.384027332961391419e-36
2.384027332961391419e-36
2.384027332961390417e-36
2.384027332961390417e-36
2.384027332961390417e-36
2.384027332961390417e-36
2.384027300794843199e-36
2.384022014095815433e-36
2.384022014083144190e-36
2.384007687376534596e-36
2.384007687376534596e-36
2.384007687376534596e-36
2.384007687376533928e-36
2.384007687376533928e-36
2.384007687376533928e-36
2.384007617230133818e-36
2.384007617230133818e-36
2.384007617230133818e-36
2.384007617230133150e-36
2.384007617230133150e-36
2.384007617230133150e-36
2.384007617230133150e-36
2.384007617230133150e-36
2.384007617230133150e-36
2.384007617230133150e-36
2.384007278126181230e-36
2.384007277098995990e-36
2.384007277098995990e-36
2.384005461576694051e-36
2.384005461576694051e-36
2.384005461576495932e-36
2.384005461576495932e-36
2.384005444285312251e-36
2.384005444285312251e-36
2.384005444285312251e-36
2.384005444285312251e-36
2.384005444285312251e-36
2.384005444285312251e-36
2.384005444285311916e-36
2.384005444285311916e-36
2.384005444285311916e-36
2.384005444285311916e-36
2.384005444285311916e-36
2.384005428904994971e-36
2.384005264892092177e-36
2.384005264869099051e-36
2.384005264869099051e-36
2.384005261807280027e-36
2.384005261807280027e-36
2.384005261807280027e-36
2.384005261807277689e-36
2.384005261807277689e-36
2.384005261807277689e-36
2.384005261807277689e-36
2.384005261807277689e-36
2.384005261807277689e-36
2.384005261807277689e-36
2.384005261807277689e-36
2.384005261807277689e-36
2.384005261807277689e-36
2.384005261807277689e-36
2.384005251286871200e-36
2.384005250795718277e-36
2.384005250795718277e-36
2.384005250795718277e-36
2.384005250795718277e-36
2.384005250795718277e-36
2.384005250407713024e-36
2.384005250407353537e-36
2.384005250407353537e-36
2.384005250407353537e-36
2.384005250407353537e-36
2.384005250407353537e-36
2.384005250407353537e-36
2.384005250407353537e-36
2.384005250407353537e-36
2.384005250407353537e-36
2.384005250407353537e-36
2.384005250407353537e-36
2.384005249930191870e-36
2.384005249930191870e-36
2.384005249895139563e-36
2.384005249884145479e-36
2.384005249884145479e-36
2.384005249884145479e-36
2.384005249884145479e-36
2.384005249884141804e-36
2.384005249884141804e-36
2.384005249884141804e-36
2.384005249884141804e-36
2.384005249884141804e-36
2.384005249884141804e-36
2.384005249884141804e-36
2.384005249884141804e-36
2.384005249884141804e-36
2.384005249884141804e-36
2.384005249884141804e-36
2.384005249884141804e-36
2.384005249868904373e-36
2.384005249866655575e-36
2.384005249866483850e-36
2.384005249866483850e-36
2.384005249866483850e-36
2.384005249866483850e-36
2.384005249866483850e-36
2.384005249866483850e-36
2.384005249866483850e-36
2.384005249866483850e-36
2.384005249866483850e-36
2.384005249866483850e-36
2.384005249866483850e-36
2.384005249866483850e-36
2.384005249866381951e-36
2.384005249866040839e-36
2.384005249866040839e-36
2.384005249866040839e-36
2.384005249866040839e-36
2.384005249866038835e-36
2.384005249866038835e-36
2.384005249866038835e-36
2.384005249866038835e-36
2.384005249866038835e-36
2.384005249866038835e-36
2.384005249866038835e-36
2.384005249866038835e-36
2.384005249866038835e-36
2.384005249866038835e-36
2.384005249866038835e-36
2.384005249866038835e-36
2.384005249866035494e-36
2.384005249866035494e-36
2.384005249866030482e-36
2.384005249866030482e-36
2.384005249866030482e-36
2.384005249866030482e-36
2.384005249866030482e-36
2.384005249866030482e-36
2.384005249866030482e-36
2.384005249866030482e-36
2.384005249866030482e-36
2.384005249866030482e-36
2.384005249866030482e-36
2.384005249866030482e-36
2.384005249866030482e-36
2.384005249866030482e-36
2.384005249866030482e-36
2.384005249866030482e-36
2.384005249866030482e-36
2.384005249866030482e-36
2.384005249866030482e-36
2.384005249866030482e-36
2.384005249866030482e-36
2.384005249866030482e-36
2.384005249866030482e-36
2.384005249866030482e-36
2.384005249866030482e-36
2.384005249866030482e-36
2.384005249866030482e-36
2.384005249866030482e-36
2.384005249866030482e-36
2.384005249866030482e-36
2.384005249866030482e-36
2.384005249866030482e-36
2.384005249866030482e-36
2.384005249866030482e-36
2.384005249866030482e-36
2.384005249866030482e-36
2.384005249866030482e-36
2.384005249866030482e-36
2.384005249866030482e-36
2.384005249866030482e-36
2.384005249866030482e-36
2.384005249866030482e-36
2.384005249866030482e-36
2.384005249866030482e-36
2.384005249866030482e-36
2.384005249866030482e-36
2.384005249866030482e-36
2.384005249866030482e-36
2.384005249866030482e-36
2.384005249866030482e-36
2.384005249866030482e-36
2.384005249866030482e-36
2.384005249866030482e-36
2.384005249866030482e-36
2.384005249866030482e-36
2.384005249866030482e-36
2.384005249866030482e-36
2.384005249866030482e-36
2.384005249866030482e-36
2.384005249866030482e-36
2.384005249866030482e-36
2.384005249866030482e-36
2.384005249866030482e-36
2.384005249866030482e-36
2.384005249866030482e-36
2.384005249866030482e-36
2.384005249866030482e-36
2.384005249866030482e-36
2.384005249866030482e-36
2.384005249866030482e-36
2.384005249866030482e-36
2.384005249866030482e-36
2.384005249866030482e-36
2.384005249866030482e-36
2.384005249866030482e-36
2.384005249866030482e-36
2.384005249866030482e-36
2.384005249866030482e-36
2.384005249866030482e-36
2.384005249866030482e-36
2.384005249866030482e-36
2.384005249866030482e-36
2.384005249866030482e-36
2.384005249866030482e-36
2.384005249866030482e-36
2.384005249866030482e-36
2.384005249866030482e-36
2.384005249866030482e-36
2.384005249866030482e-36
2.384005249866030482e-36
2.384005249866030482e-36
2.384005249866030482e-36
2.384005249866030482e-36
2.384005249866030482e-36
2.384005249866030482e-36
2.384005249866030482e-36
2.384005249866030482e-36
2.384005249866030482e-36
2.384005249866030482e-36
2.384005249866030482e-36
2.384005249866030482e-36
2.384005249866030482e-36
2.384005249866030482e-36
2.384005249866030482e-36
2.384005249866030482e-36
2.384005249866030482e-36
2.384005249866030482e-36
2.384005249866030482e-36
2.384005249866030482e-36
2.384005249866030482e-36
2.384005249866030482e-36
2.384005249866030482e-36
2.384005249866030482e-36
2.384005249866030482e-36
2.384005249866030482e-36
2.384005249866030482e-36
2.384005249866030482e-36
2.384005249866030482e-36
2.384005249866030482e-36
2.384005249866030482e-36
2.384005249866030482e-36
2.384005249866030482e-36
2.384005249866030482e-36
2.384005249866030482e-36
2.384005249866030482e-36
2.384005249866030482e-36
2.384005249866030482e-36
2.384005249866030482e-36
2.384005249866030482e-36
2.384005249866030482e-36
2.384005249866030482e-36
2.384005249866030482e-36
2.384005249866030482e-36
2.384005249866030482e-36
2.384005249866030482e-36
2.384005249866030482e-36
2.384005249866030482e-36
2.384005249866030482e-36
2.384005249866030482e-36
2.384005249866030482e-36
2.384005249866030482e-36
2.384005249866030482e-36
2.384005249866030482e-36
2.384005249866030482e-36
2.384005249866030482e-36
2.384005249866030482e-36
2.384005249866030482e-36
2.384005249866030482e-36
2.384005249866030482e-36
2.384005249866030482e-36
2.384005249866030482e-36
2.384005249866030482e-36
2.384005249866030482e-36
2.384005249866030482e-36
2.384005249866030482e-36
2.384005249866030482e-36
2.384005249866030482e-36
2.384005249866030482e-36
2.384005249866030482e-36
2.384005249866030482e-36
2.384005249866030482e-36
2.384005249866030482e-36
2.384005249866030482e-36
2.384005249866030482e-36
2.384005249866030482e-36
2.384005249866030482e-36
2.384005249866030482e-36
2.384005249866030482e-36
2.384005249866030482e-36
2.384005249866030482e-36
2.384005249866030482e-36
2.384005249866030482e-36
2.384005249866030482e-36
2.384005249866030482e-36
2.384005249866030482e-36
2.384005249866030482e-36
2.384005249866030482e-36
2.384005249866030482e-36
2.384005249866030482e-36
2.384005249866030482e-36
2.384005249866030482e-36
2.384005249866030482e-36
2.384005249866030482e-36
2.384005249866030482e-36
2.384005249866030482e-36
2.384005249866030482e-36
2.384005249866030482e-36
2.384005249866030482e-36
2.384005249866030482e-36
2.384005249866030482e-36
2.384005249866030482e-36
2.384005249866030482e-36
2.384005249866030482e-36
2.384005249866030482e-36
2.384005249866030482e-36
2.384005249866030482e-36
2.384005249866030482e-36
2.384005249866030482e-36
2.384005249866030482e-36
2.384005249866030482e-36
2.384005249866030482e-36
2.384005249866030482e-36
2.384005249866030482e-36
2.384005249866030482e-36
2.384005249866030482e-36
2.384005249866030482e-36
2.384005249866030482e-36
2.384005249866030482e-36
2.384005249866030482e-36
2.384005249866030482e-36
2.384005249866030482e-36
2.384005249866030482e-36
2.384005249866030482e-36
2.384005249866030482e-36
2.384005249866030482e-36
2.384005249866030482e-36
2.384005249866030482e-36
2.384005249866030482e-36
2.384005249866030482e-36
2.384005249866030482e-36
2.384005249866030482e-36
2.384005249866030482e-36
2.384005249866030482e-36
2.384005249866030482e-36
2.384005249866030482e-36
2.384005249866030482e-36
2.384005249866030482e-36
2.384005249866030482e-36
2.384005249866030482e-36
